/*--------------------------------*- C++ -*----------------------------------*\
| =========                 |                                                 |
| \\      /  F ield         | OpenFOAM: The Open Source CFD Toolbox           |
|  \\    /   O peration     | Version:  4.1                                   |
|   \\  /    A nd           | Web:      www.OpenFOAM.org                      |
|    \\/     M anipulation  |                                                 |
\*---------------------------------------------------------------------------*/
FoamFile
{
    version     2.0;
    format      ascii;
    class       volScalarField;
    location    "760";
    object      mag(U);
}
// * * * * * * * * * * * * * * * * * * * * * * * * * * * * * * * * * * * * * //

dimensions      [0 1 -1 0 0 0 0];

internalField   nonuniform List<scalar> 
5000
(
0.00471157
0.00587265
0.00770547
0.00910853
0.010281
0.0112874
0.0121464
0.0128543
0.0133979
0.0137606
0.0139252
0.0138756
0.0135968
0.0130856
0.0123537
0.0114246
0.0103316
0.0091153
0.00782013
0.00649163
0.00517367
0.00390592
0.00272219
0.00166916
0.000944095
0.00140964
0.00199618
0.00262985
0.00310008
0.00349232
0.00382895
0.00411319
0.00435105
0.00454935
0.00471492
0.00485568
0.0049787
0.00508163
0.0051064
0.00491625
0.00442057
0.00382225
0.00367771
0.00376364
0.00411006
0.00633478
0.00680985
0.00658976
0.00556827
0.00438351
0.00318931
0.00201097
0.00102976
0.00131132
0.00259835
0.00391961
0.00501082
0.00565496
0.00570701
0.00490692
0.00356785
0.00358846
0.00891277
0.0109757
0.011793
0.0115693
0.0106623
0.00944632
0.00819006
0.00705428
0.00607697
0.00522716
0.00445557
0.00371898
0.00298662
0.00224301
0.00150812
0.000896775
0.000601333
0.00101803
0.00154215
0.00203326
0.00246671
0.00284931
0.00318888
0.00348613
0.00373848
0.00394684
0.00411831
0.00426473
0.00439993
0.00453801
0.00469363
0.0048848
0.00513609
0.00547529
0.00590057
0.00630568
0.00597187
0.00573421
0.00694515
0.00645691
0.00798051
0.00941329
0.0106648
0.0117335
0.0126269
0.0133409
0.0138644
0.0141836
0.0142849
0.0141544
0.0138016
0.0132306
0.0124548
0.0114977
0.0103918
0.00917539
0.00789048
0.00658012
0.00528649
0.00405113
0.0029254
0.00201433
0.00156634
0.00185074
0.00167366
0.00212766
0.00263414
0.0030596
0.00339189
0.00363835
0.00380996
0.00391723
0.00396799
0.00396701
0.00391905
0.00383367
0.00375361
0.00374047
0.0037779
0.00380134
0.00380955
0.00357803
0.00670929
0.00755785
0.0052462
0.00532608
0.00501083
0.00437661
0.00361918
0.0028658
0.00229998
0.00220901
0.00266689
0.00332791
0.0038502
0.0040648
0.00395063
0.00343979
0.00476632
0.00829767
0.00969266
0.0102165
0.0107048
0.0105986
0.00993227
0.00901754
0.00805542
0.00716422
0.00636401
0.00562616
0.00491672
0.00421283
0.00350531
0.00280326
0.00215358
0.00164698
0.00118934
0.00105746
0.00131635
0.00171863
0.00213339
0.00252882
0.00289582
0.00322201
0.00349611
0.00371591
0.00388817
0.00402468
0.00413879
0.00424356
0.00435103
0.00447124
0.00460994
0.00476257
0.00489367
0.00493377
0.00475044
0.00759342
0.00998124
0.00760733
0.00793756
0.00892534
0.0100199
0.0110312
0.0119034
0.0126096
0.0131308
0.0134523
0.0135619
0.0134489
0.0131228
0.0125911
0.0118711
0.0109878
0.00997307
0.00886405
0.00770144
0.00652811
0.00538893
0.00433546
0.00344173
0.0028145
0.00253146
0.00257545
0.00257469
0.00281172
0.00314374
0.00345466
0.00370506
0.00388769
0.00400546
0.00406458
0.00407103
0.00402817
0.00393535
0.00378929
0.00360975
0.00349831
0.00351279
0.00349165
0.00319587
0.00314625
0.00967685
0.00988964
0.00442941
0.00423849
0.00459505
0.00446011
0.00415555
0.00382225
0.00355479
0.00341259
0.00334349
0.00315316
0.00259168
0.00167973
0.00161754
0.00490525
0.00874975
0.0113387
0.0108046
0.00960705
0.00928734
0.00916012
0.00879924
0.00822789
0.00756229
0.00692028
0.00632569
0.00575274
0.00517761
0.00459133
0.00399891
0.00341993
0.00289149
0.00244935
0.0020598
0.00165655
0.00150434
0.00163362
0.00192551
0.00228648
0.00266589
0.00301778
0.0033095
0.00353046
0.0036866
0.00379185
0.0038619
0.0039102
0.00394523
0.00396823
0.00397101
0.00393156
0.00379413
0.00338346
0.00415365
0.0102328
0.0128667
0.00923222
0.00843354
0.00880294
0.00959062
0.0104402
0.0112184
0.0118636
0.0123434
0.0126392
0.0127398
0.0126374
0.0123485
0.0118829
0.0112585
0.010499
0.00963336
0.00869407
0.00771671
0.00673918
0.00580292
0.00495864
0.00427054
0.00377362
0.00349934
0.00340334
0.00339847
0.00352847
0.0037368
0.003949
0.00412351
0.00424487
0.00431052
0.00432402
0.00429121
0.00421742
0.00410836
0.00396602
0.00380259
0.00365212
0.00352288
0.00332062
0.00292936
0.00366007
0.0122309
0.0119364
0.00447899
0.00365568
0.0043134
0.00453596
0.00458337
0.00457288
0.00455191
0.00450772
0.00433277
0.00380507
0.00269264
0.00175784
0.00411659
0.00751644
0.0109574
0.0128831
0.0115084
0.00912892
0.00801042
0.00782453
0.00777253
0.00753687
0.00714175
0.00673273
0.00632948
0.00590909
0.00546163
0.00499172
0.0045122
0.00404083
0.00359715
0.00319176
0.00281006
0.00239824
0.00199296
0.00180334
0.00185903
0.00210024
0.0024476
0.00280129
0.00310228
0.0033264
0.00347319
0.00355499
0.00358872
0.00358977
0.00356687
0.00351829
0.00343047
0.00327785
0.00300965
0.00263024
0.00433802
0.0123992
0.0153357
0.0108757
0.00929945
0.00909909
0.00949405
0.0100689
0.0106477
0.0111449
0.0115178
0.0117444
0.0118138
0.0117195
0.0114855
0.0111208
0.0106416
0.0100656
0.00941196
0.00870121
0.00795596
0.00720249
0.00647268
0.00580837
0.00524252
0.00476422
0.00444835
0.00426562
0.00419779
0.0042355
0.00434191
0.00446653
0.00457125
0.0046355
0.00465158
0.00461993
0.00454534
0.00443586
0.00429773
0.00413746
0.00396199
0.00377696
0.00356792
0.00328226
0.0029759
0.00448002
0.0144096
0.0135067
0.00480461
0.00331199
0.00409856
0.00457517
0.00488116
0.0051114
0.00529795
0.00541841
0.00537798
0.00504057
0.00447395
0.00457946
0.00631229
0.00903343
0.0118505
0.0132531
0.0115947
0.00850496
0.00664396
0.00645215
0.00679721
0.00687266
0.0067271
0.00653555
0.00630455
0.00602423
0.00570149
0.00534973
0.00498161
0.0046064
0.00422893
0.00384847
0.00345934
0.00305411
0.00263783
0.00228652
0.00214118
0.00222478
0.00246647
0.00271923
0.00295681
0.00314791
0.00327289
0.00333096
0.00333361
0.00329528
0.00322479
0.00312039
0.00297056
0.00275724
0.0024636
0.00224128
0.00459963
0.0140284
0.017442
0.0123985
0.0103151
0.00966832
0.00966094
0.00988948
0.0101814
0.0104493
0.0106496
0.0107616
0.0107762
0.0106895
0.0105353
0.0103181
0.0100452
0.00971823
0.00933452
0.00889276
0.00839647
0.00785918
0.00730556
0.00676237
0.00622546
0.00575683
0.00538413
0.00512547
0.00497426
0.00491791
0.00493005
0.00497366
0.00501434
0.00502808
0.00500189
0.00493181
0.00482011
0.00467572
0.0045044
0.00431516
0.00411358
0.00389929
0.00365737
0.00336666
0.0032463
0.00548327
0.0164103
0.0147761
0.00526915
0.00317578
0.00395079
0.00459304
0.0050701
0.00545864
0.00579412
0.0060755
0.00625228
0.00626044
0.00618703
0.00650314
0.00768685
0.00971715
0.011867
0.0128497
0.0111947
0.00775829
0.0051878
0.00505956
0.00586217
0.00620111
0.00629667
0.00630013
0.00621974
0.00606958
0.00586977
0.00563563
0.00537432
0.00508513
0.00476213
0.00439969
0.00400105
0.00358643
0.00319282
0.00286787
0.00268217
0.00271377
0.00288083
0.00290718
0.00295204
0.00303493
0.00310617
0.00313208
0.00310619
0.00303623
0.00292887
0.00278525
0.00260469
0.00238272
0.00212314
0.00206381
0.0048463
0.0153423
0.0192682
0.0137801
0.0113516
0.010369
0.00999467
0.00985372
0.00980267
0.00977367
0.00973865
0.00968926
0.00962629
0.00955474
0.00952136
0.0095155
0.00952153
0.00950672
0.00943199
0.00926945
0.00900592
0.00865066
0.00822209
0.00772858
0.00720536
0.00671864
0.00629619
0.00596151
0.00571991
0.00556711
0.00548677
0.00545171
0.00543158
0.00540028
0.0053398
0.00524048
0.0051023
0.00492842
0.00472711
0.00450813
0.00427917
0.00404289
0.00379215
0.00353261
0.00367831
0.00663792
0.0183242
0.0158734
0.0058617
0.003269
0.00389675
0.00462203
0.00519324
0.00566264
0.00607424
0.00645795
0.00680928
0.00709562
0.00733278
0.0077099
0.00850268
0.00987028
0.0113578
0.0119516
0.0104117
0.006954
0.0038112
0.00386349
0.00502107
0.00557936
0.00588318
0.00603765
0.00608078
0.00604785
0.00596388
0.00584083
0.00567835
0.00546651
0.00519111
0.00484309
0.004432
0.003998
0.00360914
0.00333747
0.00324012
0.00336244
0.00361122
0.0033908
0.00312077
0.00300049
0.00297372
0.00295591
0.00290456
0.00281103
0.00267826
0.00251999
0.00233764
0.00213248
0.00192953
0.00204412
0.00507569
0.0164623
0.0208648
0.0150166
0.0123369
0.0110999
0.0104101
0.00991317
0.00949659
0.00912293
0.00879539
0.00853647
0.00837429
0.00834155
0.00849275
0.00878231
0.00914205
0.00948333
0.00972296
0.0098154
0.00974261
0.00951701
0.00915095
0.00867292
0.00815789
0.00764248
0.00716715
0.00675579
0.00642279
0.00617333
0.00600102
0.00588783
0.00580828
0.00573581
0.00564801
0.00552911
0.005375
0.00518282
0.00496074
0.00471958
0.00447094
0.0042239
0.00398096
0.00376837
0.0042259
0.00790994
0.0201829
0.0168872
0.00658814
0.00359792
0.00397007
0.00469653
0.00529741
0.00578304
0.00620069
0.00660619
0.00703515
0.00748221
0.00791604
0.00834993
0.00890088
0.00972369
0.0105829
0.0107699
0.00932051
0.00608597
0.00283617
0.00316938
0.00439884
0.00509734
0.00551791
0.00576494
0.0059019
0.00596952
0.00598944
0.00596728
0.00589529
0.00575578
0.00552735
0.00519611
0.00477251
0.00430875
0.00390136
0.00366139
0.00366996
0.00396062
0.00442976
0.00409607
0.00345323
0.0030402
0.0028622
0.00278812
0.00271843
0.00261213
0.0024752
0.00231767
0.00214696
0.00197892
0.00185876
0.00213455
0.00527838
0.017437
0.0222606
0.0161048
0.0132281
0.011794
0.0108417
0.0100241
0.00924905
0.00850588
0.00783679
0.00731785
0.00703825
0.00709898
0.00753234
0.00821546
0.00898339
0.00968491
0.0102033
0.0104989
0.0105568
0.0103982
0.0100519
0.00958995
0.00906015
0.00851162
0.0079796
0.00749183
0.00706932
0.00672522
0.00646235
0.00627163
0.00613356
0.00602276
0.00591353
0.00578515
0.00562518
0.00542735
0.00519716
0.00494631
0.00469037
0.00444509
0.00422273
0.00406648
0.00484713
0.00926101
0.0220015
0.0179087
0.00746704
0.00414282
0.0041962
0.00484245
0.00542059
0.00587409
0.00624521
0.00660452
0.00701579
0.00750036
0.00801587
0.00849561
0.00894673
0.00940615
0.00974593
0.00952837
0.0080932
0.00527128
0.00271315
0.00312332
0.00413028
0.00478476
0.00520914
0.00549679
0.00570129
0.00585221
0.00596201
0.00602926
0.00604026
0.00597155
0.00579546
0.00549137
0.00506408
0.00456682
0.00411559
0.00386801
0.00395483
0.00441213
0.00513419
0.00491523
0.00392256
0.00315876
0.00276743
0.00261659
0.0025356
0.0024354
0.00230814
0.0021639
0.00202003
0.00190773
0.0018843
0.00228962
0.0054529
0.018295
0.0234761
0.0170439
0.0139999
0.0124085
0.0112416
0.0101491
0.00904537
0.00793335
0.00688803
0.00605892
0.005655
0.00590813
0.00676284
0.00792318
0.00909979
0.0101162
0.0108439
0.0112724
0.0113936
0.0112541
0.0109205
0.0104501
0.00989785
0.0093077
0.00871615
0.0081537
0.00764557
0.0072109
0.00686047
0.00659389
0.00639855
0.00625194
0.00612649
0.00599708
0.00584176
0.00565179
0.00542847
0.00518273
0.00493297
0.00470111
0.00450832
0.00441246
0.00550348
0.0106497
0.0237862
0.0190439
0.00852771
0.00486833
0.00456832
0.00507349
0.00558338
0.00596994
0.00626204
0.0065362
0.00687255
0.00730828
0.00780486
0.00828717
0.00869741
0.00896886
0.00898253
0.00847636
0.00709439
0.00491149
0.00336674
0.00356738
0.00413074
0.00458792
0.00494989
0.0052489
0.00550325
0.00572243
0.00590792
0.00605252
0.00613896
0.00614039
0.00602442
0.00576309
0.00535074
0.00482979
0.00431761
0.0040117
0.00411796
0.00469952
0.00564046
0.00571789
0.00448434
0.00336809
0.00270478
0.00244194
0.00235067
0.00227211
0.0021687
0.0020508
0.0019469
0.0019023
0.00197556
0.00247685
0.0056063
0.0190589
0.0245288
0.0178368
0.0146394
0.0129181
0.0115772
0.0102576
0.00886987
0.00741489
0.00597983
0.0047901
0.00427833
0.0049095
0.00633121
0.00798627
0.00950133
0.0107464
0.0115952
0.0120784
0.0122087
0.0120736
0.0117302
0.0112382
0.0106506
0.0100122
0.00936042
0.00872682
0.00813874
0.00761941
0.00718612
0.00684667
0.00659614
0.00641639
0.00627983
0.00615636
0.00601662
0.00584682
0.00564447
0.00541861
0.00518859
0.00498103
0.00482493
0.004791
0.00615312
0.0120257
0.0255293
0.0204054
0.00980413
0.00573944
0.0050596
0.00538581
0.00578685
0.0060809
0.00627511
0.006448
0.00668821
0.00703824
0.00746425
0.00790672
0.00827522
0.00846449
0.00834828
0.00776489
0.00659397
0.00509711
0.00415037
0.0040337
0.00419687
0.00444601
0.00473969
0.00504386
0.00533868
0.00561357
0.005861
0.00607034
0.00622316
0.00629158
0.00624055
0.00603575
0.00565965
0.00513647
0.00456459
0.00415478
0.00420238
0.00484313
0.00594273
0.00637256
0.00508067
0.00366972
0.00270155
0.00227895
0.00216849
0.00212281
0.00205496
0.00197331
0.00191794
0.00194496
0.00210554
0.00267598
0.00574722
0.0197458
0.0254344
0.0184898
0.0151427
0.0133096
0.0118277
0.0103258
0.00870559
0.00695486
0.00514437
0.00354541
0.00300081
0.00431537
0.00635101
0.00842043
0.0101501
0.0115156
0.0123846
0.0128616
0.0129903
0.0128353
0.0124616
0.0119312
0.0112985
0.0106086
0.0098985
0.00919934
0.00853881
0.0079424
0.00743243
0.00702431
0.0067214
0.00651152
0.00636884
0.0062582
0.00614568
0.00600957
0.00584157
0.00564781
0.00544782
0.00527201
0.00515612
0.00518166
0.00674704
0.013333
0.0272124
0.0220693
0.0113307
0.00671816
0.0056044
0.00574368
0.00601037
0.00619695
0.00628441
0.00635293
0.00649622
0.00675746
0.00710827
0.00749176
0.00781309
0.00796504
0.00783491
0.00732479
0.00643031
0.00539698
0.0046551
0.00430918
0.00422131
0.00433744
0.0045921
0.00490818
0.00523832
0.00555818
0.00585497
0.00611669
0.00632529
0.00645351
0.00646548
0.00632237
0.0059961
0.00549216
0.00487885
0.00434471
0.00426311
0.00487868
0.00606352
0.00680216
0.00565535
0.00404732
0.00277954
0.00214987
0.00200057
0.00199197
0.00196741
0.00192766
0.00192404
0.00201977
0.00225444
0.00287476
0.00588226
0.0203678
0.0262082
0.0190121
0.0155124
0.0135787
0.0119817
0.0103363
0.00853517
0.00655058
0.00441434
0.00236838
0.00199233
0.00435318
0.00684372
0.00916591
0.0109547
0.0122924
0.013169
0.0136239
0.0137142
0.0135121
0.0130885
0.0125079
0.0118249
0.0110841
0.0103207
0.0095639
0.00884019
0.00817571
0.00759641
0.00712466
0.00677265
0.00653579
0.00639165
0.00629993
0.00622376
0.00613306
0.0060117
0.00586077
0.00569853
0.00555804
0.00548085
0.00555736
0.00723428
0.0145117
0.0286664
0.024175
0.0131637
0.00777917
0.0061017
0.00607419
0.0062127
0.00629126
0.00627286
0.00624196
0.00629733
0.00648217
0.00677223
0.00710455
0.00738456
0.00751517
0.00740551
0.00699567
0.00631035
0.00551447
0.00483555
0.00438555
0.00419799
0.00427318
0.00452504
0.00486132
0.00522238
0.00557846
0.00591469
0.00621857
0.00647258
0.00665064
0.00671716
0.00663025
0.00635342
0.00587835
0.00524323
0.00459553
0.00436097
0.0048625
0.00602547
0.00699641
0.00615631
0.00446973
0.00294111
0.00207268
0.00185736
0.00188618
0.00190824
0.00191131
0.00195745
0.00211432
0.00240933
0.00306596
0.00601562
0.0209338
0.0268657
0.0194159
0.0157569
0.0137288
0.0120359
0.0102788
0.0083426
0.00619507
0.00384431
0.00141505
0.00185206
0.00506196
0.00768393
0.00996332
0.0117855
0.0131081
0.0139368
0.0143255
0.0143456
0.014075
0.0135885
0.0129518
0.0122189
0.0114321
0.0106235
0.00981924
0.00904313
0.00832062
0.00768005
0.00715004
0.00675216
0.0064914
0.00634992
0.00628428
0.00625285
0.00621666
0.00615078
0.00604981
0.0059289
0.00582225
0.00577539
0.00588549
0.00756386
0.0155097
0.0298172
0.0264619
0.0154379
0.00897128
0.00643748
0.00628523
0.00634821
0.00632699
0.00621276
0.00609465
0.00607828
0.00620707
0.00645593
0.00675409
0.00700477
0.00711961
0.00702562
0.00668344
0.00611822
0.00544087
0.00480808
0.00435559
0.00417753
0.00427318
0.00454655
0.00490663
0.00529463
0.00568136
0.00605132
0.00639098
0.00668257
0.00690067
0.00700998
0.00696592
0.00672536
0.00627288
0.00561796
0.00489712
0.00451426
0.00484121
0.00588946
0.0069927
0.00653848
0.00489782
0.00316937
0.00205511
0.00174561
0.00180974
0.00187948
0.00192251
0.00201222
0.00221998
0.00256245
0.00324568
0.00614954
0.0214504
0.0274228
0.019716
0.015889
0.0137691
0.0119941
0.0101499
0.00812234
0.00588959
0.00341277
0.000572609
0.00300659
0.00587874
0.00856971
0.0108707
0.0126557
0.0139004
0.0146352
0.0149257
0.014853
0.0145007
0.0139461
0.0132545
0.0124776
0.0116539
0.0108113
0.0099714
0.00915456
0.00838447
0.00769077
0.00710766
0.00666643
0.00638355
0.00624602
0.00621355
0.00623537
0.00626169
0.00625772
0.00621044
0.00613046
0.00605115
0.00601912
0.00613645
0.00770521
0.0163159
0.0306423
0.0282258
0.0183699
0.0105177
0.00657995
0.00619507
0.00634557
0.00625301
0.00607057
0.00588716
0.00582026
0.00591647
0.00614898
0.00643131
0.00666496
0.00676659
0.00667584
0.00636628
0.00586349
0.00525752
0.00468704
0.00430082
0.00419727
0.00434235
0.00464758
0.00503184
0.00544497
0.00586091
0.00626334
0.00663666
0.00696171
0.00721263
0.00735338
0.00733574
0.00711071
0.00665834
0.00598555
0.00522391
0.00471081
0.00484298
0.0057164
0.00685446
0.00677811
0.00529248
0.00343746
0.00209154
0.00166621
0.00176475
0.00188251
0.00196006
0.00208421
0.00233125
0.00270943
0.00341211
0.00628487
0.021923
0.0278958
0.0199289
0.0159251
0.0137138
0.0118664
0.00995969
0.00783919
0.00548996
0.00301905
0.00140148
0.00391385
0.00685111
0.00954785
0.0117958
0.0134877
0.0146131
0.0152209
0.0153907
0.0152129
0.0147754
0.0141561
0.0134179
0.0126083
0.0117605
0.0108968
0.0100338
0.00918775
0.00838006
0.00764086
0.00700926
0.00652643
0.00622171
0.00609038
0.00609575
0.00617737
0.00627255
0.00633499
0.00634294
0.00630102
0.00623969
0.00620256
0.00629511
0.00765627
0.0169544
0.0311397
0.0292889
0.0209626
0.012953
0.00694265
0.00561209
0.00611094
0.00601475
0.00581728
0.00560517
0.00551759
0.00560703
0.00584445
0.00612791
0.0063553
0.00644637
0.00635071
0.00605359
0.00558788
0.00504385
0.00456062
0.00428173
0.00426843
0.00446958
0.00480787
0.0052168
0.00565659
0.006104
0.00654103
0.00694923
0.00730713
0.00758718
0.00775074
0.0077441
0.00751078
0.00702844
0.00634385
0.0055526
0.00493387
0.00487686
0.00554972
0.00664804
0.00688172
0.00562237
0.00371689
0.00216789
0.00161421
0.00174996
0.00191728
0.00202285
0.0021706
0.00244474
0.00284799
0.00356472
0.00642154
0.0223558
0.0283008
0.0200723
0.0158839
0.013581
0.0116699
0.00966461
0.0074738
0.00508849
0.00273594
0.00232522
0.00490143
0.00784532
0.0105142
0.0126703
0.0142276
0.0152006
0.0156594
0.0156979
0.0154143
0.0148986
0.0142265
0.0134564
0.0126292
0.0117717
0.0109001
0.0100256
0.00916058
0.00832383
0.00754568
0.00686951
0.0063463
0.00601964
0.00589592
0.00594238
0.00608837
0.00625695
0.00638903
0.00645317
0.00644681
0.00639537
0.00633491
0.00637133
0.00744743
0.0174645
0.0313
0.0296921
0.0226577
0.0155928
0.0086004
0.00465397
0.00557117
0.00558529
0.00543614
0.00523926
0.00516635
0.00527805
0.00554123
0.00584121
0.00607184
0.00615622
0.00605364
0.00576253
0.00532884
0.00485215
0.00447129
0.00430672
0.0043791
0.00463361
0.0050044
0.00544072
0.0059116
0.00639515
0.00687088
0.0073172
0.00770993
0.00801864
0.00819984
0.00819225
0.00792502
0.0073959
0.00668966
0.00587186
0.0051674
0.00493941
0.00541353
0.00642664
0.00688017
0.00587017
0.00398184
0.00226694
0.00158112
0.00176145
0.00198215
0.00210941
0.00226918
0.00255821
0.00297689
0.00370358
0.00655886
0.0227525
0.0286533
0.0201639
0.0157852
0.0133904
0.011384
0.00931598
0.00706622
0.00466065
0.00253789
0.00305104
0.00581929
0.00880489
0.0114195
0.0134437
0.0148312
0.0156295
0.0159304
0.0158406
0.0154629
0.014886
0.0141802
0.0133965
0.0125682
0.0117147
0.0108461
0.00996912
0.00909241
0.00823287
0.00742084
0.00670335
0.00614079
0.00579169
0.00567621
0.00576616
0.00597999
0.00622542
0.00643001
0.0065525
0.0065828
0.00653987
0.00644873
0.00641081
0.0071601
0.0178701
0.0310868
0.0295008
0.0235664
0.0175637
0.0113541
0.00455604
0.00464838
0.00498726
0.00493029
0.00479109
0.00476883
0.0049347
0.00524382
0.00557353
0.00581518
0.00589696
0.00578884
0.00550392
0.0051039
0.00469908
0.0044222
0.0043627
0.0045105
0.00481293
0.00521701
0.00568563
0.00619378
0.00671918
0.00723851
0.00772724
0.00815845
0.00849773
0.00869446
0.00867794
0.00835572
0.00777024
0.00702843
0.0061778
0.00539982
0.00502282
0.00531578
0.00622489
0.00681419
0.0060346
0.00421125
0.00237119
0.00155732
0.00179396
0.00207394
0.00221746
0.00237773
0.00266974
0.00309526
0.003829
0.00669583
0.023116
0.0289673
0.0202202
0.0156482
0.0131456
0.0110511
0.00892685
0.0066192
0.00420101
0.00240461
0.00369393
0.00670252
0.00971444
0.0122249
0.0140747
0.0152674
0.0158835
0.0160339
0.0158334
0.0153844
0.0147704
0.0140529
0.0132738
0.0124581
0.0116184
0.0107598
0.00988494
0.00900037
0.0081216
0.00727916
0.00652327
0.00592296
0.00555162
0.00544529
0.00558085
0.00586519
0.00619015
0.00647037
0.0066558
0.00672986
0.00670547
0.00659689
0.00649682
0.00694367
0.018138
0.030439
0.0288221
0.023888
0.0189067
0.0137001
0.00691743
0.00305388
0.00422562
0.00429295
0.00426715
0.00433336
0.0045884
0.00496192
0.00533092
0.00558841
0.00567032
0.00555851
0.00528161
0.00491753
0.0045853
0.00440543
0.00443419
0.00464493
0.00499037
0.00543014
0.0059372
0.00648933
0.00706244
0.00763037
0.00816629
0.00864063
0.00901396
0.00922632
0.00919587
0.00880842
0.00815677
0.007366
0.00647163
0.00562487
0.00511945
0.00525529
0.00606104
0.00672142
0.0061271
0.00439064
0.00246391
0.00153356
0.00184231
0.00218837
0.00234355
0.00249332
0.00277711
0.00320209
0.00394114
0.00683122
0.0234489
0.0292553
0.0202561
0.0154907
0.0128654
0.0106973
0.00851442
0.00614736
0.00370913
0.00230333
0.00431923
0.00755569
0.010539
0.0128895
0.0145334
0.0155249
0.0159714
0.0159957
0.0157141
0.0152236
0.0145977
0.0138878
0.0131263
0.0123308
0.0115085
0.0106609
0.00978835
0.00889609
0.00799911
0.00712845
0.00633716
0.00570207
0.00531073
0.00521598
0.00539969
0.00575664
0.00616302
0.00652215
0.00677751
0.00690848
0.0069248
0.00683571
0.00672704
0.00698426
0.0181579
0.0293036
0.0277652
0.0237884
0.01981
0.01556
0.00971281
0.0023301
0.00327499
0.00353162
0.00369045
0.00389858
0.00426339
0.00471092
0.00512181
0.00539557
0.00547783
0.00536293
0.005095
0.00476708
0.00450308
0.00440666
0.00450588
0.00476807
0.00515339
0.00563249
0.00618447
0.00678698
0.00741315
0.00803451
0.00862266
0.00914547
0.00955734
0.00978692
0.00973951
0.0092862
0.00855906
0.00770684
0.00675668
0.00584068
0.00522376
0.00522756
0.00594242
0.00662999
0.00616515
0.00451243
0.00252964
0.00150164
0.00190275
0.00232064
0.002483
0.00261197
0.00287738
0.00329593
0.00403986
0.00696366
0.0237533
0.029528
0.0202844
0.0153278
0.0125744
0.0103429
0.00810268
0.00567408
0.00319204
0.00222133
0.0049829
0.00836637
0.011238
0.0133826
0.0148129
0.0156223
0.0159327
0.0158687
0.0155411
0.0150368
0.014418
0.0137261
0.0129859
0.0122097
0.0114015
0.0105607
0.00968667
0.0087841
0.00786812
0.00697063
0.00614739
0.00548247
0.00507612
0.00499795
0.00523361
0.00566482
0.00615335
0.00659397
0.0069269
0.00713092
0.00721697
0.00719818
0.00716256
0.00739327
0.0178022
0.0276942
0.0264475
0.0234072
0.0203963
0.0170817
0.0120972
0.00427974
0.00219311
0.0027117
0.00311134
0.00349863
0.00398399
0.00450598
0.00495438
0.0052403
0.00532034
0.0052011
0.00494121
0.00464643
0.00444128
0.00441126
0.00456491
0.00486943
0.00529341
0.00581617
0.00641922
0.00707763
0.00776146
0.00844081
0.00908645
0.00966354
0.0101191
0.0103686
0.0103027
0.00978903
0.00897805
0.00805362
0.00703653
0.00604808
0.00533264
0.00522827
0.0058708
0.00655761
0.0061657
0.00457446
0.00255463
0.00145482
0.00197392
0.00246605
0.00262985
0.00272831
0.00296663
0.00337472
0.00412463
0.0070917
0.0240312
0.029794
0.020316
0.0151724
0.0122965
0.0100089
0.00771769
0.00522742
0.0026741
0.0022638
0.00571071
0.00909889
0.0117765
0.0136989
0.014941
0.0156142
0.015837
0.0157254
0.0153807
0.014879
0.0142731
0.0135971
0.0128713
0.0121057
0.0113027
0.0104609
0.00957925
0.00866228
0.00772563
0.00680243
0.00595137
0.00526367
0.00485013
0.00479756
0.00509081
0.00559708
0.00616634
0.00668878
0.00710481
0.0073958
0.0075777
0.00767436
0.00778401
0.0081149
0.0170634
0.0257141
0.0249816
0.0228521
0.020764
0.0183444
0.0141632
0.00681331
0.00141742
0.00199115
0.00263033
0.0031849
0.00377922
0.0043612
0.0048351
0.00512499
0.00519792
0.00507148
0.00481678
0.00454912
0.00439017
0.00440903
0.00460263
0.00494216
0.00540495
0.0059759
0.00663529
0.00735395
0.00809926
0.00884093
0.00954946
0.010187
0.010692
0.0109646
0.0108802
0.0103138
0.00941272
0.00840715
0.00731386
0.00624914
0.00544506
0.00525466
0.00584577
0.00651333
0.00614098
0.00457705
0.00252695
0.00138871
0.00205734
0.00262034
0.00277702
0.00283546
0.00303984
0.00343575
0.00419453
0.00721385
0.0242841
0.0300604
0.0203596
0.0150358
0.0120525
0.00971537
0.00738276
0.00483383
0.00216743
0.00258188
0.00645991
0.0096979
0.0121412
0.0138696
0.0149839
0.0155851
0.0157698
0.0156398
0.0152895
0.0147891
0.0141864
0.0135124
0.0127863
0.0120175
0.011208
0.0103559
0.00945973
0.00852398
0.00756489
0.00661719
0.00574307
0.00504147
0.00463278
0.00461957
0.00497658
0.00555679
0.00620241
0.00680339
0.00730334
0.00768828
0.00798071
0.00821654
0.00850416
0.00898804
0.0160967
0.0235341
0.0234629
0.0221894
0.0209708
0.0194052
0.0159755
0.00913057
0.00189137
0.00166405
0.00235057
0.00300569
0.00366994
0.00428496
0.0047668
0.00504988
0.00510947
0.00497192
0.00471801
0.00446902
0.00434178
0.0043927
0.00461344
0.0049823
0.00548491
0.00610824
0.00682802
0.00761007
0.00842004
0.00922825
0.0100051
0.0107092
0.0112695
0.0115692
0.0114675
0.010855
0.00986098
0.00876657
0.00759008
0.0064459
0.00556133
0.00530578
0.00586638
0.00649956
0.00609677
0.00452015
0.00243608
0.00130394
0.00215754
0.0027796
0.00291627
0.00292512
0.00309102
0.00347586
0.00424838
0.0073287
0.0245137
0.0303326
0.0204222
0.0149274
0.0118556
0.00948317
0.00711559
0.00451694
0.0016885
0.00323091
0.00714612
0.0101289
0.0123582
0.0139643
0.0150334
0.015628
0.0158079
0.0156652
0.0152991
0.0147817
0.0141609
0.0134682
0.0127233
0.0119359
0.0111078
0.0102364
0.00931939
0.00836095
0.00737793
0.00640708
0.00551499
0.00480955
0.00442207
0.00446392
0.00489138
0.00554276
0.00625739
0.0069296
0.00750857
0.00798557
0.00838878
0.00876324
0.00922075
0.00986102
0.0151302
0.0213579
0.0219663
0.0214582
0.0210454
0.0202958
0.0175817
0.011226
0.00323989
0.00188071
0.00233615
0.00298398
0.00366193
0.00427739
0.00474775
0.00501264
0.00505259
0.00490001
0.00464202
0.00440225
0.00429165
0.00435838
0.00459445
0.00498804
0.0055319
0.00621097
0.00699382
0.00784137
0.0087188
0.00959763
0.0104481
0.0112247
0.0118461
0.0121772
0.0120603
0.011404
0.0103211
0.00912976
0.00786524
0.00663983
0.00568241
0.00538208
0.00593121
0.00651325
0.00603197
0.00440113
0.00227222
0.00121197
0.00228137
0.0029395
0.00303814
0.00298779
0.00311352
0.00349178
0.00428501
0.00743507
0.0247211
0.0306146
0.0205088
0.0148549
0.0117095
0.00933366
0.00693283
0.0042882
0.00124146
0.00404464
0.00768111
0.0103984
0.0124916
0.0140713
0.015178
0.0158141
0.0159964
0.0158225
0.0154134
0.014851
0.0141864
0.0134527
0.0126706
0.0118501
0.0109925
0.0100938
0.00915054
0.00816614
0.00715797
0.0061652
0.00526009
0.00456136
0.00421378
0.00432702
0.0048314
0.00554955
0.00632358
0.00705655
0.00770471
0.00826422
0.00876653
0.00926094
0.00985335
0.010619
0.0143612
0.0193911
0.0205539
0.0206894
0.0210076
0.0210342
0.0190099
0.0131483
0.00476624
0.00246829
0.0025706
0.00310955
0.00374598
0.00433112
0.00477209
0.00500869
0.00502386
0.00485337
0.00458709
0.00434717
0.00423806
0.00430451
0.00454475
0.00495908
0.00554555
0.00628261
0.00712995
0.00804449
0.008992
0.00994537
0.0108742
0.0117286
0.0124163
0.0127832
0.0126543
0.0119525
0.0107896
0.00949377
0.0081383
0.00683149
0.00580933
0.00548462
0.0060375
0.00654627
0.00593895
0.00421371
0.00202522
0.00114535
0.00243584
0.00309355
0.0031317
0.00301348
0.00310065
0.00348063
0.00430362
0.00753217
0.0249078
0.0309091
0.0206224
0.0148241
0.0116264
0.00924949
0.00684904
0.00419112
0.000837575
0.0048039
0.00803509
0.0105582
0.0126182
0.0142621
0.0154694
0.0161715
0.0163424
0.0161045
0.0156193
0.0149829
0.0142499
0.0134548
0.012619
0.0117525
0.0108557
0.00992297
0.00894889
0.00793578
0.00690131
0.00588741
0.00497344
0.00429184
0.00400233
0.00420388
0.00478989
0.00556893
0.00639167
0.00717324
0.00787787
0.00850581
0.00908887
0.00967592
0.0103598
0.0112017
0.0138555
0.017778
0.0192817
0.0199183
0.0208761
0.0216306
0.0202737
0.0149255
0.00636582
0.00318057
0.00296243
0.00334548
0.00390251
0.00443397
0.00483149
0.0050321
0.00501938
0.00483
0.00455277
0.0043043
0.0041815
0.00422997
0.00446426
0.00489598
0.00552598
0.00632211
0.00723448
0.00821729
0.00923752
0.010269
0.0112799
0.0122161
0.0129748
0.0133819
0.0132445
0.0124956
0.0112589
0.00985504
0.00840721
0.0070204
0.00594264
0.00561406
0.00617973
0.00658535
0.00580476
0.00394915
0.00168312
0.00116553
0.0026227
0.00323143
0.00318524
0.00299248
0.00304632
0.00344062
0.00430413
0.00761979
0.0250752
0.0312172
0.0207645
0.0148385
0.0116117
0.00924314
0.0068421
0.0041122
0.000511395
0.00533231
0.00822088
0.0106695
0.0127929
0.0145658
0.0159098
0.016688
0.0168276
0.0164921
0.0159008
0.0151658
0.0143435
0.0134694
0.0125654
0.0116413
0.0106966
0.00972353
0.00871458
0.00767033
0.0066084
0.0055736
0.0046538
0.00399876
0.00378531
0.00408946
0.00475862
0.00559154
0.00645236
0.00727041
0.00801825
0.00869948
0.00934391
0.00999695
0.010736
0.0116133
0.0135622
0.0165608
0.0181943
0.0191831
0.0206724
0.0220942
0.0213821
0.016574
0.00801382
0.00391447
0.00342904
0.00365101
0.00410976
0.00457267
0.00491702
0.00507672
0.00503524
0.00482811
0.00453908
0.0042747
0.00412352
0.00413774
0.00435414
0.00479986
0.0054735
0.00632872
0.00730633
0.00835892
0.00945458
0.010567
0.0116626
0.0126829
0.0135158
0.0139673
0.0138253
0.0130286
0.0117219
0.0102093
0.00866889
0.00720483
0.00608168
0.00576898
0.00634732
0.00661136
0.00561316
0.00360353
0.00123677
0.00131993
0.00283772
0.00333946
0.00318706
0.002919
0.00294623
0.00337168
0.00428743
0.00769842
0.0252248
0.0315385
0.0209344
0.0148982
0.0116649
0.00931644
0.0069214
0.00411001
0.000548826
0.00547388
0.00826303
0.0107703
0.0130253
0.0149635
0.0164672
0.0173285
0.0174259
0.016967
0.0162473
0.0153949
0.0144664
0.013498
0.0125125
0.0115199
0.0105187
0.00949939
0.00845179
0.00737431
0.00628392
0.00522806
0.00430439
0.00368399
0.00356301
0.00397908
0.00472898
0.00560811
0.0064975
0.00734143
0.00812064
0.00884142
0.00953042
0.0102281
0.0109973
0.011884
0.0134005
0.0156994
0.0173134
0.0185173
0.0204193
0.0224359
0.0223425
0.0181003
0.00970357
0.00465028
0.00392865
0.00399699
0.00435002
0.00473573
0.0050207
0.00513695
0.00506771
0.0048455
0.00454486
0.00425788
0.00406424
0.00402807
0.00421556
0.00467164
0.00538816
0.00630199
0.00734535
0.00846983
0.00964368
0.0108392
0.01202
0.0131247
0.0140333
0.0145331
0.0143906
0.0135467
0.0121702
0.0105526
0.00891923
0.0073817
0.00622397
0.00594398
0.00652161
0.00659596
0.00534098
0.00317892
0.000729222
0.00170972
0.00303479
0.00337485
0.00312966
0.00279523
0.00279825
0.00327492
0.00425541
0.00776929
0.0253582
0.0318709
0.0211293
0.0150004
0.0117799
0.009458
0.0070552
0.00409409
0.00100444
0.00541034
0.00823292
0.010872
0.0132904
0.01541
0.0170877
0.0180525
0.0181119
0.0175157
0.016654
0.0156714
0.0146232
0.013547
0.0124673
0.0113952
0.010329
0.00925734
0.00816749
0.00705517
0.00593588
0.00485895
0.00393264
0.00335339
0.00333791
0.00386841
0.00469269
0.00561029
0.00652066
0.0073823
0.00818357
0.00893287
0.00965347
0.0103805
0.0111646
0.0120466
0.0133054
0.0151134
0.016632
0.0179419
0.0201376
0.022667
0.0231613
0.0195054
0.0114274
0.00540282
0.00444557
0.00436641
0.00461091
0.00491431
0.00513608
0.0052079
0.0051128
0.0048783
0.00456583
0.00424964
0.00400087
0.00390004
0.00404862
0.00451133
0.00526958
0.00624178
0.00735242
0.00855177
0.00980658
0.0110861
0.0123509
0.0135374
0.0145212
0.0150723
0.0149342
0.0140451
0.0125951
0.0108814
0.00915356
0.00754684
0.00636518
0.0061287
0.00667457
0.00649879
0.00494573
0.00262198
0.00043494
0.0020776
0.00313481
0.00333411
0.00301201
0.00262245
0.00260606
0.00315122
0.00421134
0.00783443
0.0254774
0.032211
0.0213443
0.0151388
0.0119458
0.00965244
0.00721858
0.00405304
0.00146241
0.00525031
0.00818753
0.0109985
0.0136013
0.015885
0.0177169
0.0188135
0.0188619
0.0181274
0.0171185
0.0159986
0.0148204
0.0136244
0.0124385
0.011276
0.0101357
0.00900545
0.00786987
0.00672167
0.00557394
0.00447658
0.00354837
0.00301372
0.00311256
0.00375279
0.004642
0.005591
0.00651702
0.00739102
0.00820796
0.00897775
0.00972077
0.0104669
0.0112575
0.0121291
0.0132357
0.0147182
0.0161209
0.0174627
0.0198439
0.0227992
0.0238452
0.0207879
0.0131771
0.0061982
0.00496776
0.00474741
0.00488328
0.00510158
0.00525779
0.00528486
0.00516533
0.00491966
0.00459328
0.00424112
0.00392707
0.00375058
0.00385186
0.00431771
0.0051168
0.00614845
0.00732963
0.00860791
0.00994635
0.0113095
0.0126547
0.0139179
0.0149737
0.015578
0.0154497
0.0145187
0.0129935
0.0111871
0.00936697
0.00769549
0.00649989
0.00630889
0.00677272
0.00627464
0.00437239
0.00187716
0.00104455
0.00229329
0.00314135
0.00322453
0.00283946
0.00240426
0.00237598
0.00300418
0.00416016
0.00789651
0.0255844
0.0325539
0.0215727
0.0153037
0.0121481
0.00988221
0.00739964
0.00402589
0.00175144
0.00507382
0.00813732
0.011128
0.0139172
0.0163785
0.0183489
0.0195642
0.0196478
0.0187913
0.0176368
0.0163783
0.0150632
0.0137376
0.0124344
0.0111708
0.00994732
0.00875173
0.00756681
0.00638211
0.00520727
0.00409083
0.00316052
0.00267478
0.002888
0.0036261
0.00456948
0.00554413
0.00648283
0.00736648
0.00819543
0.00898053
0.00973986
0.0104988
0.0112918
0.0121517
0.013168
0.0144431
0.0157402
0.0170721
0.0195488
0.0228435
0.0244017
0.0219486
0.014861
0.00718404
0.00547824
0.00512843
0.00515936
0.00529169
0.00538087
0.00536248
0.00521811
0.00495947
0.00461469
0.00422021
0.00383424
0.00357483
0.00362199
0.00408788
0.00492841
0.00602315
0.00728053
0.00864301
0.0100675
0.0115125
0.0129322
0.0142639
0.0153855
0.0160433
0.0159301
0.014962
0.0133611
0.0114637
0.0095545
0.00782268
0.00662231
0.00646824
0.00678425
0.00588658
0.00361339
0.00160573
0.00134799
0.00240015
0.00307491
0.00306024
0.00262183
0.00214824
0.00211352
0.00284303
0.0041071
0.00795874
0.0256813
0.0328934
0.0218059
0.0154821
0.012368
0.0101262
0.00759077
0.00405681
0.00186848
0.00489347
0.0080761
0.0112394
0.014208
0.0168432
0.0189655
0.0202836
0.0204349
0.0194914
0.0182014
0.0168077
0.0153535
0.0138917
0.0124621
0.0110875
0.00977175
0.00850366
0.00726518
0.00604301
0.00484237
0.00370766
0.00277161
0.00233397
0.00265537
0.00347898
0.0044672
0.00546365
0.00641417
0.00730702
0.00814656
0.00894417
0.00971607
0.0104841
0.0112776
0.0121269
0.0130891
0.0142355
0.0154491
0.0167534
0.0192571
0.0228096
0.0248377
0.0229866
0.0164627
0.0083798
0.00597318
0.00550346
0.0054337
0.0054798
0.00550038
0.00543455
0.00526232
0.00498577
0.00461642
0.00417469
0.00371388
0.00336722
0.0033536
0.00381706
0.0047029
0.00586849
0.00721072
0.0086638
0.0101762
0.0116996
0.0131856
0.0145749
0.015753
0.016462
0.0163692
0.0153695
0.0136952
0.0117062
0.00971108
0.00792339
0.00672624
0.00658899
0.00668406
0.00532078
0.00301429
0.00149241
0.00155693
0.00244597
0.002961
0.00285739
0.00237102
0.00186568
0.00183246
0.00267125
0.00405603
0.00802411
0.0257702
0.0332224
0.0220334
0.0156578
0.0125836
0.0103623
0.0077872
0.00417019
0.00185421
0.00467321
0.00797678
0.0113026
0.01444
0.0172459
0.0195276
0.0209621
0.0211846
0.0202077
0.0187967
0.0172788
0.0156883
0.0140885
0.012527
0.0110337
0.00961705
0.0082687
0.00697112
0.0057089
0.00448211
0.00332702
0.0023738
0.00197037
0.00239635
0.00329852
0.00432619
0.00534299
0.00630614
0.00720932
0.00805965
0.00886872
0.00965121
0.0104262
0.0112199
0.0120604
0.0129893
0.0140572
0.0152109
0.0164845
0.0189672
0.0227038
0.0251583
0.0238986
0.0179609
0.00973804
0.00647522
0.00587671
0.00570461
0.0056625
0.00561179
0.00549475
0.00528923
0.00498785
0.00458773
0.00409605
0.00356042
0.00312257
0.00303888
0.0034986
0.00443981
0.00569003
0.00712895
0.00867938
0.0102804
0.0118768
0.0134187
0.0148519
0.0160739
0.0168292
0.0167603
0.0157375
0.0139904
0.0119126
0.00983164
0.00799264
0.00680464
0.00665279
0.00645287
0.00467741
0.00259954
0.00141768
0.00168834
0.00243909
0.00281218
0.00262749
0.00209803
0.00156915
0.00154762
0.00249129
0.00400975
0.0080951
0.0258531
0.033533
0.0222442
0.0158136
0.0127727
0.0105702
0.00798089
0.00434601
0.00173761
0.00437484
0.00780956
0.0112853
0.014577
0.0175488
0.0200008
0.0215752
0.0218704
0.0209087
0.019407
0.0177758
0.0160588
0.0143265
0.0126329
0.0110167
0.00949262
0.00805612
0.00669205
0.00538444
0.00412795
0.00294573
0.00195145
0.00155138
0.00209179
0.00307469
0.00414039
0.00517743
0.00615428
0.00706918
0.00793102
0.00875132
0.00954333
0.0103243
0.0111179
0.0119515
0.0128595
0.01388
0.0149935
0.0162409
0.0186725
0.0225298
0.0253673
0.0246832
0.0193401
0.0112265
0.00701334
0.00625176
0.0059712
0.00583725
0.0057115
0.00553828
0.00529291
0.00495972
0.00452421
0.00398248
0.00337351
0.0028375
0.00266722
0.00312456
0.00414238
0.00549889
0.00704857
0.00870147
0.0103891
0.0120509
0.0136364
0.0150984
0.0163493
0.0171415
0.0170999
0.0160586
0.0142447
0.012082
0.00991163
0.00802535
0.00684905
0.00664393
0.00608206
0.00407934
0.00225819
0.00137842
0.00175698
0.00238501
0.00263447
0.00237776
0.00181239
0.00127204
0.00127222
0.00230393
0.0039696
0.00817362
0.0259318
0.0338172
0.0224267
0.0159319
0.0129149
0.0107327
0.00815804
0.00454382
0.00153712
0.0039761
0.00755427
0.0111591
0.0145836
0.0177128
0.0203459
0.0220906
0.0224893
0.0215434
0.0200067
0.0182839
0.0164532
0.0145995
0.0127808
0.0110444
0.00941056
0.00787949
0.00644052
0.00507949
0.00378699
0.00256883
0.00149742
0.00104371
0.00174529
0.0028168
0.00391748
0.00497163
0.00596019
0.00688566
0.00775807
0.00858842
0.00938847
0.010174
0.0109671
0.0117949
0.012689
0.0136809
0.0147692
0.0159978
0.0183619
0.0222875
0.0254671
0.0253407
0.0205967
0.0127122
0.00772267
0.00662149
0.00622935
0.00600129
0.00579743
0.00556364
0.00527288
0.00490298
0.00443049
0.00384138
0.00316107
0.00251394
0.00222461
0.00268773
0.00382231
0.00531486
0.0069886
0.00874465
0.0105124
0.0122292
0.0138445
0.0153188
0.0165811
0.0173996
0.0173831
0.0163265
0.014464
0.0122076
0.00994723
0.00801594
0.00684822
0.00654866
0.00560348
0.00355615
0.00195844
0.00134842
0.00177357
0.00229152
0.00243374
0.00211474
0.00152368
0.000988128
0.00101622
0.0021093
0.00393513
0.00826068
0.026008
0.0340671
0.02257
0.0159959
0.0129911
0.0108329
0.00830145
0.00472635
0.0012821
0.0034939
0.00721092
0.0109032
0.0144287
0.017701
0.0205232
0.0224696
0.0230146
0.022108
0.0205405
0.018781
0.0168572
0.0149023
0.0129741
0.0111252
0.00938634
0.00775866
0.00623806
0.00481577
0.00348305
0.002231
0.00106296
0.000443046
0.00144028
0.00258346
0.00369769
0.00475247
0.00574095
0.00666862
0.00754528
0.00838064
0.00918432
0.00997068
0.0107612
0.0115826
0.012466
0.0134399
0.0145132
0.0157303
0.0180208
0.0219739
0.0254579
0.0258711
0.0217282
0.0141731
0.00861675
0.00697964
0.00647369
0.00615207
0.00586983
0.0055742
0.00523609
0.0048288
0.00432208
0.0036916
0.00294242
0.00216052
0.0016911
0.00219085
0.00350882
0.0051697
0.00697429
0.00882623
0.0106601
0.0124196
0.0140498
0.0155208
0.0167759
0.0176028
0.0176041
0.0165522
0.0146369
0.0122872
0.0099352
0.00795818
0.00678899
0.0063555
0.00506948
0.00308488
0.00168814
0.00130911
0.00174609
0.00216667
0.00221674
0.00184615
0.00124279
0.000731076
0.000785676
0.00190908
0.00390387
0.00835622
0.0260828
0.0342756
0.0226642
0.0159892
0.0129856
0.0108579
0.00839781
0.00487042
0.00106694
0.0030108
0.00680494
0.0105116
0.0140876
0.0174807
0.0204946
0.0226729
0.0234113
0.0225854
0.0210019
0.0192057
0.0172497
0.0152285
0.0132163
0.0112724
0.00944164
0.00772309
0.00612021
0.00463445
0.0032685
0.00201899
0.000895666
0.000453704
0.00143028
0.00250835
0.00356964
0.00458591
0.00554551
0.00645261
0.00731543
0.0081405
0.00893542
0.00971357
0.0104956
0.0113067
0.0121788
0.013139
0.0142027
0.0154142
0.0176317
0.0215819
0.0253363
0.0262698
0.0227249
0.0155735
0.00964167
0.00739846
0.00669844
0.00628721
0.00593199
0.00557943
0.00519813
0.00475913
0.00422689
0.00356663
0.00275794
0.00182304
0.00104326
0.00166524
0.00326517
0.00511437
0.00704177
0.00897149
0.0108499
0.012635
0.0142615
0.0157101
0.0169328
0.01775
0.0177726
0.0167245
0.0147598
0.0123179
0.00987222
0.00784551
0.00665853
0.0060586
0.00450918
0.00265383
0.00144412
0.00125266
0.00168437
0.00201865
0.00199081
0.00158093
0.000982141
0.000515964
0.000583077
0.00170703
0.00387092
0.00845915
0.0261571
0.0344357
0.0227004
0.0159027
0.0128667
0.0107712
0.00842346
0.00502126
0.00120522
0.00267539
0.00636141
0.00997661
0.0135496
0.0170277
0.0202268
0.0226618
0.0236422
0.0229431
0.0213748
0.0195663
0.0175846
0.0155327
0.0134865
0.0115019
0.00960718
0.00781801
0.00614548
0.00460735
0.00323609
0.00208996
0.00131459
0.00127645
0.00188586
0.00272769
0.00363439
0.0045419
0.0054236
0.00627425
0.00709506
0.00789215
0.00866195
0.00941402
0.0101722
0.0109619
0.0118172
0.0127623
0.0138172
0.0150258
0.0171747
0.0211013
0.0250953
0.0265285
0.0235763
0.0168876
0.0107589
0.00790768
0.00693378
0.0064142
0.00599336
0.00559558
0.00518585
0.00473201
0.00419612
0.00353714
0.00271672
0.00168511
0.000380735
0.0013251
0.00322911
0.00523755
0.00724749
0.00921636
0.0110989
0.0128589
0.0144635
0.0158783
0.0170611
0.0178576
0.0178888
0.0168406
0.0148279
0.0122955
0.00975445
0.00767134
0.00644602
0.00565932
0.00394567
0.00225089
0.00121899
0.00118378
0.00159709
0.0018548
0.00176314
0.00132815
0.000754366
0.000362774
0.000408692
0.00150708
0.00382964
0.0085678
0.0262316
0.03454
0.0226776
0.0156917
0.0126298
0.0105503
0.00831084
0.00513391
0.00193867
0.00260426
0.00586606
0.0092956
0.0128061
0.0163338
0.0196967
0.0224013
0.0236706
0.023149
0.0216281
0.0198382
0.0178694
0.0158253
0.0137833
0.0117958
0.00989038
0.0080814
0.00638737
0.0048464
0.0035334
0.00257518
0.00212619
0.00222514
0.002662
0.00327662
0.00398205
0.00472625
0.00547738
0.00622162
0.00695403
0.00767253
0.00837473
0.00907251
0.00979938
0.0105529
0.0113756
0.0122969
0.0133383
0.0145427
0.0166289
0.0205191
0.0247246
0.0266354
0.0242699
0.018096
0.011932
0.00852589
0.00719671
0.00654924
0.00607572
0.00565341
0.00523847
0.00479704
0.00429188
0.00367551
0.00288122
0.00188518
0.000955337
0.00174995
0.0035541
0.00555494
0.00757798
0.00954127
0.0113996
0.0131221
0.0146787
0.0160381
0.0171633
0.0179229
0.0179506
0.0168956
0.0148344
0.0122137
0.00957717
0.00742962
0.00614355
0.00516633
0.00340382
0.00187138
0.00101133
0.00110423
0.00148936
0.00168025
0.00153933
0.00109448
0.000567411
0.000291285
0.000263093
0.00131142
0.00377405
0.00868087
0.0263067
0.0345846
0.0225488
0.0154025
0.0122596
0.0101812
0.00805808
0.0052214
0.00273471
0.00300169
0.00560094
0.00860478
0.0118808
0.0154061
0.0188951
0.0218621
0.0234603
0.0231703
0.0217314
0.0199923
0.0180766
0.0160883
0.0141061
0.0121771
0.010324
0.00855975
0.00690858
0.00542681
0.00422247
0.00344279
0.00316495
0.00329624
0.00363755
0.00409359
0.00461724
0.00518107
0.00576534
0.00635804
0.00695402
0.00754914
0.00814313
0.00874698
0.00938402
0.0100637
0.010857
0.0117357
0.0127513
0.0139445
0.0159725
0.0198196
0.0242111
0.026574
0.0247869
0.0191739
0.0131231
0.00927134
0.00753258
0.00672281
0.00620696
0.00579051
0.00540562
0.00501283
0.00457609
0.00405101
0.00340141
0.00267467
0.0022147
0.00277802
0.00429634
0.00617061
0.00811353
0.0100042
0.011786
0.0134277
0.014903
0.0161821
0.0172316
0.0179397
0.0179512
0.0168805
0.0147684
0.0120631
0.00933426
0.00711555
0.00574736
0.00460022
0.0028859
0.00151651
0.000824555
0.00101638
0.00136467
0.00149797
0.00132219
0.000881005
0.000416011
0.000285797
0.000153087
0.00112112
0.00370223
0.00879841
0.0263834
0.0345287
0.0223592
0.015032
0.0117496
0.00966446
0.00768534
0.00529047
0.00345498
0.00356546
0.00545792
0.00804559
0.0109805
0.0142829
0.0178318
0.0210219
0.0229738
0.0229715
0.0216509
0.0199965
0.0181796
0.0163024
0.0144447
0.0126476
0.0109277
0.00929363
0.00776896
0.00641437
0.00533919
0.00466694
0.0044298
0.00452711
0.00479225
0.00513211
0.00551027
0.00590876
0.00631803
0.00673348
0.00715475
0.0075822
0.00802073
0.00848261
0.00898662
0.00955094
0.0102338
0.0110734
0.0120457
0.0132135
0.0151841
0.0189856
0.0235383
0.0263222
0.0250998
0.0200883
0.0142918
0.0101507
0.00800289
0.00699366
0.00644154
0.0060648
0.00575409
0.0054555
0.00513264
0.00475387
0.00431109
0.00387127
0.00372132
0.00423053
0.00546813
0.00711232
0.00888109
0.0106236
0.0122683
0.0137799
0.0151334
0.0163009
0.0172522
0.0178927
0.0178754
0.0167785
0.014612
0.011829
0.00901726
0.00672618
0.00525941
0.00398461
0.002387
0.00119163
0.000666772
0.000922143
0.00122475
0.00130883
0.00111188
0.000683027
0.000275037
0.000292334
0.000105271
0.000939899
0.0036174
0.00892316
0.0264626
0.0343393
0.0221003
0.0145899
0.0111191
0.00902722
0.0072429
0.00537065
0.00412751
0.00414857
0.00542797
0.00754292
0.0101853
0.0131325
0.0165369
0.0198682
0.0221707
0.0225116
0.0213474
0.0198118
0.0181456
0.0164439
0.014787
0.0132086
0.011716
0.0103083
0.00899807
0.00783104
0.00689089
0.00626869
0.00599309
0.00599896
0.00617072
0.00639814
0.00664649
0.00689636
0.00713897
0.00737269
0.00760096
0.00783007
0.00807111
0.00834079
0.00866057
0.00905802
0.00958183
0.0102814
0.0112152
0.012336
0.0142431
0.0179986
0.0226865
0.0258515
0.0251704
0.0207933
0.0153891
0.0111587
0.00868325
0.00746128
0.00687162
0.00656085
0.0063641
0.00620196
0.00603231
0.00583273
0.00560668
0.00541975
0.00548877
0.00599305
0.00701564
0.00839268
0.00991145
0.0114274
0.012864
0.0141837
0.0153633
0.0163777
0.0172012
0.0177551
0.0176953
0.0165602
0.0143359
0.0114885
0.00861475
0.00626118
0.00469047
0.00334117
0.00191733
0.000912138
0.000547206
0.000821581
0.00106912
0.00111217
0.000909244
0.000501408
0.000103112
0.000279592
0.000136851
0.000779667
0.00352805
0.00906458
0.026543
0.033957
0.0217563
0.0141019
0.0104131
0.0083307
0.00680978
0.00550389
0.00476463
0.00476273
0.00557314
0.00719642
0.00946744
0.0121314
0.0150885
0.0183978
0.0210034
0.0217383
0.0207729
0.0193899
0.0179339
0.0164826
0.015115
0.0138528
0.0126883
0.0116033
0.0105891
0.00966296
0.00887352
0.00828472
0.00793568
0.00780376
0.00784537
0.00793812
0.00804688
0.00814892
0.00823072
0.00828758
0.0083218
0.00834134
0.00836032
0.00839928
0.00848529
0.00865428
0.00895645
0.00945101
0.0102183
0.0113058
0.0131322
0.0168394
0.0216329
0.0251256
0.0249463
0.0212273
0.0163539
0.0122732
0.00965109
0.00826732
0.00764161
0.00740263
0.00733614
0.00733103
0.00733293
0.00731983
0.00729616
0.00731957
0.00755221
0.00806505
0.00891624
0.010018
0.0112308
0.0124437
0.0135923
0.0146445
0.0155828
0.0163883
0.0170428
0.0174851
0.017367
0.0161788
0.0138953
0.0110106
0.00811305
0.00572465
0.00406463
0.00269468
0.00148251
0.000688498
0.000468509
0.000708856
0.000893108
0.000907105
0.0007274
0.000391877
0.000146573
0.000305068
0.000218819
0.000672587
0.00344922
0.00924354
0.0266153
0.0332802
0.0212879
0.0136043
0.00972758
0.00770225
0.00652143
0.00577684
0.00544662
0.00548904
0.00600068
0.00716146
0.00896797
0.0112263
0.013724
0.0166275
0.019417
0.0205821
0.0198675
0.0186704
0.0174936
0.0163813
0.0154039
0.014561
0.0138226
0.0131459
0.0124957
0.0118595
0.0112532
0.0107188
0.0102991
0.0100109
0.00988887
0.00982197
0.00976869
0.00970842
0.00962368
0.00950482
0.00934956
0.00916239
0.00895482
0.00874604
0.00856432
0.00844963
0.00845738
0.00866112
0.00915857
0.0100794
0.0118377
0.0154892
0.0203502
0.0240976
0.0243575
0.0213105
0.0171126
0.0134539
0.0109622
0.00956902
0.00894419
0.00876629
0.00881191
0.00895007
0.00911281
0.00927137
0.00942353
0.00962084
0.00997561
0.0104878
0.0111806
0.0120008
0.0128634
0.0137012
0.014475
0.0151694
0.01578
0.0163009
0.0167279
0.0170236
0.0168255
0.0155644
0.0132272
0.010353
0.00750141
0.00513255
0.00341694
0.00208855
0.00109482
0.000499014
0.000441898
0.000609488
0.000715796
0.000719671
0.000627882
0.00051047
0.00049287
0.000524219
0.000432506
0.000685213
0.00340311
0.00943096
0.0266561
0.0321452
0.0206127
0.0131521
0.00927235
0.00743345
0.00666116
0.00640454
0.00637844
0.0065202
0.00689129
0.00765948
0.00891001
0.0105789
0.0125271
0.0147089
0.0173559
0.0189452
0.0185526
0.0175765
0.0167614
0.016095
0.0156205
0.0152995
0.0150716
0.0148685
0.0146341
0.0143341
0.0139606
0.0135375
0.013103
0.0127017
0.0123749
0.012134
0.0118971
0.0116545
0.0113885
0.011087
0.010743
0.0103556
0.00993014
0.00947859
0.00902219
0.0085948
0.00824958
0.00806873
0.00817601
0.00874116
0.0103408
0.0139221
0.0188022
0.022704
0.0233102
0.020946
0.0175869
0.0146505
0.0126291
0.0114761
0.0109628
0.0108576
0.0109836
0.0112236
0.011508
0.0118015
0.0120898
0.0124332
0.0128588
0.0133354
0.0138493
0.0143647
0.0148328
0.0152253
0.0155337
0.0157664
0.0159416
0.0160765
0.0161928
0.0162905
0.0159779
0.0146157
0.0122403
0.00947331
0.00678037
0.00453712
0.00281649
0.00158975
0.000909117
0.000592543
0.000450552
0.000370405
0.000308043
0.000361664
0.000549345
0.000766764
0.000917158
0.00093543
0.000839206
0.00095915
0.00324033
0.00999485
0.0264662
0.0303129
0.0196008
0.0128504
0.00947042
0.00811885
0.00778656
0.00785845
0.00800241
0.00824747
0.00855523
0.00898692
0.00961507
0.0104859
0.0116024
0.0129504
0.0148231
0.0166918
0.0167122
0.0160059
0.0156577
0.0155712
0.0157214
0.0160151
0.0163591
0.0166702
0.0168853
0.0169616
0.0168797
0.0166435
0.0162844
0.0158427
0.0153614
0.0149529
0.0145363
0.0141033
0.0136452
0.0131518
0.0126154
0.0120315
0.0113992
0.0107221
0.0100096
0.00928065
0.0085711
0.00794944
0.00754714
0.00759611
0.00857745
0.0121845
0.0169422
0.0208572
0.0216817
0.0200296
0.0177158
0.0158248
0.0146204
0.0139939
0.0137741
0.0138231
0.0140407
0.0143555
0.0147179
0.0150952
0.0154669
0.0159073
0.0163217
0.0166871
0.0169688
0.0171301
0.0171503
0.0170283
0.0167814
0.0164416
0.016054
0.0156701
0.0153566
0.0151775
0.0146911
0.0131801
0.0108274
0.00833619
0.00601596
0.00414579
0.00261344
0.00145784
0.000859989
0.000737257
0.000679255
0.000558671
0.000431753
0.000464804
0.000693743
0.000960884
0.00117939
0.00134303
0.00124114
0.00080301
0.00366752
0.0109074
0.025742
0.0274683
0.0181232
0.0129413
0.0109046
0.0104261
0.0105343
0.0108071
0.0110476
0.0112938
0.0114377
0.0114768
0.0114386
0.0113756
0.0113752
0.0115564
0.0121987
0.0137081
0.0141811
0.0138296
0.014087
0.0147467
0.0156439
0.0166221
0.0175694
0.01841
0.0190916
0.0195787
0.0198489
0.0198953
0.0197305
0.0193793
0.0188848
0.0183159
0.0177556
0.0171508
0.0165078
0.0158241
0.0150958
0.0143193
0.013492
0.0126123
0.0116811
0.0107033
0.00969369
0.00868989
0.00778772
0.0072141
0.00746871
0.00988824
0.0147912
0.0184539
0.0193247
0.0184816
0.0174985
0.0169785
0.0168747
0.0170102
0.0172737
0.0176141
0.0180055
0.0184289
0.0188665
0.0192981
0.0197167
0.020136
0.020445
0.0205911
0.0205445
0.0202757
0.0197828
0.0190803
0.0181991
0.0171845
0.0161014
0.0150367
0.0141244
0.0135441
0.0127747
0.0110751
0.00890653
0.00711732
0.0057929
0.00471837
0.00385838
0.00316906
0.00262638
0.00221033
0.00188819
0.00163355
0.0014439
0.00132382
0.00127278
0.00126155
0.00119377
0.0013411
0.00189242
0.00310111
0.00556498
0.011575
0.0240411
0.0232541
0.0162474
0.0139535
0.0140051
0.0145562
0.0150722
0.0154509
0.0157353
0.0158294
0.0156793
0.0152709
0.0145864
0.0136224
0.012432
0.0111621
0.0101661
0.0102574
0.0108112
0.0109321
0.0119633
0.0135433
0.0152699
0.0169501
0.0184902
0.0198454
0.0209904
0.021907
0.0225804
0.0229997
0.0231614
0.0230755
0.0227539
0.022231
0.0215965
0.020908
0.0201462
0.0193221
0.0184417
0.0175086
0.0165247
0.015491
0.0144082
0.0132778
0.0121058
0.0109101
0.0097398
0.00870486
0.00805037
0.00855949
0.0118742
0.0153459
0.0161045
0.0163566
0.0171113
0.0182359
0.0193833
0.0203963
0.0212612
0.0220099
0.0226746
0.0232759
0.0238198
0.024296
0.0247203
0.0250021
0.0250706
0.0248817
0.0244075
0.0236352
0.0225721
0.0212422
0.0196795
0.0179295
0.0160559
0.0141572
0.0124348
0.0112548
0.0100281
0.00818109
0.00706272
0.00684051
0.00695065
0.00711251
0.00719536
0.00717403
0.00707913
0.00695451
0.00683403
0.00673927
0.00668489
0.00668057
0.00673044
0.00682854
0.00696748
0.00716297
0.00742505
0.00783243
0.00860259
0.0117317
0.0208814
0.0172809
0.0143889
0.0162299
0.0184715
0.0199856
0.0209276
0.0214897
0.0217542
0.0216469
0.0211685
0.0202848
0.0189667
0.0172069
0.0150317
0.0125196
0.00983973
0.00791571
0.0068162
0.00735945
0.00926617
0.0118005
0.0142856
0.0165774
0.0186379
0.0204632
0.0220556
0.0234148
0.0245357
0.0254094
0.0260261
0.0263781
0.0264646
0.0262873
0.0258624
0.0252527
0.0245263
0.0236959
0.0227829
0.0218032
0.0207691
0.0196908
0.0185751
0.017426
0.0162451
0.0150329
0.0137879
0.0124769
0.0109937
0.00935314
0.00887954
0.01095
0.0117752
0.0138128
0.016767
0.0196304
0.0219985
0.023871
0.0253562
0.0265579
0.02755
0.0283773
0.0290572
0.0295819
0.029915
0.0299634
0.0296838
0.0290581
0.0280719
0.0267352
0.0250712
0.0231115
0.0208913
0.0184467
0.0158203
0.0130754
0.010412
0.0083901
0.00633275
0.00551022
0.0066831
0.00839943
0.00999761
0.0112956
0.0122612
0.0129262
0.0133513
0.0136052
0.0137491
0.0138302
0.0138807
0.0139191
0.013952
0.0139782
0.0139881
0.0139473
0.0138336
0.013435
0.0124036
0.0115462
0.0157902
0.0131823
0.0160641
0.0207889
0.0241386
0.0260371
0.0270465
0.0275153
0.0275372
0.0271009
0.026222
0.0249055
0.023142
0.0209263
0.018269
0.0152048
0.011795
0.00852132
0.00465659
0.00348461
0.00583177
0.00879158
0.0115499
0.0140756
0.0163824
0.0184877
0.0204041
0.0221365
0.0236831
0.0250364
0.0261852
0.0271169
0.0278199
0.0282856
0.0285077
0.0284851
0.028236
0.0278012
0.0272098
0.0264907
0.0256696
0.0247664
0.0237959
0.0227639
0.0216702
0.0205008
0.0192276
0.0177418
0.0158174
0.0130859
0.00968007
0.00737933
0.00835645
0.012647
0.0173934
0.0214281
0.0245568
0.0269525
0.0288033
0.0302528
0.0313889
0.0322606
0.0328797
0.0332333
0.0332687
0.0329511
0.0322655
0.0312039
0.0297701
0.0279812
0.0258664
0.023461
0.0208021
0.0179247
0.0148592
0.0116288
0.00835918
0.00539126
0.0032471
0.00530044
0.00815233
0.0107112
0.0128659
0.014612
0.0159806
0.0170241
0.0178064
0.0183938
0.0188463
0.019213
0.0195291
0.0198156
0.0200758
0.0202915
0.0204268
0.0204276
0.0202366
0.0195161
0.0175777
0.0141479
0.0121644
)
;

boundaryField
{
    floor
    {
        type            calculated;
        value           uniform 0;
    }
    ceiling
    {
        type            calculated;
        value           uniform 0;
    }
    fixedWalls
    {
        type            calculated;
        value           uniform 0;
    }
    frontAndBack
    {
        type            empty;
    }
}


// ************************************************************************* //
