/*--------------------------------*- C++ -*----------------------------------*\
| =========                 |                                                 |
| \\      /  F ield         | OpenFOAM: The Open Source CFD Toolbox           |
|  \\    /   O peration     | Version:  4.1                                   |
|   \\  /    A nd           | Web:      www.OpenFOAM.org                      |
|    \\/     M anipulation  |                                                 |
\*---------------------------------------------------------------------------*/
FoamFile
{
    version     2.0;
    format      ascii;
    class       volScalarField;
    location    "760";
    object      p;
}
// * * * * * * * * * * * * * * * * * * * * * * * * * * * * * * * * * * * * * //

dimensions      [0 2 -2 0 0 0 0];

internalField   nonuniform List<scalar> 
5000
(
0
-1.30137e-05
-2.40857e-05
-3.45342e-05
-4.44806e-05
-5.37733e-05
-6.20552e-05
-6.88587e-05
-7.36906e-05
-7.61001e-05
-7.5726e-05
-7.23629e-05
-6.60403e-05
-5.71162e-05
-4.62526e-05
-3.43147e-05
-2.2241e-05
-1.09102e-05
-1.03043e-06
6.93066e-06
1.27721e-05
1.65486e-05
1.85187e-05
1.90284e-05
1.84634e-05
1.83206e-05
1.49749e-05
1.10745e-05
7.58613e-06
4.50491e-06
1.78672e-06
-5.55444e-07
-2.53073e-06
-4.1709e-06
-5.52027e-06
-6.64757e-06
-7.66684e-06
-8.73245e-06
-9.95928e-06
-1.10222e-05
-1.06718e-05
-7.78876e-06
-3.43328e-06
-4.62704e-07
1.27449e-06
1.13499e-06
-2.06e-06
1.70592e-06
4.03347e-06
2.84864e-06
-1.33636e-06
-8.21298e-06
-1.79629e-05
-3.02287e-05
-4.47404e-05
-6.16193e-05
-7.94957e-05
-9.47662e-05
-0.000103493
-0.000103002
-9.19707e-05
-8.15178e-05
-8.3615e-05
-9.26518e-05
-9.40719e-05
-8.9069e-05
-8.09927e-05
-7.34555e-05
-6.80937e-05
-6.45608e-05
-6.20235e-05
-5.99063e-05
-5.79521e-05
-5.6097e-05
-5.43659e-05
-5.28406e-05
-5.16796e-05
-5.10347e-05
-5.05935e-05
-5.00759e-05
-4.9575e-05
-4.90205e-05
-4.83505e-05
-4.75939e-05
-4.68186e-05
-4.60651e-05
-4.53107e-05
-4.44962e-05
-4.35707e-05
-4.25153e-05
-4.13451e-05
-4.01013e-05
-3.88437e-05
-3.76565e-05
-3.66784e-05
-3.61676e-05
-3.65636e-05
-3.8185e-05
-3.98341e-05
-3.34744e-05
-0.0984337
-0.0984513
-0.0984658
-0.0984797
-0.0984929
-0.0985052
-0.0985163
-0.0985256
-0.0985326
-0.0985369
-0.0985382
-0.0985362
-0.0985309
-0.0985227
-0.0985124
-0.0985009
-0.098489
-0.0984778
-0.0984678
-0.0984596
-0.0984535
-0.0984494
-0.0984471
-0.0984464
-0.0984468
-0.0984478
-0.0984482
-0.0984493
-0.0984508
-0.0984522
-0.0984533
-0.0984541
-0.0984545
-0.0984544
-0.0984539
-0.098453
-0.0984518
-0.0984503
-0.0984484
-0.0984463
-0.0984437
-0.098441
-0.0984387
-0.098436
-0.0984319
-0.0984367
-0.0984486
-0.098451
-0.0984531
-0.0984567
-0.0984623
-0.0984703
-0.098481
-0.0984946
-0.0985107
-0.098529
-0.0985478
-0.0985631
-0.0985704
-0.0985679
-0.0985542
-0.098539
-0.0985427
-0.0985546
-0.0985585
-0.0985552
-0.098548
-0.0985408
-0.0985352
-0.0985311
-0.0985279
-0.0985251
-0.0985227
-0.0985205
-0.0985185
-0.0985169
-0.0985157
-0.0985148
-0.098514
-0.098513
-0.0985118
-0.0985104
-0.0985089
-0.0985074
-0.0985057
-0.0985042
-0.0985025
-0.0985008
-0.098499
-0.098497
-0.0984949
-0.0984928
-0.0984907
-0.0984888
-0.0984872
-0.0984859
-0.0984851
-0.0984844
-0.0984829
-0.0984719
-0.1969
-0.196919
-0.196935
-0.196951
-0.196966
-0.19698
-0.196993
-0.197004
-0.197012
-0.197017
-0.197019
-0.197017
-0.197012
-0.197003
-0.196993
-0.196981
-0.196969
-0.196957
-0.196947
-0.196939
-0.196933
-0.196928
-0.196926
-0.196925
-0.196925
-0.196926
-0.196926
-0.196927
-0.196929
-0.19693
-0.196931
-0.196932
-0.196932
-0.196932
-0.196932
-0.19693
-0.196929
-0.196927
-0.196924
-0.196921
-0.196918
-0.196915
-0.196913
-0.19691
-0.196903
-0.196907
-0.196922
-0.196927
-0.196932
-0.196937
-0.196943
-0.196951
-0.196962
-0.196976
-0.196992
-0.197011
-0.197031
-0.197047
-0.197054
-0.197051
-0.197037
-0.197022
-0.197024
-0.197034
-0.197037
-0.197033
-0.197025
-0.197017
-0.197012
-0.197008
-0.197004
-0.197002
-0.196999
-0.196997
-0.196995
-0.196993
-0.196992
-0.196991
-0.19699
-0.196989
-0.196988
-0.196987
-0.196985
-0.196984
-0.196982
-0.196981
-0.19698
-0.196979
-0.196977
-0.196975
-0.196974
-0.196972
-0.19697
-0.196968
-0.196966
-0.196965
-0.196963
-0.196962
-0.196959
-0.196947
-0.295385
-0.295401
-0.295416
-0.295431
-0.295447
-0.295462
-0.295475
-0.295487
-0.295495
-0.295501
-0.295502
-0.2955
-0.295495
-0.295486
-0.295475
-0.295463
-0.295451
-0.295439
-0.295428
-0.295419
-0.295413
-0.295408
-0.295406
-0.295404
-0.295404
-0.295404
-0.295405
-0.295406
-0.295407
-0.295409
-0.29541
-0.295411
-0.295411
-0.295411
-0.29541
-0.295409
-0.295407
-0.295405
-0.295403
-0.2954
-0.295397
-0.295394
-0.295391
-0.295389
-0.295383
-0.295387
-0.295399
-0.295405
-0.295411
-0.295416
-0.295423
-0.295432
-0.295442
-0.295455
-0.295471
-0.29549
-0.295508
-0.295523
-0.29553
-0.295527
-0.295515
-0.295505
-0.295507
-0.295513
-0.295514
-0.295509
-0.2955
-0.295493
-0.295487
-0.295483
-0.29548
-0.295477
-0.295474
-0.295472
-0.29547
-0.295468
-0.295467
-0.295466
-0.295465
-0.295464
-0.295463
-0.295462
-0.295461
-0.295459
-0.295458
-0.295457
-0.295456
-0.295456
-0.295455
-0.295453
-0.295452
-0.29545
-0.295448
-0.295447
-0.295445
-0.295443
-0.295442
-0.295441
-0.295439
-0.29543
-0.393876
-0.39389
-0.393903
-0.393917
-0.393932
-0.393947
-0.39396
-0.393971
-0.39398
-0.393985
-0.393987
-0.393985
-0.393979
-0.39397
-0.393959
-0.393946
-0.393933
-0.393921
-0.39391
-0.393901
-0.393894
-0.393889
-0.393886
-0.393884
-0.393883
-0.393883
-0.393884
-0.393885
-0.393886
-0.393888
-0.393889
-0.39389
-0.39389
-0.39389
-0.393889
-0.393888
-0.393886
-0.393884
-0.393882
-0.393879
-0.393876
-0.393873
-0.39387
-0.393867
-0.393863
-0.393866
-0.393877
-0.393883
-0.393889
-0.393896
-0.393903
-0.393911
-0.393921
-0.393932
-0.393946
-0.393962
-0.393978
-0.39399
-0.393995
-0.393992
-0.393984
-0.393978
-0.393982
-0.393988
-0.393987
-0.393981
-0.393972
-0.393966
-0.393961
-0.393958
-0.393954
-0.393952
-0.393949
-0.393947
-0.393945
-0.393943
-0.393942
-0.393941
-0.39394
-0.393939
-0.393938
-0.393937
-0.393936
-0.393934
-0.393933
-0.393933
-0.393932
-0.393932
-0.393931
-0.39393
-0.393929
-0.393928
-0.393926
-0.393925
-0.393923
-0.393922
-0.39392
-0.393919
-0.393918
-0.393912
-0.49237
-0.492382
-0.492393
-0.492406
-0.49242
-0.492434
-0.492447
-0.492458
-0.492467
-0.492472
-0.492474
-0.492471
-0.492465
-0.492456
-0.492444
-0.492431
-0.492417
-0.492404
-0.492393
-0.492383
-0.492376
-0.49237
-0.492367
-0.492364
-0.492363
-0.492363
-0.492363
-0.492364
-0.492366
-0.492367
-0.492368
-0.492369
-0.492369
-0.492369
-0.492368
-0.492367
-0.492365
-0.492363
-0.492361
-0.492358
-0.492355
-0.492352
-0.492349
-0.492346
-0.492342
-0.492345
-0.492355
-0.492362
-0.492368
-0.492375
-0.492382
-0.492389
-0.492398
-0.492407
-0.492418
-0.49243
-0.492441
-0.492449
-0.492453
-0.492451
-0.492445
-0.492443
-0.492449
-0.492455
-0.492455
-0.492449
-0.492442
-0.492437
-0.492434
-0.492431
-0.492428
-0.492426
-0.492423
-0.492421
-0.492419
-0.492418
-0.492416
-0.492416
-0.492415
-0.492414
-0.492413
-0.492412
-0.492411
-0.49241
-0.492409
-0.492408
-0.492408
-0.492408
-0.492408
-0.492407
-0.492406
-0.492405
-0.492404
-0.492402
-0.492401
-0.4924
-0.492399
-0.492398
-0.492397
-0.492392
-0.590864
-0.590875
-0.590884
-0.590896
-0.590909
-0.590922
-0.590935
-0.590946
-0.590954
-0.590959
-0.590961
-0.590958
-0.590952
-0.590942
-0.590929
-0.590916
-0.590901
-0.590888
-0.590876
-0.590866
-0.590858
-0.590852
-0.590848
-0.590845
-0.590843
-0.590843
-0.590843
-0.590844
-0.590845
-0.590847
-0.590848
-0.590848
-0.590849
-0.590848
-0.590848
-0.590847
-0.590845
-0.590843
-0.590841
-0.590838
-0.590835
-0.590832
-0.590829
-0.590825
-0.590822
-0.590824
-0.590834
-0.590841
-0.590847
-0.590854
-0.590861
-0.590867
-0.590874
-0.590881
-0.590889
-0.590897
-0.590903
-0.590908
-0.59091
-0.590907
-0.590904
-0.590903
-0.590909
-0.590916
-0.590917
-0.590913
-0.59091
-0.590907
-0.590905
-0.590903
-0.590901
-0.590899
-0.590897
-0.590895
-0.590894
-0.590892
-0.590891
-0.59089
-0.59089
-0.590889
-0.590888
-0.590887
-0.590886
-0.590885
-0.590884
-0.590884
-0.590884
-0.590884
-0.590884
-0.590884
-0.590883
-0.590882
-0.590881
-0.59088
-0.590879
-0.590878
-0.590877
-0.590876
-0.590875
-0.590871
-0.689358
-0.689367
-0.689375
-0.689386
-0.689398
-0.689411
-0.689423
-0.689433
-0.689441
-0.689447
-0.689448
-0.689445
-0.689438
-0.689428
-0.689415
-0.689401
-0.689386
-0.689372
-0.68936
-0.68935
-0.689341
-0.689335
-0.68933
-0.689326
-0.689324
-0.689324
-0.689324
-0.689325
-0.689326
-0.689327
-0.689328
-0.689328
-0.689329
-0.689328
-0.689328
-0.689327
-0.689325
-0.689323
-0.689321
-0.689318
-0.689316
-0.689312
-0.689309
-0.689305
-0.689302
-0.689305
-0.689314
-0.689321
-0.689328
-0.689334
-0.68934
-0.689346
-0.689351
-0.689356
-0.689361
-0.689365
-0.689368
-0.689369
-0.689369
-0.689366
-0.689362
-0.689362
-0.689367
-0.689374
-0.689377
-0.689378
-0.689378
-0.689377
-0.689377
-0.689376
-0.689374
-0.689373
-0.689371
-0.689369
-0.689368
-0.689367
-0.689366
-0.689365
-0.689364
-0.689364
-0.689364
-0.689363
-0.689362
-0.689362
-0.689361
-0.68936
-0.68936
-0.689361
-0.689361
-0.689361
-0.68936
-0.689359
-0.689358
-0.689357
-0.689356
-0.689355
-0.689354
-0.689353
-0.689353
-0.68935
-0.787851
-0.787859
-0.787866
-0.787876
-0.787887
-0.787899
-0.78791
-0.78792
-0.787928
-0.787933
-0.787934
-0.787931
-0.787924
-0.787913
-0.7879
-0.787885
-0.78787
-0.787856
-0.787844
-0.787833
-0.787824
-0.787817
-0.787812
-0.787808
-0.787806
-0.787805
-0.787805
-0.787806
-0.787806
-0.787807
-0.787808
-0.787809
-0.787809
-0.787809
-0.787808
-0.787807
-0.787806
-0.787804
-0.787802
-0.787799
-0.787797
-0.787794
-0.78779
-0.787786
-0.787783
-0.787787
-0.787796
-0.787802
-0.787809
-0.787815
-0.78782
-0.787825
-0.787829
-0.787832
-0.787834
-0.787836
-0.787836
-0.787835
-0.787833
-0.787829
-0.787826
-0.787825
-0.787828
-0.787835
-0.78784
-0.787844
-0.787847
-0.787848
-0.787848
-0.787848
-0.787847
-0.787846
-0.787845
-0.787843
-0.787842
-0.787841
-0.78784
-0.78784
-0.787839
-0.787839
-0.787839
-0.787839
-0.787839
-0.787838
-0.787838
-0.787837
-0.787837
-0.787837
-0.787837
-0.787837
-0.787837
-0.787836
-0.787835
-0.787834
-0.787833
-0.787832
-0.787832
-0.787831
-0.787831
-0.787828
-0.886343
-0.886349
-0.886355
-0.886365
-0.886375
-0.886386
-0.886396
-0.886406
-0.886413
-0.886418
-0.886419
-0.886416
-0.886408
-0.886397
-0.886384
-0.886369
-0.886354
-0.88634
-0.886327
-0.886317
-0.886307
-0.8863
-0.886295
-0.886291
-0.886289
-0.886287
-0.886287
-0.886287
-0.886288
-0.886288
-0.886289
-0.886289
-0.88629
-0.886289
-0.886289
-0.886288
-0.886287
-0.886285
-0.886283
-0.886281
-0.886278
-0.886276
-0.886272
-0.886268
-0.886266
-0.886272
-0.88628
-0.886286
-0.886292
-0.886298
-0.886302
-0.886305
-0.886307
-0.886309
-0.88631
-0.886309
-0.886308
-0.886306
-0.886303
-0.886299
-0.886296
-0.886294
-0.886297
-0.886302
-0.886309
-0.886314
-0.886317
-0.886319
-0.88632
-0.88632
-0.88632
-0.886319
-0.886318
-0.886317
-0.886316
-0.886315
-0.886315
-0.886314
-0.886314
-0.886314
-0.886315
-0.886315
-0.886315
-0.886315
-0.886315
-0.886314
-0.886314
-0.886314
-0.886314
-0.886314
-0.886313
-0.886313
-0.886312
-0.886311
-0.88631
-0.88631
-0.886309
-0.886308
-0.886308
-0.886306
-0.984831
-0.984837
-0.984843
-0.984851
-0.98486
-0.98487
-0.98488
-0.984889
-0.984896
-0.984901
-0.984901
-0.984898
-0.98489
-0.984879
-0.984866
-0.984851
-0.984837
-0.984823
-0.98481
-0.984799
-0.98479
-0.984783
-0.984778
-0.984774
-0.984771
-0.98477
-0.984769
-0.984769
-0.984769
-0.98477
-0.98477
-0.984771
-0.984771
-0.98477
-0.98477
-0.984769
-0.984768
-0.984766
-0.984765
-0.984763
-0.984761
-0.984759
-0.984756
-0.984752
-0.984752
-0.98476
-0.984768
-0.984773
-0.984778
-0.984782
-0.984785
-0.984787
-0.984787
-0.984787
-0.984787
-0.984785
-0.984783
-0.984781
-0.984777
-0.984774
-0.984771
-0.98477
-0.984771
-0.984776
-0.984781
-0.984786
-0.984789
-0.984792
-0.984793
-0.984793
-0.984793
-0.984793
-0.984792
-0.984791
-0.984791
-0.98479
-0.984789
-0.984789
-0.984789
-0.984789
-0.98479
-0.984791
-0.984791
-0.984792
-0.984791
-0.984791
-0.98479
-0.984791
-0.984791
-0.98479
-0.98479
-0.984789
-0.984789
-0.984788
-0.984787
-0.984786
-0.984786
-0.984785
-0.984786
-0.984784
-1.08332
-1.08332
-1.08333
-1.08333
-1.08334
-1.08335
-1.08336
-1.08337
-1.08338
-1.08338
-1.08338
-1.08338
-1.08337
-1.08336
-1.08335
-1.08333
-1.08332
-1.0833
-1.08329
-1.08328
-1.08327
-1.08327
-1.08326
-1.08326
-1.08325
-1.08325
-1.08325
-1.08325
-1.08325
-1.08325
-1.08325
-1.08325
-1.08325
-1.08325
-1.08325
-1.08325
-1.08325
-1.08325
-1.08325
-1.08325
-1.08324
-1.08324
-1.08324
-1.08324
-1.08324
-1.08325
-1.08326
-1.08326
-1.08327
-1.08327
-1.08327
-1.08327
-1.08327
-1.08327
-1.08326
-1.08326
-1.08326
-1.08326
-1.08325
-1.08325
-1.08325
-1.08325
-1.08325
-1.08325
-1.08326
-1.08326
-1.08326
-1.08326
-1.08327
-1.08327
-1.08327
-1.08327
-1.08327
-1.08327
-1.08326
-1.08326
-1.08326
-1.08326
-1.08326
-1.08326
-1.08327
-1.08327
-1.08327
-1.08327
-1.08327
-1.08327
-1.08327
-1.08327
-1.08327
-1.08327
-1.08327
-1.08327
-1.08327
-1.08326
-1.08326
-1.08326
-1.08326
-1.08326
-1.08326
-1.08326
-1.1818
-1.18181
-1.18181
-1.18182
-1.18182
-1.18183
-1.18184
-1.18185
-1.18185
-1.18186
-1.18186
-1.18185
-1.18185
-1.18184
-1.18182
-1.18181
-1.1818
-1.18179
-1.18177
-1.18176
-1.18176
-1.18175
-1.18174
-1.18174
-1.18174
-1.18174
-1.18173
-1.18173
-1.18173
-1.18173
-1.18173
-1.18173
-1.18173
-1.18173
-1.18173
-1.18173
-1.18173
-1.18173
-1.18173
-1.18173
-1.18173
-1.18173
-1.18173
-1.18173
-1.18173
-1.18175
-1.18176
-1.18176
-1.18176
-1.18176
-1.18176
-1.18175
-1.18175
-1.18175
-1.18174
-1.18174
-1.18174
-1.18174
-1.18173
-1.18173
-1.18173
-1.18173
-1.18173
-1.18173
-1.18173
-1.18174
-1.18174
-1.18174
-1.18174
-1.18174
-1.18174
-1.18174
-1.18174
-1.18174
-1.18174
-1.18174
-1.18174
-1.18174
-1.18174
-1.18174
-1.18174
-1.18174
-1.18174
-1.18174
-1.18174
-1.18174
-1.18174
-1.18174
-1.18174
-1.18174
-1.18174
-1.18174
-1.18174
-1.18174
-1.18174
-1.18174
-1.18174
-1.18174
-1.18174
-1.18174
-1.28028
-1.28029
-1.28029
-1.28029
-1.2803
-1.28031
-1.28032
-1.28032
-1.28033
-1.28033
-1.28033
-1.28033
-1.28032
-1.28031
-1.2803
-1.28029
-1.28028
-1.28026
-1.28025
-1.28025
-1.28024
-1.28023
-1.28023
-1.28022
-1.28022
-1.28022
-1.28022
-1.28022
-1.28022
-1.28022
-1.28022
-1.28022
-1.28022
-1.28021
-1.28021
-1.28021
-1.28021
-1.28021
-1.28021
-1.28021
-1.28021
-1.28021
-1.28021
-1.28022
-1.28022
-1.28025
-1.28026
-1.28026
-1.28025
-1.28025
-1.28024
-1.28024
-1.28023
-1.28023
-1.28022
-1.28022
-1.28022
-1.28021
-1.28021
-1.28021
-1.28021
-1.28021
-1.28021
-1.28021
-1.28021
-1.28021
-1.28021
-1.28021
-1.28021
-1.28021
-1.28022
-1.28022
-1.28021
-1.28021
-1.28021
-1.28021
-1.28021
-1.28021
-1.28021
-1.28021
-1.28022
-1.28022
-1.28022
-1.28022
-1.28022
-1.28022
-1.28022
-1.28022
-1.28022
-1.28022
-1.28022
-1.28022
-1.28022
-1.28022
-1.28022
-1.28022
-1.28022
-1.28022
-1.28022
-1.28021
-1.37876
-1.37876
-1.37877
-1.37877
-1.37878
-1.37878
-1.37879
-1.37879
-1.3788
-1.3788
-1.3788
-1.3788
-1.37879
-1.37878
-1.37877
-1.37876
-1.37875
-1.37874
-1.37873
-1.37873
-1.37872
-1.37871
-1.37871
-1.3787
-1.3787
-1.3787
-1.3787
-1.3787
-1.3787
-1.3787
-1.3787
-1.3787
-1.3787
-1.3787
-1.3787
-1.3787
-1.37869
-1.37869
-1.37869
-1.3787
-1.3787
-1.3787
-1.3787
-1.37871
-1.37872
-1.37874
-1.37876
-1.37876
-1.37875
-1.37874
-1.37873
-1.37872
-1.37871
-1.37871
-1.3787
-1.3787
-1.37869
-1.37869
-1.37869
-1.37869
-1.37869
-1.37869
-1.37869
-1.37869
-1.37869
-1.37869
-1.37869
-1.37869
-1.37869
-1.37869
-1.37869
-1.37869
-1.37869
-1.37869
-1.37869
-1.37869
-1.37869
-1.37869
-1.37869
-1.37869
-1.37869
-1.37869
-1.37869
-1.3787
-1.3787
-1.3787
-1.3787
-1.3787
-1.3787
-1.37869
-1.37869
-1.37869
-1.37869
-1.37869
-1.37869
-1.37869
-1.37869
-1.37869
-1.37869
-1.37869
-1.47724
-1.47724
-1.47724
-1.47724
-1.47725
-1.47725
-1.47726
-1.47726
-1.47727
-1.47727
-1.47727
-1.47727
-1.47726
-1.47725
-1.47725
-1.47724
-1.47723
-1.47722
-1.47721
-1.47721
-1.4772
-1.47719
-1.47719
-1.47719
-1.47718
-1.47718
-1.47718
-1.47718
-1.47718
-1.47718
-1.47718
-1.47718
-1.47718
-1.47718
-1.47718
-1.47718
-1.47718
-1.47718
-1.47718
-1.47718
-1.47718
-1.47718
-1.47719
-1.4772
-1.47721
-1.47723
-1.47725
-1.47725
-1.47724
-1.47723
-1.47722
-1.4772
-1.47719
-1.47719
-1.47718
-1.47718
-1.47717
-1.47717
-1.47717
-1.47717
-1.47717
-1.47717
-1.47716
-1.47716
-1.47716
-1.47717
-1.47717
-1.47717
-1.47717
-1.47717
-1.47717
-1.47717
-1.47717
-1.47717
-1.47716
-1.47716
-1.47716
-1.47717
-1.47717
-1.47717
-1.47717
-1.47717
-1.47717
-1.47717
-1.47717
-1.47717
-1.47717
-1.47717
-1.47717
-1.47717
-1.47717
-1.47717
-1.47717
-1.47717
-1.47717
-1.47717
-1.47717
-1.47717
-1.47717
-1.47717
-1.57571
-1.57571
-1.57571
-1.57572
-1.57572
-1.57572
-1.57573
-1.57573
-1.57573
-1.57573
-1.57573
-1.57573
-1.57573
-1.57572
-1.57572
-1.57571
-1.5757
-1.5757
-1.57569
-1.57568
-1.57568
-1.57568
-1.57567
-1.57567
-1.57567
-1.57566
-1.57566
-1.57566
-1.57566
-1.57566
-1.57566
-1.57566
-1.57566
-1.57566
-1.57566
-1.57566
-1.57566
-1.57566
-1.57566
-1.57566
-1.57566
-1.57567
-1.57568
-1.57569
-1.5757
-1.57571
-1.57573
-1.57573
-1.57573
-1.57572
-1.5757
-1.57569
-1.57567
-1.57567
-1.57566
-1.57565
-1.57565
-1.57565
-1.57565
-1.57565
-1.57564
-1.57564
-1.57564
-1.57564
-1.57564
-1.57564
-1.57564
-1.57564
-1.57564
-1.57564
-1.57564
-1.57564
-1.57564
-1.57564
-1.57564
-1.57564
-1.57564
-1.57564
-1.57564
-1.57564
-1.57564
-1.57564
-1.57565
-1.57565
-1.57565
-1.57565
-1.57565
-1.57565
-1.57565
-1.57565
-1.57565
-1.57565
-1.57565
-1.57565
-1.57565
-1.57565
-1.57565
-1.57564
-1.57565
-1.57564
-1.67418
-1.67418
-1.67418
-1.67419
-1.67419
-1.67419
-1.67419
-1.67419
-1.6742
-1.6742
-1.6742
-1.6742
-1.67419
-1.67419
-1.67419
-1.67418
-1.67418
-1.67417
-1.67417
-1.67416
-1.67416
-1.67416
-1.67415
-1.67415
-1.67415
-1.67415
-1.67414
-1.67414
-1.67414
-1.67414
-1.67414
-1.67414
-1.67414
-1.67414
-1.67414
-1.67414
-1.67414
-1.67414
-1.67414
-1.67414
-1.67414
-1.67415
-1.67416
-1.67417
-1.67418
-1.67419
-1.6742
-1.6742
-1.67421
-1.6742
-1.67418
-1.67416
-1.67415
-1.67414
-1.67414
-1.67413
-1.67413
-1.67413
-1.67413
-1.67412
-1.67412
-1.67412
-1.67412
-1.67412
-1.67412
-1.67412
-1.67412
-1.67412
-1.67412
-1.67412
-1.67412
-1.67412
-1.67412
-1.67412
-1.67412
-1.67412
-1.67412
-1.67412
-1.67412
-1.67412
-1.67412
-1.67412
-1.67412
-1.67412
-1.67412
-1.67412
-1.67412
-1.67412
-1.67412
-1.67412
-1.67412
-1.67412
-1.67412
-1.67412
-1.67412
-1.67412
-1.67412
-1.67412
-1.67412
-1.67412
-1.77265
-1.77265
-1.77265
-1.77266
-1.77266
-1.77266
-1.77266
-1.77266
-1.77266
-1.77266
-1.77266
-1.77266
-1.77266
-1.77266
-1.77266
-1.77265
-1.77265
-1.77265
-1.77265
-1.77264
-1.77264
-1.77264
-1.77263
-1.77263
-1.77263
-1.77263
-1.77263
-1.77262
-1.77262
-1.77262
-1.77262
-1.77262
-1.77262
-1.77262
-1.77262
-1.77262
-1.77262
-1.77262
-1.77262
-1.77262
-1.77262
-1.77263
-1.77264
-1.77265
-1.77265
-1.77265
-1.77266
-1.77267
-1.77267
-1.77267
-1.77265
-1.77264
-1.77263
-1.77262
-1.77261
-1.77261
-1.77261
-1.7726
-1.7726
-1.7726
-1.7726
-1.7726
-1.7726
-1.7726
-1.7726
-1.7726
-1.7726
-1.7726
-1.7726
-1.7726
-1.7726
-1.7726
-1.7726
-1.7726
-1.77259
-1.77259
-1.77259
-1.77259
-1.77259
-1.7726
-1.7726
-1.7726
-1.7726
-1.7726
-1.7726
-1.7726
-1.7726
-1.7726
-1.7726
-1.7726
-1.7726
-1.7726
-1.7726
-1.7726
-1.7726
-1.7726
-1.7726
-1.7726
-1.7726
-1.7726
-1.87112
-1.87112
-1.87112
-1.87112
-1.87112
-1.87112
-1.87112
-1.87112
-1.87112
-1.87112
-1.87113
-1.87113
-1.87113
-1.87113
-1.87113
-1.87113
-1.87113
-1.87112
-1.87112
-1.87112
-1.87112
-1.87111
-1.87111
-1.87111
-1.87111
-1.87111
-1.87111
-1.87111
-1.8711
-1.8711
-1.8711
-1.8711
-1.8711
-1.8711
-1.8711
-1.8711
-1.8711
-1.8711
-1.8711
-1.8711
-1.8711
-1.8711
-1.87111
-1.87112
-1.87111
-1.87112
-1.87112
-1.87113
-1.87113
-1.87113
-1.87112
-1.87111
-1.8711
-1.87109
-1.87109
-1.87109
-1.87108
-1.87108
-1.87108
-1.87108
-1.87108
-1.87108
-1.87108
-1.87108
-1.87108
-1.87108
-1.87108
-1.87108
-1.87108
-1.87108
-1.87108
-1.87107
-1.87107
-1.87107
-1.87107
-1.87107
-1.87107
-1.87107
-1.87107
-1.87107
-1.87107
-1.87107
-1.87107
-1.87107
-1.87107
-1.87107
-1.87107
-1.87107
-1.87107
-1.87107
-1.87107
-1.87107
-1.87107
-1.87107
-1.87107
-1.87107
-1.87107
-1.87107
-1.87107
-1.87107
-1.96959
-1.96959
-1.96959
-1.96959
-1.96959
-1.96959
-1.96959
-1.96959
-1.96959
-1.96959
-1.96959
-1.96959
-1.96959
-1.9696
-1.9696
-1.9696
-1.9696
-1.9696
-1.9696
-1.9696
-1.9696
-1.96959
-1.96959
-1.96959
-1.96959
-1.96959
-1.96959
-1.96959
-1.96958
-1.96958
-1.96958
-1.96958
-1.96958
-1.96958
-1.96958
-1.96958
-1.96958
-1.96957
-1.96957
-1.96957
-1.96957
-1.96958
-1.96958
-1.96958
-1.96958
-1.96958
-1.96959
-1.96959
-1.96959
-1.96959
-1.96959
-1.96958
-1.96957
-1.96957
-1.96957
-1.96956
-1.96956
-1.96956
-1.96956
-1.96956
-1.96956
-1.96956
-1.96956
-1.96956
-1.96956
-1.96956
-1.96956
-1.96956
-1.96956
-1.96956
-1.96955
-1.96955
-1.96955
-1.96955
-1.96955
-1.96955
-1.96955
-1.96955
-1.96955
-1.96955
-1.96955
-1.96955
-1.96955
-1.96955
-1.96955
-1.96955
-1.96955
-1.96955
-1.96955
-1.96955
-1.96955
-1.96955
-1.96955
-1.96955
-1.96955
-1.96955
-1.96955
-1.96955
-1.96955
-1.96955
-2.06806
-2.06806
-2.06806
-2.06806
-2.06806
-2.06806
-2.06806
-2.06806
-2.06805
-2.06805
-2.06806
-2.06806
-2.06806
-2.06807
-2.06807
-2.06807
-2.06807
-2.06808
-2.06808
-2.06808
-2.06807
-2.06807
-2.06807
-2.06807
-2.06807
-2.06807
-2.06807
-2.06807
-2.06807
-2.06806
-2.06806
-2.06806
-2.06806
-2.06806
-2.06806
-2.06806
-2.06805
-2.06805
-2.06805
-2.06805
-2.06805
-2.06805
-2.06805
-2.06804
-2.06804
-2.06804
-2.06805
-2.06805
-2.06806
-2.06806
-2.06805
-2.06805
-2.06805
-2.06804
-2.06804
-2.06804
-2.06804
-2.06804
-2.06804
-2.06804
-2.06804
-2.06804
-2.06804
-2.06804
-2.06804
-2.06804
-2.06804
-2.06804
-2.06804
-2.06803
-2.06803
-2.06803
-2.06803
-2.06803
-2.06803
-2.06803
-2.06803
-2.06803
-2.06803
-2.06803
-2.06803
-2.06803
-2.06803
-2.06803
-2.06803
-2.06803
-2.06803
-2.06803
-2.06803
-2.06803
-2.06803
-2.06803
-2.06803
-2.06803
-2.06802
-2.06802
-2.06802
-2.06802
-2.06802
-2.06802
-2.16653
-2.16653
-2.16653
-2.16653
-2.16653
-2.16653
-2.16653
-2.16652
-2.16652
-2.16652
-2.16653
-2.16653
-2.16653
-2.16654
-2.16654
-2.16655
-2.16655
-2.16655
-2.16655
-2.16655
-2.16655
-2.16655
-2.16655
-2.16655
-2.16655
-2.16655
-2.16655
-2.16655
-2.16655
-2.16655
-2.16654
-2.16654
-2.16654
-2.16654
-2.16654
-2.16654
-2.16653
-2.16653
-2.16653
-2.16653
-2.16652
-2.16652
-2.16652
-2.16651
-2.1665
-2.16651
-2.16651
-2.16652
-2.16652
-2.16652
-2.16652
-2.16652
-2.16652
-2.16652
-2.16652
-2.16652
-2.16652
-2.16652
-2.16652
-2.16652
-2.16652
-2.16652
-2.16652
-2.16652
-2.16652
-2.16652
-2.16652
-2.16652
-2.16652
-2.16652
-2.16651
-2.16651
-2.16651
-2.16651
-2.16651
-2.16651
-2.16651
-2.1665
-2.1665
-2.1665
-2.1665
-2.1665
-2.1665
-2.1665
-2.1665
-2.1665
-2.1665
-2.1665
-2.1665
-2.1665
-2.1665
-2.1665
-2.1665
-2.1665
-2.1665
-2.1665
-2.1665
-2.1665
-2.1665
-2.1665
-2.26501
-2.26501
-2.26501
-2.265
-2.265
-2.265
-2.265
-2.26499
-2.26499
-2.26499
-2.265
-2.265
-2.265
-2.26501
-2.26502
-2.26502
-2.26502
-2.26503
-2.26503
-2.26503
-2.26503
-2.26503
-2.26503
-2.26503
-2.26503
-2.26503
-2.26503
-2.26503
-2.26503
-2.26503
-2.26503
-2.26502
-2.26502
-2.26502
-2.26502
-2.26502
-2.26501
-2.26501
-2.26501
-2.265
-2.265
-2.26499
-2.26499
-2.26498
-2.26497
-2.26497
-2.26498
-2.26498
-2.26499
-2.26499
-2.26499
-2.26499
-2.26499
-2.26499
-2.26499
-2.26499
-2.26499
-2.26499
-2.265
-2.265
-2.265
-2.265
-2.265
-2.265
-2.265
-2.265
-2.265
-2.265
-2.265
-2.265
-2.26499
-2.26499
-2.26499
-2.26499
-2.26499
-2.26499
-2.26498
-2.26498
-2.26498
-2.26498
-2.26498
-2.26498
-2.26498
-2.26498
-2.26498
-2.26498
-2.26498
-2.26498
-2.26498
-2.26498
-2.26498
-2.26498
-2.26498
-2.26498
-2.26498
-2.26498
-2.26498
-2.26497
-2.26498
-2.26497
-2.36348
-2.36348
-2.36348
-2.36348
-2.36347
-2.36347
-2.36347
-2.36347
-2.36346
-2.36346
-2.36347
-2.36347
-2.36348
-2.36348
-2.36349
-2.36349
-2.3635
-2.3635
-2.36351
-2.36351
-2.36351
-2.36351
-2.36351
-2.36351
-2.36351
-2.36351
-2.36351
-2.36351
-2.36351
-2.36351
-2.36351
-2.3635
-2.3635
-2.3635
-2.3635
-2.36349
-2.36349
-2.36349
-2.36348
-2.36348
-2.36347
-2.36347
-2.36346
-2.36345
-2.36345
-2.36345
-2.36345
-2.36346
-2.36346
-2.36346
-2.36346
-2.36346
-2.36347
-2.36347
-2.36347
-2.36347
-2.36347
-2.36347
-2.36347
-2.36348
-2.36348
-2.36348
-2.36348
-2.36348
-2.36348
-2.36348
-2.36348
-2.36348
-2.36348
-2.36348
-2.36348
-2.36347
-2.36347
-2.36347
-2.36347
-2.36346
-2.36346
-2.36346
-2.36346
-2.36346
-2.36346
-2.36346
-2.36345
-2.36345
-2.36345
-2.36345
-2.36345
-2.36345
-2.36345
-2.36345
-2.36345
-2.36345
-2.36345
-2.36345
-2.36345
-2.36345
-2.36345
-2.36345
-2.36345
-2.36345
-2.46195
-2.46195
-2.46195
-2.46195
-2.46195
-2.46194
-2.46194
-2.46194
-2.46194
-2.46194
-2.46194
-2.46195
-2.46195
-2.46196
-2.46196
-2.46197
-2.46198
-2.46198
-2.46199
-2.46199
-2.46199
-2.46199
-2.46199
-2.46199
-2.46199
-2.46199
-2.46199
-2.46199
-2.46199
-2.46199
-2.46199
-2.46198
-2.46198
-2.46198
-2.46198
-2.46197
-2.46197
-2.46197
-2.46196
-2.46196
-2.46195
-2.46195
-2.46194
-2.46193
-2.46192
-2.46192
-2.46193
-2.46193
-2.46193
-2.46193
-2.46194
-2.46194
-2.46194
-2.46194
-2.46195
-2.46195
-2.46195
-2.46195
-2.46195
-2.46196
-2.46196
-2.46196
-2.46196
-2.46196
-2.46196
-2.46196
-2.46196
-2.46196
-2.46196
-2.46196
-2.46196
-2.46196
-2.46195
-2.46195
-2.46195
-2.46194
-2.46194
-2.46194
-2.46194
-2.46193
-2.46193
-2.46193
-2.46193
-2.46193
-2.46193
-2.46193
-2.46193
-2.46193
-2.46193
-2.46193
-2.46193
-2.46193
-2.46193
-2.46193
-2.46193
-2.46193
-2.46193
-2.46192
-2.46193
-2.46192
-2.56043
-2.56043
-2.56042
-2.56042
-2.56042
-2.56042
-2.56042
-2.56041
-2.56041
-2.56041
-2.56042
-2.56042
-2.56043
-2.56043
-2.56044
-2.56045
-2.56045
-2.56046
-2.56046
-2.56047
-2.56047
-2.56047
-2.56047
-2.56047
-2.56047
-2.56047
-2.56047
-2.56047
-2.56047
-2.56047
-2.56047
-2.56047
-2.56046
-2.56046
-2.56046
-2.56045
-2.56045
-2.56044
-2.56044
-2.56044
-2.56043
-2.56042
-2.56042
-2.56041
-2.5604
-2.5604
-2.5604
-2.56041
-2.56041
-2.56041
-2.56041
-2.56042
-2.56042
-2.56042
-2.56043
-2.56043
-2.56043
-2.56043
-2.56043
-2.56044
-2.56044
-2.56044
-2.56044
-2.56044
-2.56044
-2.56044
-2.56044
-2.56044
-2.56044
-2.56044
-2.56044
-2.56044
-2.56043
-2.56043
-2.56043
-2.56042
-2.56042
-2.56042
-2.56041
-2.56041
-2.56041
-2.56041
-2.56041
-2.5604
-2.5604
-2.5604
-2.5604
-2.56041
-2.56041
-2.56041
-2.56041
-2.5604
-2.5604
-2.5604
-2.5604
-2.5604
-2.5604
-2.5604
-2.5604
-2.5604
-2.6589
-2.6589
-2.6589
-2.6589
-2.6589
-2.65889
-2.65889
-2.65889
-2.65889
-2.65889
-2.65889
-2.6589
-2.6589
-2.65891
-2.65892
-2.65892
-2.65893
-2.65894
-2.65894
-2.65895
-2.65895
-2.65895
-2.65895
-2.65896
-2.65896
-2.65896
-2.65896
-2.65896
-2.65895
-2.65895
-2.65895
-2.65895
-2.65894
-2.65894
-2.65894
-2.65893
-2.65893
-2.65892
-2.65892
-2.65891
-2.65891
-2.6589
-2.6589
-2.65889
-2.65889
-2.65888
-2.65888
-2.65889
-2.65889
-2.65889
-2.65889
-2.6589
-2.6589
-2.6589
-2.6589
-2.65891
-2.65891
-2.65891
-2.65892
-2.65892
-2.65892
-2.65892
-2.65892
-2.65892
-2.65893
-2.65893
-2.65893
-2.65893
-2.65893
-2.65892
-2.65892
-2.65892
-2.65892
-2.65891
-2.65891
-2.6589
-2.6589
-2.65889
-2.65889
-2.65889
-2.65888
-2.65888
-2.65888
-2.65888
-2.65888
-2.65888
-2.65888
-2.65888
-2.65888
-2.65888
-2.65888
-2.65888
-2.65888
-2.65888
-2.65888
-2.65887
-2.65887
-2.65887
-2.65887
-2.65887
-2.75738
-2.75738
-2.75738
-2.75738
-2.75737
-2.75737
-2.75737
-2.75737
-2.75737
-2.75737
-2.75737
-2.75737
-2.75738
-2.75739
-2.75739
-2.7574
-2.75741
-2.75741
-2.75742
-2.75743
-2.75743
-2.75743
-2.75744
-2.75744
-2.75744
-2.75744
-2.75744
-2.75744
-2.75744
-2.75743
-2.75743
-2.75743
-2.75742
-2.75742
-2.75742
-2.75741
-2.75741
-2.7574
-2.7574
-2.75739
-2.75739
-2.75738
-2.75738
-2.75737
-2.75737
-2.75736
-2.75736
-2.75737
-2.75737
-2.75737
-2.75737
-2.75738
-2.75738
-2.75738
-2.75739
-2.75739
-2.75739
-2.75739
-2.7574
-2.7574
-2.7574
-2.7574
-2.75741
-2.75741
-2.75741
-2.75741
-2.75741
-2.75741
-2.75741
-2.75741
-2.7574
-2.7574
-2.7574
-2.75739
-2.75739
-2.75738
-2.75738
-2.75737
-2.75737
-2.75736
-2.75736
-2.75736
-2.75736
-2.75735
-2.75735
-2.75735
-2.75735
-2.75736
-2.75736
-2.75736
-2.75735
-2.75735
-2.75735
-2.75735
-2.75735
-2.75735
-2.75735
-2.75735
-2.75735
-2.75735
-2.85585
-2.85585
-2.85585
-2.85585
-2.85585
-2.85585
-2.85585
-2.85585
-2.85585
-2.85585
-2.85585
-2.85585
-2.85586
-2.85586
-2.85587
-2.85588
-2.85589
-2.85589
-2.8559
-2.8559
-2.85591
-2.85591
-2.85592
-2.85592
-2.85592
-2.85592
-2.85592
-2.85592
-2.85592
-2.85592
-2.85591
-2.85591
-2.85591
-2.8559
-2.8559
-2.85589
-2.85589
-2.85588
-2.85588
-2.85587
-2.85587
-2.85586
-2.85586
-2.85585
-2.85585
-2.85585
-2.85585
-2.85585
-2.85585
-2.85585
-2.85585
-2.85586
-2.85586
-2.85586
-2.85587
-2.85587
-2.85587
-2.85587
-2.85588
-2.85588
-2.85588
-2.85589
-2.85589
-2.85589
-2.85589
-2.85589
-2.85589
-2.85589
-2.85589
-2.85589
-2.85589
-2.85588
-2.85588
-2.85587
-2.85587
-2.85586
-2.85585
-2.85585
-2.85584
-2.85584
-2.85584
-2.85583
-2.85583
-2.85583
-2.85583
-2.85583
-2.85583
-2.85583
-2.85583
-2.85583
-2.85583
-2.85583
-2.85582
-2.85582
-2.85582
-2.85582
-2.85582
-2.85582
-2.85582
-2.85582
-2.95433
-2.95433
-2.95433
-2.95433
-2.95433
-2.95433
-2.95433
-2.95433
-2.95433
-2.95433
-2.95433
-2.95433
-2.95434
-2.95434
-2.95435
-2.95436
-2.95436
-2.95437
-2.95438
-2.95438
-2.95439
-2.95439
-2.9544
-2.9544
-2.9544
-2.9544
-2.9544
-2.9544
-2.9544
-2.9544
-2.95439
-2.95439
-2.95439
-2.95438
-2.95438
-2.95437
-2.95437
-2.95436
-2.95436
-2.95435
-2.95435
-2.95434
-2.95434
-2.95433
-2.95433
-2.95433
-2.95433
-2.95433
-2.95433
-2.95433
-2.95433
-2.95434
-2.95434
-2.95434
-2.95435
-2.95435
-2.95435
-2.95436
-2.95436
-2.95436
-2.95437
-2.95437
-2.95437
-2.95437
-2.95438
-2.95438
-2.95438
-2.95438
-2.95438
-2.95437
-2.95437
-2.95437
-2.95436
-2.95435
-2.95435
-2.95434
-2.95433
-2.95432
-2.95432
-2.95431
-2.95431
-2.95431
-2.9543
-2.9543
-2.9543
-2.9543
-2.9543
-2.9543
-2.9543
-2.9543
-2.9543
-2.9543
-2.9543
-2.9543
-2.9543
-2.9543
-2.9543
-2.9543
-2.9543
-2.9543
-3.05281
-3.05281
-3.05281
-3.05281
-3.05281
-3.05281
-3.05281
-3.05281
-3.05281
-3.05281
-3.05281
-3.05281
-3.05282
-3.05282
-3.05283
-3.05283
-3.05284
-3.05285
-3.05286
-3.05286
-3.05287
-3.05287
-3.05288
-3.05288
-3.05288
-3.05288
-3.05288
-3.05288
-3.05288
-3.05288
-3.05288
-3.05287
-3.05287
-3.05286
-3.05286
-3.05285
-3.05285
-3.05284
-3.05284
-3.05283
-3.05283
-3.05282
-3.05282
-3.05281
-3.05281
-3.05281
-3.05281
-3.05281
-3.05281
-3.05281
-3.05282
-3.05282
-3.05282
-3.05283
-3.05283
-3.05283
-3.05284
-3.05284
-3.05284
-3.05285
-3.05285
-3.05285
-3.05286
-3.05286
-3.05286
-3.05286
-3.05286
-3.05286
-3.05286
-3.05286
-3.05285
-3.05285
-3.05284
-3.05283
-3.05283
-3.05282
-3.05281
-3.0528
-3.05279
-3.05279
-3.05278
-3.05278
-3.05278
-3.05277
-3.05277
-3.05277
-3.05277
-3.05277
-3.05277
-3.05277
-3.05277
-3.05277
-3.05277
-3.05277
-3.05277
-3.05277
-3.05277
-3.05277
-3.05277
-3.05277
-3.15129
-3.15129
-3.15129
-3.15129
-3.15129
-3.15129
-3.15129
-3.15129
-3.15129
-3.15129
-3.15129
-3.15129
-3.1513
-3.1513
-3.1513
-3.15131
-3.15132
-3.15133
-3.15133
-3.15134
-3.15135
-3.15135
-3.15136
-3.15136
-3.15136
-3.15136
-3.15137
-3.15136
-3.15136
-3.15136
-3.15136
-3.15136
-3.15135
-3.15135
-3.15134
-3.15134
-3.15133
-3.15132
-3.15132
-3.15131
-3.15131
-3.1513
-3.1513
-3.15129
-3.15129
-3.15129
-3.15129
-3.15129
-3.15129
-3.15129
-3.1513
-3.1513
-3.15131
-3.15131
-3.15131
-3.15131
-3.15132
-3.15132
-3.15133
-3.15133
-3.15133
-3.15134
-3.15134
-3.15134
-3.15135
-3.15135
-3.15135
-3.15135
-3.15135
-3.15134
-3.15134
-3.15133
-3.15132
-3.15131
-3.15131
-3.1513
-3.15129
-3.15128
-3.15127
-3.15126
-3.15126
-3.15125
-3.15125
-3.15125
-3.15125
-3.15125
-3.15125
-3.15125
-3.15125
-3.15125
-3.15125
-3.15125
-3.15125
-3.15125
-3.15125
-3.15125
-3.15125
-3.15125
-3.15125
-3.15125
-3.24977
-3.24977
-3.24977
-3.24977
-3.24977
-3.24977
-3.24977
-3.24978
-3.24978
-3.24978
-3.24978
-3.24977
-3.24978
-3.24978
-3.24978
-3.24979
-3.24979
-3.2498
-3.24981
-3.24982
-3.24982
-3.24983
-3.24984
-3.24984
-3.24984
-3.24985
-3.24985
-3.24985
-3.24985
-3.24984
-3.24984
-3.24984
-3.24983
-3.24983
-3.24982
-3.24982
-3.24981
-3.2498
-3.2498
-3.24979
-3.24979
-3.24978
-3.24978
-3.24977
-3.24977
-3.24977
-3.24977
-3.24977
-3.24977
-3.24977
-3.24978
-3.24978
-3.24979
-3.24979
-3.24979
-3.2498
-3.2498
-3.2498
-3.24981
-3.24981
-3.24982
-3.24982
-3.24982
-3.24983
-3.24983
-3.24983
-3.24983
-3.24983
-3.24983
-3.24983
-3.24982
-3.24981
-3.2498
-3.24979
-3.24978
-3.24977
-3.24976
-3.24975
-3.24974
-3.24973
-3.24973
-3.24972
-3.24972
-3.24972
-3.24972
-3.24972
-3.24972
-3.24972
-3.24972
-3.24972
-3.24972
-3.24972
-3.24972
-3.24972
-3.24972
-3.24972
-3.24972
-3.24972
-3.24972
-3.24972
-3.34824
-3.34824
-3.34825
-3.34825
-3.34825
-3.34825
-3.34826
-3.34826
-3.34826
-3.34826
-3.34826
-3.34826
-3.34825
-3.34825
-3.34826
-3.34826
-3.34827
-3.34828
-3.34829
-3.34829
-3.3483
-3.34831
-3.34831
-3.34832
-3.34832
-3.34833
-3.34833
-3.34833
-3.34833
-3.34833
-3.34832
-3.34832
-3.34831
-3.34831
-3.3483
-3.3483
-3.34829
-3.34828
-3.34828
-3.34827
-3.34827
-3.34826
-3.34826
-3.34825
-3.34825
-3.34825
-3.34824
-3.34824
-3.34825
-3.34825
-3.34826
-3.34826
-3.34827
-3.34827
-3.34828
-3.34828
-3.34828
-3.34829
-3.34829
-3.3483
-3.3483
-3.3483
-3.34831
-3.34831
-3.34832
-3.34832
-3.34832
-3.34832
-3.34832
-3.34831
-3.3483
-3.3483
-3.34829
-3.34827
-3.34826
-3.34825
-3.34824
-3.34823
-3.34822
-3.34821
-3.3482
-3.3482
-3.34819
-3.34819
-3.34819
-3.34819
-3.34819
-3.34819
-3.34819
-3.34819
-3.34819
-3.34819
-3.34819
-3.34819
-3.34819
-3.34819
-3.34819
-3.34819
-3.34819
-3.34819
-3.44672
-3.44672
-3.44672
-3.44673
-3.44673
-3.44673
-3.44674
-3.44674
-3.44674
-3.44674
-3.44674
-3.44673
-3.44673
-3.44673
-3.44673
-3.44674
-3.44674
-3.44675
-3.44676
-3.44677
-3.44678
-3.44678
-3.44679
-3.4468
-3.4468
-3.44681
-3.44681
-3.44681
-3.44681
-3.44681
-3.4468
-3.4468
-3.4468
-3.44679
-3.44679
-3.44678
-3.44677
-3.44677
-3.44676
-3.44675
-3.44674
-3.44674
-3.44673
-3.44673
-3.44672
-3.44672
-3.44672
-3.44672
-3.44672
-3.44673
-3.44673
-3.44674
-3.44675
-3.44675
-3.44676
-3.44676
-3.44676
-3.44677
-3.44677
-3.44678
-3.44678
-3.44679
-3.44679
-3.4468
-3.4468
-3.4468
-3.44681
-3.4468
-3.4468
-3.44679
-3.44679
-3.44678
-3.44676
-3.44675
-3.44674
-3.44673
-3.44671
-3.4467
-3.44669
-3.44668
-3.44667
-3.44667
-3.44666
-3.44666
-3.44666
-3.44666
-3.44666
-3.44666
-3.44666
-3.44667
-3.44667
-3.44667
-3.44667
-3.44667
-3.44667
-3.44667
-3.44667
-3.44667
-3.44667
-3.44667
-3.54519
-3.5452
-3.5452
-3.5452
-3.5452
-3.54521
-3.54521
-3.54522
-3.54522
-3.54522
-3.54522
-3.54521
-3.54521
-3.5452
-3.5452
-3.54521
-3.54521
-3.54522
-3.54523
-3.54524
-3.54525
-3.54526
-3.54527
-3.54527
-3.54528
-3.54528
-3.54529
-3.54529
-3.54529
-3.54529
-3.54529
-3.54528
-3.54528
-3.54527
-3.54527
-3.54526
-3.54525
-3.54524
-3.54524
-3.54523
-3.54522
-3.54522
-3.54521
-3.5452
-3.5452
-3.5452
-3.5452
-3.5452
-3.5452
-3.5452
-3.54521
-3.54522
-3.54523
-3.54524
-3.54524
-3.54524
-3.54525
-3.54525
-3.54526
-3.54526
-3.54527
-3.54527
-3.54528
-3.54528
-3.54529
-3.54529
-3.54529
-3.54529
-3.54528
-3.54528
-3.54527
-3.54526
-3.54524
-3.54523
-3.54521
-3.5452
-3.54519
-3.54517
-3.54516
-3.54515
-3.54514
-3.54514
-3.54514
-3.54513
-3.54513
-3.54513
-3.54514
-3.54514
-3.54514
-3.54514
-3.54514
-3.54514
-3.54514
-3.54514
-3.54514
-3.54514
-3.54514
-3.54514
-3.54514
-3.54514
-3.64367
-3.64367
-3.64367
-3.64367
-3.64368
-3.64368
-3.64369
-3.64369
-3.6437
-3.64369
-3.64369
-3.64368
-3.64368
-3.64367
-3.64367
-3.64368
-3.64368
-3.64369
-3.6437
-3.64371
-3.64372
-3.64373
-3.64374
-3.64375
-3.64376
-3.64376
-3.64377
-3.64377
-3.64377
-3.64377
-3.64377
-3.64376
-3.64376
-3.64375
-3.64375
-3.64374
-3.64373
-3.64372
-3.64372
-3.64371
-3.6437
-3.64369
-3.64369
-3.64368
-3.64367
-3.64367
-3.64367
-3.64367
-3.64367
-3.64368
-3.64369
-3.6437
-3.64371
-3.64372
-3.64372
-3.64372
-3.64373
-3.64373
-3.64374
-3.64374
-3.64375
-3.64376
-3.64376
-3.64377
-3.64377
-3.64377
-3.64377
-3.64377
-3.64377
-3.64376
-3.64375
-3.64373
-3.64372
-3.6437
-3.64369
-3.64367
-3.64366
-3.64364
-3.64363
-3.64362
-3.64361
-3.64361
-3.64361
-3.64361
-3.64361
-3.64361
-3.64361
-3.64361
-3.64361
-3.64361
-3.64361
-3.64361
-3.64362
-3.64362
-3.64362
-3.64362
-3.64362
-3.64362
-3.64362
-3.64362
-3.74214
-3.74214
-3.74214
-3.74214
-3.74215
-3.74215
-3.74216
-3.74216
-3.74217
-3.74216
-3.74216
-3.74215
-3.74215
-3.74214
-3.74214
-3.74214
-3.74215
-3.74215
-3.74216
-3.74217
-3.74219
-3.7422
-3.74221
-3.74222
-3.74223
-3.74224
-3.74224
-3.74225
-3.74225
-3.74225
-3.74224
-3.74224
-3.74224
-3.74223
-3.74223
-3.74222
-3.74221
-3.7422
-3.74219
-3.74218
-3.74217
-3.74217
-3.74216
-3.74215
-3.74215
-3.74214
-3.74214
-3.74214
-3.74214
-3.74215
-3.74216
-3.74217
-3.74218
-3.74219
-3.7422
-3.7422
-3.74221
-3.74221
-3.74222
-3.74223
-3.74223
-3.74224
-3.74225
-3.74225
-3.74226
-3.74226
-3.74226
-3.74226
-3.74225
-3.74224
-3.74223
-3.74221
-3.7422
-3.74218
-3.74216
-3.74214
-3.74213
-3.74211
-3.7421
-3.74209
-3.74208
-3.74208
-3.74208
-3.74208
-3.74208
-3.74208
-3.74208
-3.74208
-3.74208
-3.74209
-3.74209
-3.74209
-3.74209
-3.74209
-3.74209
-3.74209
-3.74209
-3.74209
-3.74209
-3.74209
-3.8406
-3.84061
-3.84061
-3.84061
-3.84062
-3.84062
-3.84063
-3.84063
-3.84063
-3.84063
-3.84063
-3.84062
-3.84061
-3.84061
-3.8406
-3.8406
-3.8406
-3.84061
-3.84062
-3.84064
-3.84065
-3.84066
-3.84068
-3.84069
-3.8407
-3.84071
-3.84072
-3.84072
-3.84072
-3.84072
-3.84072
-3.84072
-3.84072
-3.84071
-3.8407
-3.8407
-3.84069
-3.84068
-3.84067
-3.84066
-3.84065
-3.84064
-3.84063
-3.84062
-3.84062
-3.84061
-3.84061
-3.84061
-3.84061
-3.84062
-3.84063
-3.84064
-3.84066
-3.84067
-3.84068
-3.84068
-3.84069
-3.84069
-3.8407
-3.84071
-3.84071
-3.84072
-3.84073
-3.84073
-3.84074
-3.84074
-3.84074
-3.84074
-3.84073
-3.84072
-3.8407
-3.84069
-3.84067
-3.84065
-3.84063
-3.84061
-3.84059
-3.84058
-3.84057
-3.84056
-3.84055
-3.84055
-3.84055
-3.84055
-3.84055
-3.84055
-3.84056
-3.84056
-3.84056
-3.84056
-3.84056
-3.84056
-3.84057
-3.84057
-3.84057
-3.84057
-3.84057
-3.84057
-3.84057
-3.84057
-3.93907
-3.93907
-3.93907
-3.93908
-3.93908
-3.93909
-3.93909
-3.9391
-3.9391
-3.93909
-3.93909
-3.93908
-3.93907
-3.93907
-3.93906
-3.93906
-3.93906
-3.93907
-3.93908
-3.93909
-3.93911
-3.93913
-3.93914
-3.93916
-3.93917
-3.93918
-3.93919
-3.9392
-3.9392
-3.9392
-3.9392
-3.9392
-3.93919
-3.93919
-3.93918
-3.93917
-3.93916
-3.93915
-3.93914
-3.93913
-3.93912
-3.93911
-3.9391
-3.93909
-3.93909
-3.93908
-3.93908
-3.93907
-3.93908
-3.93908
-3.93909
-3.93911
-3.93913
-3.93914
-3.93915
-3.93916
-3.93917
-3.93917
-3.93918
-3.93919
-3.93919
-3.9392
-3.93921
-3.93922
-3.93922
-3.93922
-3.93922
-3.93922
-3.93921
-3.93919
-3.93918
-3.93916
-3.93914
-3.93912
-3.9391
-3.93908
-3.93906
-3.93905
-3.93903
-3.93903
-3.93902
-3.93902
-3.93902
-3.93902
-3.93902
-3.93903
-3.93903
-3.93903
-3.93903
-3.93904
-3.93904
-3.93904
-3.93904
-3.93904
-3.93904
-3.93904
-3.93904
-3.93905
-3.93905
-3.93905
-4.03753
-4.03753
-4.03754
-4.03754
-4.03754
-4.03755
-4.03756
-4.03756
-4.03756
-4.03756
-4.03755
-4.03754
-4.03753
-4.03752
-4.03751
-4.03751
-4.03751
-4.03752
-4.03753
-4.03754
-4.03756
-4.03758
-4.0376
-4.03762
-4.03764
-4.03765
-4.03766
-4.03767
-4.03768
-4.03768
-4.03768
-4.03767
-4.03767
-4.03766
-4.03766
-4.03765
-4.03764
-4.03763
-4.03762
-4.03761
-4.03759
-4.03758
-4.03757
-4.03756
-4.03755
-4.03755
-4.03754
-4.03754
-4.03754
-4.03754
-4.03755
-4.03757
-4.03759
-4.03761
-4.03762
-4.03763
-4.03764
-4.03765
-4.03766
-4.03767
-4.03767
-4.03768
-4.03769
-4.0377
-4.0377
-4.0377
-4.0377
-4.03769
-4.03768
-4.03767
-4.03765
-4.03763
-4.0376
-4.03758
-4.03756
-4.03754
-4.03752
-4.03751
-4.0375
-4.03749
-4.03749
-4.03749
-4.03749
-4.0375
-4.0375
-4.0375
-4.0375
-4.03751
-4.03751
-4.03751
-4.03751
-4.03752
-4.03752
-4.03752
-4.03752
-4.03752
-4.03752
-4.03752
-4.03752
-4.03752
-4.13598
-4.13599
-4.136
-4.136
-4.13601
-4.13601
-4.13602
-4.13602
-4.13602
-4.13602
-4.13601
-4.136
-4.13599
-4.13598
-4.13596
-4.13595
-4.13595
-4.13596
-4.13597
-4.13599
-4.13601
-4.13603
-4.13605
-4.13608
-4.1361
-4.13611
-4.13613
-4.13614
-4.13615
-4.13615
-4.13615
-4.13615
-4.13615
-4.13614
-4.13613
-4.13612
-4.13611
-4.1361
-4.13609
-4.13608
-4.13607
-4.13605
-4.13604
-4.13603
-4.13602
-4.13601
-4.136
-4.136
-4.136
-4.136
-4.13601
-4.13603
-4.13605
-4.13607
-4.13609
-4.1361
-4.13611
-4.13612
-4.13613
-4.13614
-4.13615
-4.13616
-4.13617
-4.13618
-4.13618
-4.13618
-4.13618
-4.13617
-4.13616
-4.13614
-4.13611
-4.13609
-4.13606
-4.13604
-4.13602
-4.136
-4.13598
-4.13597
-4.13596
-4.13596
-4.13596
-4.13596
-4.13597
-4.13597
-4.13597
-4.13598
-4.13598
-4.13598
-4.13598
-4.13599
-4.13599
-4.13599
-4.13599
-4.13599
-4.136
-4.136
-4.136
-4.136
-4.136
-4.136
-4.23443
-4.23444
-4.23445
-4.23446
-4.23447
-4.23447
-4.23448
-4.23448
-4.23448
-4.23448
-4.23447
-4.23446
-4.23445
-4.23443
-4.23441
-4.2344
-4.23439
-4.2344
-4.23441
-4.23443
-4.23445
-4.23448
-4.2345
-4.23453
-4.23455
-4.23457
-4.23459
-4.23461
-4.23462
-4.23462
-4.23462
-4.23462
-4.23462
-4.23461
-4.23461
-4.2346
-4.23459
-4.23458
-4.23456
-4.23455
-4.23454
-4.23452
-4.23451
-4.2345
-4.23449
-4.23447
-4.23447
-4.23446
-4.23446
-4.23445
-4.23446
-4.23447
-4.2345
-4.23453
-4.23455
-4.23457
-4.23458
-4.2346
-4.23461
-4.23462
-4.23463
-4.23464
-4.23465
-4.23465
-4.23466
-4.23466
-4.23465
-4.23464
-4.23462
-4.2346
-4.23458
-4.23455
-4.23452
-4.23449
-4.23447
-4.23445
-4.23443
-4.23442
-4.23442
-4.23442
-4.23443
-4.23444
-4.23444
-4.23445
-4.23445
-4.23445
-4.23445
-4.23446
-4.23446
-4.23446
-4.23446
-4.23447
-4.23447
-4.23447
-4.23447
-4.23447
-4.23447
-4.23447
-4.23448
-4.23447
-4.33286
-4.33288
-4.3329
-4.33291
-4.33292
-4.33293
-4.33294
-4.33295
-4.33295
-4.33294
-4.33293
-4.33292
-4.3329
-4.33288
-4.33285
-4.33283
-4.33282
-4.33283
-4.33284
-4.33286
-4.33289
-4.33291
-4.33295
-4.33298
-4.333
-4.33303
-4.33305
-4.33307
-4.33308
-4.33309
-4.3331
-4.3331
-4.33309
-4.33309
-4.33308
-4.33307
-4.33306
-4.33305
-4.33304
-4.33302
-4.33301
-4.33299
-4.33298
-4.33296
-4.33295
-4.33294
-4.33293
-4.33292
-4.33291
-4.3329
-4.3329
-4.33291
-4.33294
-4.33297
-4.333
-4.33303
-4.33305
-4.33307
-4.33308
-4.33309
-4.3331
-4.33312
-4.33312
-4.33313
-4.33314
-4.33313
-4.33313
-4.33311
-4.33309
-4.33306
-4.33303
-4.333
-4.33297
-4.33294
-4.33292
-4.33289
-4.33288
-4.33287
-4.33288
-4.33288
-4.3329
-4.33291
-4.33291
-4.33292
-4.33292
-4.33293
-4.33293
-4.33293
-4.33294
-4.33294
-4.33294
-4.33294
-4.33295
-4.33295
-4.33295
-4.33295
-4.33295
-4.33295
-4.33295
-4.33294
-4.43128
-4.43131
-4.43134
-4.43136
-4.43138
-4.43139
-4.4314
-4.43141
-4.43141
-4.4314
-4.43139
-4.43138
-4.43135
-4.43132
-4.43129
-4.43127
-4.43125
-4.43125
-4.43126
-4.43129
-4.43132
-4.43135
-4.43139
-4.43142
-4.43145
-4.43148
-4.43151
-4.43153
-4.43155
-4.43156
-4.43157
-4.43157
-4.43157
-4.43156
-4.43155
-4.43155
-4.43153
-4.43152
-4.43151
-4.43149
-4.43148
-4.43146
-4.43145
-4.43143
-4.43141
-4.4314
-4.43139
-4.43137
-4.43136
-4.43135
-4.43134
-4.43134
-4.43137
-4.43141
-4.43145
-4.43148
-4.43151
-4.43153
-4.43155
-4.43156
-4.43158
-4.43159
-4.4316
-4.43161
-4.43161
-4.4316
-4.43159
-4.43158
-4.43155
-4.43152
-4.43149
-4.43145
-4.43142
-4.43139
-4.43136
-4.43134
-4.43132
-4.43132
-4.43133
-4.43134
-4.43136
-4.43137
-4.43139
-4.43139
-4.4314
-4.4314
-4.43141
-4.43141
-4.43141
-4.43141
-4.43142
-4.43142
-4.43142
-4.43142
-4.43143
-4.43143
-4.43143
-4.43143
-4.43143
-4.43141
-4.52967
-4.52972
-4.52976
-4.5298
-4.52983
-4.52985
-4.52986
-4.52987
-4.52987
-4.52986
-4.52985
-4.52983
-4.5298
-4.52976
-4.52973
-4.5297
-4.52967
-4.52967
-4.52969
-4.52971
-4.52975
-4.52979
-4.52983
-4.52986
-4.5299
-4.52993
-4.52996
-4.52999
-4.53001
-4.53002
-4.53003
-4.53004
-4.53004
-4.53003
-4.53003
-4.53002
-4.53001
-4.52999
-4.52998
-4.52996
-4.52995
-4.52993
-4.52991
-4.5299
-4.52988
-4.52986
-4.52985
-4.52983
-4.52981
-4.52978
-4.52977
-4.52976
-4.52979
-4.52983
-4.52988
-4.52992
-4.52996
-4.52999
-4.53001
-4.53003
-4.53005
-4.53006
-4.53007
-4.53008
-4.53008
-4.53007
-4.53006
-4.53004
-4.53001
-4.52998
-4.52994
-4.5299
-4.52986
-4.52983
-4.5298
-4.52978
-4.52976
-4.52976
-4.52977
-4.52979
-4.52982
-4.52984
-4.52985
-4.52987
-4.52987
-4.52988
-4.52988
-4.52989
-4.52989
-4.52989
-4.52989
-4.5299
-4.5299
-4.5299
-4.5299
-4.52991
-4.52991
-4.5299
-4.52988
-4.52985
-4.62804
-4.6281
-4.62817
-4.62823
-4.62827
-4.6283
-4.62832
-4.62832
-4.62832
-4.62832
-4.6283
-4.62827
-4.62824
-4.6282
-4.62817
-4.62813
-4.6281
-4.62809
-4.62811
-4.62814
-4.62818
-4.62822
-4.62827
-4.62831
-4.62835
-4.62838
-4.62842
-4.62844
-4.62847
-4.62849
-4.6285
-4.62851
-4.62851
-4.62851
-4.6285
-4.62849
-4.62848
-4.62847
-4.62845
-4.62844
-4.62842
-4.6284
-4.62838
-4.62836
-4.62834
-4.62833
-4.6283
-4.62828
-4.62825
-4.62821
-4.62818
-4.62817
-4.6282
-4.62825
-4.6283
-4.62836
-4.62841
-4.62844
-4.62847
-4.6285
-4.62852
-4.62853
-4.62854
-4.62855
-4.62855
-4.62854
-4.62852
-4.62849
-4.62846
-4.62843
-4.62839
-4.62835
-4.62831
-4.62827
-4.62824
-4.62821
-4.6282
-4.6282
-4.62821
-4.62824
-4.62827
-4.6283
-4.62832
-4.62833
-4.62834
-4.62835
-4.62836
-4.62836
-4.62836
-4.62837
-4.62837
-4.62837
-4.62837
-4.62838
-4.62838
-4.62838
-4.62837
-4.62835
-4.62831
-4.62827
-4.72638
-4.72645
-4.72656
-4.72665
-4.72671
-4.72675
-4.72677
-4.72678
-4.72678
-4.72677
-4.72675
-4.72672
-4.72669
-4.72665
-4.72661
-4.72657
-4.72654
-4.72653
-4.72655
-4.72659
-4.72663
-4.72667
-4.72672
-4.72676
-4.7268
-4.72684
-4.72687
-4.7269
-4.72693
-4.72695
-4.72696
-4.72697
-4.72698
-4.72698
-4.72697
-4.72697
-4.72695
-4.72694
-4.72693
-4.72691
-4.72689
-4.72688
-4.72686
-4.72684
-4.72681
-4.72679
-4.72677
-4.72673
-4.72669
-4.72663
-4.72659
-4.72658
-4.7266
-4.72666
-4.72673
-4.7268
-4.72685
-4.7269
-4.72694
-4.72696
-4.72699
-4.727
-4.72701
-4.72701
-4.72701
-4.727
-4.72698
-4.72695
-4.72692
-4.72688
-4.72684
-4.7268
-4.72676
-4.72672
-4.72668
-4.72666
-4.72664
-4.72664
-4.72666
-4.72669
-4.72672
-4.72675
-4.72678
-4.7268
-4.72681
-4.72682
-4.72683
-4.72683
-4.72684
-4.72684
-4.72684
-4.72684
-4.72685
-4.72685
-4.72685
-4.72684
-4.72682
-4.72678
-4.72671
-4.72665
-4.82471
-4.82479
-4.82493
-4.82505
-4.82513
-4.82518
-4.82521
-4.82522
-4.82523
-4.82522
-4.8252
-4.82517
-4.82513
-4.8251
-4.82506
-4.82502
-4.825
-4.82499
-4.82501
-4.82504
-4.82509
-4.82513
-4.82518
-4.82522
-4.82526
-4.8253
-4.82534
-4.82537
-4.82539
-4.82542
-4.82543
-4.82544
-4.82545
-4.82545
-4.82544
-4.82544
-4.82543
-4.82541
-4.8254
-4.82538
-4.82536
-4.82534
-4.82532
-4.8253
-4.82528
-4.82525
-4.82522
-4.82517
-4.82511
-4.82505
-4.825
-4.82498
-4.82501
-4.82508
-4.82516
-4.82524
-4.8253
-4.82535
-4.82539
-4.82542
-4.82545
-4.82547
-4.82548
-4.82548
-4.82548
-4.82546
-4.82544
-4.82542
-4.82538
-4.82534
-4.8253
-4.82526
-4.82522
-4.82518
-4.82515
-4.82512
-4.8251
-4.8251
-4.82512
-4.82515
-4.82518
-4.82521
-4.82524
-4.82526
-4.82527
-4.82528
-4.82529
-4.8253
-4.8253
-4.82531
-4.82531
-4.82531
-4.82531
-4.82531
-4.8253
-4.82529
-4.82525
-4.82518
-4.82508
-4.82501
)
;

boundaryField
{
    floor
    {
        type            calculated;
        value           nonuniform List<scalar> 
100
(
0.0492061
0.0491964
0.0491875
0.0491787
0.0491703
0.0491623
0.0491553
0.0491496
0.0491459
0.0491446
0.0491461
0.0491505
0.0491578
0.0491674
0.0491789
0.0491912
0.0492036
0.0492151
0.049225
0.0492329
0.0492386
0.0492422
0.0492439
0.0492443
0.0492439
0.0492456
0.0492382
0.0492319
0.0492266
0.049222
0.0492179
0.0492141
0.0492106
0.0492074
0.0492044
0.0492015
0.0491985
0.049195
0.0491912
0.0491876
0.049186
0.0491887
0.0491966
0.0491994
0.0492
0.0492046
0.0492075
0.0492163
0.0492221
0.0492221
0.0492187
0.0492126
0.0492037
0.0491923
0.0491786
0.0491622
0.0491442
0.049128
0.0491176
0.0491163
0.0491252
0.0491336
0.0491341
0.0491287
0.0491296
0.0491364
0.0491458
0.0491539
0.0491592
0.0491623
0.0491644
0.049166
0.0491676
0.0491693
0.0491709
0.0491724
0.0491736
0.0491742
0.0491743
0.0491742
0.049174
0.0491738
0.0491736
0.0491735
0.0491734
0.0491732
0.0491729
0.0491727
0.0491725
0.0491725
0.0491727
0.0491731
0.0491735
0.049174
0.0491745
0.0491746
0.0491735
0.0491695
0.0491648
0.0491675
)
;
    }
    ceiling
    {
        type            calculated;
        value           nonuniform List<scalar> 
100
(
-4.87394
-4.87402
-4.87416
-4.87428
-4.87436
-4.87441
-4.87444
-4.87445
-4.87446
-4.87445
-4.87443
-4.8744
-4.87436
-4.87433
-4.87429
-4.87425
-4.87423
-4.87422
-4.87424
-4.87428
-4.87432
-4.87437
-4.87441
-4.87446
-4.8745
-4.87454
-4.87457
-4.8746
-4.87463
-4.87465
-4.87467
-4.87468
-4.87468
-4.87468
-4.87468
-4.87467
-4.87466
-4.87465
-4.87464
-4.87462
-4.8746
-4.87458
-4.87456
-4.87454
-4.87452
-4.87449
-4.87445
-4.87441
-4.87435
-4.87428
-4.87423
-4.87422
-4.87425
-4.87432
-4.8744
-4.87447
-4.87454
-4.87459
-4.87463
-4.87466
-4.87469
-4.8747
-4.87471
-4.87472
-4.87471
-4.8747
-4.87468
-4.87465
-4.87462
-4.87458
-4.87454
-4.8745
-4.87445
-4.87441
-4.87438
-4.87435
-4.87433
-4.87433
-4.87436
-4.87439
-4.87442
-4.87445
-4.87447
-4.87449
-4.87451
-4.87452
-4.87453
-4.87453
-4.87454
-4.87454
-4.87454
-4.87454
-4.87454
-4.87454
-4.87453
-4.87452
-4.87449
-4.87441
-4.87431
-4.87424
)
;
    }
    fixedWalls
    {
        type            calculated;
        value           nonuniform List<scalar> 
100
(
6.93889e-18
-0.0984337
-0.1969
-0.295385
-0.393876
-0.49237
-0.590864
-0.689358
-0.787851
-0.886343
-0.984831
-1.08332
-1.1818
-1.28028
-1.37876
-1.47724
-1.57571
-1.67418
-1.77265
-1.87112
-1.96959
-2.06806
-2.16653
-2.26501
-2.36348
-2.46195
-2.56043
-2.6589
-2.75738
-2.85585
-2.95433
-3.05281
-3.15129
-3.24977
-3.34824
-3.44672
-3.54519
-3.64367
-3.74214
-3.8406
-3.93907
-4.03753
-4.13598
-4.23443
-4.33286
-4.43128
-4.52967
-4.62804
-4.72638
-4.82471
-3.34744e-05
-0.0984719
-0.196947
-0.29543
-0.393912
-0.492392
-0.590871
-0.68935
-0.787828
-0.886306
-0.984784
-1.08326
-1.18174
-1.28021
-1.37869
-1.47717
-1.57564
-1.67412
-1.7726
-1.87107
-1.96955
-2.06802
-2.1665
-2.26497
-2.36345
-2.46192
-2.5604
-2.65887
-2.75735
-2.85582
-2.9543
-3.05277
-3.15125
-3.24972
-3.34819
-3.44667
-3.54514
-3.64362
-3.74209
-3.84057
-3.93905
-4.03752
-4.136
-4.23447
-4.33294
-4.43141
-4.52985
-4.62827
-4.72665
-4.82501
)
;
    }
    frontAndBack
    {
        type            empty;
    }
}


// ************************************************************************* //
