/*--------------------------------*- C++ -*----------------------------------*\
| =========                 |                                                 |
| \\      /  F ield         | OpenFOAM: The Open Source CFD Toolbox           |
|  \\    /   O peration     | Version:  4.1                                   |
|   \\  /    A nd           | Web:      www.OpenFOAM.org                      |
|    \\/     M anipulation  |                                                 |
\*---------------------------------------------------------------------------*/
FoamFile
{
    version     2.0;
    format      ascii;
    class       volScalarField;
    location    "1120";
    object      mag(U);
}
// * * * * * * * * * * * * * * * * * * * * * * * * * * * * * * * * * * * * * //

dimensions      [0 1 -1 0 0 0 0];

internalField   nonuniform List<scalar> 
5000
(
0.00252034
0.00235596
0.0019605
0.00230063
0.00271684
0.0027403
0.0023181
0.00217713
0.00664009
0.00812787
0.00815843
0.00743142
0.00638319
0.00524412
0.00414047
0.00311988
0.00219096
0.00135945
0.000642588
0.000284885
0.000661578
0.00115568
0.00167277
0.00218507
0.00269011
0.0031914
0.00369277
0.00419772
0.00470933
0.00522993
0.00576112
0.00630372
0.00685775
0.00742241
0.00799619
0.00857695
0.00916211
0.00974875
0.0103338
0.0109139
0.011486
0.0120469
0.0125937
0.0131234
0.0136333
0.0141207
0.0145826
0.015016
0.0154175
0.0157833
0.0161094
0.0163911
0.0166241
0.0168041
0.0169274
0.0169923
0.0170019
0.016958
0.0168615
0.0167139
0.0165177
0.0162752
0.0159899
0.0156657
0.0153068
0.0149174
0.0145012
0.0140615
0.0135943
0.0130543
0.0122625
0.0108184
0.00757279
0.0018369
0.000774392
0.000385009
0.000383271
0.000859412
0.00140441
0.00196548
0.00253293
0.00310765
0.00368431
0.0042491
0.00478244
0.00526187
0.00566369
0.00596299
0.00613142
0.0061339
0.00592317
0.00544758
0.00466383
0.00358697
0.00239804
0.00165709
0.00285647
0.00414889
0.00458927
0.00468818
0.00352287
0.00306314
0.0025562
0.0014757
0.00122994
0.000973553
0.00220665
0.00610481
0.00771291
0.00757575
0.00748942
0.00709957
0.00637649
0.00549132
0.00458447
0.00372598
0.00293968
0.00222777
0.00156061
0.00098632
0.000931874
0.00126519
0.00174697
0.00227221
0.00281238
0.00336076
0.00391602
0.00447865
0.00504971
0.00563029
0.00622117
0.00682264
0.00743437
0.00805541
0.00868422
0.00931884
0.00995689
0.0105958
0.0112326
0.0118646
0.0124888
0.0131025
0.0137032
0.0142884
0.0148559
0.0154034
0.0159287
0.0164291
0.0169021
0.0173443
0.0177523
0.0181223
0.0184501
0.0187316
0.0189628
0.01914
0.0192562
0.0193063
0.0192892
0.0192055
0.0190563
0.0188435
0.0185697
0.0182381
0.0178516
0.0174121
0.0169193
0.0163663
0.0157319
0.0149612
0.0139671
0.0127972
0.0113187
0.00839042
0.00176088
0.000565875
0.000391633
0.00082435
0.00123362
0.00177239
0.00238797
0.0030291
0.00366646
0.00428072
0.00485473
0.00536954
0.0058023
0.00612599
0.00631056
0.00632451
0.00612922
0.00569775
0.00503789
0.00423987
0.00356804
0.00338965
0.00346424
0.00303317
0.00286217
0.00598201
0.00460501
0.00404486
0.00336723
0.00139475
0.000579564
0.00124245
0.00480934
0.00877383
0.00881106
0.00709362
0.00666128
0.00656665
0.00611216
0.00541857
0.00465755
0.00392391
0.00324858
0.00264515
0.00211905
0.00169966
0.00152778
0.00164208
0.00194496
0.00234673
0.00279941
0.00328217
0.00378565
0.00430578
0.00484099
0.00539068
0.0059545
0.0065319
0.00712196
0.00772328
0.008334
0.00895183
0.00957416
0.0101981
0.0108208
0.0114391
0.0120503
0.0126516
0.0132406
0.0138153
0.0143736
0.0149137
0.0154337
0.0159314
0.0164047
0.0168505
0.0172658
0.0176466
0.0179888
0.0182876
0.0185379
0.0187343
0.0188719
0.0189461
0.0189529
0.0188912
0.0187604
0.0185608
0.0182931
0.0179588
0.0175591
0.0170947
0.016564
0.0159613
0.0152775
0.0145197
0.0137966
0.0135007
0.0136825
0.0125901
0.0075961
0.000514126
0.000485087
0.00113249
0.00156121
0.00197701
0.00248751
0.00308104
0.00371863
0.00436477
0.00498736
0.00555328
0.00602664
0.00636931
0.00654461
0.00652481
0.00631051
0.00593656
0.00547084
0.00504818
0.00487558
0.0050733
0.00511476
0.00283374
0.00195068
0.00784023
0.0053712
0.00476511
0.0039309
0.00123325
0.000741025
0.00284066
0.00684616
0.0104196
0.00962102
0.00689212
0.00618443
0.00626086
0.00603946
0.00550648
0.00486241
0.00423253
0.00365074
0.00313579
0.0026961
0.00234065
0.00210664
0.0020713
0.00220394
0.00245543
0.00278632
0.0031715
0.00359576
0.00405032
0.00453025
0.00503262
0.00555542
0.00609688
0.00665514
0.00722804
0.00781306
0.00840732
0.0090077
0.00961089
0.0102135
0.0108124
0.0114045
0.0119872
0.0125581
0.0131153
0.0136573
0.0141827
0.0146902
0.0151782
0.0156449
0.0160881
0.0165046
0.0168909
0.0172423
0.0175537
0.0178196
0.0180339
0.018191
0.0182868
0.0183145
0.0182722
0.0181586
0.0179722
0.0177126
0.0173798
0.0169743
0.0164967
0.0159477
0.0153288
0.0146491
0.0139603
0.0134803
0.0138009
0.0150875
0.015183
0.011659
0.00487346
0.000765884
0.00136364
0.00197184
0.00245004
0.00295656
0.00353264
0.00415612
0.00478505
0.00537449
0.00588147
0.00626771
0.00650294
0.00657076
0.00647438
0.00626538
0.00601365
0.005816
0.00579604
0.0060498
0.00651631
0.00669623
0.00306305
0.00168705
0.00931305
0.00595672
0.00532549
0.00427297
0.00102172
0.00168221
0.00446953
0.00847038
0.0115072
0.0101434
0.00675303
0.00584563
0.00613402
0.00614649
0.00572669
0.00516512
0.00461323
0.00410194
0.00364735
0.00325471
0.0029264
0.0026669
0.0025229
0.00251453
0.00261779
0.00281099
0.00307616
0.00339871
0.00376784
0.00417587
0.00461744
0.00508846
0.00558549
0.0061053
0.00664455
0.0071997
0.00776698
0.00834244
0.00892207
0.00950195
0.0100784
0.010648
0.0112081
0.0117565
0.0122915
0.0128121
0.0133175
0.0138071
0.0142803
0.0147361
0.0151729
0.0155883
0.0159788
0.01634
0.0166664
0.0169517
0.0171893
0.0173725
0.0174965
0.0175532
0.0175394
0.017453
0.0172922
0.017056
0.0167439
0.0163564
0.0158948
0.0153624
0.0147666
0.0141286
0.0135217
0.0132124
0.0138977
0.0158606
0.0169013
0.0144563
0.00874429
0.00287187
0.00182815
0.00248699
0.00305565
0.00360105
0.004167
0.00473991
0.00528102
0.00574707
0.00610103
0.00631827
0.00639051
0.00633125
0.0061792
0.00603042
0.00596776
0.00608581
0.00645725
0.007076
0.00777993
0.00808326
0.00368614
0.00159478
0.010453
0.00644524
0.00572811
0.00434318
0.000681252
0.00282277
0.00597436
0.00979777
0.0122897
0.0104963
0.00663397
0.00559411
0.00615055
0.00637979
0.00601933
0.00551285
0.00501586
0.00455479
0.0041396
0.00377383
0.00345815
0.00319248
0.0029909
0.00287732
0.00285743
0.00292118
0.00306048
0.00326754
0.00353476
0.00385485
0.00422136
0.0046286
0.00507134
0.00554464
0.00604363
0.00656342
0.00709902
0.00764541
0.00819761
0.00875084
0.00930071
0.00984345
0.010376
0.0108963
0.0114029
0.0118953
0.0123734
0.0128376
0.0132882
0.0137256
0.0141491
0.0145572
0.0149472
0.015315
0.0156549
0.0159604
0.016224
0.0164382
0.0165967
0.0166917
0.0167163
0.0166681
0.0165458
0.0163478
0.0160743
0.0157265
0.0153071
0.0148216
0.0142813
0.0137132
0.0131995
0.0130239
0.0139311
0.0163133
0.0180685
0.0165665
0.0116672
0.00561964
0.0028603
0.00319326
0.0037794
0.00432891
0.00485058
0.00532576
0.00572046
0.0060015
0.00614736
0.00615524
0.00604575
0.0058676
0.00570412
0.0056727
0.0058489
0.00629311
0.0070158
0.00794673
0.00887536
0.0092754
0.00461321
0.00161161
0.011435
0.00683213
0.00590977
0.00409593
0.000763861
0.00405952
0.00729268
0.0108613
0.0128696
0.0107352
0.00651988
0.00541082
0.00627162
0.00668208
0.0063373
0.00586789
0.00540893
0.00498409
0.00459681
0.00424995
0.00394409
0.00367934
0.00346025
0.00329562
0.00319474
0.00316266
0.00319746
0.00329755
0.00346082
0.00368374
0.00396225
0.00429154
0.00466611
0.00508001
0.00552708
0.006001
0.00649552
0.00700435
0.00752138
0.00804075
0.00855716
0.00906609
0.00956411
0.0100489
0.0105192
0.010975
0.0114169
0.0118461
0.0122644
0.0126731
0.0130732
0.0134644
0.013845
0.0142115
0.0145586
0.0148796
0.0151669
0.015412
0.0156072
0.0157462
0.015817
0.0158172
0.0157447
0.0155983
0.0153786
0.015088
0.0147308
0.0143143
0.0138524
0.0133747
0.0129659
0.0129129
0.0139716
0.016619
0.0189182
0.0181951
0.0139948
0.00812482
0.00439712
0.00411639
0.00462689
0.00511406
0.0055381
0.0058676
0.00607148
0.00612846
0.00603579
0.00581656
0.00552478
0.00525185
0.00513955
0.00527847
0.00571895
0.00646475
0.00748035
0.00867454
0.00981965
0.0103093
0.00565871
0.00171119
0.0123411
0.00709341
0.00578498
0.00358487
0.00165721
0.00511141
0.00835577
0.0116791
0.0132896
0.0108894
0.00639731
0.00527059
0.00645019
0.00700126
0.00664666
0.0062035
0.00577227
0.00537569
0.00501233
0.00468486
0.00439423
0.00414098
0.00392699
0.00375562
0.00363035
0.00355376
0.00352866
0.00355733
0.00364048
0.00377719
0.00396775
0.00421049
0.0045022
0.00483909
0.00521592
0.00562648
0.00606359
0.00651984
0.00698791
0.00746082
0.00793217
0.00839652
0.00884976
0.00928922
0.00971361
0.010123
0.0105185
0.0109023
0.0112771
0.0116458
0.0120106
0.0123728
0.0127319
0.0130856
0.0134291
0.013756
0.0140585
0.0143283
0.0145563
0.0147391
0.0148592
0.0149136
0.0148997
0.0148157
0.0146623
0.0144428
0.014163
0.0138317
0.0134641
0.0130907
0.0127961
0.0128643
0.0140431
0.0168682
0.019587
0.0195114
0.0159105
0.0103035
0.00610581
0.00523196
0.00558415
0.00594738
0.00622336
0.00636723
0.00634955
0.00616028
0.00581597
0.00536849
0.00491298
0.00459056
0.00458417
0.00493799
0.00563735
0.00663149
0.00787103
0.00927892
0.0106298
0.0112127
0.00668578
0.00185589
0.0132062
0.00715579
0.00532742
0.00291929
0.00247955
0.0059241
0.00916243
0.0122756
0.0135852
0.0109912
0.00626563
0.00514194
0.00664447
0.00730113
0.00692519
0.00650035
0.00609123
0.00572003
0.00538262
0.00508179
0.00481864
0.00459372
0.00440729
0.00425928
0.00414937
0.00407726
0.00404287
0.00404632
0.00408836
0.004171
0.00429674
0.00446547
0.00467484
0.00492672
0.00521762
0.00554542
0.00590493
0.00628884
0.00668893
0.00709727
0.00750654
0.00791059
0.00830473
0.0086858
0.00905224
0.00940395
0.00974229
0.0100699
0.0103902
0.0107073
0.0110248
0.0113454
0.01167
0.0119973
0.0123235
0.0126428
0.0129477
0.0132301
0.0134812
0.0136977
0.0138653
0.0139753
0.014024
0.0140095
0.0139317
0.0137943
0.0136035
0.013369
0.0131065
0.0128462
0.0126716
0.0128627
0.014152
0.0171122
0.0201628
0.0206211
0.0175289
0.0121948
0.00779246
0.00646639
0.00660731
0.00681241
0.0069073
0.00684037
0.00658518
0.00614236
0.00554716
0.00488134
0.00428914
0.00397614
0.00413285
0.0047222
0.00564511
0.00681944
0.00821202
0.00978226
0.0113203
0.0119985
0.00763089
0.00202727
0.0140444
0.00705317
0.00471083
0.00218586
0.00316081
0.00656291
0.00974991
0.0126834
0.0137903
0.0110801
0.00613158
0.00499183
0.00682444
0.00756105
0.00715601
0.00674138
0.00635213
0.00600855
0.00570535
0.00544493
0.00522768
0.00505277
0.00491784
0.00481918
0.00475263
0.00471455
0.00470233
0.0047146
0.00475132
0.00481377
0.0049036
0.00502226
0.00517219
0.0053561
0.00556729
0.00580874
0.00607795
0.00637217
0.00668562
0.00700976
0.00733704
0.00766147
0.00797861
0.00828535
0.00857983
0.00886162
0.00913185
0.00939314
0.00964936
0.00990513
0.0101652
0.0104332
0.0107115
0.0109995
0.0112943
0.0115907
0.0118821
0.0121614
0.0124211
0.0126568
0.0128629
0.0130231
0.0131335
0.0131913
0.0131947
0.0131466
0.0130531
0.0129237
0.0127736
0.0126319
0.012581
0.0128982
0.0142997
0.0173778
0.0206985
0.0215944
0.0189242
0.0138425
0.00937408
0.00773351
0.00765204
0.00768659
0.0075869
0.00730065
0.00680679
0.00611694
0.00528409
0.00441924
0.00372244
0.00348
0.00384362
0.0046602
0.00575509
0.00704402
0.00852619
0.0102087
0.0119087
0.0126797
0.00846071
0.00221214
0.0148583
0.00689887
0.00400002
0.0015182
0.00373285
0.00706354
0.0101534
0.0129276
0.0139292
0.0111944
0.00600661
0.00477487
0.00695228
0.00775788
0.00731521
0.00690486
0.00653882
0.00623254
0.00597967
0.00578051
0.00563278
0.00553208
0.00547169
0.00544349
0.00543961
0.0054536
0.00548098
0.00551934
0.00556833
0.00562932
0.0057048
0.00579761
0.00591041
0.00604425
0.00619955
0.00637691
0.00656601
0.00676846
0.00698403
0.00720916
0.00743703
0.00766314
0.00788487
0.00810048
0.00830852
0.00850832
0.00870054
0.00888736
0.00907242
0.00926047
0.00945661
0.00966528
0.00988914
0.0101283
0.01038
0.0106395
0.0109013
0.01116
0.0114106
0.0116491
0.0118779
0.0120772
0.0122437
0.0123722
0.012459
0.0125047
0.012514
0.0124952
0.012462
0.012442
0.012517
0.0129635
0.0144839
0.017677
0.0212242
0.0224761
0.0201472
0.0152854
0.0108216
0.00896779
0.00868694
0.00854956
0.00825622
0.00775563
0.00703415
0.00611473
0.00506688
0.00402867
0.00325949
0.00313626
0.00372509
0.00473826
0.0059559
0.0073091
0.00883136
0.0105814
0.0124137
0.0132686
0.0091611
0.00238733
0.0156389
0.00674553
0.00323591
0.00113891
0.00421318
0.0074414
0.0103935
0.0130172
0.0140046
0.0113643
0.00592443
0.00440427
0.00696516
0.00784619
0.00736323
0.00696144
0.00663301
0.00638504
0.00620834
0.0060982
0.00604683
0.00604385
0.00607691
0.00613358
0.00620321
0.00627781
0.00635221
0.00642402
0.00649326
0.00656196
0.0066335
0.00671194
0.0068012
0.00690415
0.00702167
0.00715068
0.00728612
0.00741872
0.00754145
0.00766096
0.00777816
0.00789159
0.00800227
0.00811165
0.00821997
0.00832699
0.00843306
0.00853968
0.00864978
0.00876763
0.00889812
0.00904563
0.00921268
0.00939883
0.00960068
0.00981313
0.0100314
0.0102525
0.0104751
0.0106982
0.0109316
0.0111555
0.0113681
0.0115623
0.0117316
0.0118731
0.0119885
0.0120835
0.0121697
0.0122726
0.012474
0.0130528
0.0147006
0.018013
0.021755
0.0232933
0.0212337
0.0165566
0.0121335
0.0101384
0.0096848
0.00938375
0.0089084
0.00820801
0.00727813
0.00615303
0.00491685
0.00373111
0.00291579
0.00293886
0.00374622
0.00491968
0.00622436
0.00760973
0.00913814
0.0109188
0.0128503
0.0137705
0.00973407
0.00254414
0.0163613
0.00660417
0.00244829
0.00125427
0.00460212
0.00770266
0.0104837
0.0129471
0.0139886
0.0115955
0.00595406
0.00377451
0.00681965
0.00775677
0.0072485
0.00687892
0.00661993
0.00646595
0.00640131
0.00641257
0.0064837
0.00659712
0.00673527
0.00688291
0.00702835
0.00716368
0.0072845
0.00738957
0.00748029
0.00756017
0.00763402
0.00770706
0.00778392
0.00786765
0.00795895
0.0080556
0.00815109
0.00823499
0.00829047
0.0083112
0.00831285
0.00830418
0.00829212
0.00828287
0.00827986
0.00828451
0.00829757
0.00832003
0.00835383
0.00840219
0.00846918
0.00855853
0.00867188
0.00880722
0.0089589
0.00911977
0.00928482
0.00945362
0.00962998
0.00981908
0.0100321
0.010268
0.0105157
0.0107687
0.011018
0.0112554
0.0114782
0.0116886
0.0118948
0.0121203
0.0124479
0.0131612
0.0149448
0.0183834
0.0222962
0.0240617
0.0222088
0.0176842
0.013319
0.0112315
0.0106314
0.010179
0.00953867
0.0086582
0.00754291
0.0062378
0.00483857
0.00352482
0.00267841
0.00285635
0.0038622
0.00516635
0.00653619
0.00793601
0.0094499
0.0112328
0.0132289
0.0141869
0.0101872
0.00269816
0.0169925
0.00646708
0.00164332
0.00169241
0.00490302
0.00785141
0.0104383
0.0127123
0.0138247
0.0118358
0.00621469
0.00277458
0.0064672
0.00740695
0.00692061
0.00663508
0.00649929
0.00648967
0.0065793
0.00674321
0.00695651
0.00719577
0.00744082
0.00767619
0.00789136
0.00808025
0.00824068
0.00837382
0.00848358
0.00857574
0.00865692
0.00873336
0.00880974
0.00888817
0.0089675
0.00904322
0.00910789
0.00915192
0.00915897
0.00910402
0.00899539
0.00885985
0.00871676
0.00857893
0.00845422
0.00834728
0.00826052
0.00819508
0.00815196
0.00813292
0.0081406
0.00817754
0.00824402
0.00833567
0.00844295
0.00855427
0.00866216
0.00876809
0.00888227
0.00901879
0.00919482
0.00942273
0.00969159
0.00999589
0.0103214
0.0106538
0.0109843
0.0113102
0.0116356
0.0119821
0.0124346
0.0132839
0.015211
0.0187828
0.0228471
0.0247895
0.0230912
0.0186919
0.0143919
0.0122436
0.0115211
0.0109314
0.010145
0.00910589
0.00782839
0.00636665
0.00482412
0.00339224
0.00251751
0.00285028
0.00403363
0.00544834
0.00687086
0.00827615
0.00976414
0.0115288
0.0135558
0.0145194
0.010526
0.00284636
0.0175077
0.0063275
0.000889389
0.0022306
0.00513066
0.00789635
0.0102775
0.0123259
0.0134611
0.0119661
0.00671513
0.0015108
0.00585214
0.00672885
0.00635463
0.00623819
0.00629968
0.00649231
0.00677492
0.00711236
0.00747435
0.00783601
0.00817851
0.00848915
0.00876072
0.00899068
0.00918051
0.00933501
0.0094614
0.0095681
0.00966333
0.00975369
0.00984291
0.00993094
0.0100136
0.010083
0.0101282
0.0101372
0.0100977
0.00998824
0.009787
0.00952735
0.00924869
0.00897457
0.00871898
0.00849117
0.00829681
0.00813846
0.00801677
0.00793184
0.00788432
0.00787494
0.00790235
0.00795962
0.00803229
0.00810179
0.00815483
0.00819257
0.00823197
0.00829855
0.00841975
0.00862182
0.00889836
0.00924563
0.00964341
0.0100694
0.0105071
0.0109472
0.0113898
0.0118546
0.0124299
0.0134163
0.0154932
0.019204
0.0234034
0.0254801
0.0238948
0.0196001
0.0153671
0.0131776
0.0123537
0.0116404
0.0107272
0.00955032
0.00813158
0.00653186
0.00485849
0.00330957
0.00240102
0.0028872
0.00423202
0.00574436
0.00721212
0.00861831
0.0100747
0.011807
0.0138348
0.0147718
0.0107625
0.00294782
0.017903
0.00620828
0.000847725
0.00273831
0.00532486
0.00786125
0.010029
0.0118275
0.0128969
0.0118414
0.00724503
0.000533785
0.00493112
0.00571615
0.00558664
0.00575201
0.00609071
0.0065326
0.00702774
0.00753896
0.00803801
0.00850429
0.00892412
0.00929005
0.00959999
0.0098564
0.0100656
0.0102366
0.0103802
0.0105069
0.0106258
0.0107426
0.010859
0.0109717
0.0110728
0.0111499
0.0111882
0.0111722
0.0110879
0.0109235
0.0106548
0.010283
0.0098696
0.00945503
0.00906143
0.00870413
0.00839361
0.00813555
0.00793138
0.00777995
0.00767947
0.00762822
0.00762287
0.0076542
0.00770291
0.00774175
0.00774781
0.00771798
0.00767453
0.00765626
0.00770531
0.0078645
0.00813558
0.00851783
0.00898433
0.00950251
0.010046
0.0105983
0.0111549
0.0117343
0.0124297
0.0135535
0.0157853
0.0196391
0.023958
0.0261337
0.0246302
0.0204266
0.016259
0.0140388
0.0131299
0.0123083
0.0112854
0.00998989
0.00844737
0.00672283
0.00492432
0.0032533
0.00230148
0.00294227
0.00443793
0.00603917
0.00754705
0.00895153
0.0103737
0.0120648
0.0140689
0.0149486
0.0109141
0.00294566
0.0182011
0.00618576
0.00165108
0.00330881
0.00553997
0.00779106
0.00972978
0.0112713
0.0121879
0.0114339
0.00743017
0.000908162
0.00372316
0.00446252
0.00475526
0.00531457
0.00597983
0.00667922
0.00737191
0.00803064
0.00863639
0.00917692
0.00964607
0.0100432
0.0103723
0.0106419
0.0108634
0.01105
0.0112151
0.0113705
0.0115246
0.0116814
0.0118393
0.0119912
0.0121247
0.012223
0.0122669
0.0122367
0.0121157
0.0118935
0.0115665
0.0111048
0.0105658
0.0100116
0.00947669
0.00898364
0.0085491
0.0081835
0.00789062
0.00766908
0.00751486
0.00742316
0.00738816
0.00739868
0.00743175
0.00745153
0.00742226
0.00733128
0.0072025
0.00708813
0.00704914
0.007148
0.00740152
0.00781142
0.00834365
0.00895255
0.00959995
0.0102615
0.0109279
0.0116173
0.0124298
0.013691
0.0160811
0.0200793
0.024503
0.0267487
0.0253061
0.0211861
0.0170803
0.0148326
0.013851
0.0129378
0.0118192
0.0104218
0.00876919
0.00692812
0.00500546
0.00320378
0.00219697
0.00299817
0.00463779
0.00632116
0.00786497
0.00926589
0.0106528
0.012298
0.0142622
0.0150662
0.0109922
0.00276826
0.0184422
0.00640807
0.00262859
0.00395413
0.00581736
0.00774381
0.00942848
0.0107133
0.0114158
0.0108354
0.00730987
0.00129533
0.00246095
0.00324711
0.00414228
0.0051214
0.00607879
0.00698426
0.0078212
0.00857755
0.00924547
0.00982204
0.0103091
0.0107131
0.0110447
0.0113178
0.0115486
0.0117534
0.011947
0.0121411
0.0123426
0.0125523
0.0127652
0.0129698
0.013149
0.0132816
0.0133434
0.0133109
0.013164
0.0128912
0.0124933
0.0119719
0.0113232
0.0106371
0.00996238
0.00933161
0.00876809
0.00828806
0.00789909
0.00760109
0.00738873
0.00725421
0.00718859
0.00717878
0.00719986
0.00720944
0.00715779
0.00701697
0.00680654
0.00658991
0.00644968
0.00646982
0.00669483
0.00712572
0.00772119
0.00841923
0.00916793
0.00993443
0.0107055
0.0114999
0.0124259
0.0138241
0.0163745
0.0205158
0.0250296
0.0273224
0.0259292
0.0218911
0.0178421
0.0155644
0.0145167
0.0135317
0.0123272
0.0108421
0.00908964
0.00713675
0.00508852
0.00314698
0.00207059
0.00304306
0.00482151
0.00658066
0.00815641
0.00955223
0.010904
0.0125015
0.0144174
0.0151494
0.0110471
0.00247004
0.0186634
0.00689429
0.00363324
0.00464472
0.00616599
0.00776595
0.00917798
0.0102055
0.0106601
0.0100663
0.00694882
0.00118357
0.00127769
0.00272648
0.00409519
0.00532741
0.00644596
0.00745765
0.00836049
0.00915139
0.00983071
0.0104033
0.0108781
0.011268
0.0115891
0.0118601
0.0121004
0.0123281
0.0125583
0.0128012
0.0130612
0.013336
0.0136162
0.013886
0.0141237
0.0143032
0.014396
0.0143739
0.0142133
0.0139009
0.0134389
0.0128445
0.0121265
0.0113208
0.0105139
0.00974881
0.00905624
0.00845835
0.00796708
0.00758493
0.00730691
0.0071232
0.00702168
0.0069871
0.00699395
0.00699698
0.00693428
0.00675805
0.00647562
0.00615683
0.00590578
0.005834
0.00601628
0.00646133
0.00711765
0.00790261
0.00874888
0.00961501
0.0104845
0.0113782
0.0124141
0.0139483
0.0166592
0.0209395
0.0255286
0.0278519
0.0265048
0.0225518
0.0185538
0.016238
0.0151264
0.0140899
0.0128066
0.0112457
0.00940131
0.00733902
0.00516188
0.00306985
0.00190947
0.00306986
0.00498099
0.00680894
0.0084124
0.00980175
0.0111191
0.0126692
0.0145352
0.0152092
0.0111351
0.00207126
0.0188774
0.00758771
0.0046291
0.00535373
0.00656678
0.00786677
0.00900883
0.00978182
0.00997536
0.00919167
0.00636598
0.00179783
0.00217322
0.00347076
0.00475711
0.00596526
0.00707538
0.00807278
0.00895073
0.00970812
0.0103506
0.0108838
0.0113208
0.0116801
0.0119818
0.0122479
0.0124996
0.0127556
0.0130302
0.0133315
0.0136606
0.0140113
0.0143701
0.0147167
0.0150251
0.0152645
0.0154015
0.0154034
0.0152426
0.0149035
0.0143886
0.0137216
0.0129395
0.0120484
0.0111213
0.010231
0.00941506
0.00870111
0.00810501
0.00763223
0.00727954
0.00703698
0.00689032
0.00682204
0.00680678
0.00680024
0.00673331
0.00653683
0.00619702
0.00578254
0.00541666
0.00524175
0.00536845
0.00582079
0.00653491
0.00740349
0.0083421
0.00930116
0.010262
0.0112488
0.0123906
0.0140594
0.0169293
0.0213418
0.0259914
0.0283337
0.0270366
0.0231758
0.0192229
0.0168571
0.0156774
0.0146088
0.0132551
0.011626
0.00969694
0.00752784
0.0052184
0.00296293
0.00170263
0.00307427
0.00510887
0.00699742
0.00862397
0.0100055
0.0112894
0.0127945
0.0146159
0.0152571
0.0112655
0.00155247
0.0190972
0.00841407
0.00560182
0.00606155
0.00699059
0.00802099
0.00891259
0.00944642
0.00939865
0.00842198
0.00595421
0.00334995
0.00369502
0.00461487
0.00571183
0.00680132
0.00781306
0.00872177
0.0095172
0.0101963
0.0107609
0.0112263
0.0116073
0.0119242
0.0122009
0.0124611
0.0127273
0.0130177
0.0133449
0.0137139
0.014122
0.0145588
0.0150063
0.0154404
0.0158307
0.0161423
0.0163371
0.0163774
0.016231
0.0158794
0.0153254
0.0145968
0.0137391
0.0127964
0.0117706
0.0107687
0.00983958
0.00901688
0.00831855
0.00775227
0.00731699
0.00700447
0.00680043
0.00668606
0.00663634
0.00661062
0.00653943
0.00633562
0.00595646
0.00545871
0.0049798
0.00469286
0.00475303
0.0052067
0.00597549
0.00692311
0.00794721
0.00899109
0.0100352
0.0111085
0.012352
0.0141535
0.0171788
0.0217143
0.02641
0.0287647
0.0275271
0.0237688
0.0198559
0.0174249
0.0161672
0.0150729
0.0136752
0.0119769
0.00996889
0.00769852
0.00526114
0.00283489
0.001437
0.00305204
0.0051977
0.00713765
0.00878212
0.0101541
0.0114052
0.0128681
0.0146555
0.0152986
0.0114486
0.000867115
0.0193732
0.00930203
0.00653485
0.00675311
0.00741789
0.00820266
0.00886954
0.00919812
0.00897973
0.00798702
0.00618062
0.00492526
0.00519107
0.00585749
0.00672046
0.00762599
0.00849177
0.00927599
0.00995943
0.010537
0.0110124
0.0113966
0.0117102
0.0119775
0.0122259
0.0124817
0.0127676
0.0131005
0.0134899
0.0139365
0.0144332
0.0149648
0.0155097
0.0160399
0.0165218
0.0169167
0.017182
0.0172751
0.0171585
0.0168097
0.016231
0.0154547
0.0145329
0.0135189
0.0124485
0.0113478
0.0103199
0.00939915
0.00860611
0.00794827
0.007426
0.0070335
0.00675875
0.00658373
0.00648436
0.00642475
0.00634144
0.00613779
0.00573847
0.00517509
0.00459088
0.00418838
0.00417217
0.004622
0.00544227
0.00646303
0.00756409
0.00868336
0.00980191
0.0109546
0.0122958
0.014227
0.0174024
0.0220492
0.026777
0.029142
0.0279774
0.0243345
0.0204586
0.017946
0.0165945
0.015464
0.014057
0.0122956
0.0102112
0.00784641
0.00529455
0.0027053
0.00110121
0.00299997
0.00524086
0.00722191
0.00887847
0.0102384
0.011456
0.0128777
0.0146431
0.0153273
0.0116731
0.000282739
0.0196833
0.0101948
0.0074127
0.00741845
0.00784475
0.00840904
0.00888327
0.00905954
0.00877657
0.00795966
0.00684942
0.00628746
0.00650015
0.00700442
0.0076739
0.00839386
0.00909118
0.00972268
0.0102668
0.0107177
0.0110807
0.0113713
0.0116083
0.0118211
0.0120421
0.0122989
0.0126139
0.0130008
0.013464
0.0139987
0.0145924
0.0152257
0.0158736
0.0165056
0.0170858
0.0175726
0.0179196
0.018079
0.0180072
0.0176767
0.0170886
0.0162786
0.0153063
0.0142314
0.0131037
0.0119565
0.0108412
0.00983669
0.00895913
0.00821613
0.00760716
0.00712822
0.00677078
0.00652009
0.00635469
0.00624362
0.00613337
0.0059292
0.0055271
0.00491954
0.00424323
0.0037259
0.00362595
0.00406881
0.00493799
0.00602483
0.00719283
0.00837687
0.00956035
0.0107854
0.0122196
0.0142771
0.0175954
0.0223399
0.0270865
0.0294627
0.0283871
0.0248742
0.0210357
0.0184262
0.0169612
0.0157782
0.0143631
0.0125778
0.0104246
0.00797256
0.00532334
0.00260743
0.000703507
0.00292251
0.00523575
0.00724533
0.00890657
0.01025
0.0114311
0.0128085
0.0145592
0.0153228
0.0119286
0.00089029
0.0198651
0.0110546
0.00822666
0.00805315
0.00827611
0.0086534
0.00897493
0.00905899
0.0088028
0.00823701
0.00762796
0.00739798
0.00758302
0.00797436
0.00848618
0.00903448
0.00956026
0.0100264
0.0104144
0.0107209
0.0109543
0.0111346
0.0112879
0.0114455
0.0116456
0.0119158
0.0122752
0.0127317
0.0132822
0.0139149
0.0146117
0.0153497
0.0161019
0.016837
0.017518
0.0181017
0.0185386
0.0187755
0.0187625
0.0184655
0.0178829
0.0170538
0.0160447
0.0149221
0.013741
0.0125545
0.0113913
0.0103138
0.00936486
0.00854565
0.00785469
0.00728769
0.00683923
0.00649947
0.00625192
0.00607124
0.00591482
0.00570006
0.00530691
0.00467873
0.00392832
0.00330113
0.00311264
0.00354842
0.00446516
0.00561007
0.00683367
0.00807095
0.00930938
0.0105994
0.0121222
0.0143015
0.0177538
0.0225807
0.0273336
0.029724
0.0287542
0.0253873
0.0215909
0.018873
0.0172729
0.0160182
0.0145805
0.0127796
0.0105918
0.00807907
0.00535977
0.00257199
0.00029221
0.00283264
0.005185
0.00720636
0.00886385
0.0101839
0.0113228
0.0126479
0.0143831
0.0152566
0.0121843
0.00162368
0.0197343
0.0118611
0.00897542
0.00865697
0.00871701
0.00894684
0.00915734
0.00919722
0.00901004
0.00866408
0.00835495
0.00828202
0.00844468
0.00874454
0.00911958
0.00950804
0.00986423
0.0101592
0.0103801
0.0105288
0.0106199
0.0106807
0.0107467
0.0108558
0.0110504
0.0113546
0.0117802
0.012325
0.012976
0.0137139
0.0145156
0.0153563
0.0162088
0.0170427
0.0178219
0.0185028
0.0190337
0.0193564
0.0194137
0.0191641
0.0186014
0.0177673
0.0167356
0.0155791
0.0143576
0.013128
0.0119433
0.0108171
0.00980752
0.00892345
0.00815805
0.00750605
0.00696332
0.00652473
0.00618069
0.00591314
0.00569008
0.00544646
0.00506431
0.00443857
0.00363601
0.00290824
0.00262862
0.00306157
0.00402629
0.00522038
0.00648714
0.00776542
0.00904855
0.0103962
0.0120029
0.0142989
0.0178745
0.0227675
0.0275147
0.0299233
0.029075
0.0258704
0.022126
0.0192946
0.0175385
0.0161901
0.0147154
0.012896
0.0106849
0.00813906
0.00539538
0.00261575
0.000271575
0.00275508
0.00509763
0.0071072
0.00874825
0.0100382
0.0111282
0.01239
0.0141016
0.0151067
0.0124271
0.00244269
0.0193214
0.0126059
0.00966211
0.00923086
0.00916755
0.00928832
0.0094225
0.00944411
0.0093233
0.00912591
0.00897647
0.00897036
0.0091013
0.00931451
0.0095622
0.00979761
0.00998583
0.010106
0.010152
0.0101333
0.0100739
0.010012
0.00999552
0.0100746
0.0102898
0.010657
0.0111747
0.0118267
0.0125888
0.0134344
0.0143373
0.0152728
0.016216
0.017139
0.0180083
0.0187817
0.0194059
0.0198186
0.0199547
0.0197637
0.0192338
0.0184082
0.0173676
0.0161907
0.0149421
0.0136827
0.0124669
0.0113304
0.0102739
0.00933468
0.00850471
0.0077741
0.00713897
0.00659685
0.00614534
0.00577555
0.00546647
0.00517105
0.00478943
0.00418517
0.00335385
0.00253981
0.00216907
0.00260953
0.00362448
0.00485769
0.00615417
0.00746072
0.00877821
0.0101764
0.011862
0.0142687
0.0179558
0.0228977
0.0276277
0.0300576
0.0293442
0.0263174
0.0226396
0.0196979
0.0177687
0.016303
0.0147753
0.012935
0.0107139
0.00816867
0.00544846
0.00273349
0.000656013
0.00271787
0.00500494
0.00697657
0.00857018
0.00981473
0.0108506
0.0120381
0.0137129
0.0148605
0.0126302
0.00328037
0.0187023
0.013287
0.0102905
0.00977421
0.00962148
0.00966495
0.00974622
0.00975659
0.00967744
0.0095601
0.00948114
0.00948778
0.00957134
0.00969403
0.00981643
0.00990143
0.00992205
0.00986441
0.00973
0.0095378
0.00932474
0.00914503
0.00906212
0.00914133
0.00941286
0.00987735
0.0105136
0.0112883
0.0121664
0.0131162
0.0141112
0.0151289
0.0161483
0.0171462
0.0180931
0.0189492
0.0196615
0.0201637
0.0203831
0.0202591
0.0197726
0.0189676
0.0179309
0.016747
0.0154843
0.0142076
0.0129732
0.0118174
0.0107518
0.00976733
0.00888175
0.00808181
0.00736
0.00671514
0.00615
0.00566541
0.00525291
0.00488228
0.00447894
0.00390519
0.00307172
0.00218703
0.00172845
0.00219592
0.00326422
0.00452462
0.00583635
0.00715812
0.00849975
0.00994143
0.0117011
0.0142119
0.0179974
0.0229707
0.0276717
0.0301242
0.0295546
0.0267191
0.0231265
0.0200869
0.0179747
0.0163686
0.0147692
0.0129027
0.0106841
0.00816758
0.0055062
0.00289309
0.00105082
0.00272601
0.00491099
0.00681567
0.00835166
0.00953204
0.010497
0.011604
0.0132262
0.0145146
0.0127746
0.00412684
0.0179246
0.0139053
0.0108626
0.0102834
0.0100673
0.0100565
0.0100984
0.010094
0.0100281
0.00993828
0.00987282
0.0098555
0.00987496
0.00989977
0.00989531
0.00983029
0.00968319
0.00944595
0.0091277
0.00875903
0.00839387
0.00810827
0.00798526
0.00810458
0.00847476
0.00907176
0.00984868
0.010755
0.0117473
0.0127924
0.0138662
0.0149503
0.016029
0.0170848
0.0180934
0.0190191
0.01981
0.0203971
0.0207002
0.0206479
0.0202124
0.0194382
0.0184174
0.0172388
0.0159746
0.014693
0.0134518
0.0122861
0.0112087
0.0102118
0.00927985
0.00841915
0.00762026
0.00687823
0.0061988
0.00559107
0.00505998
0.0045927
0.00413919
0.00358563
0.00278542
0.00183798
0.00130024
0.00182973
0.00295222
0.00422484
0.0055362
0.00685999
0.00821584
0.00969442
0.0115232
0.0141308
0.018001
0.0229876
0.0276472
0.0301199
0.0296979
0.0270633
0.0235765
0.0204608
0.0181657
0.0164003
0.0147099
0.0128095
0.0106003
0.00813191
0.00555225
0.00306536
0.00143757
0.00279177
0.00483223
0.00664067
0.00809494
0.00920191
0.0100853
0.0111045
0.0126592
0.0140717
0.0128406
0.00496131
0.0170343
0.0144617
0.0113774
0.0107514
0.0104904
0.0104406
0.0104501
0.0104244
0.0103482
0.0102496
0.0101608
0.0100937
0.0100347
0.00995447
0.0098211
0.00960655
0.00929264
0.00887575
0.00837233
0.00782591
0.00731175
0.00693539
0.00680576
0.00701209
0.00752654
0.00828791
0.00921994
0.0102583
0.0113566
0.0124842
0.0136214
0.0147554
0.015876
0.0169721
0.0180254
0.0190053
0.0198625
0.0205265
0.0209098
0.0209297
0.0205498
0.0198143
0.0188199
0.0176582
0.0164044
0.0151301
0.0138939
0.0127297
0.0116471
0.0106401
0.00969267
0.00878128
0.00791458
0.00708503
0.00629696
0.00556342
0.00490165
0.00431779
0.00378675
0.00322325
0.00248143
0.00149843
0.000873573
0.00153
0.00269804
0.00396336
0.00525749
0.00657022
0.00793092
0.00944027
0.0113332
0.0140298
0.0179704
0.0229517
0.0275559
0.0300418
0.0297642
0.0273353
0.0239749
0.0208122
0.0183467
0.0164106
0.0146123
0.0126687
0.0104718
0.00806267
0.00557906
0.00323816
0.00182245
0.00291864
0.00478034
0.00646402
0.00781395
0.00883125
0.00963701
0.0105588
0.0120352
0.0135401
0.0128097
0.00575646
0.0160729
0.0149562
0.0118315
0.0111691
0.010875
0.0107954
0.0107767
0.0107247
0.0106224
0.0104919
0.0103569
0.0102234
0.0100759
0.00988669
0.00962481
0.00926381
0.00878703
0.00819334
0.00750477
0.00677747
0.006112
0.00565557
0.00555675
0.00590513
0.00661193
0.00756272
0.0086539
0.0098158
0.0110061
0.0122005
0.0133852
0.0145532
0.0156998
0.0168196
0.0179012
0.0189194
0.0198292
0.0205596
0.0210165
0.0211059
0.0207824
0.0200913
0.0191322
0.0179979
0.0167661
0.0155108
0.0142915
0.0131405
0.0120645
0.0110542
0.0100935
0.00916596
0.0082436
0.00733862
0.00645146
0.00559656
0.0047979
0.00407946
0.00344401
0.00283819
0.00213536
0.00121419
0.000419825
0.0013389
0.00251721
0.00374708
0.00500562
0.00629479
0.00765178
0.00918643
0.0111387
0.013916
0.0179116
0.0228682
0.0274003
0.0298867
0.029743
0.0275182
0.024302
0.0211266
0.0185151
0.0164083
0.0144899
0.0124943
0.0103087
0.00796412
0.00558707
0.00341157
0.00220669
0.00310939
0.00476602
0.00629666
0.00752008
0.00843264
0.00915842
0.00999569
0.0113806
0.0129339
0.0126677
0.00648208
0.0150839
0.0153874
0.0122194
0.0115262
0.0112054
0.0111019
0.0110586
0.0109785
0.0108423
0.010668
0.0104751
0.0102668
0.0100277
0.00973071
0.00934582
0.00884682
0.00821681
0.00745422
0.00658242
0.00566531
0.00482952
0.00428607
0.00426272
0.00482708
0.00577674
0.00692977
0.00817025
0.00943731
0.0106999
0.0119427
0.0131584
0.0143456
0.015504
0.0166331
0.0177279
0.0187696
0.0197181
0.0205033
0.0210253
0.0211784
0.0209089
0.0202655
0.0193492
0.0182517
0.0170525
0.0158279
0.0146375
0.0135116
0.0124547
0.0114546
0.0104919
0.0095467
0.00860329
0.00764993
0.00667579
0.00571084
0.00477856
0.00391294
0.00314559
0.00246238
0.00177243
0.000940455
0.000108841
0.00123491
0.0024176
0.00359148
0.00479357
0.00604434
0.00738874
0.00894401
0.0109512
0.0138002
0.0178339
0.0227439
0.0271834
0.0296511
0.0296232
0.0275938
0.0245351
0.0213821
0.0186592
0.0163949
0.0143526
0.0122983
0.0101217
0.00784436
0.00558511
0.00359837
0.00260568
0.00335758
0.00479344
0.00614594
0.00722236
0.00801698
0.00865996
0.00944001
0.0107192
0.0122733
0.012407
0.00710665
0.0141102
0.0157538
0.0125345
0.0118129
0.0114679
0.0113439
0.0112801
0.0111746
0.0110041
0.0107835
0.0105306
0.0102481
0.00992165
0.00952568
0.00903096
0.00841099
0.00764707
0.00673377
0.00568815
0.00456811
0.00351201
0.00282984
0.0029611
0.00385817
0.00509038
0.0064322
0.00779207
0.0091338
0.0104421
0.0117112
0.0129397
0.0141308
0.0152878
0.0164134
0.0175083
0.0185598
0.0195337
0.020362
0.0209396
0.0211484
0.0209281
0.0203337
0.0194662
0.018414
0.0172576
0.016075
0.0149256
0.0138378
0.0128134
0.0118378
0.0108893
0.00994507
0.00898551
0.0079989
0.00698106
0.00593875
0.00489109
0.00387634
0.00295462
0.00215423
0.00145376
0.000804579
0.000556742
0.00134708
0.00238903
0.00347428
0.00461282
0.00583038
0.00716043
0.00873207
0.010789
0.0136989
0.0177497
0.0225856
0.0269072
0.0293312
0.0293939
0.0275441
0.0246496
0.0215517
0.0187584
0.0163622
0.0142033
0.0120895
0.00992128
0.0077153
0.00558873
0.00381481
0.00302801
0.00365373
0.00486089
0.00601489
0.00692703
0.00759365
0.00815458
0.00889689
0.0100884
0.011582
0.012027
0.0076034
0.0131919
0.0160535
0.0127708
0.0120202
0.0116506
0.0115083
0.0114291
0.0113045
0.011106
0.0108452
0.0105391
0.0101917
0.00979095
0.00931363
0.00873209
0.00802004
0.00715687
0.00613161
0.00494814
0.00363678
0.00229208
0.00128542
0.00181218
0.00318282
0.00466184
0.00612714
0.00754913
0.00892056
0.0102399
0.0115095
0.0127296
0.0139077
0.0150499
0.0161598
0.0172417
0.0182906
0.0192774
0.0201375
0.0207611
0.0210166
0.0208384
0.0202929
0.0194792
0.0184802
0.0173764
0.0162472
0.0151512
0.0141149
0.0131376
0.0122026
0.0112859
0.0103626
0.00941094
0.00841558
0.00736921
0.00627693
0.00515634
0.00404131
0.00298583
0.00206263
0.00134598
0.000929325
0.00102457
0.00162234
0.00247858
0.00345099
0.00450409
0.00565735
0.00696632
0.00855992
0.0106694
0.0136334
0.0176797
0.0224087
0.0265753
0.0289231
0.0290454
0.0273528
0.0246218
0.0216063
0.018785
0.0162927
0.0140364
0.0118713
0.00971652
0.00759093
0.00561602
0.00407274
0.00347063
0.00398217
0.00496027
0.00590209
0.00663749
0.00717073
0.00765555
0.00837444
0.00951746
0.0108838
0.0115357
0.00794952
0.0123633
0.0162856
0.0129229
0.0121412
0.011745
0.0115851
0.0114964
0.0113623
0.0111477
0.0108603
0.0105165
0.0101226
0.00967024
0.00913997
0.00850756
0.0077492
0.00684566
0.00578538
0.00456711
0.00320255
0.00171827
0.000389048
0.00155101
0.00309449
0.0046071
0.0060663
0.00746665
0.00881002
0.010099
0.0113394
0.012528
0.0136746
0.0147863
0.0158697
0.0169269
0.0179609
0.0189477
0.0198286
0.0204889
0.0207817
0.0206374
0.0201401
0.0193848
0.0184464
0.0174051
0.016341
0.0153115
0.0143409
0.0134266
0.0125499
0.011685
0.0108052
0.00988682
0.00891253
0.00787323
0.0067708
0.0056203
0.00445433
0.00332957
0.00233664
0.00161838
0.00134708
0.00153769
0.00201092
0.00269256
0.00353051
0.00448876
0.00558039
0.00687016
0.00848418
0.0106447
0.0136448
0.0176316
0.0221843
0.0261797
0.0284262
0.0285711
0.0270071
0.0244316
0.021518
0.0187085
0.0161614
0.013838
0.0116403
0.00951262
0.00748319
0.00568035
0.00437215
0.00392046
0.00432163
0.00507708
0.00580163
0.00635447
0.00675545
0.00717695
0.00788864
0.00899627
0.0102238
0.0109478
0.00812594
0.0116524
0.0164502
0.0129876
0.0121719
0.0117454
0.0115676
0.0114747
0.0113426
0.0111281
0.0108338
0.010475
0.0100602
0.0095852
0.00903606
0.00839397
0.00764104
0.00676527
0.00576589
0.00466114
0.0035076
0.00246028
0.00202562
0.00256028
0.00367769
0.00496512
0.0062766
0.00756605
0.00881822
0.0100292
0.0111988
0.0123298
0.0134249
0.0144906
0.0155378
0.0165587
0.017567
0.0185418
0.0194317
0.0201198
0.0204406
0.020322
0.0198722
0.0191801
0.0183099
0.0173415
0.0163546
0.0154053
0.0145159
0.0136818
0.0128829
0.0120919
0.0112807
0.0104244
0.00950433
0.00850998
0.00744183
0.00631401
0.00515887
0.00403464
0.00303874
0.0023212
0.00202973
0.00215069
0.00251686
0.00305148
0.00375212
0.00460955
0.00564051
0.00691518
0.00855787
0.0107716
0.0137843
0.0176534
0.0219502
0.025683
0.0278162
0.0279662
0.0264996
0.0240644
0.0212637
0.0184998
0.0159403
0.0135874
0.0113858
0.00930798
0.00739615
0.00578232
0.0046969
0.00435529
0.00464738
0.00519259
0.00570403
0.00607689
0.00635543
0.00673435
0.00745552
0.00852689
0.00962178
0.010286
0.00811263
0.0110805
0.0165486
0.012964
0.0121069
0.0116493
0.0114527
0.0113586
0.0112388
0.0110424
0.0107654
0.0104202
0.0100165
0.00955497
0.00902825
0.00842543
0.00773769
0.00696445
0.00612083
0.00524823
0.00443339
0.00383357
0.00366583
0.00398763
0.00472438
0.00569434
0.00676376
0.0078649
0.00896596
0.0100524
0.0111178
0.01216
0.0131793
0.014178
0.0151598
0.0161306
0.017104
0.0180537
0.0189416
0.0196486
0.0199883
0.0198879
0.0194861
0.0188627
0.0180694
0.0171851
0.0162887
0.0154345
0.0146426
0.0139072
0.013207
0.0125136
0.0117982
0.0110351
0.0102047
0.00929587
0.00830816
0.00725473
0.00616655
0.00509861
0.00413845
0.00340736
0.00301579
0.00297801
0.00321884
0.00362307
0.00419523
0.00495283
0.00592608
0.00718758
0.00885581
0.0110986
0.0140683
0.017744
0.0217132
0.0251167
0.0270734
0.0272233
0.0258252
0.0235126
0.0208278
0.0181356
0.015603
0.0132611
0.011091
0.00909235
0.00732162
0.00590559
0.00501733
0.00474742
0.00493344
0.00528634
0.00559828
0.005804
0.00598141
0.00634651
0.00708901
0.00811118
0.0090627
0.00958389
0.00789178
0.0106611
0.0165827
0.0128472
0.0119497
0.0114582
0.0112403
0.0111465
0.011049
0.0108894
0.010656
0.0103565
0.0100008
0.00959317
0.00913296
0.00861735
0.00804653
0.00742948
0.00679025
0.00617405
0.00565216
0.00531721
0.00526605
0.00549298
0.00598043
0.00666269
0.00746616
0.00833753
0.00924347
0.0101642
0.0110887
0.0120112
0.0129293
0.0138433
0.0147547
0.0156635
0.0165687
0.0174785
0.0183507
0.019068
0.019418
0.01933
0.0189788
0.0184312
0.0177252
0.0169379
0.0161465
0.0154033
0.0147267
0.0141094
0.0135296
0.0129584
0.0123666
0.0117282
0.0110233
0.0102401
0.00937702
0.00844516
0.00747128
0.00650149
0.00560496
0.00487115
0.00438277
0.00417012
0.00426259
0.00454014
0.00499414
0.00565598
0.00656856
0.00780412
0.0094663
0.0116766
0.0145154
0.0179051
0.0214643
0.02448
0.0262089
0.0263216
0.0249955
0.0227748
0.0202034
0.017601
0.0151287
0.0128372
0.0107359
0.00884796
0.00723938
0.00602032
0.00529781
0.00506922
0.00515647
0.00534015
0.00547548
0.00553942
0.00565163
0.00603693
0.00679979
0.00774324
0.00852373
0.00884804
0.00747821
0.0103865
0.0165442
0.012656
0.0116984
0.0111719
0.0109313
0.01084
0.010774
0.0106692
0.0105054
0.0102846
0.0100144
0.00970126
0.00934894
0.00896057
0.00854208
0.00810617
0.00767571
0.00728507
0.00697825
0.00680234
0.00680216
0.00696318
0.00728455
0.00774301
0.00830578
0.00894385
0.00963493
0.010363
0.0111174
0.0118915
0.0126818
0.0134871
0.0143072
0.0151415
0.0159846
0.0168217
0.0176529
0.0183695
0.0187214
0.0186428
0.0183476
0.0178855
0.0172796
0.0166044
0.0159347
0.01532
0.014777
0.0142978
0.01386
0.0134349
0.0129934
0.0125095
0.0119632
0.0113419
0.0106424
0.00987242
0.00905256
0.00821787
0.00741916
0.00672204
0.00618893
0.00585412
0.00579594
0.0059537
0.00629768
0.00686375
0.00769812
0.008867
0.010452
0.01253
0.015126
0.018132
0.0212105
0.0237779
0.0252268
0.025259
0.0240096
0.0218629
0.0193934
0.0168913
0.0145059
0.0122993
0.0103018
0.00855353
0.00712238
0.00609167
0.0055049
0.00529793
0.00529902
0.00534156
0.00533274
0.00529615
0.0053955
0.00583175
0.00659317
0.00741294
0.00798526
0.00808232
0.00687638
0.0102294
0.0164376
0.0123929
0.0113539
0.0107924
0.0105306
0.0104449
0.0104192
0.0103854
0.0103152
0.0102031
0.0100525
0.00986908
0.00965784
0.00942412
0.00917512
0.00892187
0.00868045
0.00847154
0.00831804
0.00824226
0.00826473
0.00837235
0.00857134
0.00885616
0.00921527
0.0096377
0.0101143
0.0106379
0.0112029
0.0118058
0.0124443
0.0131176
0.0138251
0.0145648
0.015329
0.0160994
0.0168494
0.0175453
0.0178891
0.0178204
0.0175907
0.0172276
0.0167381
0.0161931
0.0156636
0.0151963
0.014806
0.0144842
0.0142087
0.0139512
0.0136831
0.013379
0.0130185
0.0125884
0.0120832
0.0115068
0.0108732
0.0102071
0.00954458
0.00893337
0.00842376
0.00805865
0.00787872
0.00793595
0.00817723
0.00863914
0.00936225
0.0104008
0.0118136
0.0136439
0.0158828
0.0184129
0.0209466
0.0230197
0.0241409
0.024053
0.0228411
0.0208182
0.0184046
0.0160111
0.0137322
0.0116388
0.00977468
0.00818929
0.00694391
0.0060887
0.00561352
0.00541908
0.00535161
0.00528624
0.00517762
0.00510276
0.00525353
0.00575201
0.00646469
0.00710655
0.00743476
0.00728499
0.00608341
0.0101666
0.0162645
0.0120629
0.0109196
0.0103233
0.010045
0.00997114
0.00999527
0.0100471
0.0100906
0.0101116
0.0101073
0.0100792
0.0100304
0.00996467
0.0098871
0.00980433
0.00972495
0.0096589
0.00961616
0.00960643
0.00963924
0.00970411
0.00980931
0.0099569
0.0101464
0.010378
0.0106531
0.0109733
0.0113405
0.0117566
0.0122236
0.0127434
0.0133164
0.0139401
0.014605
0.0152903
0.0159565
0.0165894
0.016912
0.0168577
0.016708
0.0164617
0.0161095
0.0157164
0.0153483
0.0150482
0.0148291
0.0146822
0.0145859
0.0145129
0.0144356
0.0143291
0.0141732
0.0139537
0.0136631
0.0133013
0.0128764
0.0124046
0.0119106
0.0114285
0.0109978
0.010657
0.0104384
0.0104209
0.0105683
0.0109125
0.0114862
0.0123291
0.0134808
0.0149625
0.0167497
0.018732
0.0206741
0.0222146
0.0229707
0.022722
0.021518
0.0196103
0.0172875
0.0149754
0.0128154
0.0108559
0.00914775
0.00774138
0.00668374
0.00599001
0.00560938
0.0054273
0.00531378
0.0051818
0.00503703
0.00501034
0.0052686
0.00580217
0.0063971
0.00680608
0.00686009
0.00644681
0.00511538
0.0101496
0.0160245
0.0116719
0.0103997
0.00976883
0.00948384
0.00943336
0.00951957
0.00967097
0.00984385
0.010015
0.0101732
0.0103138
0.0104355
0.0105384
0.0106236
0.0106932
0.0107498
0.0107966
0.0108366
0.0108733
0.0109111
0.0109417
0.0109738
0.0110124
0.0110626
0.0111306
0.0112243
0.0113523
0.0115233
0.0117457
0.0120275
0.012375
0.0127919
0.0132765
0.0138183
0.0143948
0.0149636
0.0155032
0.0157815
0.0157507
0.0157016
0.0155963
0.0154074
0.0151919
0.0150086
0.0148958
0.0148646
0.0149064
0.0150007
0.0151222
0.0152446
0.0153443
0.0154012
0.0154003
0.0153322
0.0151936
0.0149875
0.0147232
0.0144169
0.014092
0.0137781
0.0135058
0.0133017
0.0132355
0.0132974
0.0135132
0.0139074
0.0145072
0.0153364
0.0164031
0.0176787
0.0190701
0.0203945
0.021381
0.0217408
0.0212956
0.0200667
0.0182467
0.016079
0.0137983
0.0117708
0.00995994
0.00842257
0.00720409
0.00633104
0.00578537
0.00548919
0.00532769
0.005199
0.00505857
0.00497162
0.00508761
0.00546263
0.00595934
0.00635984
0.0064909
0.00625319
0.00556961
0.00404449
0.0101909
0.0157136
0.0112251
0.009799
0.00913522
0.00886001
0.00885243
0.00901811
0.00928323
0.00959664
0.00992585
0.0102512
0.0105612
0.010849
0.0111105
0.011343
0.0115447
0.0117146
0.0118518
0.0119558
0.0120273
0.0120683
0.0120725
0.012048
0.0120011
0.0119387
0.0118699
0.011806
0.0117596
0.0117444
0.0117747
0.0118644
0.0120255
0.012266
0.0125866
0.0129773
0.0134158
0.0138602
0.0142869
0.0144907
0.0144979
0.0145774
0.0146444
0.0146509
0.0146424
0.0146686
0.0147619
0.0149317
0.0151704
0.0154598
0.0157771
0.0160986
0.0164022
0.0166685
0.0168823
0.0170322
0.0171123
0.0171212
0.017063
0.0169469
0.0167875
0.0166059
0.0164233
0.0162604
0.0161668
0.0161526
0.0162368
0.0164373
0.0167708
0.0172499
0.0178743
0.0186175
0.0194082
0.0201132
0.0205405
0.0204843
0.0198101
0.0185227
0.0167649
0.0147369
0.0125599
0.0106226
0.00896659
0.00760778
0.00657952
0.00588399
0.00547481
0.00526089
0.00514048
0.00504628
0.00498823
0.00507709
0.00538211
0.00580809
0.00617054
0.00631185
0.00614021
0.00561295
0.00467096
0.00294333
0.0103232
0.0153194
0.0107264
0.00912488
0.00843303
0.00819326
0.00825852
0.00852778
0.00892155
0.0093815
0.00986748
0.010353
0.0108207
0.0112594
0.0116615
0.0120213
0.0123344
0.0125975
0.0128076
0.0129627
0.0130619
0.0131065
0.0130918
0.0130248
0.0129118
0.0127604
0.0125801
0.0123832
0.0121841
0.0119993
0.0118466
0.0117447
0.0117105
0.0117564
0.0118867
0.012094
0.0123588
0.012644
0.0129315
0.0130343
0.0131016
0.0133468
0.0136255
0.0138651
0.0140955
0.014355
0.0146699
0.0150486
0.0154853
0.0159657
0.0164709
0.0169808
0.0174755
0.0179371
0.0183501
0.0187022
0.0189848
0.0191931
0.0193264
0.0193883
0.0193862
0.0193335
0.0192433
0.01913
0.0190227
0.0189417
0.0188989
0.0189066
0.0189735
0.0191039
0.0192928
0.0195181
0.0197297
0.0198389
0.0197208
0.0192414
0.0183107
0.016931
0.0152022
0.0132825
0.0112854
0.00939629
0.00789698
0.00671787
0.00587637
0.00534891
0.00506894
0.00494867
0.00491351
0.004938
0.00509265
0.00543047
0.00586158
0.00621813
0.00635911
0.0062074
0.00573842
0.00494974
0.00378797
0.00190818
0.0105583
0.0148142
0.0101757
0.00839121
0.00768468
0.00751838
0.00769765
0.00810015
0.00863625
0.00924209
0.0098737
0.0105014
0.0111051
0.0116713
0.0121901
0.0126542
0.0130575
0.0133954
0.0136637
0.0138597
0.013982
0.0140312
0.0140041
0.0139066
0.0137444
0.0135243
0.0132556
0.01295
0.0126218
0.012288
0.0119678
0.0116815
0.0114484
0.0112842
0.0111967
0.0111835
0.0112317
0.0113145
0.0114297
0.0114088
0.0115703
0.0120294
0.012567
0.0130803
0.0135803
0.0140933
0.0146398
0.0152284
0.0158571
0.0165166
0.0171935
0.0178721
0.0185359
0.019169
0.0197566
0.0202856
0.0207455
0.0211284
0.0214297
0.0216478
0.0217845
0.0218465
0.02184
0.0217731
0.0216582
0.0215191
0.0213599
0.0211873
0.0210042
0.0208091
0.0205947
0.020344
0.0200248
0.0195853
0.0189551
0.0180605
0.0168548
0.0153477
0.013613
0.0117668
0.00992808
0.00816984
0.00677994
0.00577139
0.00510911
0.00474211
0.00459718
0.00461152
0.00474677
0.0050259
0.00548144
0.00598931
0.00638768
0.00655364
0.00642548
0.00599246
0.00527434
0.00429012
0.00297908
0.00120637
0.0108787
0.0141467
0.00956465
0.007629
0.0069433
0.00690435
0.00724501
0.00780748
0.00849119
0.00923176
0.00998727
0.0107298
0.0114401
0.0121045
0.0127125
0.0132559
0.0137279
0.0141229
0.0144364
0.0146648
0.0148065
0.0148618
0.0148279
0.0147096
0.0145115
0.01424
0.0139031
0.0135114
0.013078
0.0126181
0.0121492
0.0116898
0.0112583
0.0108706
0.0105375
0.0102627
0.0100449
0.0098751
0.00977609
0.00961762
0.00992525
0.0106585
0.0115049
0.012328
0.0131207
0.013899
0.0146799
0.0154736
0.0162828
0.0171045
0.0179312
0.0187529
0.0195573
0.0203314
0.0210619
0.0217358
0.0223414
0.0228686
0.0233092
0.0236573
0.0239097
0.0240666
0.0241303
0.0241021
0.0239826
0.0237925
0.0235303
0.0231975
0.0227921
0.0223092
0.0217406
0.0210741
0.0202921
0.0193708
0.0182812
0.0169974
0.0155112
0.013847
0.0120664
0.0102568
0.00851904
0.00694678
0.00564185
0.00478821
0.00429982
0.00410162
0.00413654
0.00438369
0.00482945
0.00545562
0.00606901
0.00651701
0.00671035
0.00661203
0.00622331
0.00557346
0.00470849
0.0036591
0.00235827
0.0015044
0.0112412
0.0132296
0.0088711
0.00691266
0.00633886
0.00649616
0.00703217
0.0077579
0.0085725
0.00941961
0.0102651
0.0110867
0.0118684
0.0125979
0.0132652
0.0138617
0.0143801
0.0148142
0.0151589
0.0154101
0.0155655
0.0156256
0.0155879
0.0154563
0.0152346
0.0149278
0.0145425
0.014087
0.0135713
0.0130068
0.0124065
0.011784
0.0111534
0.0105284
0.00992141
0.00934381
0.00880894
0.00833373
0.00797263
0.00768405
0.00821634
0.00928811
0.0104795
0.011629
0.0127195
0.0137626
0.0147739
0.0157651
0.016743
0.0177101
0.0186651
0.0196035
0.0205181
0.0213997
0.0222375
0.02302
0.0237355
0.0243724
0.0249203
0.0253699
0.0257138
0.0259468
0.0260665
0.0260683
0.0259466
0.0257145
0.0253662
0.0248984
0.0243059
0.0235816
0.0227177
0.0217066
0.0205421
0.0192201
0.0177412
0.0161141
0.014361
0.0125227
0.010659
0.00884168
0.00715136
0.00569008
0.00451724
0.00378555
0.00348375
0.00352069
0.00386683
0.00449777
0.00528602
0.00595742
0.00638817
0.00654458
0.0064325
0.00607527
0.00550307
0.00475522
0.00388895
0.00296087
0.0020427
0.00210122
0.0116089
0.0119313
0.00806508
0.00641295
0.00615593
0.00657283
0.00728343
0.00812083
0.00900846
0.00990612
0.0107899
0.0116436
0.0124547
0.0132122
0.0139064
0.0145286
0.0150706
0.0155257
0.0158879
0.0161528
0.0163172
0.0163824
0.0163455
0.016209
0.0159753
0.0156474
0.015229
0.0147246
0.0141395
0.0134796
0.0127514
0.0119623
0.0111213
0.0102392
0.00933046
0.00841477
0.00752189
0.00670174
0.00604045
0.00568336
0.00654619
0.00798991
0.0095123
0.0109622
0.0123281
0.0136214
0.0148548
0.0160387
0.0171806
0.0182856
0.0193566
0.0203939
0.0213951
0.0223555
0.023268
0.0241237
0.0249124
0.0256232
0.0262447
0.0267657
0.0271758
0.0274656
0.0276279
0.0276539
0.0275333
0.0272693
0.026854
0.0262802
0.0255401
0.0246256
0.0235302
0.0222507
0.0207892
0.0191557
0.0173702
0.0154641
0.0134805
0.0114732
0.00950312
0.00763391
0.00593013
0.0044747
0.00337607
0.0027524
0.002733
0.00320873
0.00402286
0.00484798
0.00541774
0.00567398
0.00564397
0.00538404
0.0049535
0.00440814
0.0037877
0.00312674
0.00246646
0.00166392
0.000943203
0.003245
0.0116148
0.0100845
0.00717622
0.00646521
0.00684365
0.00755605
0.00837073
0.00922647
0.0100958
0.0109608
0.0118088
0.0126293
0.0134126
0.0141484
0.0148267
0.0154379
0.0159731
0.0164241
0.0167839
0.0170469
0.0172108
0.017278
0.0172416
0.017101
0.0168554
0.0165037
0.0160451
0.0154793
0.014806
0.014026
0.0131407
0.0121535
0.0110706
0.009903
0.00866891
0.00739787
0.006137
0.00497755
0.00403023
0.00380622
0.00507514
0.00680041
0.00853944
0.0102024
0.0117885
0.0133032
0.0147491
0.016128
0.0174423
0.0186957
0.0198915
0.0210326
0.0221196
0.0231515
0.0241247
0.0250333
0.0258699
0.0266253
0.0272893
0.0278509
0.0282989
0.0286223
0.028811
0.0288534
0.0287361
0.0284532
0.0279932
0.0273454
0.0265002
0.0254494
0.0241879
0.0227162
0.0210431
0.0191883
0.017184
0.0150754
0.0129178
0.0107721
0.00869874
0.00675177
0.00497707
0.00342506
0.00221368
0.0016591
0.00218037
0.00299331
0.00349366
0.00367792
0.00357015
0.0032328
0.00274653
0.0021868
0.00162355
0.00113271
0.000825823
0.000842892
0.00121469
0.00185525
0.0025766
0.00461782
0.0105957
0.00744718
0.00633084
0.00728187
0.00849357
0.00952545
0.0104318
0.0112796
0.012094
0.0128819
0.0136453
0.0143827
0.0150889
0.015756
0.0163749
0.0169358
0.0174293
0.0178465
0.0181796
0.01842
0.0185628
0.0185919
0.0185051
0.0182984
0.0179685
0.0175123
0.0169277
0.0162127
0.015366
0.0143873
0.0132776
0.0120405
0.0106832
0.00921921
0.0076713
0.00607806
0.00450627
0.00310706
0.00206397
0.00247218
0.00389058
0.0055585
0.00728154
0.00901213
0.0107289
0.0124112
0.0140407
0.0156049
0.0170976
0.0185173
0.019865
0.0211427
0.0223517
0.0234919
0.0245612
0.0255553
0.0264682
0.0272917
0.0280162
0.0286309
0.0291243
0.0294843
0.0296992
0.0297552
0.0296372
0.0293355
0.0288417
0.0281428
0.0272273
0.0260866
0.0247165
0.0231203
0.0213116
0.0193164
0.0171752
0.0149415
0.0126786
0.0104526
0.00832573
0.00635
0.00456595
0.00300728
0.00172633
0.000868849
0.000702147
0.000896174
0.0011906
0.00164547
0.00215491
0.00268963
0.00323208
0.00376637
0.00427402
0.00473243
0.00512033
0.00542988
0.00567587
0.00574034
0.00553204
0.00536996
0.00819535
0.00555419
0.00698091
0.00916164
0.0108132
0.0119587
0.0128406
0.0135996
0.0142888
0.0149293
0.0155328
0.0161043
0.0166423
0.0171413
0.0175927
0.0179866
0.0183126
0.0185602
0.018719
0.0187814
0.0187383
0.0185839
0.018316
0.0179313
0.0174266
0.016799
0.0160463
0.0151668
0.0141593
0.0130239
0.011762
0.0103776
0.00887888
0.00728004
0.00560549
0.00389806
0.00225398
0.00103589
0.00145544
0.00204819
0.00258342
0.00359498
0.00499697
0.00658776
0.00825478
0.00993489
0.011591
0.0132015
0.0147547
0.0162453
0.0176718
0.0190341
0.0203322
0.0215653
0.0227309
0.0238249
0.0248413
0.0257724
0.026609
0.0273408
0.0279564
0.0284441
0.0287908
0.0289825
0.0290025
0.0288328
0.0284546
0.0278536
0.027018
0.0259403
0.0246189
0.023061
0.0212858
0.0193275
0.0172368
0.0150803
0.0129367
0.0108908
0.00902577
0.00741573
0.00611856
0.00516636
0.00455957
0.00427681
0.00426203
0.0043733
0.00461589
0.00499768
0.00548526
0.00603485
0.00661207
0.00719365
0.00776025
0.00829114
0.00876044
0.00913954
0.00937291
0.00931799
0.0086695
0.00715922
0.00626288
)
;

boundaryField
{
    floor
    {
        type            calculated;
        value           uniform 0;
    }
    ceiling
    {
        type            calculated;
        value           uniform 0;
    }
    fixedWalls
    {
        type            calculated;
        value           uniform 0;
    }
    frontAndBack
    {
        type            empty;
    }
}


// ************************************************************************* //
