/*--------------------------------*- C++ -*----------------------------------*\
| =========                 |                                                 |
| \\      /  F ield         | OpenFOAM: The Open Source CFD Toolbox           |
|  \\    /   O peration     | Version:  4.1                                   |
|   \\  /    A nd           | Web:      www.OpenFOAM.org                      |
|    \\/     M anipulation  |                                                 |
\*---------------------------------------------------------------------------*/
FoamFile
{
    version     2.0;
    format      ascii;
    class       volScalarField;
    location    "1380";
    object      p_rgh;
}
// * * * * * * * * * * * * * * * * * * * * * * * * * * * * * * * * * * * * * //

dimensions      [0 2 -2 0 0 0 0];

internalField   nonuniform List<scalar> 
5000
(
0.0492048
0.0492147
0.0492205
0.0492174
0.0492134
0.0492086
0.0492036
0.0491988
0.0491943
0.04919
0.0491859
0.0491817
0.0491775
0.049173
0.0491682
0.0491631
0.0491577
0.049152
0.0491461
0.0491403
0.0491346
0.0491292
0.049124
0.0491189
0.0491139
0.0491089
0.0491036
0.049098
0.0490919
0.0490854
0.0490783
0.0490705
0.049062
0.0490526
0.049042
0.0490301
0.0490167
0.0490018
0.0489855
0.0489685
0.0489517
0.0489358
0.0489212
0.0489087
0.0488984
0.0488909
0.0488859
0.0488833
0.0488823
0.0488822
0.0488823
0.0488822
0.0488819
0.0488814
0.0488809
0.0488808
0.0488813
0.0488826
0.0488846
0.0488874
0.0488905
0.0488932
0.0488948
0.0488943
0.0488906
0.0488834
0.0488738
0.0488645
0.0488584
0.0488567
0.0488541
0.0488382
0.0488065
0.0487796
0.0487714
0.0487747
0.0487858
0.0488031
0.0488242
0.0488481
0.0488747
0.0489023
0.0489263
0.0489418
0.0489425
0.0489295
0.0489232
0.0489357
0.0489368
0.048943
0.0489487
0.0489552
0.0489621
0.0489686
0.0489734
0.0489767
0.0489786
0.0489791
0.0489724
0.0489654
0.0492043
0.0492353
0.0492356
0.0492367
0.0492373
0.049237
0.0492363
0.0492355
0.0492346
0.0492337
0.0492325
0.0492309
0.049229
0.0492267
0.049224
0.0492208
0.0492171
0.049213
0.0492086
0.0492037
0.0491984
0.0491927
0.0491867
0.0491804
0.0491738
0.0491669
0.0491598
0.0491524
0.0491448
0.0491369
0.0491286
0.0491201
0.0491113
0.0491021
0.0490924
0.0490824
0.0490717
0.0490603
0.0490478
0.0490339
0.0490185
0.0490033
0.0489898
0.048979
0.0489713
0.0489669
0.0489653
0.0489654
0.048966
0.0489666
0.0489672
0.0489677
0.0489681
0.0489685
0.0489689
0.0489692
0.0489694
0.0489696
0.0489697
0.0489696
0.0489691
0.0489679
0.0489656
0.0489616
0.0489554
0.0489466
0.0489345
0.0489162
0.0488942
0.0488725
0.0488508
0.0488248
0.0488106
0.0488265
0.0488384
0.0488445
0.0488603
0.048883
0.0489083
0.0489327
0.0489546
0.0489736
0.04899
0.0490033
0.0490097
0.048987
0.0489457
0.0489288
0.048941
0.0489842
0.0489859
0.0489898
0.0489935
0.0489964
0.0489987
0.0490006
0.049003
0.0490051
0.0490031
0.0489675
0.0491952
0.0492334
0.0492325
0.0492337
0.0492344
0.0492343
0.0492339
0.0492336
0.0492332
0.0492327
0.0492319
0.0492308
0.0492292
0.0492271
0.0492245
0.0492214
0.0492178
0.0492138
0.0492093
0.0492043
0.049199
0.0491933
0.0491873
0.0491809
0.0491743
0.0491673
0.0491601
0.0491527
0.049145
0.0491371
0.0491289
0.0491205
0.049112
0.0491033
0.0490946
0.0490859
0.0490773
0.0490691
0.0490614
0.0490542
0.0490472
0.0490399
0.0490327
0.0490258
0.0490194
0.0490134
0.0490078
0.0490025
0.0489978
0.0489936
0.0489901
0.0489872
0.0489848
0.048983
0.0489815
0.0489803
0.0489794
0.0489787
0.048978
0.0489772
0.0489761
0.0489744
0.0489715
0.048967
0.0489601
0.0489505
0.0489376
0.0489194
0.0488938
0.04886
0.0488211
0.0487853
0.0487688
0.048773
0.0487871
0.0488112
0.0488399
0.0488703
0.048902
0.0489316
0.0489574
0.0489792
0.0489972
0.0490119
0.0490219
0.0490132
0.0489688
0.0489304
0.048925
0.0489445
0.0489796
0.0489877
0.0489916
0.0489942
0.0489958
0.0489971
0.049
0.0490046
0.0490066
0.0489592
0.0491863
0.0492304
0.0492298
0.0492313
0.0492318
0.0492316
0.0492313
0.049231
0.0492308
0.0492305
0.04923
0.0492291
0.0492277
0.0492257
0.0492231
0.04922
0.0492163
0.0492121
0.0492074
0.0492024
0.0491969
0.0491911
0.0491849
0.0491785
0.0491718
0.0491648
0.0491575
0.04915
0.0491422
0.0491342
0.0491259
0.0491175
0.0491089
0.0491002
0.0490915
0.0490829
0.0490744
0.0490663
0.0490586
0.0490515
0.049045
0.0490388
0.0490328
0.0490265
0.04902
0.0490134
0.049007
0.0490011
0.0489959
0.0489915
0.0489878
0.0489848
0.0489825
0.0489807
0.0489793
0.0489784
0.0489778
0.0489775
0.0489773
0.048977
0.0489764
0.0489752
0.0489728
0.0489685
0.0489614
0.0489507
0.0489357
0.0489146
0.0488845
0.0488429
0.0487948
0.0487536
0.0487327
0.048731
0.0487431
0.0487677
0.0488049
0.0488473
0.0488886
0.0489256
0.0489569
0.0489822
0.0490025
0.0490187
0.0490307
0.0490305
0.048995
0.0489459
0.048922
0.048926
0.048944
0.0489738
0.0489887
0.0489913
0.0489924
0.0489933
0.0489965
0.0490031
0.0490096
0.0489529
0.0491782
0.0492262
0.0492281
0.0492301
0.0492306
0.0492304
0.0492301
0.0492298
0.0492297
0.0492295
0.0492291
0.0492282
0.0492268
0.0492247
0.0492219
0.0492185
0.0492145
0.0492099
0.0492049
0.0491995
0.0491937
0.0491877
0.0491813
0.0491747
0.0491678
0.0491607
0.0491533
0.0491456
0.0491377
0.0491296
0.0491213
0.0491127
0.049104
0.0490953
0.0490865
0.0490778
0.0490693
0.0490611
0.0490532
0.0490458
0.0490388
0.0490321
0.0490256
0.0490191
0.0490126
0.0490062
0.0490002
0.0489946
0.0489896
0.0489854
0.0489819
0.0489791
0.048977
0.0489754
0.0489745
0.0489739
0.0489738
0.048974
0.0489744
0.0489749
0.0489752
0.0489749
0.0489735
0.04897
0.0489633
0.0489518
0.0489345
0.04891
0.0488761
0.0488314
0.0487812
0.0487389
0.0487153
0.0487108
0.0487224
0.0487483
0.0487861
0.0488318
0.0488789
0.0489218
0.0489579
0.0489866
0.049009
0.0490263
0.0490392
0.0490434
0.0490198
0.0489703
0.0489324
0.0489206
0.0489284
0.0489469
0.0489736
0.0489884
0.0489902
0.0489906
0.0489934
0.0490015
0.0490122
0.0489496
0.0491708
0.0492217
0.0492277
0.0492301
0.0492309
0.0492308
0.0492305
0.0492304
0.0492303
0.0492302
0.0492297
0.0492287
0.0492269
0.0492243
0.0492209
0.0492169
0.0492122
0.049207
0.0492014
0.0491955
0.0491893
0.0491829
0.0491762
0.0491694
0.0491623
0.049155
0.0491475
0.0491398
0.0491318
0.0491235
0.049115
0.0491064
0.0490976
0.0490887
0.0490798
0.049071
0.0490624
0.0490539
0.0490458
0.0490381
0.0490307
0.0490236
0.0490167
0.04901
0.0490035
0.0489972
0.0489913
0.048986
0.0489812
0.0489772
0.0489739
0.0489714
0.0489695
0.0489683
0.0489677
0.0489676
0.0489679
0.0489687
0.0489697
0.0489709
0.0489722
0.0489731
0.0489732
0.0489714
0.048966
0.048955
0.0489364
0.0489092
0.0488728
0.0488275
0.048779
0.0487385
0.0487149
0.04871
0.0487224
0.0487498
0.0487888
0.0488343
0.0488814
0.0489255
0.0489633
0.0489935
0.0490168
0.0490346
0.0490477
0.0490541
0.0490404
0.0489969
0.048951
0.0489255
0.0489224
0.0489347
0.0489554
0.0489794
0.0489889
0.0489895
0.0489913
0.0489999
0.0490145
0.0489484
0.049164
0.0492181
0.0492285
0.0492313
0.0492323
0.0492325
0.0492325
0.0492324
0.0492323
0.049232
0.0492312
0.0492295
0.0492269
0.0492234
0.0492191
0.0492141
0.0492085
0.0492026
0.0491963
0.0491899
0.0491833
0.0491765
0.0491697
0.0491626
0.0491555
0.0491481
0.0491405
0.0491326
0.0491245
0.0491162
0.0491076
0.0490988
0.0490899
0.049081
0.0490719
0.049063
0.0490542
0.0490456
0.0490373
0.0490292
0.0490215
0.0490141
0.049007
0.0490001
0.0489936
0.0489873
0.0489816
0.0489764
0.0489718
0.048968
0.0489649
0.0489626
0.048961
0.0489601
0.0489598
0.0489601
0.048961
0.0489623
0.0489639
0.0489659
0.0489679
0.04897
0.0489716
0.048972
0.0489692
0.0489606
0.048943
0.048915
0.0488775
0.048833
0.0487876
0.0487507
0.0487294
0.0487261
0.04874
0.0487684
0.0488074
0.0488521
0.0488971
0.0489385
0.0489745
0.0490037
0.0490263
0.0490434
0.0490561
0.0490634
0.0490564
0.0490215
0.0489733
0.0489374
0.0489235
0.048929
0.0489472
0.04897
0.0489866
0.0489896
0.0489902
0.0489984
0.0490167
0.0489489
0.0491581
0.0492164
0.0492303
0.0492335
0.0492347
0.0492351
0.0492352
0.049235
0.0492345
0.0492336
0.0492318
0.0492291
0.0492253
0.0492207
0.0492153
0.0492094
0.049203
0.0491964
0.0491896
0.0491827
0.0491758
0.0491688
0.0491618
0.0491547
0.0491474
0.04914
0.0491323
0.0491244
0.0491163
0.0491079
0.0490992
0.0490904
0.0490814
0.0490724
0.0490633
0.0490542
0.0490453
0.0490365
0.049028
0.0490198
0.0490118
0.0490042
0.0489968
0.0489898
0.0489832
0.048977
0.0489713
0.0489662
0.0489619
0.0489582
0.0489553
0.0489533
0.0489519
0.0489513
0.0489514
0.0489521
0.0489534
0.0489553
0.0489576
0.0489603
0.0489633
0.0489665
0.0489697
0.0489723
0.0489729
0.0489685
0.0489549
0.0489294
0.048893
0.0488504
0.0488088
0.0487762
0.0487584
0.0487575
0.0487726
0.0488009
0.0488383
0.0488799
0.0489212
0.0489588
0.0489906
0.0490165
0.0490368
0.0490524
0.0490641
0.0490714
0.0490685
0.0490423
0.048996
0.048953
0.0489294
0.0489275
0.0489427
0.0489659
0.0489845
0.04899
0.0489896
0.0489966
0.0490189
0.0489505
0.0491527
0.0492166
0.0492326
0.0492362
0.0492376
0.049238
0.0492379
0.0492372
0.0492358
0.0492336
0.0492306
0.0492266
0.0492217
0.049216
0.0492097
0.0492029
0.0491959
0.0491887
0.0491815
0.0491743
0.0491672
0.0491601
0.049153
0.0491459
0.0491386
0.0491312
0.0491235
0.0491156
0.0491075
0.0490991
0.0490905
0.0490816
0.0490727
0.0490636
0.0490544
0.0490453
0.0490363
0.0490274
0.0490187
0.0490103
0.0490022
0.0489943
0.0489868
0.0489797
0.048973
0.0489668
0.0489611
0.0489561
0.0489518
0.0489483
0.0489456
0.0489437
0.0489426
0.0489423
0.0489427
0.0489438
0.0489456
0.0489479
0.0489508
0.0489542
0.0489581
0.0489625
0.0489671
0.0489718
0.0489756
0.0489762
0.0489692
0.0489501
0.0489187
0.0488804
0.0488435
0.0488154
0.0488011
0.0488021
0.0488174
0.0488438
0.0488774
0.0489139
0.0489496
0.0489816
0.0490088
0.0490306
0.0490478
0.0490611
0.0490714
0.0490784
0.0490781
0.0490589
0.049017
0.0489702
0.0489383
0.0489288
0.0489401
0.0489632
0.0489833
0.0489903
0.0489887
0.048994
0.049021
0.0489526
0.0491477
0.0492185
0.0492353
0.0492391
0.0492406
0.0492407
0.0492399
0.0492382
0.0492356
0.0492321
0.0492277
0.0492224
0.0492164
0.0492098
0.0492027
0.0491953
0.0491878
0.0491802
0.0491727
0.0491653
0.049158
0.0491509
0.0491438
0.0491368
0.0491296
0.0491223
0.0491147
0.049107
0.0490989
0.0490906
0.0490821
0.0490733
0.0490644
0.0490553
0.0490461
0.049037
0.0490279
0.0490189
0.0490101
0.0490015
0.0489932
0.0489851
0.0489775
0.0489702
0.0489634
0.0489571
0.0489514
0.0489464
0.0489422
0.0489387
0.0489361
0.0489343
0.0489334
0.0489333
0.048934
0.0489354
0.0489375
0.0489403
0.0489437
0.0489477
0.0489524
0.0489576
0.0489634
0.0489697
0.048976
0.0489808
0.0489808
0.0489711
0.0489493
0.0489192
0.0488887
0.0488656
0.0488543
0.048856
0.0488696
0.0488922
0.0489202
0.04895
0.0489787
0.0490045
0.0490263
0.049044
0.049058
0.0490692
0.049078
0.0490844
0.0490855
0.0490718
0.0490353
0.0489873
0.0489487
0.0489319
0.0489383
0.0489605
0.0489821
0.0489898
0.048987
0.04899
0.0490229
0.0489546
0.049143
0.0492212
0.0492379
0.049242
0.0492433
0.0492429
0.0492411
0.0492381
0.049234
0.0492291
0.0492234
0.0492171
0.0492102
0.0492028
0.0491951
0.0491872
0.0491793
0.0491714
0.0491637
0.0491563
0.049149
0.049142
0.049135
0.0491281
0.0491211
0.049114
0.0491067
0.0490991
0.0490912
0.0490831
0.0490746
0.0490659
0.049057
0.0490479
0.0490387
0.0490295
0.0490203
0.0490112
0.0490023
0.0489935
0.048985
0.0489768
0.048969
0.0489615
0.0489546
0.0489482
0.0489424
0.0489374
0.0489332
0.0489298
0.0489272
0.0489255
0.0489247
0.0489248
0.0489256
0.0489273
0.0489297
0.0489327
0.0489365
0.048941
0.0489461
0.048952
0.0489585
0.0489658
0.0489736
0.0489813
0.0489867
0.0489861
0.048976
0.0489574
0.0489361
0.0489189
0.0489104
0.0489118
0.0489224
0.0489398
0.048961
0.0489836
0.0490053
0.0490248
0.0490416
0.0490554
0.0490668
0.049076
0.0490836
0.0490895
0.0490916
0.0490819
0.0490507
0.0490035
0.0489599
0.0489359
0.048937
0.048957
0.0489793
0.0489881
0.0489841
0.0489844
0.0490235
0.0489554
0.0491385
0.0492243
0.0492404
0.0492448
0.0492458
0.0492445
0.0492414
0.0492369
0.0492313
0.049225
0.0492182
0.049211
0.0492035
0.0491957
0.0491876
0.0491794
0.0491713
0.0491632
0.0491555
0.049148
0.0491408
0.0491339
0.0491271
0.0491205
0.0491137
0.0491069
0.0490998
0.0490924
0.0490847
0.0490767
0.0490683
0.0490596
0.0490506
0.0490415
0.0490322
0.0490229
0.0490136
0.0490044
0.0489953
0.0489863
0.0489777
0.0489693
0.0489612
0.0489536
0.0489465
0.04894
0.0489341
0.048929
0.0489248
0.0489214
0.0489189
0.0489173
0.0489166
0.0489168
0.0489178
0.0489196
0.0489222
0.0489255
0.0489295
0.0489342
0.0489397
0.0489458
0.0489528
0.0489606
0.0489691
0.0489782
0.0489867
0.0489923
0.0489922
0.0489853
0.0489745
0.0489645
0.0489593
0.0489606
0.048968
0.0489802
0.0489952
0.0490111
0.0490267
0.0490409
0.0490534
0.0490641
0.0490732
0.0490811
0.0490878
0.0490935
0.0490963
0.0490898
0.0490636
0.0490183
0.0489712
0.0489408
0.048936
0.0489527
0.0489749
0.0489854
0.0489806
0.0489773
0.0490203
0.0489536
0.0491342
0.0492273
0.0492429
0.0492475
0.049248
0.0492456
0.0492409
0.0492347
0.0492277
0.0492202
0.0492126
0.0492048
0.0491969
0.0491888
0.0491807
0.0491724
0.0491642
0.0491561
0.0491483
0.049141
0.0491339
0.0491272
0.0491207
0.0491143
0.0491078
0.0491012
0.0490943
0.0490871
0.0490795
0.0490714
0.0490629
0.0490541
0.049045
0.0490357
0.0490263
0.0490168
0.0490074
0.048998
0.0489888
0.0489797
0.0489709
0.0489623
0.0489541
0.0489463
0.048939
0.0489323
0.0489264
0.0489212
0.0489168
0.0489134
0.048911
0.0489095
0.0489089
0.0489092
0.0489105
0.0489125
0.0489153
0.0489187
0.0489229
0.0489278
0.0489333
0.0489396
0.0489467
0.0489545
0.0489632
0.0489726
0.0489823
0.0489911
0.0489971
0.048999
0.0489973
0.0489946
0.0489934
0.0489954
0.0490008
0.0490092
0.0490194
0.0490305
0.0490414
0.0490518
0.0490612
0.0490697
0.0490773
0.0490842
0.0490905
0.0490962
0.0490998
0.0490958
0.0490742
0.0490318
0.0489826
0.0489466
0.0489356
0.0489483
0.0489694
0.0489821
0.0489774
0.0489696
0.0490099
0.0489486
0.04913
0.04923
0.0492453
0.04925
0.0492498
0.0492459
0.0492394
0.0492317
0.0492234
0.0492152
0.0492071
0.049199
0.049191
0.0491828
0.0491746
0.0491664
0.0491582
0.0491503
0.0491428
0.0491356
0.0491287
0.0491221
0.0491158
0.0491096
0.0491034
0.0490969
0.0490902
0.0490829
0.0490751
0.0490669
0.0490581
0.049049
0.0490397
0.0490301
0.0490205
0.0490109
0.0490014
0.048992
0.0489827
0.0489736
0.0489647
0.048956
0.0489476
0.0489396
0.0489322
0.0489253
0.0489191
0.0489138
0.0489094
0.0489059
0.0489034
0.048902
0.0489016
0.0489021
0.0489035
0.0489058
0.0489088
0.0489124
0.0489168
0.0489218
0.0489274
0.0489336
0.0489406
0.0489483
0.0489567
0.048966
0.0489757
0.0489855
0.0489943
0.049001
0.0490054
0.0490082
0.0490108
0.0490143
0.0490194
0.0490258
0.0490333
0.0490414
0.0490495
0.0490575
0.0490651
0.0490723
0.0490791
0.0490856
0.0490918
0.0490976
0.049102
0.0491003
0.0490829
0.0490439
0.0489938
0.0489531
0.0489363
0.0489444
0.048964
0.0489787
0.0489754
0.0489624
0.0489913
0.0489417
0.049126
0.0492332
0.0492476
0.0492523
0.049251
0.0492453
0.0492371
0.049228
0.049219
0.0492103
0.049202
0.049194
0.0491859
0.0491779
0.0491698
0.0491617
0.0491537
0.0491461
0.0491387
0.0491318
0.0491252
0.0491189
0.0491126
0.0491065
0.0491003
0.0490939
0.0490869
0.0490794
0.0490713
0.0490626
0.0490534
0.0490439
0.0490342
0.0490244
0.0490147
0.049005
0.0489955
0.0489861
0.0489769
0.0489679
0.048959
0.0489502
0.0489418
0.0489336
0.0489259
0.0489188
0.0489124
0.0489069
0.0489023
0.0488988
0.0488963
0.0488949
0.0488946
0.0488953
0.0488969
0.0488994
0.0489026
0.0489066
0.0489111
0.0489162
0.0489219
0.0489282
0.048935
0.0489424
0.0489505
0.0489592
0.0489685
0.0489782
0.0489877
0.0489963
0.0490037
0.0490099
0.0490153
0.0490205
0.0490261
0.0490321
0.0490385
0.0490452
0.0490521
0.0490589
0.0490657
0.0490723
0.0490788
0.0490853
0.0490917
0.049098
0.0491031
0.0491034
0.0490897
0.0490546
0.0490049
0.0489606
0.0489383
0.0489416
0.0489593
0.0489756
0.0489754
0.0489569
0.0489683
0.0489361
0.049122
0.0492352
0.0492503
0.0492541
0.0492512
0.0492437
0.049234
0.049224
0.0492146
0.0492058
0.0491975
0.0491896
0.0491818
0.049174
0.0491662
0.0491584
0.0491508
0.0491435
0.0491365
0.0491298
0.0491234
0.0491172
0.0491111
0.0491048
0.0490984
0.0490916
0.0490843
0.0490762
0.0490674
0.0490581
0.0490483
0.0490383
0.0490282
0.0490183
0.0490085
0.048999
0.0489897
0.0489806
0.0489716
0.0489628
0.048954
0.0489453
0.0489367
0.0489284
0.0489205
0.0489131
0.0489064
0.0489006
0.0488958
0.0488921
0.0488895
0.0488882
0.0488879
0.0488888
0.0488906
0.0488934
0.0488969
0.0489011
0.0489059
0.0489113
0.0489171
0.0489234
0.0489301
0.0489372
0.0489449
0.0489531
0.0489618
0.0489709
0.0489801
0.0489892
0.0489976
0.0490053
0.0490123
0.0490188
0.0490251
0.0490313
0.0490377
0.0490441
0.0490506
0.0490572
0.0490638
0.0490704
0.049077
0.0490837
0.0490905
0.0490973
0.0491033
0.0491053
0.0490951
0.049064
0.0490156
0.0489686
0.0489414
0.04894
0.0489554
0.0489728
0.0489759
0.0489527
0.0489492
0.048931
0.049118
0.0492359
0.0492521
0.0492553
0.0492506
0.0492413
0.0492305
0.0492199
0.0492103
0.0492016
0.0491936
0.049186
0.0491785
0.0491712
0.0491639
0.0491566
0.0491495
0.0491426
0.049136
0.0491296
0.0491233
0.0491171
0.0491108
0.0491041
0.0490972
0.0490898
0.0490817
0.0490728
0.0490631
0.0490529
0.0490425
0.049032
0.0490217
0.0490118
0.0490022
0.0489931
0.0489843
0.0489756
0.0489671
0.0489586
0.0489501
0.0489415
0.0489328
0.0489243
0.048916
0.0489082
0.0489011
0.0488949
0.0488898
0.0488859
0.0488832
0.0488818
0.0488817
0.0488827
0.0488847
0.0488878
0.0488916
0.0488961
0.0489013
0.0489069
0.0489129
0.0489193
0.048926
0.048933
0.0489404
0.0489481
0.0489562
0.0489647
0.0489733
0.048982
0.0489905
0.0489986
0.0490062
0.0490134
0.0490203
0.049027
0.0490336
0.0490402
0.0490468
0.0490536
0.0490603
0.0490672
0.0490742
0.0490813
0.0490885
0.0490959
0.0491028
0.0491063
0.0490992
0.0490721
0.0490258
0.0489771
0.0489455
0.0489392
0.0489518
0.0489694
0.0489751
0.0489489
0.0489368
0.0489265
0.0491142
0.0492361
0.049253
0.0492554
0.0492491
0.0492382
0.0492265
0.0492157
0.0492061
0.0491977
0.04919
0.0491829
0.049176
0.0491692
0.0491626
0.049156
0.0491496
0.0491433
0.049137
0.0491309
0.0491246
0.0491182
0.0491115
0.0491043
0.0490964
0.049088
0.0490788
0.0490687
0.049058
0.0490469
0.0490358
0.0490249
0.0490146
0.049005
0.048996
0.0489875
0.0489795
0.0489716
0.0489638
0.0489558
0.0489476
0.048939
0.0489302
0.0489213
0.0489125
0.0489042
0.0488965
0.0488898
0.0488843
0.0488801
0.0488773
0.0488759
0.0488758
0.048877
0.0488793
0.0488827
0.0488869
0.0488918
0.0488973
0.0489033
0.0489096
0.0489161
0.0489229
0.0489299
0.0489371
0.0489445
0.0489521
0.04896
0.048968
0.0489761
0.0489842
0.0489922
0.0489998
0.0490072
0.0490144
0.0490214
0.0490283
0.0490352
0.0490421
0.0490491
0.0490562
0.0490634
0.0490707
0.0490783
0.049086
0.049094
0.0491016
0.0491066
0.0491022
0.049079
0.0490354
0.0489858
0.0489502
0.0489389
0.0489481
0.0489648
0.0489726
0.0489499
0.0489312
0.0489216
0.0491106
0.0492358
0.0492532
0.0492547
0.0492466
0.0492345
0.0492223
0.0492113
0.049202
0.0491939
0.0491867
0.0491801
0.0491739
0.0491679
0.0491621
0.0491563
0.0491507
0.049145
0.0491393
0.0491333
0.0491271
0.0491204
0.049113
0.0491048
0.0490958
0.0490859
0.0490753
0.0490638
0.0490519
0.0490398
0.0490282
0.0490173
0.0490073
0.0489982
0.0489901
0.0489828
0.0489758
0.048969
0.048962
0.0489547
0.0489467
0.0489382
0.048929
0.0489196
0.0489101
0.0489009
0.0488925
0.0488851
0.0488792
0.0488747
0.0488717
0.0488704
0.0488704
0.0488719
0.0488745
0.0488783
0.0488829
0.0488883
0.0488942
0.0489005
0.0489072
0.048914
0.048921
0.0489281
0.0489352
0.0489424
0.0489497
0.0489571
0.0489646
0.0489721
0.0489797
0.0489873
0.0489947
0.049002
0.0490091
0.0490162
0.0490232
0.0490303
0.0490374
0.0490446
0.0490519
0.0490594
0.0490671
0.0490751
0.0490833
0.0490918
0.0491002
0.0491063
0.0491043
0.0490849
0.0490443
0.0489945
0.0489552
0.048939
0.048944
0.0489588
0.0489677
0.048952
0.048936
0.0489211
0.0491073
0.0492351
0.0492529
0.0492531
0.0492433
0.0492303
0.0492177
0.0492068
0.0491978
0.0491901
0.0491834
0.0491774
0.0491719
0.0491667
0.0491618
0.049157
0.0491522
0.0491473
0.0491422
0.0491366
0.0491302
0.0491231
0.0491148
0.0491055
0.049095
0.0490834
0.049071
0.049058
0.0490448
0.0490319
0.0490199
0.0490092
0.0489999
0.0489919
0.0489851
0.0489792
0.0489736
0.0489681
0.0489621
0.0489553
0.0489476
0.0489389
0.0489293
0.0489189
0.0489084
0.0488982
0.0488888
0.0488806
0.0488741
0.0488694
0.0488664
0.0488652
0.0488656
0.0488674
0.0488705
0.0488748
0.0488799
0.0488858
0.0488922
0.048899
0.0489061
0.0489133
0.0489205
0.0489277
0.0489348
0.0489419
0.048949
0.0489561
0.0489631
0.0489702
0.0489773
0.0489844
0.0489915
0.0489984
0.0490054
0.0490123
0.0490193
0.0490263
0.0490334
0.0490407
0.0490482
0.0490559
0.0490638
0.0490721
0.0490807
0.0490897
0.0490986
0.0491057
0.0491058
0.0490897
0.0490523
0.0490029
0.0489606
0.0489393
0.0489397
0.0489516
0.04896
0.0489508
0.0489459
0.0489346
0.0491041
0.0492338
0.0492518
0.0492508
0.0492396
0.0492256
0.0492129
0.0492021
0.0491933
0.049186
0.0491798
0.0491744
0.0491696
0.0491653
0.0491613
0.0491574
0.0491536
0.0491496
0.0491452
0.04914
0.0491337
0.049126
0.0491169
0.0491061
0.0490938
0.0490804
0.0490659
0.0490512
0.0490368
0.0490232
0.0490112
0.0490011
0.0489929
0.0489864
0.0489813
0.0489771
0.0489732
0.048969
0.048964
0.0489578
0.0489503
0.0489412
0.0489307
0.0489192
0.0489073
0.0488957
0.0488851
0.0488761
0.0488691
0.0488642
0.0488614
0.0488606
0.0488614
0.0488639
0.0488677
0.0488726
0.0488784
0.0488849
0.0488918
0.0488991
0.0489066
0.048914
0.0489215
0.0489289
0.0489361
0.0489432
0.0489502
0.048957
0.0489638
0.0489705
0.0489772
0.0489838
0.0489904
0.048997
0.0490036
0.0490102
0.0490169
0.0490237
0.0490307
0.0490379
0.0490454
0.0490531
0.0490612
0.0490696
0.0490785
0.0490878
0.0490972
0.0491051
0.0491069
0.0490938
0.0490596
0.049011
0.0489662
0.0489401
0.0489356
0.0489438
0.0489506
0.0489444
0.0489482
0.0489533
0.0491011
0.0492319
0.04925
0.0492479
0.0492356
0.0492209
0.0492078
0.0491971
0.0491885
0.0491816
0.0491758
0.0491709
0.0491667
0.0491631
0.0491599
0.049157
0.0491542
0.0491512
0.0491477
0.0491431
0.049137
0.049129
0.0491188
0.0491065
0.0490922
0.0490766
0.0490601
0.0490436
0.049028
0.0490141
0.0490024
0.0489933
0.0489866
0.048982
0.0489789
0.0489767
0.0489744
0.0489716
0.0489676
0.048962
0.0489544
0.0489447
0.0489332
0.0489203
0.0489067
0.0488935
0.0488815
0.0488715
0.0488641
0.0488593
0.048857
0.0488569
0.0488587
0.048862
0.0488666
0.0488724
0.048879
0.0488861
0.0488936
0.0489013
0.0489091
0.0489168
0.0489244
0.0489319
0.0489392
0.0489464
0.0489533
0.04896
0.0489666
0.048973
0.0489793
0.0489855
0.0489917
0.0489978
0.049004
0.0490102
0.0490165
0.0490229
0.0490296
0.0490365
0.0490437
0.0490513
0.0490594
0.0490678
0.0490769
0.0490864
0.0490962
0.0491047
0.0491078
0.0490973
0.049066
0.0490187
0.0489719
0.0489415
0.0489321
0.0489365
0.048941
0.0489357
0.0489396
0.0489574
0.0490982
0.0492294
0.0492475
0.0492445
0.0492313
0.0492161
0.0492027
0.0491919
0.0491834
0.0491767
0.0491712
0.0491667
0.049163
0.0491599
0.0491574
0.0491554
0.0491536
0.0491516
0.0491491
0.0491455
0.0491399
0.0491318
0.0491207
0.0491067
0.0490903
0.0490723
0.0490537
0.0490354
0.0490189
0.0490048
0.0489939
0.0489861
0.0489813
0.0489789
0.048978
0.0489777
0.0489772
0.0489757
0.0489726
0.0489674
0.0489597
0.0489494
0.0489367
0.0489221
0.0489066
0.0488915
0.048878
0.0488672
0.0488596
0.0488553
0.0488541
0.0488553
0.0488584
0.0488628
0.0488685
0.0488752
0.0488826
0.0488903
0.0488982
0.0489061
0.048914
0.0489218
0.0489295
0.048937
0.0489442
0.0489513
0.0489581
0.0489647
0.0489711
0.0489773
0.0489834
0.0489892
0.048995
0.0490007
0.0490064
0.0490121
0.0490179
0.0490239
0.0490301
0.0490366
0.0490435
0.0490508
0.0490586
0.049067
0.0490761
0.0490857
0.0490957
0.0491047
0.0491087
0.0491003
0.0490718
0.0490258
0.0489776
0.0489434
0.0489295
0.0489303
0.0489327
0.0489273
0.0489282
0.0489489
0.0490952
0.0492263
0.0492445
0.0492408
0.0492269
0.0492113
0.0491977
0.0491867
0.0491781
0.0491714
0.0491661
0.0491619
0.0491585
0.0491558
0.0491538
0.0491523
0.0491513
0.0491504
0.0491492
0.0491467
0.0491421
0.0491342
0.0491225
0.0491068
0.049088
0.0490675
0.0490467
0.049027
0.0490096
0.0489957
0.0489858
0.0489798
0.0489772
0.048977
0.0489783
0.04898
0.0489811
0.0489809
0.0489786
0.0489738
0.0489661
0.0489551
0.0489412
0.0489248
0.0489073
0.0488903
0.0488754
0.048864
0.0488567
0.0488534
0.0488538
0.0488569
0.0488619
0.0488682
0.0488748
0.0488822
0.0488901
0.0488981
0.0489061
0.048914
0.0489217
0.0489293
0.0489366
0.0489438
0.0489508
0.0489576
0.0489643
0.0489707
0.048977
0.048983
0.0489888
0.0489944
0.0489999
0.0490052
0.0490104
0.0490157
0.049021
0.0490264
0.0490321
0.0490381
0.0490446
0.0490515
0.0490591
0.0490673
0.0490763
0.049086
0.049096
0.0491052
0.04911
0.0491032
0.049077
0.0490324
0.0489831
0.0489457
0.0489279
0.0489254
0.0489259
0.0489201
0.0489183
0.0489397
0.0490922
0.0492227
0.0492411
0.0492371
0.0492228
0.0492068
0.0491928
0.0491816
0.0491728
0.0491661
0.049161
0.0491569
0.0491537
0.0491511
0.0491492
0.049148
0.0491475
0.0491476
0.0491476
0.0491467
0.0491434
0.0491364
0.0491243
0.0491071
0.0490858
0.0490626
0.0490395
0.0490183
0.0490005
0.0489871
0.0489785
0.0489745
0.0489741
0.0489762
0.0489796
0.0489831
0.0489857
0.0489866
0.0489852
0.048981
0.0489733
0.0489619
0.0489469
0.0489289
0.0489096
0.0488908
0.0488748
0.0488632
0.0488567
0.0488551
0.0488576
0.0488631
0.0488706
0.0488789
0.0488868
0.0488941
0.0489019
0.0489097
0.0489172
0.0489245
0.0489315
0.0489384
0.048945
0.0489516
0.0489581
0.0489645
0.0489709
0.0489771
0.0489832
0.0489891
0.0489948
0.0490003
0.0490055
0.0490106
0.0490156
0.0490204
0.0490253
0.0490303
0.0490354
0.049041
0.0490469
0.0490535
0.0490607
0.0490687
0.0490775
0.0490872
0.0490973
0.0491066
0.0491117
0.0491059
0.0490815
0.0490381
0.048988
0.0489479
0.0489267
0.0489214
0.0489201
0.0489133
0.0489092
0.0489341
0.0490891
0.0492187
0.0492376
0.0492336
0.0492192
0.0492029
0.0491885
0.0491769
0.049168
0.0491613
0.0491563
0.0491525
0.0491494
0.0491467
0.0491445
0.0491431
0.0491427
0.0491433
0.0491445
0.0491453
0.0491439
0.0491382
0.0491263
0.0491077
0.0490839
0.0490579
0.0490324
0.0490099
0.0489918
0.0489792
0.0489721
0.0489701
0.0489719
0.0489761
0.0489814
0.0489864
0.0489903
0.0489924
0.0489921
0.0489886
0.0489813
0.0489698
0.0489541
0.0489351
0.0489144
0.0488945
0.0488779
0.0488668
0.0488616
0.0488619
0.0488664
0.0488739
0.0488831
0.0488933
0.0489028
0.0489105
0.0489167
0.0489232
0.0489296
0.0489356
0.0489414
0.0489472
0.048953
0.0489588
0.0489647
0.0489707
0.0489767
0.0489828
0.0489888
0.0489947
0.0490004
0.0490059
0.0490112
0.0490162
0.0490211
0.0490257
0.0490303
0.0490349
0.0490397
0.0490448
0.0490504
0.0490565
0.0490635
0.0490712
0.0490799
0.0490895
0.0490996
0.0491088
0.049114
0.0491088
0.0490855
0.0490428
0.0489919
0.0489496
0.0489256
0.0489177
0.0489145
0.0489061
0.0489
0.0489319
0.0490858
0.0492145
0.0492342
0.0492308
0.0492166
0.0492001
0.0491853
0.0491734
0.0491643
0.0491576
0.0491531
0.0491498
0.0491469
0.049144
0.0491411
0.0491389
0.0491378
0.0491382
0.0491401
0.0491425
0.0491435
0.0491399
0.0491288
0.049109
0.0490826
0.0490536
0.0490257
0.0490018
0.0489837
0.048972
0.0489666
0.0489666
0.0489703
0.0489763
0.0489831
0.0489895
0.0489947
0.0489981
0.0489989
0.0489964
0.04899
0.0489789
0.0489633
0.0489439
0.0489229
0.048903
0.048887
0.0488768
0.0488728
0.0488743
0.0488798
0.0488879
0.048897
0.0489064
0.048915
0.0489224
0.0489286
0.0489347
0.0489392
0.048944
0.0489489
0.048954
0.0489591
0.0489644
0.0489699
0.0489755
0.0489814
0.0489873
0.0489933
0.0489993
0.0490051
0.0490108
0.0490163
0.0490215
0.0490264
0.0490311
0.0490356
0.04904
0.0490446
0.0490494
0.0490547
0.0490606
0.0490673
0.0490749
0.0490835
0.049093
0.049103
0.0491121
0.0491169
0.0491116
0.0490887
0.0490462
0.0489944
0.0489501
0.0489238
0.0489138
0.0489086
0.048898
0.0488905
0.0489332
0.0490825
0.0492102
0.0492311
0.0492288
0.0492153
0.049199
0.0491839
0.0491715
0.0491622
0.0491558
0.0491522
0.0491498
0.0491474
0.0491443
0.0491404
0.0491367
0.049134
0.0491334
0.0491351
0.0491388
0.0491423
0.0491415
0.0491318
0.0491113
0.0490823
0.0490501
0.0490197
0.0489945
0.0489763
0.0489655
0.0489616
0.0489633
0.0489688
0.0489763
0.0489844
0.0489921
0.0489986
0.0490034
0.0490056
0.0490046
0.0489995
0.0489897
0.0489751
0.0489568
0.0489366
0.0489175
0.0489022
0.0488925
0.0488889
0.0488907
0.0488961
0.0489038
0.0489123
0.0489208
0.0489285
0.0489354
0.0489412
0.0489458
0.048949
0.0489511
0.0489563
0.0489625
0.0489675
0.0489719
0.0489762
0.0489809
0.0489859
0.0489914
0.0489971
0.049003
0.049009
0.0490149
0.0490207
0.0490261
0.0490313
0.0490362
0.0490408
0.0490453
0.0490498
0.0490545
0.0490596
0.0490654
0.049072
0.0490796
0.0490883
0.0490978
0.0491076
0.0491162
0.0491204
0.0491144
0.049091
0.0490479
0.0489949
0.048949
0.048921
0.0489092
0.0489018
0.0488886
0.0488814
0.0489384
0.0490791
0.0492061
0.0492286
0.049228
0.0492158
0.0492001
0.0491849
0.0491723
0.0491629
0.049157
0.0491543
0.0491534
0.0491521
0.0491489
0.0491438
0.049138
0.049133
0.0491301
0.0491306
0.0491347
0.0491405
0.0491431
0.0491357
0.0491148
0.0490832
0.0490477
0.0490146
0.048988
0.0489696
0.0489597
0.0489571
0.0489602
0.048967
0.0489758
0.048985
0.048994
0.0490018
0.0490081
0.049012
0.0490128
0.0490097
0.049002
0.0489897
0.0489735
0.0489554
0.0489379
0.0489237
0.0489146
0.0489113
0.048913
0.0489185
0.0489264
0.0489354
0.0489447
0.0489536
0.0489617
0.0489689
0.0489751
0.0489804
0.0489849
0.048986
0.048987
0.0489859
0.0489847
0.0489852
0.0489873
0.0489908
0.0489953
0.0490005
0.0490063
0.0490123
0.0490185
0.0490245
0.0490304
0.0490359
0.0490411
0.049046
0.0490506
0.0490553
0.0490601
0.0490653
0.0490711
0.0490778
0.0490855
0.0490942
0.0491037
0.0491133
0.0491212
0.0491243
0.0491168
0.0490918
0.0490473
0.0489928
0.0489456
0.0489166
0.0489036
0.0488936
0.0488777
0.0488747
0.0489464
0.0490756
0.0492021
0.0492265
0.0492283
0.0492183
0.049204
0.0491893
0.0491765
0.049167
0.0491615
0.0491598
0.049161
0.0491611
0.0491579
0.0491517
0.0491439
0.0491361
0.04913
0.0491276
0.0491307
0.0491384
0.0491448
0.0491405
0.0491197
0.0490855
0.0490465
0.0490106
0.0489825
0.0489638
0.0489545
0.0489529
0.0489571
0.0489649
0.0489746
0.0489848
0.0489948
0.049004
0.0490118
0.0490176
0.0490206
0.04902
0.0490153
0.0490062
0.0489933
0.0489784
0.0489637
0.0489515
0.0489437
0.0489412
0.0489435
0.0489495
0.0489579
0.0489674
0.0489768
0.0489852
0.0489921
0.0489972
0.0490007
0.0490027
0.0490036
0.0490033
0.0490007
0.0489967
0.0489934
0.048992
0.0489927
0.0489951
0.0489989
0.0490038
0.0490095
0.0490157
0.0490221
0.0490285
0.0490347
0.0490407
0.0490462
0.0490514
0.0490563
0.0490612
0.0490662
0.0490717
0.0490778
0.0490847
0.0490927
0.0491015
0.0491109
0.04912
0.0491268
0.0491281
0.0491182
0.0490907
0.0490435
0.048987
0.048939
0.0489105
0.0488964
0.0488838
0.048867
0.0488718
0.0489569
0.049072
0.0491982
0.0492248
0.0492296
0.0492226
0.0492107
0.0491974
0.049185
0.0491752
0.0491695
0.0491686
0.049172
0.0491736
0.0491704
0.0491633
0.049154
0.0491437
0.0491341
0.0491276
0.0491279
0.0491362
0.0491467
0.0491463
0.0491262
0.0490895
0.0490468
0.0490078
0.048978
0.0489589
0.0489498
0.0489489
0.0489538
0.0489622
0.0489726
0.0489835
0.0489944
0.0490047
0.049014
0.0490217
0.0490272
0.0490295
0.0490282
0.049023
0.0490145
0.0490037
0.0489927
0.0489835
0.0489777
0.0489762
0.0489787
0.0489844
0.0489919
0.0489998
0.0490069
0.0490122
0.0490154
0.0490163
0.0490152
0.0490125
0.0490089
0.049005
0.0490018
0.0489993
0.0489972
0.0489964
0.0489971
0.0489994
0.0490031
0.0490079
0.0490136
0.0490199
0.0490265
0.0490332
0.0490398
0.049046
0.0490519
0.0490574
0.0490626
0.0490679
0.0490733
0.0490791
0.0490856
0.0490929
0.0491012
0.0491101
0.0491193
0.0491274
0.0491325
0.0491311
0.0491176
0.0490849
0.0490331
0.0489766
0.0489307
0.0489031
0.0488877
0.0488728
0.0488579
0.0488738
0.0489695
0.0490696
0.0491928
0.0492226
0.0492308
0.0492276
0.0492189
0.0492084
0.0491979
0.049189
0.0491831
0.0491819
0.0491857
0.0491875
0.0491841
0.0491768
0.0491669
0.0491553
0.0491428
0.0491317
0.0491274
0.0491346
0.0491488
0.0491532
0.0491344
0.0490952
0.0490486
0.0490064
0.0489746
0.0489547
0.0489456
0.0489449
0.0489502
0.048959
0.0489696
0.048981
0.0489925
0.0490038
0.0490144
0.049024
0.0490317
0.0490371
0.0490394
0.0490385
0.0490345
0.0490285
0.0490216
0.0490157
0.049012
0.0490113
0.0490135
0.0490179
0.0490232
0.0490282
0.049032
0.0490338
0.0490335
0.0490309
0.0490267
0.0490213
0.0490154
0.04901
0.049006
0.0490035
0.0490022
0.049002
0.0490032
0.0490056
0.0490093
0.0490141
0.0490198
0.049026
0.0490327
0.0490394
0.049046
0.0490524
0.0490585
0.0490644
0.04907
0.0490757
0.0490816
0.0490879
0.0490948
0.0491026
0.0491111
0.0491199
0.0491284
0.049135
0.0491373
0.0491316
0.0491102
0.0490711
0.0490179
0.0489633
0.0489205
0.0488941
0.0488776
0.0488617
0.0488519
0.0488808
0.0489834
0.049069
0.0491866
0.0492191
0.0492302
0.0492305
0.0492257
0.0492188
0.0492114
0.0492049
0.0492008
0.0492015
0.0492004
0.0491995
0.0491959
0.0491894
0.0491804
0.0491691
0.0491555
0.0491405
0.0491302
0.0491339
0.0491512
0.049161
0.0491441
0.0491026
0.0490519
0.0490062
0.0489723
0.0489514
0.0489419
0.0489411
0.0489463
0.048955
0.0489656
0.0489771
0.048989
0.0490009
0.0490125
0.0490236
0.0490334
0.0490415
0.0490473
0.0490505
0.0490511
0.0490497
0.049047
0.0490443
0.0490426
0.0490426
0.0490441
0.0490469
0.0490499
0.0490523
0.0490533
0.0490526
0.04905
0.0490458
0.0490402
0.0490339
0.0490274
0.0490215
0.0490168
0.0490138
0.0490122
0.049012
0.0490132
0.0490156
0.0490191
0.0490237
0.049029
0.0490349
0.0490412
0.0490477
0.0490542
0.0490606
0.0490668
0.0490729
0.0490789
0.049085
0.0490914
0.0490982
0.0491057
0.0491137
0.0491222
0.0491305
0.0491374
0.0491408
0.0491376
0.0491237
0.0490949
0.0490512
0.0489986
0.0489478
0.0489088
0.0488837
0.0488664
0.0488516
0.04885
0.0488926
0.0489976
0.0490702
0.04918
0.049214
0.0492268
0.0492298
0.0492281
0.0492242
0.0492196
0.0492154
0.0492124
0.049211
0.0492092
0.0492066
0.0492028
0.0491978
0.0491912
0.0491824
0.0491702
0.0491534
0.049137
0.0491348
0.0491539
0.0491696
0.0491552
0.0491116
0.0490568
0.0490074
0.0489711
0.0489488
0.0489386
0.0489373
0.048942
0.0489503
0.0489605
0.0489717
0.0489835
0.0489957
0.0490079
0.04902
0.0490314
0.0490418
0.0490506
0.0490574
0.0490621
0.0490649
0.0490662
0.0490667
0.0490671
0.0490679
0.0490692
0.0490707
0.0490721
0.0490727
0.0490722
0.0490703
0.0490669
0.0490623
0.0490567
0.0490506
0.0490443
0.0490385
0.0490335
0.04903
0.0490279
0.0490273
0.049028
0.0490299
0.0490329
0.0490368
0.0490416
0.0490469
0.0490526
0.0490586
0.0490647
0.0490709
0.0490771
0.0490833
0.0490896
0.0490962
0.049103
0.0491102
0.0491179
0.0491259
0.0491335
0.0491399
0.0491429
0.0491401
0.0491288
0.0491063
0.0490716
0.0490263
0.0489764
0.0489305
0.0488956
0.0488721
0.0488553
0.0488442
0.048853
0.0489085
0.0490108
0.0490731
0.0491735
0.0492073
0.0492205
0.0492245
0.0492242
0.0492219
0.0492187
0.0492155
0.0492128
0.0492105
0.0492083
0.0492063
0.0492042
0.0492018
0.0491983
0.0491927
0.0491832
0.0491683
0.0491481
0.049138
0.0491571
0.0491788
0.0491675
0.049122
0.0490631
0.0490099
0.0489709
0.0489471
0.0489357
0.0489335
0.0489373
0.0489447
0.0489542
0.0489647
0.048976
0.0489879
0.0490002
0.0490126
0.049025
0.0490369
0.0490479
0.0490576
0.0490657
0.0490722
0.0490771
0.0490807
0.0490835
0.0490856
0.0490874
0.0490888
0.0490897
0.0490897
0.0490888
0.0490868
0.0490837
0.0490796
0.0490748
0.0490694
0.0490639
0.0490586
0.0490539
0.0490502
0.0490478
0.0490466
0.0490466
0.0490479
0.0490501
0.0490532
0.0490572
0.0490617
0.0490667
0.0490721
0.0490777
0.0490836
0.0490897
0.0490959
0.0491023
0.049109
0.0491159
0.0491231
0.0491302
0.0491367
0.0491415
0.0491431
0.0491392
0.0491282
0.0491086
0.0490797
0.0490419
0.0489978
0.0489525
0.0489122
0.0488816
0.0488603
0.0488456
0.0488407
0.048861
0.0489274
0.049022
0.0490774
0.0491678
0.0491994
0.0492113
0.0492146
0.049214
0.0492116
0.0492087
0.0492059
0.0492035
0.0492019
0.0492014
0.0492016
0.0492025
0.0492033
0.0492032
0.0492007
0.049194
0.0491812
0.0491615
0.0491437
0.0491608
0.0491885
0.0491806
0.0491335
0.0490706
0.0490135
0.0489718
0.048946
0.0489333
0.0489298
0.0489323
0.0489384
0.0489466
0.048956
0.0489663
0.0489774
0.048989
0.0490012
0.0490136
0.0490261
0.0490383
0.0490498
0.0490604
0.0490696
0.0490776
0.0490841
0.0490894
0.0490937
0.0490969
0.0490993
0.0491008
0.0491015
0.0491012
0.0491001
0.0490981
0.0490952
0.0490917
0.0490877
0.0490834
0.0490791
0.049075
0.0490716
0.0490691
0.0490676
0.0490672
0.0490678
0.0490693
0.0490716
0.0490747
0.0490784
0.0490827
0.0490874
0.0490925
0.0490979
0.0491036
0.0491095
0.0491156
0.0491217
0.0491278
0.0491334
0.0491379
0.0491404
0.0491394
0.0491336
0.0491217
0.0491031
0.0490777
0.0490458
0.0490082
0.0489675
0.0489278
0.0488936
0.0488676
0.0488495
0.048839
0.0488419
0.0488733
0.048948
0.0490302
0.0490822
0.0491634
0.0491913
0.0492006
0.049202
0.0492
0.0491969
0.0491938
0.0491915
0.0491903
0.0491908
0.049193
0.0491964
0.0492006
0.0492046
0.0492075
0.0492076
0.0492031
0.0491921
0.0491735
0.0491518
0.049165
0.0491983
0.0491942
0.049146
0.0490793
0.0490183
0.0489736
0.0489457
0.0489311
0.0489259
0.0489268
0.0489312
0.0489378
0.0489456
0.0489544
0.0489639
0.0489743
0.0489853
0.048997
0.049009
0.0490212
0.0490333
0.049045
0.0490559
0.0490659
0.0490748
0.0490825
0.049089
0.0490943
0.0490986
0.0491019
0.0491042
0.0491057
0.0491063
0.0491061
0.0491052
0.0491037
0.0491015
0.049099
0.0490961
0.0490932
0.0490904
0.0490883
0.049087
0.0490864
0.0490867
0.0490877
0.0490894
0.0490918
0.0490947
0.0490982
0.0491021
0.0491064
0.0491109
0.0491156
0.0491203
0.0491248
0.0491289
0.049132
0.0491337
0.049133
0.049129
0.0491209
0.0491079
0.0490899
0.0490669
0.0490392
0.0490073
0.0489724
0.0489368
0.0489034
0.0488754
0.0488546
0.0488411
0.0488366
0.0488478
0.048888
0.0489692
0.0490352
0.0490865
0.0491627
0.049187
0.0491945
0.0491951
0.0491928
0.0491896
0.0491868
0.0491853
0.0491856
0.0491877
0.0491916
0.0491969
0.0492029
0.0492086
0.049213
0.0492143
0.0492109
0.0492008
0.049183
0.0491604
0.0491698
0.0492079
0.049208
0.0491592
0.0490889
0.0490241
0.0489764
0.0489461
0.0489294
0.0489221
0.0489209
0.0489233
0.0489277
0.0489335
0.0489401
0.0489477
0.048956
0.0489651
0.048975
0.0489855
0.0489965
0.0490078
0.0490192
0.0490304
0.0490411
0.0490511
0.0490604
0.0490687
0.049076
0.0490823
0.0490878
0.0490924
0.0490963
0.0490994
0.0491017
0.0491035
0.0491045
0.0491049
0.0491047
0.049104
0.0491028
0.0491013
0.0490999
0.049099
0.0490987
0.0490988
0.0490995
0.0491007
0.0491024
0.0491044
0.0491068
0.0491094
0.0491121
0.0491148
0.0491173
0.0491193
0.0491205
0.0491206
0.0491191
0.0491153
0.0491087
0.0490988
0.0490853
0.0490681
0.0490474
0.0490233
0.0489963
0.0489669
0.0489365
0.0489068
0.0488801
0.0488586
0.0488438
0.0488367
0.0488397
0.0488584
0.0489045
0.0489908
0.0490379
0.0490895
0.049172
0.0492014
0.049215
0.0492207
0.0492215
0.0492183
0.0492136
0.0492093
0.0492068
0.0492059
0.049207
0.0492096
0.0492133
0.0492174
0.0492205
0.0492211
0.0492173
0.0492072
0.0491897
0.0491676
0.049175
0.0492173
0.0492217
0.0491729
0.0490995
0.049031
0.0489801
0.0489472
0.0489281
0.0489184
0.0489147
0.0489146
0.0489165
0.0489198
0.0489239
0.0489288
0.0489344
0.0489408
0.048948
0.048956
0.0489646
0.0489738
0.0489834
0.0489933
0.0490031
0.0490128
0.0490221
0.0490309
0.0490391
0.0490468
0.0490538
0.0490603
0.0490662
0.0490716
0.0490765
0.0490809
0.0490847
0.0490879
0.0490905
0.0490923
0.0490934
0.0490936
0.0490933
0.0490931
0.049093
0.0490932
0.0490935
0.0490941
0.0490947
0.0490955
0.0490962
0.0490969
0.0490974
0.0490974
0.0490969
0.0490956
0.0490931
0.0490892
0.0490835
0.0490756
0.0490654
0.0490526
0.0490372
0.0490192
0.0489988
0.0489763
0.0489521
0.0489269
0.0489019
0.0488787
0.0488591
0.0488448
0.0488373
0.0488385
0.0488509
0.0488777
0.0489344
0.0490088
0.0490441
0.0490915
0.0491992
0.049245
0.0492633
0.0492636
0.0492565
0.0492498
0.049244
0.0492385
0.0492334
0.0492294
0.049227
0.049226
0.0492264
0.0492273
0.0492278
0.0492265
0.0492213
0.0492105
0.0491933
0.0491724
0.0491805
0.0492262
0.0492351
0.049187
0.0491111
0.049039
0.0489849
0.0489492
0.0489274
0.048915
0.0489085
0.0489055
0.0489046
0.0489049
0.048906
0.0489077
0.0489102
0.0489133
0.0489171
0.0489216
0.0489269
0.0489328
0.0489393
0.0489463
0.0489536
0.0489612
0.0489687
0.0489763
0.0489836
0.0489908
0.0489977
0.0490044
0.0490109
0.0490172
0.0490232
0.049029
0.0490345
0.0490395
0.049044
0.0490479
0.049051
0.0490533
0.0490543
0.0490547
0.0490551
0.0490553
0.0490555
0.0490556
0.0490555
0.0490553
0.0490548
0.0490541
0.049053
0.0490513
0.049049
0.0490458
0.0490415
0.0490359
0.0490289
0.0490201
0.0490094
0.0489969
0.0489825
0.0489662
0.0489483
0.0489291
0.0489092
0.0488893
0.0488706
0.0488546
0.0488428
0.0488371
0.0488394
0.0488526
0.0488814
0.0489286
0.0489922
0.0490337
0.0490561
0.0490949
0.0492395
0.0492745
0.0492612
0.0492398
0.0492253
0.0492213
0.0492242
0.0492288
0.0492324
0.0492338
0.049234
0.0492336
0.0492333
0.0492329
0.0492317
0.0492286
0.049222
0.0492104
0.0491934
0.0491746
0.0491862
0.0492347
0.0492483
0.0492017
0.0491239
0.0490484
0.048991
0.0489523
0.0489275
0.0489121
0.0489025
0.0488964
0.0488923
0.0488893
0.0488871
0.0488855
0.0488843
0.0488837
0.0488836
0.0488842
0.0488853
0.0488872
0.0488896
0.0488926
0.048896
0.0488999
0.0489041
0.0489086
0.0489132
0.0489179
0.0489228
0.0489277
0.0489326
0.0489376
0.0489427
0.0489478
0.0489528
0.0489577
0.0489624
0.0489667
0.0489707
0.0489741
0.0489769
0.0489785
0.0489798
0.0489809
0.0489818
0.0489825
0.0489831
0.0489834
0.0489835
0.0489832
0.0489826
0.0489815
0.0489798
0.0489773
0.0489739
0.0489694
0.0489637
0.0489566
0.048948
0.048938
0.0489264
0.0489135
0.0488996
0.048885
0.0488705
0.0488569
0.0488456
0.0488379
0.0488357
0.0488412
0.0488574
0.0488889
0.0489457
0.0490638
0.0490683
0.049069
0.0490701
0.0490983
0.0492747
0.0492671
0.049234
0.0492076
0.0491952
0.0491965
0.0492057
0.0492165
0.0492255
0.0492314
0.0492343
0.0492351
0.0492347
0.0492334
0.0492311
0.0492266
0.0492187
0.0492065
0.0491902
0.0491748
0.0491917
0.0492431
0.0492615
0.0492174
0.0491382
0.0490596
0.0489988
0.0489569
0.048929
0.0489103
0.0488974
0.0488879
0.0488805
0.0488741
0.0488684
0.0488632
0.0488583
0.0488537
0.0488496
0.0488459
0.0488427
0.0488401
0.0488379
0.0488363
0.0488352
0.0488346
0.0488345
0.0488347
0.0488353
0.0488363
0.0488376
0.0488392
0.0488411
0.0488434
0.0488459
0.0488488
0.0488519
0.0488554
0.048859
0.0488627
0.0488665
0.0488703
0.0488742
0.0488773
0.0488802
0.048883
0.0488856
0.0488882
0.0488906
0.0488929
0.0488951
0.048897
0.0488987
0.0488999
0.0489007
0.0489008
0.0489001
0.0488985
0.0488959
0.0488922
0.0488872
0.048881
0.0488737
0.0488654
0.0488566
0.0488478
0.04884
0.0488341
0.0488317
0.0488346
0.0488449
0.0488654
0.0488999
0.0489545
0.0490401
0.0492023
0.0491375
0.0491004
0.0490805
0.0491003
0.0492894
0.0492436
0.0492033
0.0491829
0.0491777
0.0491844
0.0491995
0.0492137
0.0492236
0.0492295
0.0492322
0.0492328
0.0492319
0.0492296
0.049226
0.0492204
0.0492116
0.0491992
0.0491841
0.049174
0.0491971
0.0492516
0.0492751
0.0492346
0.0491549
0.0490732
0.0490089
0.0489637
0.0489325
0.0489104
0.048894
0.0488811
0.0488702
0.0488604
0.0488512
0.0488424
0.0488339
0.0488256
0.0488175
0.0488098
0.0488023
0.0487953
0.0487887
0.0487825
0.0487769
0.0487717
0.0487671
0.0487629
0.0487593
0.0487562
0.0487535
0.0487515
0.0487499
0.048749
0.0487486
0.0487489
0.0487497
0.0487512
0.0487533
0.0487559
0.0487591
0.0487627
0.0487669
0.0487713
0.0487757
0.0487801
0.0487847
0.0487893
0.0487941
0.0487989
0.0488037
0.0488084
0.048813
0.0488174
0.0488214
0.048825
0.048828
0.0488303
0.0488319
0.0488325
0.0488321
0.0488309
0.0488289
0.0488265
0.048824
0.0488224
0.0488227
0.0488264
0.0488352
0.0488511
0.0488765
0.0489138
0.0489655
0.0490342
0.0491312
0.0492062
0.0492102
0.0491258
0.049086
0.0491002
0.0492853
0.0492087
0.04918
0.0491699
0.0491689
0.049175
0.0491902
0.0492083
0.0492194
0.0492245
0.0492263
0.0492262
0.0492247
0.0492217
0.0492167
0.04921
0.0492007
0.049189
0.0491761
0.0491732
0.0492028
0.0492606
0.0492897
0.0492542
0.0491749
0.0490902
0.0490222
0.0489735
0.0489389
0.0489135
0.0488937
0.0488773
0.048863
0.0488499
0.0488374
0.0488253
0.0488134
0.0488017
0.0487901
0.0487787
0.0487676
0.0487567
0.0487462
0.0487361
0.0487264
0.0487173
0.0487087
0.0487006
0.0486932
0.0486864
0.0486802
0.0486748
0.04867
0.0486661
0.048663
0.0486608
0.0486594
0.0486589
0.0486594
0.0486607
0.048663
0.048666
0.0486699
0.0486747
0.0486799
0.0486855
0.0486915
0.0486978
0.0487046
0.0487116
0.0487189
0.0487264
0.0487339
0.0487416
0.0487492
0.0487566
0.0487638
0.0487706
0.048777
0.0487828
0.048788
0.0487928
0.0487972
0.0488016
0.0488068
0.0488138
0.0488237
0.0488383
0.0488593
0.0488883
0.0489267
0.0489743
0.0490277
0.0490874
0.0491361
0.0491673
0.0492298
0.0491386
0.0490873
0.0490995
0.0492498
0.0491862
0.0491658
0.0491583
0.0491587
0.0491647
0.0491746
0.0491888
0.0492038
0.0492123
0.0492152
0.049215
0.0492131
0.0492095
0.0492038
0.0491959
0.0491871
0.0491768
0.0491684
0.0491735
0.0492094
0.0492705
0.0493059
0.0492771
0.0491994
0.0491121
0.0490401
0.0489877
0.0489497
0.048921
0.048898
0.0488784
0.0488609
0.0488447
0.0488293
0.0488142
0.0487994
0.0487847
0.0487701
0.0487558
0.0487416
0.0487276
0.048714
0.0487008
0.0486879
0.0486756
0.0486639
0.0486527
0.0486423
0.0486325
0.0486235
0.0486152
0.0486079
0.0486014
0.0485959
0.0485914
0.0485879
0.0485856
0.0485843
0.0485842
0.0485852
0.0485873
0.0485906
0.048595
0.0486003
0.0486063
0.0486131
0.0486206
0.0486288
0.0486376
0.0486471
0.048657
0.0486675
0.0486784
0.0486896
0.0487011
0.0487128
0.0487246
0.0487364
0.048748
0.0487596
0.048771
0.0487826
0.0487948
0.0488083
0.0488241
0.0488436
0.0488682
0.048899
0.0489364
0.0489792
0.0490231
0.0490704
0.0491009
0.0491169
0.049142
0.0491921
0.049138
0.0490852
0.0490972
0.0492174
0.0491713
0.0491528
0.0491451
0.0491467
0.0491546
0.0491639
0.0491727
0.0491817
0.0491917
0.0491978
0.0491989
0.049197
0.049193
0.0491871
0.0491794
0.0491714
0.0491648
0.0491634
0.0491772
0.0492188
0.0492825
0.0493244
0.0493045
0.0492305
0.0491409
0.0490647
0.0490083
0.048967
0.0489352
0.0489092
0.0488867
0.0488664
0.0488475
0.0488294
0.0488118
0.0487945
0.0487774
0.0487605
0.0487438
0.0487272
0.0487109
0.048695
0.0486794
0.0486642
0.0486496
0.0486356
0.0486222
0.0486094
0.0485975
0.0485863
0.0485759
0.0485665
0.048558
0.0485505
0.0485441
0.0485388
0.0485347
0.0485318
0.0485301
0.0485298
0.0485307
0.048533
0.0485366
0.0485415
0.0485475
0.0485546
0.0485627
0.0485719
0.0485821
0.0485933
0.0486055
0.0486186
0.0486326
0.0486474
0.0486631
0.0486794
0.0486963
0.0487137
0.0487315
0.0487495
0.0487679
0.0487866
0.0488061
0.048827
0.04885
0.0488764
0.0489068
0.0489414
0.048979
0.0490165
0.0490601
0.0490929
0.0491084
0.0491258
0.0491444
0.0491813
0.0491259
0.0490814
0.0490935
0.0491863
0.0491686
0.0491435
0.0491333
0.0491353
0.0491475
0.0491614
0.0491706
0.0491713
0.0491713
0.0491748
0.0491774
0.0491767
0.0491735
0.0491688
0.0491635
0.0491591
0.0491586
0.049166
0.0491891
0.0492348
0.0492982
0.0493462
0.049338
0.0492709
0.0491803
0.0490995
0.0490386
0.0489939
0.0489593
0.0489306
0.0489056
0.0488828
0.0488615
0.0488412
0.0488214
0.0488021
0.048783
0.0487642
0.0487457
0.0487273
0.0487093
0.0486916
0.0486744
0.0486576
0.0486413
0.0486256
0.0486106
0.0485963
0.0485828
0.04857
0.0485581
0.0485471
0.0485371
0.0485281
0.0485202
0.0485135
0.0485079
0.0485035
0.0485005
0.0484988
0.0484986
0.0484997
0.0485024
0.0485067
0.0485123
0.0485193
0.0485277
0.0485375
0.0485487
0.0485613
0.0485753
0.0485907
0.0486075
0.0486256
0.0486451
0.0486657
0.0486874
0.0487099
0.0487332
0.048757
0.0487811
0.0488055
0.0488303
0.0488557
0.0488824
0.048911
0.0489417
0.0489744
0.0490087
0.0490535
0.049089
0.0491129
0.0491315
0.0491569
0.0491803
0.0491518
0.0491128
0.0490803
0.0490978
0.0491534
0.049152
0.0491453
0.0491297
0.0491254
0.0491394
0.0491619
0.0491828
0.0491871
0.049177
0.0491668
0.0491616
0.0491605
0.0491601
0.0491599
0.0491612
0.0491656
0.049175
0.0491907
0.0492199
0.0492638
0.0493218
0.0493737
0.0493802
0.0493256
0.0492373
0.0491521
0.0490859
0.0490371
0.0489995
0.0489683
0.0489408
0.0489156
0.0488919
0.0488693
0.0488475
0.0488262
0.0488054
0.048785
0.0487649
0.0487452
0.0487259
0.048707
0.0486885
0.0486706
0.0486532
0.0486364
0.0486203
0.0486049
0.0485903
0.0485765
0.0485635
0.0485515
0.0485404
0.0485303
0.0485212
0.0485133
0.0485066
0.0485011
0.048497
0.0484942
0.0484928
0.048493
0.0484947
0.0484981
0.0485031
0.0485097
0.048518
0.048528
0.0485397
0.0485531
0.0485684
0.0485855
0.0486043
0.0486249
0.0486472
0.048671
0.0486962
0.0487225
0.0487496
0.0487772
0.0488049
0.0488322
0.0488591
0.0488855
0.0489117
0.0489384
0.0489667
0.0489992
0.0490478
0.049098
0.0491177
0.0491373
0.0491477
0.0491486
0.0491411
0.0491249
0.0491046
0.0490834
0.0491118
0.0491287
0.0491212
0.0491119
0.0491118
0.0491193
0.0491334
0.0491553
0.0491906
0.0492208
0.0492245
0.0492147
0.0491981
0.0491857
0.0491828
0.0491876
0.0491957
0.0492074
0.0492231
0.0492453
0.0492765
0.0493162
0.0493654
0.0494158
0.0494381
0.0494059
0.0493296
0.0492428
0.0491695
0.0491143
0.0490722
0.0490376
0.0490069
0.0489783
0.0489513
0.0489254
0.0489006
0.0488766
0.0488535
0.0488311
0.0488093
0.0487882
0.0487677
0.0487478
0.0487285
0.0487098
0.0486917
0.0486743
0.0486575
0.0486415
0.0486261
0.0486116
0.0485979
0.048585
0.048573
0.0485619
0.0485518
0.0485428
0.0485349
0.0485282
0.0485228
0.0485187
0.0485161
0.048515
0.0485156
0.0485179
0.0485222
0.0485282
0.048536
0.0485457
0.0485573
0.0485709
0.0485865
0.0486041
0.0486238
0.0486455
0.0486691
0.0486944
0.0487213
0.0487494
0.0487782
0.0488074
0.0488362
0.0488643
0.0488913
0.0489173
0.0489434
0.0489725
0.0490112
0.0490711
0.0491231
0.049132
0.0491286
0.0491211
0.0491133
0.0491085
0.0491078
0.0491055
0.0491006
0.0490895
0.0491508
0.049148
0.0491361
0.0491332
0.0491395
0.0491521
0.0491684
0.0491882
0.0492125
0.0492437
0.049283
0.0493242
0.0493524
0.0493623
0.0493662
0.0493723
0.0493842
0.0494008
0.0494217
0.0494449
0.049464
0.0494833
0.0495048
0.0495305
0.049556
0.0495631
0.0495324
0.049465
0.0493826
0.0493081
0.04925
0.0492044
0.049165
0.0491286
0.0490941
0.0490611
0.0490299
0.0490005
0.0489729
0.048947
0.0489229
0.0489003
0.0488793
0.0488596
0.0488412
0.048824
0.0488079
0.0487927
0.0487785
0.0487652
0.0487527
0.0487409
0.04873
0.0487197
0.0487102
0.0487014
0.0486933
0.048686
0.0486795
0.0486738
0.0486689
0.0486649
0.0486619
0.0486599
0.0486591
0.0486594
0.048661
0.0486643
0.0486694
0.0486764
0.0486855
0.0486967
0.0487102
0.0487258
0.0487438
0.0487639
0.0487863
0.0488107
0.0488369
0.0488647
0.0488936
0.0489232
0.0489531
0.0489832
0.0490135
0.0490455
0.0490821
0.0491274
0.0491767
0.0492034
0.0492025
0.0491959
0.0491857
0.0491736
0.0491612
0.0491499
0.0491417
0.0491383
0.0491365
0.04913
)
;

boundaryField
{
    floor
    {
        type            fixedFluxPressure;
        gradient        uniform 0;
        value           nonuniform List<scalar> 
100
(
0.0492048
0.0492147
0.0492205
0.0492174
0.0492134
0.0492086
0.0492036
0.0491988
0.0491943
0.04919
0.0491859
0.0491817
0.0491775
0.049173
0.0491682
0.0491631
0.0491577
0.049152
0.0491461
0.0491403
0.0491346
0.0491292
0.049124
0.0491189
0.0491139
0.0491089
0.0491036
0.049098
0.0490919
0.0490854
0.0490783
0.0490705
0.049062
0.0490526
0.049042
0.0490301
0.0490167
0.0490018
0.0489855
0.0489685
0.0489517
0.0489358
0.0489212
0.0489087
0.0488984
0.0488909
0.0488859
0.0488833
0.0488823
0.0488822
0.0488823
0.0488822
0.0488819
0.0488814
0.0488809
0.0488808
0.0488813
0.0488826
0.0488846
0.0488874
0.0488905
0.0488932
0.0488948
0.0488943
0.0488906
0.0488834
0.0488738
0.0488645
0.0488584
0.0488567
0.0488541
0.0488382
0.0488065
0.0487796
0.0487714
0.0487747
0.0487858
0.0488031
0.0488242
0.0488481
0.0488747
0.0489023
0.0489263
0.0489418
0.0489425
0.0489295
0.0489232
0.0489357
0.0489368
0.048943
0.0489487
0.0489552
0.0489621
0.0489686
0.0489734
0.0489767
0.0489786
0.0489791
0.0489724
0.0489654
)
;
    }
    ceiling
    {
        type            fixedFluxPressure;
        gradient        nonuniform List<scalar> 
100
(
0.80251
0.799378
0.797421
0.79562
0.793722
0.791587
0.78904
0.785847
0.781651
0.775936
0.768405
0.760399
0.754997
0.753429
0.75323
0.752692
0.751033
0.748452
0.745005
0.741068
0.737936
0.734752
0.731104
0.726573
0.721996
0.720997
0.727416
0.740984
0.757287
0.771706
0.782545
0.790621
0.797209
0.80302
0.80829
0.813073
0.817374
0.821201
0.824564
0.82749
0.830011
0.832168
0.834005
0.835569
0.836903
0.838048
0.839043
0.839921
0.840712
0.841441
0.84213
0.842795
0.843452
0.844113
0.844786
0.845479
0.846196
0.846941
0.847715
0.84852
0.849355
0.850219
0.85111
0.852028
0.852969
0.85393
0.854908
0.855833
0.856684
0.857454
0.858134
0.858718
0.859199
0.859567
0.859812
0.859924
0.859885
0.859678
0.859276
0.858645
0.85774
0.856494
0.854813
0.852551
0.849484
0.845244
0.839277
0.831068
0.821758
0.816822
0.817217
0.818576
0.820478
0.822678
0.825057
0.827588
0.830206
0.832748
0.835267
0.837486
)
;
        value           nonuniform List<scalar> 
100
(
0.0531634
0.0531449
0.0531232
0.0531113
0.0531082
0.05311
0.0531136
0.0531174
0.0531208
0.0531234
0.0531251
0.0531262
0.0531274
0.0531295
0.0531324
0.0531358
0.0531394
0.0531431
0.0531467
0.0531502
0.0531537
0.0531571
0.0531604
0.0531634
0.053166
0.0531681
0.0531695
0.0531699
0.053169
0.0531666
0.0531627
0.0531575
0.0531511
0.0531437
0.0531355
0.0531265
0.0531168
0.0531065
0.0530957
0.0530845
0.0530729
0.0530612
0.0530493
0.0530375
0.0530258
0.0530143
0.0530031
0.0529924
0.0529821
0.0529724
0.0529633
0.0529549
0.0529472
0.0529403
0.0529341
0.0529288
0.0529243
0.0529207
0.0529181
0.0529164
0.0529157
0.052916
0.0529174
0.05292
0.0529239
0.0529291
0.0529356
0.0529435
0.0529528
0.0529637
0.0529762
0.0529903
0.0530061
0.0530237
0.0530428
0.0530636
0.0530857
0.0531091
0.0531333
0.0531579
0.0531823
0.0532057
0.0532272
0.0532459
0.0532609
0.0532717
0.0532785
0.0532827
0.0532855
0.0532875
0.0532886
0.0532888
0.0532881
0.053287
0.0532865
0.0532878
0.0532927
0.0533021
0.0533129
0.0533175
)
;
    }
    fixedWalls
    {
        type            fixedFluxPressure;
        gradient        uniform 0;
        value           nonuniform List<scalar> 
100
(
0.0492048
0.0492043
0.0491952
0.0491863
0.0491782
0.0491708
0.049164
0.0491581
0.0491527
0.0491477
0.049143
0.0491385
0.0491342
0.04913
0.049126
0.049122
0.049118
0.0491142
0.0491106
0.0491073
0.0491041
0.0491011
0.0490982
0.0490952
0.0490922
0.0490891
0.0490858
0.0490825
0.0490791
0.0490756
0.049072
0.0490696
0.049069
0.0490702
0.0490731
0.0490774
0.0490822
0.0490865
0.0490895
0.0490915
0.0490949
0.0490983
0.0491003
0.0491002
0.0490995
0.0490972
0.0490935
0.0490978
0.0491118
0.0491508
0.0489654
0.0489675
0.0489592
0.0489529
0.0489496
0.0489484
0.0489489
0.0489505
0.0489526
0.0489546
0.0489554
0.0489536
0.0489486
0.0489417
0.0489361
0.048931
0.0489265
0.0489216
0.0489211
0.0489346
0.0489533
0.0489574
0.0489489
0.0489397
0.0489341
0.0489319
0.0489332
0.0489384
0.0489464
0.0489569
0.0489695
0.0489834
0.0489976
0.0490108
0.049022
0.0490302
0.0490352
0.0490379
0.0490441
0.0490561
0.0490701
0.0490805
0.049086
0.0490873
0.0490852
0.0490814
0.0490803
0.0490834
0.0490895
0.04913
)
;
    }
    frontAndBack
    {
        type            empty;
    }
}


// ************************************************************************* //
