/*--------------------------------*- C++ -*----------------------------------*\
| =========                 |                                                 |
| \\      /  F ield         | OpenFOAM: The Open Source CFD Toolbox           |
|  \\    /   O peration     | Version:  4.1                                   |
|   \\  /    A nd           | Web:      www.OpenFOAM.org                      |
|    \\/     M anipulation  |                                                 |
\*---------------------------------------------------------------------------*/
FoamFile
{
    version     2.0;
    format      ascii;
    class       volScalarField;
    location    "520";
    object      mag(U);
}
// * * * * * * * * * * * * * * * * * * * * * * * * * * * * * * * * * * * * * //

dimensions      [0 1 -1 0 0 0 0];

internalField   nonuniform List<scalar> 
5000
(
0.00579979
0.00611461
0.00666923
0.00648471
0.00618145
0.00584973
0.00546982
0.00501582
0.00446952
0.00381762
0.00305096
0.00217177
0.0012386
0.000715077
0.00164654
0.00305089
0.00454805
0.00603704
0.00744608
0.00872401
0.0098427
0.0107956
0.0115915
0.0122463
0.0127778
0.0132014
0.0135285
0.0137662
0.0139187
0.0139877
0.0139784
0.0138946
0.013741
0.0135245
0.0132542
0.0129406
0.0125952
0.0122292
0.0118527
0.011474
0.0110993
0.0107326
0.0103757
0.0100282
0.00968769
0.00935046
0.00901219
0.00866888
0.00831809
0.00796014
0.00759873
0.00724057
0.00689225
0.00655144
0.00618715
0.00570788
0.0049399
0.00369062
0.0020485
0.00220325
0.00632632
0.00806695
0.00925837
0.0100519
0.0107082
0.0113255
0.0119242
0.0125064
0.0130689
0.0136067
0.0141125
0.0145778
0.0149927
0.0153469
0.0156297
0.0158314
0.0159422
0.0159525
0.0158532
0.0156376
0.0153037
0.014853
0.0142899
0.0136203
0.0128508
0.0119876
0.0110357
0.00999778
0.00887314
0.00765405
0.00632004
0.00484741
0.00330503
0.0021991
0.00235575
0.00332747
0.00423216
0.00465766
0.00459005
0.00462966
0.00768923
0.00498233
0.00526089
0.00532002
0.00520638
0.00500224
0.00471849
0.00435137
0.00389459
0.00334702
0.00272494
0.0021016
0.00172631
0.00203595
0.00306461
0.00435751
0.0057254
0.00708029
0.00836378
0.00953597
0.0105754
0.011478
0.0122519
0.0129113
0.0134715
0.0139452
0.0143414
0.0146647
0.0149162
0.0150948
0.0151958
0.0152158
0.0151592
0.0150327
0.0148456
0.0146091
0.0143351
0.014035
0.0137189
0.0133949
0.0130694
0.0127465
0.0124281
0.0121136
0.0118
0.0114818
0.0111518
0.0108019
0.0104249
0.0100159
0.00957234
0.00909368
0.00857861
0.00801956
0.00739393
0.00665931
0.00577827
0.00474596
0.00344071
0.00525466
0.00816815
0.0080781
0.0091316
0.0100646
0.0108518
0.0115662
0.0122371
0.0128737
0.0134764
0.0140411
0.0145612
0.0150278
0.0154308
0.0157596
0.0160037
0.0161535
0.0161998
0.0161336
0.0159539
0.0156609
0.0152541
0.014737
0.0141153
0.0133963
0.0125883
0.0116999
0.0107389
0.00971276
0.00862768
0.00748885
0.00630435
0.00511193
0.00406207
0.00348991
0.0033106
0.00243011
0.0025641
0.00280925
0.00274783
0.00604945
0.010391
0.00457224
0.00380685
0.00418563
0.00434934
0.00432149
0.00417996
0.00394938
0.00364498
0.00329026
0.00294043
0.00271834
0.00281744
0.00341872
0.00441891
0.0055499
0.00669493
0.00779572
0.00882001
0.0097495
0.0105765
0.0113032
0.0119392
0.0124972
0.0129899
0.0134272
0.0138147
0.0141536
0.0144409
0.0146698
0.0148329
0.0149198
0.0149247
0.0148539
0.0147175
0.0145276
0.0142973
0.0140387
0.0137624
0.0134765
0.0131877
0.0129004
0.0126166
0.0123358
0.0120537
0.0117629
0.0114529
0.0111109
0.0107246
0.0102837
0.00978057
0.00921032
0.00856981
0.00785924
0.00709173
0.0063259
0.00571952
0.0053805
0.00485608
0.00834744
0.0107143
0.00791316
0.00800212
0.0088137
0.00964787
0.0104296
0.0111648
0.0118597
0.0125136
0.0131218
0.0136769
0.0141698
0.0145903
0.0149284
0.0151745
0.0153204
0.0153584
0.0152812
0.0150919
0.0147903
0.0143802
0.0138673
0.0132591
0.0125653
0.011797
0.0109663
0.0100861
0.00917055
0.00823614
0.00730404
0.0064084
0.0056153
0.00503924
0.00477975
0.00468893
0.00339042
0.00227646
0.00210123
0.00177253
0.0079613
0.0126555
0.00494054
0.00319402
0.00345763
0.00372698
0.00383173
0.00382783
0.00374957
0.00362544
0.00349765
0.00343997
0.00356195
0.0039696
0.00474394
0.00571326
0.00666485
0.00752812
0.0082865
0.00894938
0.00953325
0.0100528
0.0105207
0.0109488
0.0113485
0.011729
0.0120963
0.0124523
0.0127947
0.0131169
0.0134083
0.0136535
0.0138455
0.0139463
0.0139591
0.0138957
0.0137697
0.0135961
0.0133888
0.0131591
0.0129162
0.0126677
0.0124194
0.012175
0.0119352
0.0116965
0.0114509
0.011185
0.0108821
0.010525
0.0100996
0.00959602
0.00900892
0.00833871
0.00759805
0.0068327
0.00617426
0.0058921
0.00611465
0.00632054
0.0108446
0.013467
0.00843442
0.00733364
0.00783066
0.008608
0.00940381
0.0101733
0.0109051
0.0115915
0.0122248
0.0127967
0.0132983
0.0137204
0.0140545
0.0142931
0.0144301
0.0144599
0.0143782
0.0141896
0.0138939
0.0134956
0.0130019
0.0124225
0.0117692
0.0110563
0.0102994
0.00951659
0.00872844
0.00795973
0.00724205
0.00661833
0.00614518
0.00587625
0.0058
0.00570112
0.00463587
0.00239511
0.0017151
0.00157461
0.00942217
0.0144081
0.00543105
0.00299109
0.00303255
0.00330341
0.00350624
0.00363262
0.00370992
0.00377281
0.00387366
0.00408646
0.00448894
0.00512288
0.00599878
0.00689427
0.00761861
0.0081308
0.00845719
0.00865698
0.00879351
0.00891271
0.00904177
0.00919577
0.00938293
0.00960727
0.00986927
0.0101661
0.0104916
0.0108366
0.0111882
0.0115291
0.0118383
0.0120956
0.0122448
0.0122975
0.0122739
0.0121921
0.0120678
0.0119126
0.0117367
0.011549
0.011358
0.0111705
0.0109911
0.01082
0.0106506
0.0104678
0.01025
0.00997498
0.00962611
0.00919398
0.00867624
0.00807976
0.00743001
0.00679586
0.00634041
0.00634117
0.00690187
0.00760714
0.0127295
0.0160694
0.0093509
0.0072167
0.00731989
0.0079465
0.00867975
0.00942192
0.0101397
0.0108158
0.0114386
0.011999
0.0124884
0.0128987
0.0132229
0.0134545
0.0135889
0.0136211
0.0135482
0.0133736
0.0130975
0.0127255
0.012266
0.0117306
0.0111332
0.0104902
0.00982037
0.00914496
0.0084882
0.00787823
0.00734797
0.00693477
0.00667459
0.00658263
0.00660857
0.00653262
0.00570791
0.00281101
0.00151587
0.00152375
0.010523
0.0158618
0.00594741
0.00302581
0.0028254
0.00306161
0.00332611
0.00356767
0.00379067
0.00403156
0.00434771
0.00480356
0.00543961
0.0062407
0.00714495
0.00791798
0.00836071
0.00846029
0.00828211
0.00793828
0.00754733
0.007194
0.00692438
0.0067571
0.00669552
0.00673472
0.00686591
0.00707808
0.00735944
0.00769801
0.00808111
0.00849418
0.00891009
0.0093397
0.0096866
0.0099026
0.0100202
0.0100689
0.0100633
0.0100135
0.00992953
0.00982231
0.00970352
0.00958557
0.00948089
0.00939893
0.0093395
0.00928613
0.00920917
0.00907878
0.00887527
0.00859062
0.00822658
0.00779665
0.00733558
0.006921
0.00670905
0.00692649
0.00765859
0.00866892
0.0141773
0.0184374
0.0104143
0.00750407
0.00723794
0.00765947
0.00826524
0.00892145
0.00957661
0.0102043
0.0107884
0.011318
0.0117838
0.0121775
0.0124918
0.0127204
0.0128584
0.0129004
0.0128444
0.0126926
0.0124467
0.0121131
0.0117017
0.0112249
0.0106978
0.0101377
0.00956398
0.0089985
0.00846524
0.00799042
0.00760171
0.00732591
0.00718284
0.00717175
0.00723879
0.00719336
0.00652417
0.0034661
0.00150117
0.00151812
0.0114294
0.0171425
0.00648785
0.00323361
0.00280997
0.00298581
0.00328131
0.0036152
0.00396579
0.00436857
0.00488282
0.00555518
0.00638265
0.00729531
0.00815652
0.00876326
0.00889275
0.00855325
0.00785407
0.00695732
0.00603994
0.00522416
0.00457493
0.00411128
0.00382576
0.00369822
0.00370255
0.0038123
0.00400712
0.00427267
0.00460056
0.00498652
0.00542206
0.00588698
0.00644646
0.00686123
0.00714317
0.00734637
0.00748453
0.0075596
0.00757929
0.00755541
0.00750271
0.0074408
0.00739719
0.00740519
0.00748435
0.00761361
0.00774141
0.00782368
0.00783866
0.00777992
0.00765072
0.00746649
0.00726353
0.00711398
0.00714604
0.00752671
0.00834108
0.00954027
0.0153624
0.0205592
0.0115095
0.00804049
0.00748227
0.00769118
0.00813459
0.00866577
0.0092237
0.00977546
0.0103007
0.0107854
0.0112182
0.0115893
0.01189
0.0121132
0.0122536
0.0123054
0.0122673
0.0121429
0.0119353
0.0116519
0.0113028
0.0109001
0.0104578
0.00999176
0.00951951
0.00906032
0.00863477
0.00826412
0.00796902
0.00776718
0.00766952
0.00767226
0.00773413
0.00770509
0.00710618
0.00428207
0.00162479
0.00151911
0.0122066
0.0183042
0.00704904
0.00357595
0.00297391
0.00307105
0.00337213
0.00376577
0.00422073
0.00476603
0.00545909
0.00631961
0.00729557
0.00826392
0.00904845
0.0094428
0.00927593
0.0085439
0.00742087
0.00613564
0.0049333
0.00397486
0.00331788
0.00293767
0.00274087
0.0026364
0.00256676
0.00250264
0.00243182
0.00235609
0.00228942
0.00226303
0.00232473
0.0025031
0.00289854
0.00350689
0.00393466
0.0042846
0.00456562
0.00475924
0.00486557
0.00489229
0.00484973
0.00475603
0.00465811
0.00466417
0.00489739
0.00532446
0.00579729
0.00621491
0.00654778
0.00679756
0.00697241
0.0070886
0.0071791
0.00730365
0.00756045
0.00807096
0.00893225
0.0102664
0.0163759
0.0224687
0.0125744
0.00870764
0.0079434
0.00796633
0.00824438
0.00863516
0.00907726
0.00953532
0.00998564
0.0104111
0.0107975
0.0111329
0.0114073
0.0116133
0.011746
0.0118005
0.0117768
0.0116825
0.0115217
0.0113019
0.0110315
0.0107197
0.0103769
0.0100145
0.00964547
0.00928461
0.00894771
0.00865084
0.00840904
0.00823456
0.00813464
0.00810756
0.00812835
0.00808999
0.00756046
0.00504856
0.00183375
0.00150246
0.012883
0.0193806
0.00763437
0.00403117
0.00330497
0.00331858
0.0035989
0.00401759
0.00454796
0.00521377
0.0060631
0.00708051
0.00816428
0.00914759
0.00983128
0.0100225
0.00960532
0.00862525
0.00731846
0.0060234
0.00505431
0.0045309
0.00434719
0.00432251
0.00433098
0.00431542
0.00425843
0.00415428
0.0039976
0.0037811
0.00349482
0.00312533
0.00265956
0.00209041
0.00134985
0.000503325
0.000721143
0.00121817
0.00164199
0.00194289
0.00212093
0.00218759
0.00216406
0.00205804
0.00182427
0.00142001
0.00152823
0.00238544
0.00346451
0.00438143
0.00513362
0.00575286
0.00626592
0.00669665
0.00707683
0.00745559
0.00790861
0.00852881
0.00943068
0.0108868
0.0172915
0.0241846
0.0135644
0.00942261
0.00852918
0.00840843
0.00854047
0.00879515
0.00911648
0.00947019
0.00983097
0.0101793
0.010499
0.0107769
0.0110033
0.0111722
0.0112814
0.0113285
0.0113153
0.0112561
0.0111543
0.0110156
0.0108439
0.010642
0.010413
0.0101615
0.00989444
0.00962148
0.00935418
0.00910504
0.0088861
0.00870752
0.00857602
0.00849323
0.00844771
0.00837171
0.0079047
0.0057122
0.00210859
0.00146198
0.0134783
0.0203988
0.00825484
0.00459157
0.00379004
0.00372552
0.00395855
0.00437055
0.00494075
0.00570274
0.00668235
0.00782464
0.00898291
0.00995964
0.0105485
0.0105837
0.0100105
0.00895757
0.00773655
0.00671377
0.00611196
0.00589586
0.0058858
0.00593302
0.00596616
0.00596241
0.00591804
0.00583345
0.00570769
0.00553698
0.00531458
0.00503185
0.00468124
0.00425661
0.00374672
0.00313621
0.00247415
0.00198663
0.00180953
0.00184988
0.00202364
0.00222934
0.00237152
0.00233289
0.00197027
0.00119248
0.000440093
0.000609951
0.00142397
0.00270956
0.00383066
0.00479126
0.00561742
0.00633354
0.00696863
0.00756413
0.00818105
0.00889613
0.00984319
0.0114278
0.0181538
0.0257296
0.0144614
0.0101371
0.0091746
0.00895311
0.00896815
0.00910243
0.00930696
0.00955033
0.00980728
0.0100575
0.0102849
0.0104774
0.0106283
0.0107358
0.0108029
0.010832
0.010828
0.0108133
0.0107887
0.0107544
0.0107053
0.0106333
0.0105312
0.0103951
0.0102259
0.0100291
0.00981388
0.0095914
0.00937324
0.00916998
0.00898972
0.00883751
0.0087113
0.00857479
0.00815104
0.00624751
0.00242985
0.00140231
0.0140082
0.0213814
0.00892351
0.00525605
0.00441596
0.00428148
0.00444471
0.0048177
0.00538835
0.00622138
0.0073036
0.0085413
0.00975161
0.0107194
0.0112449
0.0111973
0.0105805
0.00957801
0.00850967
0.00767855
0.00720548
0.00701391
0.00696291
0.00695169
0.00693212
0.00688694
0.00681269
0.00671115
0.00658507
0.00643579
0.00626191
0.00605906
0.00582064
0.00553795
0.00519928
0.00479578
0.00433955
0.00386576
0.0034856
0.00324662
0.00312043
0.00304077
0.00290077
0.00256006
0.00188414
0.00100364
0.000973369
0.00112268
0.00099197
0.00147027
0.00274737
0.00397436
0.00506585
0.00602331
0.0068691
0.00763983
0.00838843
0.00918442
0.0101826
0.0119091
0.0189852
0.0271287
0.0152677
0.010828
0.00983891
0.00955249
0.00947951
0.00951265
0.00960845
0.00973842
0.00987842
0.0100093
0.0101171
0.010194
0.010239
0.0102583
0.0102633
0.010264
0.0102713
0.0103167
0.0103946
0.0104941
0.0105945
0.0106724
0.0107078
0.0106883
0.0106101
0.010477
0.0102979
0.010085
0.00985161
0.00961016
0.00937114
0.00914292
0.0089298
0.00871719
0.00830847
0.00665033
0.00277493
0.00133258
0.0144848
0.0223457
0.00965152
0.00602359
0.00516883
0.00496886
0.00503976
0.0053348
0.00588179
0.00675583
0.00791283
0.00922116
0.0104719
0.0114422
0.0119454
0.0118817
0.0112915
0.0103707
0.00940076
0.00860887
0.00806959
0.00773271
0.00751459
0.00735102
0.00720282
0.00704865
0.00687936
0.00669375
0.00649477
0.0062865
0.00607184
0.00585113
0.0056213
0.00537573
0.00510452
0.00479604
0.00444262
0.0040477
0.00364114
0.00324665
0.00291441
0.00261273
0.0022595
0.00171739
0.000861526
0.00028968
0.00110887
0.00152698
0.001492
0.00119599
0.0019315
0.00329768
0.00460864
0.00577127
0.00679086
0.00770069
0.00855164
0.00941393
0.0104665
0.0123492
0.0197966
0.0284002
0.0160001
0.0114837
0.0104966
0.0101723
0.0100357
0.00998569
0.00998174
0.00999741
0.0100101
0.010003
0.00996613
0.00989783
0.00980584
0.00970746
0.00962772
0.00958893
0.00961338
0.00974205
0.00995632
0.010225
0.0105037
0.0107492
0.0109286
0.011023
0.0110265
0.0109439
0.0107865
0.0105694
0.0103086
0.0100195
0.00971589
0.00940908
0.00910737
0.0088098
0.00838617
0.00692822
0.00311701
0.001263
0.014918
0.0233049
0.0104463
0.0068897
0.00603333
0.00576765
0.00572744
0.00591326
0.00640932
0.00729105
0.0084946
0.00985315
0.01114
0.0121299
0.012648
0.0126144
0.0120825
0.0112352
0.0103093
0.00948091
0.00880945
0.00827542
0.00784219
0.00748004
0.00716338
0.00686843
0.00657649
0.00627646
0.00596437
0.00564117
0.00531023
0.00497465
0.0046352
0.00429077
0.00394048
0.00357887
0.00319258
0.00278032
0.00235508
0.00196262
0.00155339
0.0011602
0.000838029
0.000713231
0.000973904
0.00127527
0.00159529
0.00186812
0.00192888
0.00164067
0.00159107
0.00278556
0.00424101
0.005578
0.0067457
0.00776742
0.00869564
0.00960895
0.0107152
0.0127651
0.0205929
0.0295542
0.0166845
0.0120907
0.0111293
0.0107868
0.0106059
0.0104877
0.0103926
0.0102953
0.0101746
0.0100162
0.00981434
0.00957401
0.00931299
0.00906357
0.00887137
0.00878064
0.00883337
0.00907866
0.00947319
0.00995113
0.0104358
0.010862
0.0111865
0.0113876
0.0114612
0.0114157
0.0112667
0.0110334
0.0107356
0.0103928
0.0100203
0.00963349
0.00924367
0.00885771
0.00839309
0.00709191
0.00343131
0.00120283
0.0153155
0.0242689
0.0113102
0.00784515
0.00699192
0.00665683
0.00648983
0.00653891
0.00695581
0.00780679
0.00903023
0.0104217
0.0117434
0.0127686
0.0133297
0.0133544
0.0128938
0.0121117
0.011214
0.0103539
0.00958912
0.00891667
0.00832255
0.00779846
0.00733428
0.00691209
0.00650965
0.0061073
0.00569241
0.00526013
0.00481159
0.00435032
0.00387798
0.0033938
0.00290236
0.0024172
0.00191896
0.00138407
0.000857126
0.000548804
0.000828011
0.00134372
0.00187253
0.00232437
0.00261223
0.00275149
0.00277612
0.00271164
0.00256286
0.00226363
0.00195166
0.00257047
0.00398966
0.00545072
0.00674568
0.00786039
0.00884564
0.00979441
0.0109491
0.0131718
0.0213742
0.0305231
0.017465
0.0126386
0.0117228
0.0113757
0.0111652
0.010991
0.0108134
0.010607
0.010352
0.0100359
0.00965591
0.0092216
0.00876009
0.00832138
0.00798108
0.00782123
0.00792072
0.00833092
0.00896046
0.00968944
0.0104021
0.0110146
0.0114783
0.0117747
0.0119048
0.0118826
0.0117293
0.0114701
0.0111274
0.0107248
0.0102799
0.00981348
0.00933838
0.00886336
0.00833711
0.00715227
0.00369595
0.00116062
0.0156835
0.0252439
0.0122403
0.00887581
0.00802488
0.00761488
0.00730881
0.00719425
0.00748727
0.00828323
0.00949858
0.010907
0.012262
0.0133347
0.0139587
0.0140596
0.0136777
0.0129575
0.0120887
0.0112219
0.0104243
0.00970188
0.0090442
0.00844495
0.00789869
0.0073936
0.00691114
0.00643139
0.00593929
0.00542843
0.00490147
0.00436694
0.00383364
0.00330708
0.00279353
0.00236553
0.00205762
0.00188703
0.001936
0.00220733
0.00262796
0.00310405
0.00355321
0.00391482
0.00415244
0.00424622
0.00418379
0.00396503
0.0036142
0.00316874
0.00272679
0.00282308
0.00393756
0.00541465
0.00680473
0.00799739
0.00902416
0.00999328
0.0111868
0.0135801
0.0221346
0.0313082
0.0183692
0.013137
0.0122654
0.0119221
0.0116937
0.011474
0.0112223
0.0109137
0.0105292
0.0100573
0.00949521
0.00885333
0.0081633
0.00749167
0.00695402
0.0067022
0.00688156
0.00752403
0.00845201
0.00946829
0.0104199
0.0112135
0.0118036
0.0121796
0.0123503
0.0123379
0.012169
0.0118736
0.011478
0.0110109
0.0104967
0.00995097
0.0093898
0.00882601
0.00822914
0.00711391
0.00389115
0.00114553
0.0160269
0.0262322
0.0132278
0.0099633
0.00911083
0.00862121
0.00816736
0.00786757
0.0079983
0.00870472
0.00987995
0.0112869
0.0126715
0.0138002
0.0145022
0.0146943
0.0143993
0.0137415
0.0129005
0.0120354
0.0112326
0.01051
0.00985555
0.0092545
0.00869487
0.00816299
0.0076416
0.00711275
0.00656322
0.00598945
0.00539954
0.00481106
0.00424551
0.00372229
0.00322923
0.0029126
0.00281825
0.00288541
0.00310814
0.00346498
0.00391315
0.00439578
0.00485254
0.00523093
0.00549082
0.00560272
0.00554499
0.00530569
0.00489288
0.00434991
0.00378418
0.00354802
0.00419186
0.00551825
0.00694127
0.00819238
0.00924856
0.0102244
0.0114436
0.0139982
0.0228693
0.0319288
0.0193121
0.0136668
0.0127416
0.0124117
0.0121759
0.0119199
0.0116034
0.011202
0.0106982
0.0100806
0.00934421
0.00849454
0.00755889
0.00661102
0.00581123
0.00542757
0.00573948
0.00671126
0.00800089
0.00932411
0.0105084
0.0114663
0.0121621
0.0125983
0.0127933
0.0127758
0.0125789
0.0122369
0.0117877
0.0112567
0.010668
0.010042
0.00939604
0.00874488
0.00807235
0.00699047
0.00400152
0.00116713
0.0163504
0.0272328
0.0142587
0.0110861
0.0102273
0.00965581
0.00905039
0.00854918
0.00848069
0.00905419
0.010152
0.011538
0.0129463
0.0141368
0.0149305
0.01523
0.0150361
0.0144492
0.0136372
0.0127706
0.0119621
0.0112497
0.0106238
0.0100595
0.00953236
0.00901925
0.00849808
0.00794941
0.00736109
0.00673332
0.0060812
0.00543254
0.00482103
0.00427945
0.00378994
0.00355958
0.00355703
0.00371596
0.00400863
0.00440863
0.00488068
0.00538018
0.00585811
0.00626748
0.00656761
0.00672571
0.00671706
0.00652576
0.00614995
0.00561294
0.00502146
0.00459322
0.00479991
0.00582167
0.00718023
0.008456
0.00952956
0.0105009
0.0117313
0.014432
0.0235756
0.03239
0.0203114
0.0142244
0.0131466
0.0128357
0.0126009
0.0123165
0.0119447
0.0114622
0.0108537
0.0101081
0.00921747
0.008178
0.0070017
0.00574784
0.00460069
0.00401484
0.00456123
0.00598491
0.00767632
0.00929541
0.0106837
0.0117772
0.0125544
0.0130274
0.0132279
0.0131886
0.0129554
0.0125667
0.0120569
0.0114569
0.0107927
0.0100864
0.00935663
0.00861965
0.00786897
0.00679272
0.00401778
0.00123578
0.0166586
0.0282409
0.0153151
0.0122206
0.0113512
0.0106988
0.00994245
0.00922858
0.00892213
0.00930396
0.0102963
0.011639
0.0130621
0.0143172
0.015215
0.0156412
0.015571
0.0150761
0.0143069
0.0134411
0.0126202
0.0119118
0.0113181
0.0108071
0.0103388
0.00987512
0.00938319
0.0088378
0.00822565
0.0075504
0.00683533
0.00611997
0.00544982
0.00486973
0.0044179
0.00427933
0.00435697
0.00457801
0.00490445
0.00530994
0.00576783
0.00624572
0.00670617
0.00711032
0.00742177
0.00760934
0.00764891
0.00752376
0.00722995
0.00678586
0.00624562
0.00575285
0.00567454
0.00634789
0.00754372
0.00879522
0.00987074
0.0108289
0.0120566
0.0148847
0.024249
0.0327077
0.0213312
0.0148138
0.0135055
0.0131956
0.0129618
0.0126554
0.0122378
0.0116869
0.010991
0.0101409
0.0091267
0.00793634
0.00656075
0.00501761
0.00343624
0.00249345
0.00348844
0.00547357
0.00754627
0.00941584
0.010959
0.0121489
0.0129782
0.0134595
0.0136453
0.0135783
0.0133019
0.0128576
0.0122831
0.0116115
0.0108706
0.0100841
0.00927169
0.00845061
0.00762078
0.0065294
0.00393668
0.00136154
0.0169566
0.0292488
0.0163767
0.0133425
0.0124593
0.0117306
0.0108295
0.00989918
0.00932405
0.00945954
0.0103065
0.0115754
0.0129967
0.014315
0.015327
0.0159003
0.0159825
0.0156128
0.014916
0.014068
0.0132358
0.012524
0.011958
0.0115061
0.0111127
0.0107201
0.0102791
0.00975484
0.00913058
0.00841329
0.00763603
0.00685271
0.0061237
0.00550871
0.00514796
0.00514005
0.00531071
0.00558342
0.00591974
0.00629861
0.00670371
0.0071155
0.00750931
0.0078571
0.00813058
0.00830435
0.00835835
0.00827786
0.00806248
0.00771409
0.00726949
0.00682653
0.00663625
0.00704029
0.00802899
0.00920879
0.0102681
0.0112066
0.0124203
0.0153554
0.0248832
0.0328931
0.0223324
0.0154458
0.01383
0.0134947
0.0132594
0.0129321
0.0124764
0.0118701
0.0111055
0.0101774
0.00907833
0.00779398
0.00630308
0.00458198
0.00259877
0.000912868
0.00281363
0.00530983
0.00766226
0.00970607
0.0113395
0.0125705
0.0134094
0.0138883
0.014051
0.0139441
0.013615
0.0131087
0.0124653
0.0117198
0.0109017
0.0100356
0.00914223
0.00823899
0.00732994
0.00620778
0.0037603
0.00155353
0.0172496
0.0302467
0.017422
0.014428
0.0135291
0.0127323
0.0116984
0.0105568
0.00969449
0.00952894
0.0101631
0.0113329
0.0127306
0.0141051
0.0152366
0.0159749
0.0162403
0.0160364
0.0154549
0.0146575
0.013828
0.01311
0.0125645
0.0121714
0.0118626
0.0115577
0.0111861
0.0106987
0.0100739
0.00932192
0.00848744
0.00764254
0.00686912
0.0062447
0.00602439
0.00614874
0.00639805
0.00669527
0.00700979
0.00733055
0.0076522
0.00796703
0.00826196
0.00851927
0.00871927
0.00884351
0.00887733
0.00881325
0.00864644
0.00838177
0.00804571
0.00770426
0.00752545
0.00778747
0.00859592
0.00968085
0.0107092
0.0116246
0.0128172
0.0158395
0.0254709
0.0329696
0.023291
0.0161191
0.0141352
0.013733
0.0134853
0.0131435
0.0126587
0.0120109
0.0111961
0.0102139
0.00906182
0.00772979
0.00619632
0.00441783
0.00233252
0.000632349
0.00293142
0.00555884
0.00799852
0.0100951
0.0117806
0.0130325
0.0138668
0.0143201
0.0144413
0.0142815
0.0138911
0.0133172
0.0126018
0.0117814
0.0108865
0.00994244
0.00897018
0.00798714
0.00699953
0.00583475
0.003495
0.0018185
0.0175436
0.0312235
0.0184303
0.0154548
0.0145396
0.0136863
0.0125373
0.0111984
0.0100443
0.00953363
0.00988152
0.0109081
0.0122531
0.013668
0.0149161
0.0158306
0.0163063
0.0163106
0.0158956
0.0151959
0.0143978
0.0136793
0.0131472
0.0128076
0.0125881
0.0123842
0.0120986
0.0116638
0.0110511
0.0102743
0.0093919
0.0084985
0.00770559
0.0071111
0.00704789
0.0072672
0.00754861
0.00782226
0.00807096
0.00829678
0.00850587
0.00870114
0.0088793
0.00903115
0.00914396
0.00920469
0.00920363
0.00913746
0.00900285
0.00880923
0.00857778
0.00835518
0.00825513
0.00848483
0.00918103
0.0101801
0.0111732
0.0120663
0.0132359
0.0163277
0.0260016
0.0329636
0.0242
0.0168324
0.0144283
0.0139145
0.0136396
0.0132795
0.0127691
0.0120898
0.0112403
0.0102253
0.00904857
0.00770941
0.00619997
0.00450644
0.00274127
0.00193576
0.00361083
0.00609628
0.00852357
0.0106294
0.0123099
0.0135405
0.0143387
0.0147444
0.0148085
0.0145849
0.0141259
0.0134803
0.0126912
0.011796
0.0108259
0.00980652
0.00875849
0.00769873
0.00663415
0.00541799
0.0031527
0.00216147
0.0178449
0.0321678
0.0193829
0.0164035
0.0154718
0.0145758
0.013334
0.011821
0.0103846
0.00950075
0.00949995
0.0103205
0.0115682
0.0129926
0.0143431
0.0154347
0.0161397
0.0163907
0.0161964
0.0156526
0.0149303
0.01423
0.0137077
0.0134129
0.0132823
0.0131893
0.013005
0.0126385
0.0120518
0.0112622
0.0103441
0.00941886
0.00863466
0.00811106
0.00818157
0.00843943
0.0086891
0.00887899
0.00900975
0.00909833
0.00916281
0.00921615
0.00926374
0.00930356
0.00932828
0.00932839
0.00929729
0.009232
0.00912982
0.00900498
0.00887683
0.00877998
0.0087931
0.00906552
0.0097226
0.0106674
0.0116329
0.0125095
0.0136594
0.0168063
0.0264613
0.0329021
0.0250672
0.0175941
0.014716
0.0140408
0.0137216
0.0133382
0.0128055
0.0121038
0.011234
0.0102052
0.00902848
0.00771524
0.00628061
0.00476366
0.00339105
0.00304243
0.00450957
0.00683659
0.00919747
0.0112602
0.0128965
0.0140749
0.0148126
0.0151518
0.015145
0.0148479
0.0143147
0.0135947
0.0127318
0.0117637
0.0107214
0.0096305
0.00851102
0.00737881
0.00624023
0.00496701
0.0027498
0.00258417
0.0181598
0.0330691
0.0202642
0.0172576
0.0163095
0.0153856
0.0140766
0.0124197
0.0107258
0.00946193
0.00904159
0.00954965
0.0106851
0.0120796
0.0135076
0.0147635
0.0157033
0.0162297
0.0163075
0.0159841
0.0153971
0.0147502
0.0142434
0.0139836
0.013936
0.0139599
0.0138909
0.0136085
0.0130625
0.0122739
0.0113336
0.0103944
0.0096443
0.00922088
0.00937577
0.00960759
0.00975652
0.00979889
0.00975705
0.00966382
0.00954924
0.00943585
0.00933726
0.00925843
0.00919712
0.00914645
0.00910164
0.00905425
0.00900172
0.00895986
0.00894571
0.00898513
0.00913323
0.00949669
0.0101751
0.0111045
0.0120587
0.0129282
0.0140662
0.0172565
0.026832
0.0328066
0.0259042
0.0184253
0.0150171
0.014115
0.0137294
0.0133161
0.0127624
0.0120455
0.0111673
0.0101404
0.00898286
0.00771969
0.00638953
0.00506962
0.00401972
0.00397463
0.00543224
0.00767547
0.00996568
0.0119591
0.0135214
0.0146207
0.0152762
0.0155317
0.015442
0.015064
0.0144524
0.0136572
0.0127221
0.0116843
0.0105745
0.00941744
0.00823241
0.00703378
0.00582633
0.00449421
0.00231385
0.00308497
0.0184941
0.033918
0.0210618
0.0180047
0.0170392
0.0161028
0.014755
0.0129911
0.0110789
0.00946045
0.00859485
0.00870965
0.00964303
0.0109575
0.0124208
0.0138098
0.0149709
0.0157849
0.016176
0.0161377
0.0157574
0.0152178
0.014747
0.0145158
0.0145408
0.0146826
0.0147405
0.0145578
0.0140685
0.0132954
0.0123473
0.0114108
0.0107133
0.0103984
0.0105783
0.0107167
0.0106978
0.0105326
0.0102679
0.00995211
0.00962594
0.00932028
0.0090566
0.00884751
0.00869758
0.00860426
0.00856494
0.00856203
0.0085893
0.0086591
0.00878283
0.00897714
0.00927981
0.00976681
0.010511
0.0114605
0.0124219
0.0132958
0.0144321
0.0176565
0.0270938
0.032687
0.0267188
0.0193517
0.0153727
0.0141489
0.013664
0.0132109
0.012635
0.0119067
0.0110277
0.0100134
0.00888864
0.00769105
0.00647619
0.0053377
0.00454867
0.00478363
0.00635191
0.00857569
0.0107983
0.0127025
0.0141656
0.0151622
0.0157159
0.0158732
0.0156905
0.0152258
0.0145339
0.0136644
0.0126603
0.0115579
0.0103867
0.00917067
0.00792786
0.00667116
0.00540314
0.00401592
0.00189209
0.00365802
0.0188517
0.0347073
0.0217675
0.0186358
0.0176509
0.0167167
0.0153607
0.0135321
0.0114511
0.00952297
0.00821795
0.00788485
0.00851489
0.00968232
0.011122
0.0125929
0.0139369
0.0150262
0.0157529
0.0160557
0.0159586
0.015598
0.0152037
0.0150045
0.0150898
0.0153447
0.0155378
0.0154697
0.0150535
0.0143114
0.0133694
0.0124491
0.0118124
0.0115919
0.0117368
0.011717
0.0114714
0.0110509
0.0105269
0.00996114
0.00940111
0.0088826
0.00843311
0.00807392
0.00782052
0.00768089
0.00765884
0.00773092
0.00787638
0.00809674
0.00839177
0.00876603
0.00924302
0.00987654
0.0107166
0.0117131
0.012698
0.0135869
0.0147325
0.0179832
0.0272264
0.0325401
0.0275065
0.0203881
0.0158476
0.0141751
0.0135354
0.0130252
0.0124219
0.0116822
0.0108059
0.00981052
0.00872751
0.00760405
0.00650336
0.00552462
0.00498044
0.0055421
0.00729317
0.00952742
0.011676
0.0134702
0.0148105
0.0156833
0.0161179
0.0161646
0.0158813
0.0153262
0.0145539
0.0136129
0.0125448
0.0113844
0.0101598
0.00889355
0.00760284
0.00629922
0.00498306
0.00355296
0.00159235
0.00429653
0.019234
0.0354316
0.0223764
0.0191453
0.0181362
0.0172168
0.0158833
0.0140358
0.0118402
0.00965533
0.0079377
0.00711953
0.00735724
0.00832856
0.0096818
0.0111691
0.01263
0.0139485
0.0150025
0.0156827
0.0159404
0.0158422
0.0155869
0.0154403
0.0155763
0.0159347
0.0162671
0.016327
0.0160003
0.0153049
0.0143814
0.0134856
0.0129065
0.0127475
0.012801
0.0125681
0.0120537
0.0113528
0.0105596
0.00974324
0.00895055
0.00821481
0.00756394
0.00702631
0.00663351
0.00641688
0.00640022
0.00657197
0.00687516
0.00728893
0.0077918
0.00837208
0.00904065
0.00983524
0.0107881
0.0118479
0.0128674
0.01378
0.0149457
0.0182151
0.0272123
0.0323496
0.0282486
0.0215257
0.0165109
0.0142578
0.0133705
0.0127705
0.0121281
0.0113724
0.0104978
0.00952368
0.00848747
0.00744193
0.00645076
0.00562577
0.00537764
0.00633557
0.00829111
0.0105291
0.0125834
0.0142434
0.0154379
0.0161673
0.0164683
0.0163944
0.0160049
0.0153581
0.0145074
0.0134995
0.0123741
0.0111638
0.00989515
0.00858933
0.00726273
0.00592646
0.00457947
0.00312991
0.00158617
0.00499545
0.019642
0.0360879
0.0228871
0.0195307
0.0184885
0.0175912
0.0163079
0.0144889
0.0122376
0.00985363
0.00776137
0.00644125
0.00621716
0.0069718
0.00819866
0.0096412
0.0111293
0.0125888
0.0139171
0.0149753
0.015641
0.0158903
0.0158556
0.0158047
0.0159919
0.0164416
0.0169126
0.0171114
0.0168906
0.0162573
0.0153624
0.014493
0.0139571
0.0138156
0.0137268
0.013244
0.0124455
0.0114739
0.010441
0.00941428
0.00842934
0.00750562
0.00666007
0.00591857
0.00532697
0.00495548
0.00487831
0.00514805
0.00563948
0.00628393
0.00702493
0.00783076
0.00870043
0.00965991
0.0107294
0.0118578
0.0129169
0.0138593
0.0150547
0.018335
0.0270387
0.0320913
0.0289141
0.0227278
0.0174033
0.0144912
0.0132232
0.0124734
0.0117678
0.0109846
0.0101058
0.00915183
0.00816518
0.00720014
0.00631979
0.00568101
0.00584689
0.00724187
0.00936909
0.0115752
0.0135038
0.0150025
0.016029
0.0165977
0.0167527
0.0165509
0.0160524
0.0153148
0.0143896
0.0133213
0.0121468
0.0108963
0.00959434
0.00826095
0.00691256
0.00556135
0.00420762
0.00278851
0.00191899
0.00574752
0.020075
0.0366753
0.0233017
0.0197931
0.018703
0.0178266
0.0166134
0.0148679
0.012626
0.0101114
0.00768864
0.00585687
0.00515354
0.00564812
0.00676579
0.00814683
0.00957589
0.011049
0.0125379
0.013919
0.0150086
0.0156769
0.0159547
0.0160666
0.0163227
0.0168538
0.0174585
0.0178047
0.017705
0.0171488
0.0162904
0.0154433
0.0149282
0.0147533
0.0144824
0.0137394
0.0126749
0.0114826
0.0102829
0.00913013
0.0080376
0.00700106
0.00601436
0.00508296
0.00424251
0.00359026
0.00328866
0.00357565
0.00425693
0.00515587
0.00615631
0.00719625
0.0082621
0.00937451
0.01055
0.0117418
0.0128402
0.0138167
0.0150497
0.0183318
0.0267001
0.031739
0.029465
0.0239337
0.0185113
0.0149683
0.0131799
0.0121824
0.0113687
0.0105355
0.00964093
0.00870358
0.00776946
0.00689208
0.00614331
0.00579212
0.00651029
0.00830984
0.0105306
0.0126511
0.0144166
0.0157265
0.0165641
0.0169574
0.0169572
0.016623
0.0160153
0.0151902
0.0141967
0.0130762
0.0118622
0.0105822
0.0092587
0.00791108
0.00655692
0.0052116
0.00388205
0.00259396
0.00248737
0.00654248
0.0205294
0.0371951
0.0236259
0.0199375
0.0187785
0.0179108
0.0167732
0.0151362
0.0129723
0.0104181
0.00774167
0.00537009
0.00401977
0.00429003
0.00540484
0.00680672
0.0081554
0.00951159
0.0109839
0.0125517
0.0140179
0.0151418
0.0158194
0.0161801
0.0165463
0.0171572
0.0178891
0.0183879
0.0184239
0.0179593
0.0171429
0.0163096
0.0157892
0.0155279
0.0150543
0.0140693
0.0127937
0.0114652
0.0101994
0.0090249
0.00792677
0.00687579
0.00584252
0.00480559
0.00376221
0.00276279
0.00197393
0.00198852
0.00283662
0.00404127
0.00530449
0.00655098
0.00777623
0.0090074
0.0102643
0.0115064
0.0126401
0.013653
0.0149293
0.0182021
0.0261997
0.031271
0.0298634
0.0250698
0.0197646
0.0157299
0.0133411
0.0119727
0.0109772
0.0100557
0.0091264
0.00820099
0.0073269
0.00655914
0.00600934
0.00614138
0.00746295
0.00954274
0.0117564
0.0137325
0.0152972
0.0163922
0.0170229
0.0172294
0.0170679
0.0166002
0.015886
0.0149792
0.0139256
0.0127624
0.0115198
0.0102219
0.00888953
0.00754203
0.00619983
0.0048846
0.00362076
0.00261723
0.00317669
0.00736971
0.021
0.0376514
0.0238694
0.019974
0.01872
0.0178383
0.0167684
0.0152573
0.0132284
0.0107429
0.00795932
0.00515782
0.00287118
0.00273406
0.00406598
0.00566464
0.00702371
0.00821477
0.00947562
0.010999
0.0126952
0.0142469
0.0153851
0.0160879
0.0166286
0.0173333
0.0181872
0.0188423
0.0190271
0.0186682
0.0178982
0.0170665
0.0165132
0.0161301
0.0154347
0.0142602
0.0128599
0.0114921
0.0102551
0.00914359
0.00811558
0.00712391
0.00612591
0.00508625
0.00397931
0.00279571
0.00148993
0.000493147
0.00179615
0.00318847
0.00459837
0.00596728
0.00728623
0.00858656
0.00989204
0.0111666
0.0123291
0.0133786
0.0147006
0.0179506
0.0255507
0.0306752
0.0300776
0.026061
0.0210535
0.0167329
0.0137736
0.0119324
0.0106596
0.00959332
0.00860328
0.00768771
0.00689455
0.00629122
0.00609244
0.00690298
0.00870053
0.0108973
0.0130111
0.0147882
0.0161176
0.0169751
0.0173848
0.0173966
0.0170718
0.0164728
0.015658
0.0146779
0.0135741
0.0123795
0.0111199
0.00981632
0.00848803
0.00715569
0.00584453
0.00458603
0.00345264
0.00285565
0.00392569
0.00822171
0.0214812
0.0380505
0.024046
0.0199173
0.0185395
0.0176118
0.0165664
0.015166
0.0133032
0.0109948
0.00832824
0.0054774
0.00268013
0.000699512
0.00278785
0.00473081
0.00622558
0.00733763
0.00830212
0.00950488
0.0111589
0.0130011
0.0146023
0.0157275
0.0165247
0.0173571
0.0183342
0.0191484
0.019495
0.0192562
0.0185363
0.0176921
0.0170804
0.0165616
0.0156688
0.0143513
0.0129134
0.011592
0.0104473
0.00944252
0.00851673
0.00761199
0.0066792
0.00567826
0.00457856
0.00336099
0.00202622
0.000661742
0.00100508
0.00257751
0.00406821
0.0054739
0.00681973
0.0081389
0.00945876
0.0107463
0.0119285
0.0130123
0.014378
0.01759
0.0247769
0.0299519
0.0300876
0.0268416
0.0222547
0.0178586
0.0144603
0.012124
0.0104925
0.00921915
0.00814253
0.00724797
0.00658635
0.00625692
0.00664026
0.00808542
0.0101505
0.0123167
0.0142515
0.0157825
0.0168475
0.0174496
0.0176287
0.017443
0.0169569
0.0162327
0.0153262
0.0142836
0.0131415
0.0119276
0.0106632
0.0093662
0.00805511
0.00675328
0.0054935
0.00432245
0.00341374
0.00325811
0.00469991
0.00908993
0.0219678
0.0384001
0.0241729
0.0197844
0.0182522
0.0172282
0.0161853
0.0148685
0.0131654
0.0110688
0.00863444
0.00600483
0.00346549
0.0015841
0.0023505
0.00420204
0.005758
0.00687882
0.0076516
0.00839978
0.00965269
0.011498
0.0134608
0.0150448
0.0161837
0.0171972
0.0183095
0.0192873
0.0198084
0.0197058
0.0190415
0.0181717
0.0174822
0.0168309
0.0157831
0.0143843
0.0129673
0.0117374
0.010715
0.00983649
0.0090275
0.00822408
0.00737448
0.00643723
0.00537995
0.00418018
0.00283639
0.00143508
0.000847638
0.00212693
0.00364115
0.00507044
0.00639154
0.00768991
0.00899414
0.0102748
0.0114658
0.0125779
0.0139812
0.0171402
0.023911
0.0291158
0.0298878
0.0273623
0.0232545
0.0189504
0.0152922
0.0125385
0.0105337
0.00902187
0.00785725
0.00702721
0.00658697
0.0066914
0.00775966
0.00958787
0.011713
0.0137389
0.0154303
0.0166773
0.0174552
0.0177899
0.0177344
0.0173533
0.0167126
0.0158732
0.014887
0.0137952
0.0126281
0.0114078
0.0101508
0.00887244
0.00759116
0.0063349
0.00514679
0.00410481
0.00350442
0.0037567
0.0054771
0.00996528
0.0224547
0.0387058
0.0242721
0.0195898
0.0178603
0.0167143
0.0156392
0.0143807
0.012831
0.0109738
0.0088624
0.00664778
0.00465102
0.0034251
0.00353576
0.00465276
0.00586949
0.00682811
0.00745947
0.00788211
0.00852856
0.00996204
0.0120177
0.0140149
0.0155569
0.0168184
0.0180907
0.0192403
0.0199495
0.0200017
0.0194034
0.0184992
0.0177201
0.0169527
0.0157948
0.0143625
0.0130021
0.0118865
0.0109999
0.0102573
0.00957479
0.00888526
0.00813616
0.00728525
0.00629785
0.00514773
0.00382904
0.00240325
0.00128672
0.00190395
0.0032547
0.00468741
0.00600546
0.00725891
0.00852568
0.00978166
0.0109688
0.0121005
0.0135325
0.0166268
0.0229942
0.0281951
0.0294881
0.027594
0.0239625
0.0198548
0.0161056
0.0130792
0.0107792
0.00907276
0.00787536
0.00719318
0.00707008
0.00773655
0.00926205
0.0112517
0.0132961
0.0151005
0.0164992
0.0174328
0.0179082
0.0179703
0.0176825
0.0171137
0.0163299
0.0153892
0.0143386
0.0132128
0.0120353
0.0108219
0.00958435
0.00833568
0.0070959
0.00589981
0.00480354
0.003954
0.00370345
0.00429743
0.00624066
0.0108382
0.022938
0.0389636
0.0243704
0.0193421
0.0173691
0.016079
0.0149445
0.0137263
0.0123283
0.010737
0.00901221
0.00731055
0.00591165
0.00516022
0.00520782
0.00585065
0.00662963
0.00725986
0.00764966
0.00784987
0.00806948
0.00874811
0.0104552
0.012658
0.0146146
0.0161857
0.0176548
0.0189893
0.0199019
0.0201311
0.0196161
0.0186757
0.017802
0.0169408
0.0157122
0.0142777
0.0129911
0.0119982
0.0112536
0.0106545
0.0101098
0.00955088
0.00892519
0.00819025
0.00730958
0.00625265
0.00500362
0.00359126
0.00222499
0.00187409
0.00295163
0.00427155
0.00560717
0.00685051
0.00806945
0.00928892
0.0104611
0.0116027
0.0130547
0.016081
0.0220739
0.0272292
0.0289121
0.0275271
0.024318
0.0204484
0.0167333
0.0135929
0.0111418
0.0093624
0.00824324
0.00779568
0.00805135
0.00920509
0.0109646
0.0129537
0.0148203
0.0163396
0.0174081
0.0180083
0.0181742
0.0179663
0.0174553
0.0167122
0.0158017
0.0147776
0.0136806
0.0125381
0.0113656
0.0101722
0.00896513
0.00775609
0.0065683
0.0054464
0.00446716
0.0038751
0.003974
0.00484198
0.00697679
0.0116991
0.0234147
0.0391242
0.024539
0.019037
0.0167841
0.0153283
0.0141185
0.0129381
0.011706
0.0104181
0.00913908
0.00800569
0.0072046
0.00688626
0.00704395
0.00746457
0.00788856
0.0081536
0.0082124
0.00811445
0.00801537
0.00821192
0.00913505
0.0111042
0.0133546
0.015277
0.0169817
0.0185189
0.0196507
0.0200827
0.0196772
0.0187074
0.017738
0.0168058
0.0155364
0.0141158
0.0129059
0.0120352
0.0114349
0.0109863
0.0105919
0.0101815
0.00970255
0.00911249
0.00837344
0.00745109
0.00631991
0.00498348
0.00353508
0.00240734
0.00274618
0.00387198
0.00513792
0.00640929
0.00762389
0.00880418
0.00995605
0.0111016
0.0125704
0.0155384
0.0212019
0.0262642
0.0281921
0.0271683
0.0242888
0.0206488
0.0170443
0.0139249
0.011481
0.00978232
0.00886377
0.00870876
0.00939473
0.0108511
0.0127165
0.0145985
0.0162102
0.0173951
0.0181062
0.0183631
0.0182219
0.0177546
0.0170367
0.0161389
0.0151229
0.014037
0.0129145
0.0117739
0.0106221
0.00946117
0.00829442
0.00713342
0.00600703
0.00497234
0.00414854
0.00386168
0.00427923
0.00536269
0.00767326
0.0125383
0.0238826
0.0390461
0.0248042
0.0187314
0.0161188
0.0144718
0.0131922
0.012078
0.0110642
0.010155
0.0094024
0.00888441
0.00866362
0.00873883
0.00902736
0.00931771
0.00945911
0.00938335
0.00909616
0.00866744
0.00823151
0.00802343
0.00840492
0.00970457
0.011863
0.0140869
0.0160621
0.0178181
0.0191839
0.0198464
0.0195854
0.0186034
0.0175391
0.0165557
0.0152664
0.0138629
0.0127214
0.0119652
0.0115079
0.0112153
0.0109822
0.0107361
0.010424
0.0100032
0.00943484
0.00868204
0.00771258
0.00651154
0.00511269
0.00370806
0.00295751
0.00357466
0.00466615
0.00588715
0.00712284
0.00831944
0.00945634
0.0106079
0.0121037
0.0150422
0.0204314
0.0253449
0.0273618
0.026534
0.0238659
0.0204146
0.0169596
0.0139641
0.0116671
0.0101898
0.0095686
0.00976722
0.0108653
0.0125499
0.0144163
0.0161005
0.0173903
0.0182028
0.0185413
0.0184564
0.0180208
0.0173139
0.0164126
0.0153857
0.0142901
0.0131677
0.012043
0.0109241
0.0098085
0.00869134
0.00757308
0.00646726
0.00541216
0.00447946
0.00387288
0.00390339
0.00458926
0.00583993
0.00831991
0.0133474
0.0243403
0.0385794
0.0250435
0.0184865
0.0154163
0.0135606
0.0122542
0.0112942
0.0106204
0.0102198
0.0100852
0.0101893
0.0104714
0.0108401
0.0111762
0.0113128
0.0111815
0.0107844
0.010168
0.00942062
0.00866767
0.00809778
0.00800943
0.00876349
0.0104404
0.0126754
0.0148978
0.016886
0.0184939
0.0194125
0.0193389
0.0183737
0.017216
0.0161975
0.0149024
0.0135101
0.0124187
0.0117613
0.0114404
0.0113051
0.0112403
0.0111697
0.0110392
0.0108056
0.0104301
0.00987465
0.00910381
0.00809047
0.00683698
0.00541488
0.00409296
0.00370065
0.00433933
0.00538363
0.00656583
0.00776265
0.00894751
0.0101331
0.0116897
0.0146498
0.0198227
0.0245044
0.0264468
0.0256444
0.023056
0.0197379
0.0164514
0.0136593
0.0116262
0.0104883
0.0102486
0.0109213
0.0123961
0.0142282
0.0159775
0.0173693
0.0182799
0.0186953
0.0186604
0.0182483
0.0175422
0.0166245
0.0155708
0.0144461
0.0133018
0.0121718
0.0110702
0.00999326
0.00892844
0.00786481
0.00680166
0.00575751
0.00478437
0.00397942
0.00364686
0.00398169
0.00487933
0.00625937
0.00890917
0.0141197
0.0247865
0.0375675
0.0250485
0.0182713
0.0147821
0.0127669
0.0115602
0.0109387
0.0107957
0.0110288
0.011516
0.0121243
0.0127216
0.0132066
0.0134228
0.0133123
0.0128791
0.0121678
0.011253
0.0102307
0.00921592
0.00835855
0.00788871
0.00814285
0.00935103
0.0112815
0.0135383
0.0157317
0.0175805
0.0187731
0.0189334
0.0180271
0.0167796
0.015739
0.0144496
0.0130574
0.0119889
0.0114045
0.0112047
0.0112207
0.0113245
0.0114333
0.0114911
0.0114544
0.0112845
0.0109447
0.0103994
0.00961822
0.00858608
0.00732668
0.00594451
0.00475501
0.00457181
0.00513468
0.00610845
0.00724234
0.00843495
0.00971675
0.0114466
0.0145019
0.019359
0.0237439
0.0254634
0.0245236
0.0218762
0.0186362
0.0155337
0.0130162
0.0113526
0.0106599
0.0109189
0.0121602
0.0139547
0.0157833
0.0172841
0.0182967
0.018789
0.0188019
0.01841
0.0177
0.0167592
0.0156688
0.0145009
0.0133158
0.0121583
0.0110531
0.0100017
0.0089867
0.00798554
0.00698323
0.00598096
0.00500739
0.00413182
0.00351534
0.003478
0.00407679
0.00513146
0.0066116
0.00943646
0.0148502
0.0252192
0.0358314
0.0245847
0.0179863
0.0143772
0.0124503
0.011617
0.0115771
0.0120817
0.0128917
0.0137975
0.0146286
0.0152514
0.0155695
0.0154985
0.0150595
0.0143028
0.0133014
0.0121438
0.0109238
0.00973816
0.00869878
0.00796901
0.00782016
0.00854776
0.0101287
0.0121726
0.0144001
0.0164538
0.0179227
0.0183605
0.0175692
0.0162404
0.0151899
0.0139196
0.0125171
0.0114377
0.0108875
0.0107808
0.010931
0.0111927
0.0114744
0.0117169
0.0118759
0.0119137
0.0117956
0.0114894
0.010967
0.0102086
0.00921626
0.00802908
0.00677695
0.0058132
0.00568376
0.00615777
0.00705501
0.00820694
0.00962681
0.0116166
0.014732
0.019057
0.0228803
0.0243598
0.0231885
0.0203428
0.0171432
0.0142513
0.0120873
0.0109084
0.0107897
0.0117497
0.0135213
0.0154515
0.0170739
0.0181928
0.0187621
0.0188225
0.018451
0.0177382
0.016775
0.0156469
0.014431
0.0131945
0.0119924
0.0108626
0.00981834
0.00884519
0.00791069
0.00698353
0.00604824
0.00511227
0.00422206
0.00346805
0.00309998
0.00335746
0.00416743
0.00533231
0.00689157
0.00990025
0.0155358
0.0256352
0.0332214
0.0234445
0.017522
0.0143584
0.0130045
0.0128665
0.0134857
0.0144794
0.0155565
0.0165096
0.0171958
0.0175249
0.0174578
0.0169929
0.016195
0.0151445
0.0139257
0.0126284
0.0113348
0.0101076
0.0090159
0.00816393
0.00774704
0.0080519
0.00921235
0.0109989
0.0130384
0.0151494
0.0168632
0.0176077
0.0169996
0.0156071
0.0145603
0.01333
0.0119162
0.0107914
0.0102236
0.0101637
0.0104139
0.0108073
0.0112408
0.0116504
0.0119911
0.0122263
0.0123239
0.012256
0.0120004
0.011542
0.0108753
0.0100167
0.0090078
0.00796752
0.00735078
0.00728457
0.00776736
0.00873355
0.0101796
0.0122671
0.0152142
0.0188469
0.0219322
0.0230431
0.0216901
0.0184586
0.0152987
0.0126701
0.0109697
0.0104304
0.0110986
0.0128515
0.0149079
0.016667
0.0178905
0.0185316
0.0186357
0.0182853
0.0175748
0.0165974
0.0154408
0.0141843
0.012899
0.011647
0.0104784
0.00942307
0.00847897
0.00761167
0.00677314
0.00592777
0.00506464
0.00420226
0.00341257
0.00282365
0.00274734
0.00326976
0.00423457
0.00547252
0.0070983
0.010302
0.0161744
0.0260262
0.0296519
0.0215336
0.0168339
0.0147703
0.014417
0.0150355
0.0160822
0.0171876
0.0181187
0.0187371
0.0189729
0.0188104
0.018279
0.0174401
0.0163721
0.0151581
0.01388
0.0126083
0.011396
0.0102752
0.00925845
0.00840804
0.00785901
0.00784818
0.00858625
0.010016
0.0118449
0.0137727
0.015612
0.0166613
0.0163083
0.0148839
0.0138588
0.0127004
0.0112942
0.0101031
0.00945776
0.00937665
0.00966915
0.0101462
0.0106895
0.01123
0.0117222
0.0121307
0.0124257
0.0125829
0.0125862
0.0124279
0.0121072
0.0116324
0.0110233
0.0103261
0.00965617
0.00936295
0.00951352
0.0101868
0.0114225
0.0132768
0.0157596
0.0185933
0.0208706
0.0214933
0.0200209
0.0162291
0.0131501
0.0108861
0.00983936
0.0102092
0.0119164
0.0141115
0.0160055
0.0173116
0.0180011
0.0181328
0.0177982
0.017095
0.0161169
0.0149502
0.0136731
0.012357
0.0110669
0.00986078
0.0087842
0.00785633
0.00705327
0.00631622
0.00558554
0.00482937
0.00404752
0.00327439
0.00261191
0.00224688
0.00245504
0.00319313
0.00426169
0.00554575
0.00723504
0.0106463
0.0167645
0.0263722
0.0251152
0.0189182
0.0159756
0.0154233
0.0160697
0.0171333
0.0181804
0.0189825
0.0194338
0.0195075
0.0192247
0.0186343
0.0178005
0.0167929
0.0156791
0.0145207
0.01337
0.0122662
0.0112353
0.0102917
0.00943367
0.00867007
0.00809789
0.00789186
0.00826596
0.0092917
0.010805
0.0125329
0.0142268
0.0155111
0.0154727
0.0140645
0.0130867
0.0120454
0.0106949
0.00945118
0.00868097
0.00849402
0.00874354
0.00922871
0.00981445
0.0104262
0.0110196
0.011562
0.0120258
0.0123887
0.0126373
0.0127679
0.0127829
0.0126859
0.0124818
0.0121842
0.0118313
0.0115947
0.0116248
0.0120429
0.0129313
0.0143237
0.0161596
0.0181564
0.0196292
0.0197264
0.0180681
0.0137205
0.0107695
0.00908284
0.00906753
0.0107001
0.0130374
0.0150359
0.0163767
0.0170671
0.0171912
0.0168546
0.0161591
0.0151955
0.0140443
0.012778
0.0114638
0.0101651
0.00894304
0.00785376
0.00693695
0.00619383
0.00556865
0.00497931
0.00436606
0.00370991
0.00302207
0.00234818
0.00183523
0.00172064
0.00219924
0.00309914
0.00423089
0.00554523
0.00730891
0.0109388
0.0172875
0.0266346
0.0196434
0.0157698
0.0149238
0.0157426
0.0169183
0.017919
0.0185697
0.0188437
0.018775
0.0184237
0.0178525
0.0171194
0.016276
0.015368
0.0144352
0.0135101
0.012617
0.0117708
0.010979
0.0102448
0.00957077
0.00894477
0.00842499
0.00812953
0.00823211
0.00886346
0.00998688
0.0114113
0.0128946
0.0141666
0.014457
0.0131266
0.0122327
0.0113655
0.0101506
0.00892311
0.00803315
0.00766936
0.00777417
0.00816823
0.00870567
0.00930618
0.00992826
0.0105449
0.0111325
0.0116701
0.0121433
0.0125461
0.0128777
0.0131349
0.0133094
0.0133922
0.0133826
0.0133389
0.0133893
0.0136404
0.014184
0.0150598
0.0162132
0.0174141
0.0181502
0.0177414
0.0158062
0.0108614
0.00832328
0.00774177
0.00927555
0.0117184
0.0137374
0.0150207
0.015633
0.0156924
0.0153209
0.0146251
0.0136901
0.0125839
0.0113672
0.0100983
0.00883583
0.007638
0.00656695
0.005678
0.00499751
0.0044944
0.00407075
0.0036363
0.00314894
0.00260198
0.00199941
0.0013921
0.00101007
0.00122208
0.00194332
0.00294982
0.0041147
0.00544308
0.00729258
0.0111542
0.017784
0.0267089
0.0133335
0.0122004
0.0132562
0.0147836
0.0159135
0.016541
0.0167511
0.0166586
0.016356
0.0159121
0.0153768
0.0147867
0.0141692
0.0135453
0.0129307
0.0123353
0.0117639
0.0112172
0.0106937
0.0101914
0.00971152
0.009252
0.00882739
0.00852003
0.00844697
0.00873748
0.00943904
0.0104657
0.0116389
0.0127245
0.0132241
0.0120274
0.0112663
0.0106402
0.00966605
0.00858174
0.00767019
0.00713925
0.00703214
0.007244
0.00764401
0.00814833
0.00871707
0.00933067
0.00997365
0.0106292
0.0112811
0.0119155
0.0125194
0.0130753
0.0135602
0.013946
0.0142097
0.0143644
0.0144765
0.0146196
0.0148686
0.0152662
0.0157858
0.0162722
0.016365
0.0155032
0.0129702
0.00783015
0.00642075
0.00775452
0.0102
0.0120899
0.0131824
0.0136122
0.0135356
0.0130899
0.012384
0.0114962
0.010475
0.00935458
0.00817702
0.0069958
0.0058711
0.00486438
0.00404714
0.00346696
0.00311179
0.0028969
0.00269151
0.00243039
0.00209753
0.0016814
0.00116587
0.000553759
0.00015822
0.000885658
0.00173907
0.00273662
0.00389035
0.00525967
0.00734832
0.011537
0.0181379
0.0263932
0.007062
0.00839432
0.0104522
0.0120261
0.0129212
0.0133038
0.0133648
0.0132424
0.0130201
0.0127469
0.0124563
0.0121686
0.0118935
0.0116335
0.0113868
0.0111487
0.0109134
0.0106752
0.0104292
0.0101712
0.00989892
0.00961339
0.00931323
0.00904449
0.00887432
0.00889756
0.00918768
0.0097448
0.0104876
0.0112543
0.0117523
0.0107088
0.0101342
0.00982843
0.00921699
0.00844089
0.00769638
0.00714771
0.00688859
0.00691172
0.00714598
0.00752019
0.00799253
0.00854537
0.00917078
0.00985981
0.0105978
0.0113632
0.012128
0.0128581
0.0135184
0.0140717
0.014486
0.0147492
0.0148807
0.0149179
0.0149056
0.0148762
0.0148269
0.0146699
0.014183
0.0128931
0.00901249
0.00543309
0.00631316
0.00851288
0.0100509
0.010782
0.0109153
0.0106429
0.0101109
0.00942065
0.00863038
0.00776318
0.00681689
0.00579937
0.004756
0.0037522
0.00286702
0.0021997
0.00187026
0.00184543
0.00196592
0.00211415
0.00223227
0.00229781
0.00229868
0.00223342
0.00212231
0.00199834
0.00193692
0.00211864
0.00259686
0.00327644
0.00421111
0.00556096
0.00784057
0.0119341
0.0180769
0.0254972
0.00266397
0.0048455
0.00682652
0.00816862
0.00895304
0.00932931
0.00948933
0.00954104
0.00954689
0.00954796
0.00957346
0.00963322
0.00972218
0.00982898
0.00994115
0.0100472
0.010137
0.0102021
0.0102343
0.0102261
0.0101708
0.0100649
0.00990107
0.00970091
0.00949039
0.00931674
0.00923579
0.00928803
0.0094851
0.00977632
0.0100548
0.00911205
0.00877075
0.00888506
0.00877485
0.00848623
0.00813658
0.00782718
0.00764427
0.0076365
0.00780552
0.00812096
0.00854737
0.00905969
0.00964343
0.0102882
0.0109811
0.0117018
0.0124205
0.0131019
0.0137082
0.0142067
0.0145585
0.0147582
0.0147941
0.0146655
0.0143798
0.0139441
0.0133579
0.0125862
0.0114966
0.00946357
0.00490714
0.00493381
0.00658453
0.00750314
0.00769632
0.00743891
0.00697112
0.00644585
0.00593189
0.00544143
0.00494815
0.00441579
0.00382762
0.00325123
0.00281008
0.00257984
0.00256574
0.00269778
0.00291435
0.00319891
0.00353609
0.00389398
0.00424144
0.00455607
0.00482243
0.00503137
0.00518015
0.00527801
0.00538116
0.00550959
0.00562139
0.00581695
0.00623944
0.00713672
0.00894226
0.0122432
0.0174053
0.0238217
0.00072601
0.00228348
0.0034768
0.0043875
0.00504633
0.00547407
0.00582691
0.00613039
0.00639736
0.00667704
0.00700574
0.00738635
0.00780324
0.00823807
0.00867474
0.00909908
0.00949763
0.00985702
0.0101639
0.0104055
0.0105698
0.0106473
0.0106265
0.0105077
0.0102851
0.00996103
0.00955578
0.00910759
0.00867963
0.00833622
0.00815024
0.00720329
0.00713661
0.0077949
0.00833316
0.00870034
0.00895334
0.00914293
0.00932854
0.0095639
0.00988175
0.010287
0.0107634
0.0112859
0.0118292
0.0123706
0.01289
0.0133712
0.0138015
0.0141734
0.0144803
0.0146855
0.014786
0.0147504
0.0145471
0.0141475
0.0135272
0.0126594
0.0115131
0.0100718
0.00821938
0.00454508
0.00291901
0.00387305
0.00403599
0.00364134
0.00313551
0.00287539
0.00300698
0.00336332
0.00377811
0.0041826
0.00455455
0.00489685
0.00521782
0.0055184
0.00579499
0.00604545
0.00627634
0.00651015
0.00677796
0.00710396
0.0074927
0.00792993
0.00839218
0.00885455
0.0092928
0.0096833
0.0100007
0.0102258
0.010343
0.0102876
0.0101541
0.0100022
0.00991482
0.0100475
0.0107029
0.0124549
0.0160118
0.0211807
0.000826426
0.0010398
0.00100753
0.00129723
0.00178428
0.00219419
0.00269473
0.00326149
0.00381969
0.00432259
0.00488567
0.00552274
0.0062133
0.0069343
0.00766554
0.00838712
0.00907838
0.00971862
0.0102882
0.0107691
0.0111442
0.011397
0.0115136
0.0114665
0.0112239
0.0107568
0.0100572
0.00914688
0.00809298
0.00701646
0.00616491
0.0050061
0.00528924
0.00658969
0.0078586
0.00896584
0.00992964
0.0107621
0.0114918
0.0121536
0.0127757
0.0133726
0.0139436
0.0144775
0.0149579
0.0153674
0.0156917
0.015923
0.0160603
0.0161102
0.0160802
0.0159687
0.015741
0.0153697
0.0148213
0.014059
0.0130435
0.0117293
0.0100581
0.00797155
0.00544277
0.00259492
0.00179133
0.00197746
0.00243783
0.00305119
0.0036912
0.00437934
0.00513027
0.00593067
0.00675444
0.00757827
0.00837801
0.00912587
0.00979487
0.010367
0.0108406
0.0112324
0.0115744
0.011905
0.0122574
0.0126506
0.0130868
0.0135548
0.0140349
0.014504
0.0149365
0.0153043
0.0155783
0.0157276
0.0157342
0.0155877
0.0153085
0.0148975
0.014371
0.0137486
0.0131059
0.0128287
0.0139983
0.0174509
0.000895057
0.00110954
0.00102131
0.000902242
0.000739483
0.000578399
0.000656255
0.00110311
0.00180758
0.00250136
0.00322151
0.00407442
0.00501471
0.00600258
0.00700784
0.00800241
0.00895847
0.00984985
0.0106528
0.0113455
0.0119057
0.0123089
0.0125181
0.012469
0.0121258
0.0114617
0.0104686
0.00916508
0.00760416
0.00588929
0.00430274
0.00273326
0.00338201
0.00517603
0.00701641
0.00872829
0.0102932
0.0116851
0.0129051
0.013974
0.0149211
0.0157732
0.0165481
0.0172516
0.0178784
0.0184144
0.018841
0.0191387
0.0192922
0.0192887
0.0191199
0.0188008
0.0183404
0.0177205
0.0169222
0.0159249
0.0147141
0.0132906
0.0116842
0.00999924
0.00851783
0.00764261
0.00730492
0.00720839
0.00719666
0.0073411
0.00767266
0.00820771
0.00894147
0.00984345
0.0108671
0.01196
0.0130686
0.0141418
0.0151349
0.016016
0.0167692
0.0173966
0.017915
0.0183508
0.0187323
0.0190831
0.0194183
0.0197439
0.0200583
0.0203535
0.0206167
0.0208303
0.020974
0.021023
0.0209417
0.0207131
0.0203078
0.019694
0.0188262
0.0176139
0.0159084
0.013681
0.0117882
0.0125514
0.000292835
0.00118596
0.00172073
0.00192484
0.00189193
0.00168294
0.00136124
0.000946391
0.00069562
0.00125636
0.00208827
0.00310377
0.00420975
0.00535514
0.00650696
0.00763438
0.00870632
0.00969265
0.0105644
0.0112919
0.0118433
0.0121834
0.0122786
0.0120994
0.0116185
0.010816
0.00968666
0.00824453
0.00652818
0.00460837
0.00265819
0.000920693
0.00117403
0.00270003
0.00451984
0.00628556
0.00794495
0.00946383
0.0108406
0.012092
0.0132413
0.0143099
0.0153117
0.0162505
0.0171211
0.01791
0.0185992
0.0191691
0.0196018
0.0198803
0.0199849
0.0199
0.0196168
0.019123
0.0184075
0.0174629
0.016291
0.0149136
0.0133857
0.0118195
0.0103994
0.00932184
0.00864657
0.0083405
0.00835032
0.00864271
0.00919638
0.00999036
0.0109927
0.0121548
0.0134178
0.0147202
0.0160039
0.0172177
0.0183205
0.019284
0.0200951
0.0207569
0.0212864
0.0217107
0.0220608
0.0223663
0.0226505
0.0229286
0.0232071
0.023485
0.0237545
0.0240017
0.0242064
0.0243405
0.0243658
0.0242467
0.0239384
0.0233795
0.0224913
0.021127
0.0190113
0.0158223
0.0117877
0.00899667
)
;

boundaryField
{
    floor
    {
        type            calculated;
        value           uniform 0;
    }
    ceiling
    {
        type            calculated;
        value           uniform 0;
    }
    fixedWalls
    {
        type            calculated;
        value           uniform 0;
    }
    frontAndBack
    {
        type            empty;
    }
}


// ************************************************************************* //
