/*--------------------------------*- C++ -*----------------------------------*\
| =========                 |                                                 |
| \\      /  F ield         | OpenFOAM: The Open Source CFD Toolbox           |
|  \\    /   O peration     | Version:  4.1                                   |
|   \\  /    A nd           | Web:      www.OpenFOAM.org                      |
|    \\/     M anipulation  |                                                 |
\*---------------------------------------------------------------------------*/
FoamFile
{
    version     2.0;
    format      ascii;
    class       volScalarField;
    location    "780";
    object      mag(U);
}
// * * * * * * * * * * * * * * * * * * * * * * * * * * * * * * * * * * * * * //

dimensions      [0 1 -1 0 0 0 0];

internalField   nonuniform List<scalar> 
5000
(
0.00485613
0.00581557
0.00727461
0.00817704
0.00878868
0.00920258
0.00944799
0.00952825
0.00943659
0.00916471
0.00871608
0.00811033
0.00737759
0.00655076
0.00566011
0.0047317
0.0037886
0.00285242
0.00194582
0.00111004
0.000546179
0.000944733
0.00163325
0.00218043
0.00246019
0.00271176
0.00311638
0.00363829
0.00419155
0.00472058
0.00520425
0.00564091
0.00603508
0.00638986
0.00669865
0.00692638
0.00696593
0.00671494
0.00615405
0.00546051
0.00515328
0.00558895
0.0061218
0.00641603
0.0029546
0.00312482
0.00418686
0.00499413
0.00524098
0.00482912
0.00382293
0.00219741
0.00153958
0.00266556
0.00395785
0.00496545
0.00561429
0.00550476
0.00483248
0.00307123
0.00328409
0.00306326
0.00280303
0.00270096
0.00275131
0.00283312
0.00287825
0.0028669
0.00279359
0.00266818
0.00251127
0.00234428
0.00218138
0.00201813
0.00181797
0.00152023
0.00112302
0.000748019
0.000105245
0.00131948
0.0024103
0.00304908
0.00319227
0.00287937
0.00226144
0.00148224
0.000657484
0.000419615
0.000763774
0.0011912
0.00158165
0.00159941
0.00109136
0.00128978
0.00267788
0.00316557
0.00234324
0.0021671
0.00279956
0.00357415
0.00694235
0.00592034
0.00701408
0.00796111
0.00867994
0.00918279
0.00948286
0.00958226
0.00947716
0.00918605
0.00872372
0.00811454
0.0073918
0.00658862
0.00573345
0.00485056
0.00396367
0.00310055
0.00230103
0.00164376
0.00129066
0.00137526
0.0016852
0.00211065
0.00273631
0.00340716
0.00391796
0.00427375
0.00454183
0.00474965
0.00489702
0.00498212
0.00501131
0.0050012
0.00497708
0.00496643
0.00501999
0.00514423
0.0053327
0.0056161
0.00604694
0.00651938
0.00692466
0.00782743
0.00759694
0.0052267
0.00267692
0.00356036
0.00414704
0.00421704
0.00422741
0.00387353
0.0030006
0.00278581
0.00322025
0.00366886
0.00375946
0.00350882
0.00525024
0.00564625
0.00371292
0.00387767
0.0040374
0.00409858
0.00406672
0.00397595
0.00384261
0.00367532
0.00348898
0.00329078
0.00308584
0.00288099
0.00268596
0.00251397
0.00238516
0.00234154
0.00245083
0.00270068
0.00291587
0.00301388
0.00295716
0.00273693
0.00252838
0.00241253
0.00235937
0.00221918
0.00187526
0.00154134
0.00136349
0.00125592
0.00112658
0.000870092
0.00137829
0.00176456
0.00140878
0.00118305
0.00245547
0.00322103
0.00272192
0.00496049
0.00977431
0.00659117
0.00642627
0.00703417
0.00772336
0.00827991
0.00864858
0.00880988
0.00875689
0.0085061
0.00809036
0.00754393
0.00690334
0.00620082
0.00546173
0.00470762
0.0039629
0.00326197
0.00265855
0.00223654
0.0020706
0.00215598
0.0023554
0.0026753
0.00312479
0.0036397
0.00409645
0.004455
0.00473823
0.00496506
0.00513544
0.00524195
0.00527813
0.00524104
0.00513588
0.00499587
0.00490348
0.00496726
0.00523006
0.0056156
0.00600358
0.00630362
0.00652988
0.00798948
0.00982349
0.00938427
0.00632458
0.00247054
0.0019789
0.00277248
0.00419375
0.00509223
0.00467012
0.00388201
0.00340896
0.00309262
0.00244591
0.00331199
0.00824076
0.0070212
0.00354621
0.00372793
0.00411519
0.00428118
0.00429684
0.00421527
0.00407244
0.0038882
0.00367591
0.0034473
0.0032118
0.00297999
0.00276714
0.00259608
0.00249978
0.00252402
0.00271122
0.00300558
0.00319684
0.00315017
0.00282352
0.00254948
0.00253634
0.00259707
0.00260709
0.0024799
0.00209873
0.00158982
0.00127646
0.00127195
0.0014711
0.00145177
0.00127183
0.00099188
0.000817308
0.0019521
0.00273334
0.00332606
0.0023552
0.00675137
0.0123584
0.00778899
0.00649532
0.00659103
0.00708445
0.00756176
0.00789585
0.00804704
0.00801043
0.00780682
0.0074683
0.00702503
0.00650983
0.00595086
0.00536912
0.00478169
0.00420839
0.00367964
0.00324568
0.00296563
0.00285733
0.00288174
0.00300173
0.00322313
0.0035364
0.0039053
0.0042688
0.00459035
0.0048695
0.00511357
0.00532143
0.00548486
0.00559338
0.00563837
0.00561816
0.00554889
0.0054726
0.00545703
0.0055429
0.00570327
0.00590236
0.00610181
0.00631034
0.00767554
0.0105645
0.0116752
0.0101321
0.00702123
0.00353872
0.000947854
0.00390223
0.00575899
0.00584015
0.00486992
0.00375627
0.00277159
0.00159977
0.00664788
0.0101279
0.00744195
0.00385026
0.00397766
0.00425569
0.00438874
0.00439081
0.00429491
0.00413372
0.00393041
0.00369963
0.00345112
0.00319199
0.00293018
0.00267852
0.00245921
0.00230737
0.00226863
0.00237718
0.00259613
0.00279781
0.00284733
0.00272801
0.00264081
0.0026678
0.00275738
0.00285502
0.00283812
0.00253567
0.00192027
0.0012637
0.000929615
0.000882972
0.000847695
0.000635294
6.30668e-05
0.000822738
0.00180784
0.00264241
0.00328821
0.00209776
0.00810605
0.0144901
0.00902611
0.00699663
0.00658567
0.00674883
0.00701288
0.00721932
0.00731503
0.00728978
0.00715659
0.00693247
0.00663155
0.00627507
0.00588628
0.00548361
0.00507794
0.00467611
0.00429361
0.00397053
0.00373572
0.00361076
0.00357249
0.00362448
0.00376005
0.00396542
0.0042171
0.0044832
0.00474004
0.00498125
0.00520818
0.00541946
0.00560831
0.00576372
0.00587304
0.00592713
0.00592704
0.00589145
0.00584955
0.0058229
0.00582546
0.00587587
0.00598918
0.00612046
0.00710756
0.0102907
0.0125604
0.0122557
0.0101095
0.00732576
0.00441692
0.00423877
0.0061061
0.00657798
0.00557944
0.00400233
0.00227371
0.00395252
0.00924212
0.0109236
0.00732226
0.00427276
0.00429919
0.00442126
0.00445936
0.00440356
0.0042736
0.00409468
0.00388354
0.00364984
0.00339796
0.0031294
0.00284533
0.00255002
0.002256
0.00199239
0.00181447
0.0017937
0.00194126
0.00216978
0.00233988
0.00240133
0.00244448
0.00254418
0.00272347
0.00296532
0.00312739
0.00300596
0.00248091
0.00164596
0.000947802
0.000597848
0.000420809
0.000248707
0.000398721
0.00105577
0.00189302
0.00272091
0.00334455
0.00190371
0.00915734
0.0162758
0.0101811
0.00769202
0.00686393
0.00664703
0.00661104
0.00662064
0.00662791
0.00661703
0.00658401
0.00651193
0.0063804
0.00619425
0.0059794
0.00575886
0.00553617
0.00529667
0.00503205
0.00476228
0.00451579
0.00433984
0.0042417
0.00422446
0.00427911
0.00439189
0.00454566
0.00472178
0.004906
0.00509246
0.00528054
0.00546922
0.00565385
0.00582521
0.00597004
0.00607355
0.00612357
0.0061197
0.00607115
0.0059869
0.00588925
0.00582324
0.0058591
0.00590208
0.00642231
0.00938017
0.012365
0.0130377
0.0116785
0.00936946
0.00699206
0.00585587
0.00671059
0.00703226
0.00589095
0.00383944
0.001698
0.00739541
0.0109355
0.0110395
0.00707926
0.00470893
0.00459773
0.00455943
0.00448552
0.00436171
0.00420069
0.00401561
0.0038127
0.00359377
0.00335704
0.00309842
0.00281271
0.00249503
0.00214333
0.00176476
0.00139338
0.00113517
0.00117071
0.00143172
0.00167971
0.00183615
0.00196325
0.00216158
0.00245727
0.00286882
0.0032459
0.00335791
0.0030277
0.00222474
0.00129306
0.000674386
0.000365787
0.000339595
0.000667731
0.00126896
0.00204513
0.00285148
0.00342729
0.00173933
0.0100508
0.0178212
0.0112468
0.00845274
0.00729781
0.00671014
0.00633139
0.00609268
0.00598552
0.0060003
0.00610325
0.00621364
0.00625627
0.00622774
0.00617521
0.00613399
0.00609686
0.00601753
0.00585196
0.00558371
0.00530253
0.00506308
0.00489464
0.00480083
0.00477414
0.00480197
0.00487016
0.00496565
0.00507901
0.00520571
0.00534463
0.00549509
0.00565435
0.00581575
0.00596747
0.00609279
0.00617204
0.00618971
0.00614062
0.00602708
0.00586519
0.00570357
0.00564188
0.00561195
0.00568062
0.00808658
0.0114482
0.0128252
0.0120903
0.0101782
0.00810215
0.00699291
0.00728273
0.00718446
0.0056655
0.00204232
0.00574041
0.00987558
0.0119329
0.0107838
0.00691955
0.00511474
0.0048412
0.00465119
0.00447473
0.00429874
0.0041251
0.00395044
0.00377053
0.00357972
0.00337121
0.00313722
0.002869
0.00255686
0.00219056
0.00176028
0.00126089
0.000720698
0.000509323
0.000974441
0.0012716
0.00134688
0.00136267
0.00153134
0.00195319
0.0025354
0.00314926
0.0035304
0.00345187
0.00280647
0.00180723
0.000988024
0.000564034
0.000536209
0.000858392
0.00143638
0.00219371
0.00298718
0.00351314
0.00160572
0.0108362
0.0191836
0.0122244
0.00921143
0.00780049
0.00687948
0.00614958
0.00562641
0.00538281
0.00544083
0.0057162
0.00602236
0.00621828
0.00632055
0.00641845
0.0065601
0.00671977
0.00680708
0.00672581
0.00643489
0.00609942
0.0057872
0.00553473
0.00535395
0.00524178
0.00518717
0.00517687
0.00519942
0.00524702
0.00531547
0.00540292
0.00550827
0.00562979
0.00576345
0.00590044
0.00602509
0.00611496
0.00614417
0.00609574
0.00596174
0.0057513
0.0055027
0.00530761
0.00519394
0.00491402
0.00657115
0.010101
0.0119703
0.0116584
0.0100456
0.00826226
0.00743324
0.00747487
0.00690042
0.00440261
0.00389559
0.00877271
0.0116593
0.0124107
0.0103703
0.006886
0.005452
0.00501878
0.00470417
0.00445705
0.00425821
0.00409196
0.00394128
0.00379326
0.00363683
0.00346201
0.00325906
0.00301778
0.00272716
0.00237528
0.00194915
0.00143404
0.000813214
4.72827e-05
0.000908062
0.00138789
0.00150065
0.00131296
0.000971458
0.00122734
0.00196189
0.0028197
0.00349827
0.00371427
0.00329526
0.00235042
0.00140306
0.000849849
0.000745303
0.00102477
0.00158236
0.00232888
0.00311083
0.00359096
0.00148971
0.0115364
0.020395
0.0131128
0.00993046
0.00831671
0.0071089
0.00604317
0.00521353
0.00481346
0.00493687
0.00541525
0.00590666
0.00621636
0.00642455
0.0066717
0.00700933
0.00738297
0.00764622
0.00763235
0.00731547
0.00691321
0.00651394
0.0061633
0.00588417
0.00568013
0.00554229
0.00545714
0.00541252
0.00540007
0.00541479
0.00545334
0.00551301
0.00559155
0.00568667
0.00579345
0.00590009
0.00598513
0.00601723
0.00596913
0.00582225
0.00557273
0.0052528
0.00493054
0.00472415
0.00435541
0.00505222
0.00860804
0.010772
0.010657
0.0092456
0.00785917
0.00740525
0.00721703
0.00588825
0.00263919
0.00769299
0.0111186
0.0128897
0.0125348
0.00995143
0.00694427
0.00570389
0.00513864
0.00474146
0.00446639
0.0042739
0.00413019
0.00401075
0.0038974
0.00377619
0.00363556
0.0034648
0.00325317
0.00298967
0.00266315
0.00226268
0.00177834
0.00120475
0.00051726
0.000759243
0.00147412
0.00180696
0.00177048
0.00141367
0.000757907
0.00114632
0.00225288
0.0032519
0.00379953
0.00365535
0.00284479
0.00184163
0.00117007
0.000974069
0.00119557
0.00172293
0.00245212
0.00321807
0.00365627
0.00138331
0.0121681
0.0214776
0.0139127
0.0105891
0.00881246
0.00736435
0.00599308
0.00484894
0.00427297
0.00448605
0.0051845
0.00582631
0.00620602
0.00650984
0.00691812
0.00747045
0.00807374
0.00851841
0.00856348
0.00821798
0.00774261
0.00724315
0.00678062
0.00639119
0.00608723
0.00586312
0.00570465
0.00559728
0.00553037
0.00549706
0.00549194
0.00550963
0.00554558
0.00559752
0.0056642
0.0057399
0.0058078
0.00583583
0.00578887
0.00563659
0.0053638
0.00497938
0.00456061
0.00423654
0.00384637
0.00369835
0.00732018
0.00950398
0.00927937
0.00804817
0.00727632
0.0071376
0.00652122
0.00350413
0.00667498
0.0105028
0.0129067
0.0136771
0.0124438
0.00960895
0.00703431
0.00586926
0.00521921
0.00479387
0.00452873
0.00436131
0.00424797
0.00416153
0.0040821
0.0039948
0.00388723
0.00374802
0.00356607
0.00333051
0.00303092
0.00265802
0.00220475
0.00166921
0.00103072
0.000479005
0.00131157
0.00188656
0.00208087
0.00191651
0.00142286
0.000463998
0.00143177
0.00279154
0.00370607
0.00387709
0.00325923
0.00226345
0.00149868
0.00121428
0.00137142
0.00185799
0.00256136
0.00330659
0.00370659
0.00128316
0.0127437
0.0224486
0.0146267
0.0111771
0.00926769
0.00762211
0.00598415
0.00453191
0.00376102
0.00408605
0.00500115
0.00574031
0.00615826
0.0065665
0.00715664
0.00794114
0.0087807
0.00940352
0.00950909
0.00913383
0.00858148
0.00797227
0.00738581
0.00687406
0.00646072
0.00614544
0.00591359
0.00574703
0.00563118
0.00555613
0.00551389
0.00549583
0.00549361
0.00550286
0.00552469
0.00556057
0.00560211
0.0056208
0.00557732
0.00543026
0.00514874
0.00472657
0.00420006
0.00371695
0.00318946
0.00260146
0.0068423
0.00827065
0.00755885
0.0067572
0.00674164
0.00658215
0.00474455
0.00578996
0.00991582
0.012697
0.0142393
0.0141322
0.0122465
0.00935729
0.00710545
0.0059636
0.00528652
0.00488382
0.00465297
0.00451805
0.00443712
0.00438315
0.00433661
0.00428229
0.00420703
0.00409874
0.00394592
0.00373735
0.00346225
0.00311068
0.00267441
0.00214945
0.00153
0.000489763
0.000951054
0.00171413
0.0021358
0.00219014
0.0018915
0.00120294
0.000272903
0.00213734
0.00344899
0.00396286
0.00358113
0.00264909
0.00181995
0.00145608
0.0015431
0.00198011
0.00265137
0.00337334
0.00373962
0.00118803
0.0132726
0.0233219
0.015259
0.0116906
0.00967155
0.0078665
0.00600473
0.00426558
0.00328227
0.00373352
0.00483875
0.00561468
0.00606331
0.00660052
0.0073955
0.00842211
0.00949095
0.0102793
0.0104519
0.010053
0.00942245
0.00869755
0.00797747
0.00733186
0.00679851
0.00638517
0.00607814
0.00585514
0.00569587
0.00558587
0.00551385
0.00546761
0.00543415
0.00540505
0.00538176
0.0053729
0.00538144
0.00538745
0.00535167
0.00522335
0.00495565
0.00452151
0.00392678
0.00324927
0.00246164
0.00229215
0.00765381
0.00656629
0.00541282
0.00564822
0.00598956
0.00512466
0.00557151
0.00930865
0.0123892
0.0144117
0.0151957
0.0143523
0.0120105
0.00916525
0.00712534
0.00600471
0.00535767
0.0050107
0.00482734
0.00472827
0.00468062
0.00465967
0.00464665
0.00462574
0.00458294
0.00450557
0.00438161
0.00419879
0.0039444
0.00360596
0.00317271
0.00263673
0.00197688
0.000998903
0.000482291
0.00135588
0.0019742
0.00223876
0.00213431
0.00163845
0.000612657
0.00132749
0.00306792
0.00392918
0.00380714
0.00298702
0.00212657
0.00169086
0.00170067
0.00208025
0.00271556
0.00341443
0.00375251
0.00109707
0.0137618
0.0241092
0.0158153
0.0121306
0.0100196
0.00808806
0.00604578
0.00405403
0.00284422
0.00342441
0.00467161
0.00542977
0.00592906
0.00662764
0.00764647
0.00891324
0.0101901
0.0111236
0.0113726
0.0109631
0.0102579
0.0094152
0.00855458
0.00776471
0.00709996
0.00657953
0.00619327
0.00591515
0.00571773
0.00558002
0.00548617
0.00542004
0.00536354
0.00530285
0.00523767
0.00518279
0.00515457
0.00514643
0.0051242
0.00503033
0.00480364
0.00439892
0.00379976
0.00304173
0.00213584
0.00311368
0.00894458
0.00378492
0.00353385
0.00458396
0.00456996
0.00545857
0.0086793
0.0118916
0.0142548
0.0156962
0.0158388
0.014408
0.011759
0.00897767
0.00706573
0.00599561
0.00543596
0.00516779
0.00503153
0.00497072
0.00495906
0.00497419
0.00499719
0.00501127
0.00500194
0.00495643
0.00486193
0.00470397
0.00446639
0.0041334
0.00369223
0.00313323
0.00243775
0.00154622
0.000284263
0.000891493
0.00166883
0.00211625
0.0021897
0.00185373
0.00101773
0.00073849
0.00264429
0.00381314
0.00394221
0.0032655
0.00241743
0.00190978
0.00183615
0.00215084
0.00274802
0.00342607
0.00374217
0.00100889
0.0142174
0.0248211
0.0163026
0.0125016
0.0103124
0.00828226
0.00610002
0.00389887
0.00245748
0.00315001
0.00447341
0.00518492
0.0057756
0.00666724
0.00792007
0.0094117
0.0108644
0.0119177
0.0122522
0.011852
0.0110807
0.0101219
0.00911694
0.00817437
0.00736689
0.00672845
0.00625613
0.00592198
0.00569069
0.00553258
0.00542537
0.00534807
0.00527716
0.00519271
0.00509105
0.00499172
0.00492543
0.00490332
0.00490131
0.00485713
0.00469625
0.00436036
0.00382658
0.00314969
0.00252591
0.0043427
0.0103314
0.000320957
0.0023863
0.00308298
0.00475263
0.00784616
0.0110696
0.0137151
0.0156253
0.0166084
0.0162311
0.0143476
0.0114861
0.00874715
0.00692297
0.00595184
0.00551283
0.00532954
0.00524144
0.00522358
0.00525386
0.00531041
0.00537302
0.00542438
0.00545063
0.00543937
0.0053762
0.00524281
0.00501847
0.00468433
0.00422753
0.00364105
0.00291624
0.00203049
0.000921193
0.000373337
0.0012952
0.00188745
0.00211057
0.00190795
0.0011921
0.000633437
0.00234955
0.0036667
0.00399698
0.00348238
0.00268222
0.00210626
0.00194425
0.00218695
0.00274473
0.00340564
0.00370584
0.0009201
0.0146443
0.0254679
0.0167293
0.012811
0.0105546
0.00844898
0.00616283
0.0038014
0.00213876
0.00289262
0.00421776
0.00489859
0.00562847
0.006737
0.008222
0.00991155
0.0115028
0.0126493
0.0130737
0.0127086
0.0118844
0.0108151
0.00966531
0.00856432
0.00760402
0.00683568
0.00626774
0.00587367
0.00561081
0.00543899
0.00532702
0.00524739
0.00517056
0.00507009
0.0049381
0.0047976
0.00469384
0.00465919
0.00468391
0.0047009
0.00461971
0.00436919
0.00392848
0.00340599
0.00315183
0.00550087
0.0115751
0.00135997
0.00107404
0.00321873
0.00647904
0.00978215
0.0126936
0.0149923
0.0165939
0.0172158
0.016433
0.0142051
0.0111765
0.00843751
0.00668461
0.0058584
0.00556587
0.00546563
0.0054329
0.00546748
0.00554867
0.00565301
0.0057591
0.0058508
0.00591638
0.00594364
0.00591492
0.00580635
0.00559218
0.00525185
0.00477515
0.00416196
0.00341525
0.00253204
0.00150788
0.000455764
0.000926906
0.00162122
0.00194785
0.00183827
0.00117997
0.000712046
0.00233969
0.00360012
0.00401312
0.00364421
0.00289723
0.00227025
0.00202014
0.00218572
0.002704
0.00335252
0.00364216
0.000828087
0.0150474
0.0260594
0.0171051
0.0130686
0.0107538
0.00859203
0.00623207
0.00375487
0.0018931
0.00266737
0.00389882
0.00460462
0.00551253
0.00684892
0.0085511
0.0104045
0.0120984
0.0133139
0.0138257
0.013523
0.0126635
0.0114931
0.0102013
0.00893945
0.0078188
0.00690923
0.00623423
0.0057732
0.00547829
0.00529779
0.00518905
0.00511562
0.00504058
0.00493079
0.00477399
0.00459607
0.00445653
0.00441211
0.00446989
0.00455444
0.00455237
0.00437436
0.00399929
0.00361088
0.00370152
0.00660716
0.0125152
0.00178468
0.000867294
0.00443812
0.00791146
0.0111128
0.0137973
0.015866
0.0172384
0.0175834
0.0164984
0.0140085
0.0108217
0.00802724
0.00633712
0.00569797
0.00557367
0.00555324
0.00558786
0.00568797
0.00583016
0.0059882
0.00614146
0.00627773
0.00638843
0.0064602
0.00646994
0.00638689
0.0061807
0.00583072
0.0053318
0.00469325
0.00393017
0.00305349
0.00207806
0.00109052
0.000720282
0.00136465
0.00175791
0.00168349
0.000984161
0.000947463
0.0025445
0.00366879
0.00405721
0.00375651
0.00305561
0.00239062
0.00205777
0.00214514
0.00262642
0.00326863
0.00355179
0.000729041
0.0154311
0.026605
0.0174399
0.0132853
0.01092
0.0087182
0.00630939
0.00375725
0.0017462
0.00246466
0.00355059
0.00434368
0.00544669
0.00700647
0.00889958
0.0108814
0.0126481
0.0139142
0.0145023
0.0142854
0.0134136
0.0121552
0.0107273
0.00930576
0.00802092
0.00696124
0.00616759
0.00563001
0.00529934
0.0051127
0.00501355
0.00495354
0.00488645
0.004772
0.00459409
0.00438181
0.00420859
0.00415971
0.00425861
0.00441405
0.00447927
0.00433871
0.003968
0.00366273
0.00418734
0.00808363
0.0129372
0.00137212
0.00213768
0.00556078
0.00897553
0.0120354
0.0145372
0.0164328
0.0176238
0.0177646
0.0164704
0.013786
0.0104339
0.00752288
0.00588573
0.00546764
0.00550824
0.00557617
0.0056961
0.00587657
0.00608852
0.00630436
0.0065083
0.00669482
0.00685816
0.00698152
0.00703422
0.00697817
0.00677923
0.00641776
0.00589474
0.00523011
0.00445213
0.00358381
0.00264683
0.00170935
0.00105009
0.00120696
0.00156406
0.00148345
0.000599513
0.00142669
0.0029239
0.00385523
0.00414056
0.00383573
0.00315295
0.00245595
0.00204953
0.0020631
0.00251481
0.00315884
0.00343777
0.000620651
0.0157992
0.0271133
0.0177436
0.0134724
0.0110636
0.00883571
0.00639873
0.00380334
0.00168999
0.00227458
0.00323754
0.00414841
0.00543964
0.00720388
0.00925512
0.0113338
0.0131523
0.0144579
0.0151053
0.0149861
0.0141305
0.0128017
0.0112472
0.00967044
0.00822193
0.00700763
0.00608589
0.0054612
0.00508807
0.00489454
0.00480852
0.00476659
0.0047108
0.00459328
0.00439516
0.00415011
0.00394618
0.0039031
0.00405654
0.00428777
0.00440424
0.00425415
0.00381058
0.00357477
0.00511357
0.00977797
0.0126821
0.000787329
0.00320267
0.0064963
0.00977583
0.0126704
0.015012
0.0167577
0.0177983
0.0177968
0.0163781
0.0135658
0.010047
0.00695392
0.00533608
0.0051573
0.00535635
0.00553099
0.00575745
0.00603124
0.00631765
0.00659271
0.00685053
0.00709403
0.00731847
0.00750082
0.00760149
0.0075754
0.00738522
0.00701226
0.00646277
0.00576698
0.00496755
0.00410104
0.00319312
0.00229424
0.00156674
0.00130186
0.00141117
0.00124786
0.000299702
0.00214023
0.00341606
0.00411456
0.00424739
0.00388173
0.00318426
0.00245527
0.00198679
0.00193713
0.00237449
0.00303121
0.00330567
0.00050406
0.0161554
0.0275921
0.0180252
0.0136404
0.0111949
0.00895269
0.00650441
0.00389274
0.00173759
0.00212684
0.00302784
0.0040322
0.00548844
0.00742785
0.0096039
0.0117549
0.0136132
0.0149538
0.0156472
0.0156146
0.0148093
0.0134321
0.0117658
0.0100425
0.00843527
0.00706751
0.00601312
0.00529219
0.00486791
0.00466298
0.00458942
0.00456586
0.00452027
0.00439698
0.004176
0.00389774
0.00366955
0.00365051
0.0038822
0.00420088
0.00435673
0.00414989
0.00357219
0.00369053
0.00706062
0.0109193
0.0118354
0.00110028
0.00412983
0.00729003
0.0103834
0.0130979
0.0152826
0.0168861
0.0177965
0.0177009
0.0162334
0.0133675
0.00970544
0.00637261
0.00470766
0.00476929
0.00512293
0.00543097
0.00578289
0.00615609
0.00651504
0.00684721
0.00716144
0.00746881
0.0077626
0.00801118
0.00816578
0.00817499
0.00799838
0.00761665
0.00703848
0.00630183
0.00546415
0.00457993
0.0036835
0.00281084
0.00206183
0.00159313
0.0013672
0.000949669
0.00143066
0.00296663
0.00394428
0.00438746
0.00434063
0.00387759
0.00313889
0.00237686
0.0018601
0.00176455
0.00221432
0.00289711
0.0031632
0.000387116
0.0165025
0.0280479
0.0182923
0.0137984
0.0113226
0.0090763
0.00663002
0.00402679
0.00191623
0.00211369
0.00296122
0.00398858
0.00558053
0.00766122
0.00993302
0.01214
0.0140336
0.0154098
0.0161438
0.016169
0.0154402
0.014046
0.0122874
0.010433
0.00867644
0.00716251
0.00597796
0.00515635
0.00467216
0.00444751
0.00437996
0.00436851
0.00432558
0.00418818
0.00393768
0.0036246
0.00338403
0.00342103
0.00376856
0.00419609
0.00439199
0.00410583
0.00343809
0.00501934
0.00892337
0.0114785
0.0106036
0.00213644
0.00503851
0.00799364
0.0108587
0.0133721
0.0153919
0.016853
0.0176445
0.0174871
0.0160313
0.0131898
0.00944104
0.00584509
0.00404334
0.00432137
0.00483894
0.00530797
0.00579394
0.00626012
0.00668075
0.00706378
0.00743548
0.00781261
0.00818298
0.00850484
0.00872076
0.00877379
0.00861987
0.00823662
0.00763067
0.00684227
0.00594091
0.00500345
0.00408302
0.00320693
0.00242709
0.00183688
0.00135158
0.000691226
0.00269845
0.00379583
0.00443401
0.00461242
0.0043744
0.00379489
0.00299948
0.00220731
0.0016596
0.0015436
0.00204911
0.00277104
0.00301932
0.000297366
0.0168432
0.0284861
0.0185514
0.0139541
0.0114543
0.00921239
0.0067792
0.00421159
0.00224086
0.00231391
0.00302349
0.00399868
0.00569746
0.0078865
0.0102316
0.0124855
0.0144157
0.0158319
0.0166073
0.0166708
0.0160022
0.0146393
0.0128178
0.0108513
0.00896261
0.00731545
0.00601105
0.00509193
0.00454202
0.00428623
0.00421104
0.00419671
0.0041405
0.00397389
0.00368286
0.00333288
0.00310241
0.0032463
0.00375859
0.00432263
0.00457406
0.00424444
0.00400118
0.00694359
0.0103401
0.0115654
0.0092404
0.00332441
0.00595326
0.00863905
0.0112407
0.0135315
0.015374
0.0166886
0.0173657
0.0171627
0.0157573
0.0130086
0.00925257
0.00543151
0.00343206
0.0038644
0.00456505
0.00521003
0.00581854
0.00635386
0.00681529
0.00723856
0.00766665
0.00811755
0.00857023
0.0089723
0.00925863
0.00936745
0.00925043
0.00887963
0.00825469
0.00741054
0.00642074
0.00538415
0.00438616
0.00346113
0.00261405
0.00188571
0.00130871
0.00186663
0.00378803
0.00453708
0.0048308
0.00473901
0.00430571
0.00360221
0.00274546
0.00193255
0.00137547
0.00127744
0.00190378
0.0026695
0.00288328
0.000292119
0.0171794
0.0289109
0.0188072
0.0141133
0.0115956
0.00936549
0.00695637
0.004461
0.00271558
0.00271887
0.00315604
0.00403929
0.00581879
0.00808807
0.0104911
0.0127884
0.0147604
0.0162236
0.0170452
0.0171431
0.0165006
0.0151884
0.0133601
0.0113116
0.00930777
0.00754704
0.00613983
0.00513485
0.00451933
0.00421992
0.00411623
0.00407428
0.00397966
0.00376168
0.00341537
0.00302871
0.00284677
0.00316578
0.00389013
0.00461465
0.00495012
0.00467835
0.00538479
0.00868194
0.0113295
0.0113248
0.00808136
0.00455643
0.00685014
0.00923228
0.011551
0.0136041
0.0152579
0.0164206
0.0169835
0.0167383
0.0153984
0.0127873
0.00910571
0.00517202
0.00305335
0.00353591
0.00437059
0.0051607
0.00585659
0.00643219
0.00691384
0.0073656
0.00784692
0.00837323
0.00891231
0.00940136
0.00976869
0.00994829
0.0098873
0.00955075
0.00892769
0.00804029
0.00695427
0.00578049
0.00464596
0.00362754
0.00271957
0.00192938
0.00151425
0.00332168
0.00471667
0.00514357
0.00510194
0.00473591
0.00410355
0.00327334
0.00235838
0.00154154
0.000999061
0.000989464
0.00181684
0.00260786
0.00276287
0.000388351
0.0175124
0.0293253
0.0190632
0.01428
0.0117505
0.00953882
0.00716666
0.00478974
0.00330975
0.00320894
0.00331065
0.00408921
0.00592537
0.00825295
0.010704
0.0130455
0.0150665
0.0165857
0.0174611
0.0175977
0.0169745
0.0156765
0.013887
0.0118252
0.00973094
0.00787211
0.00638124
0.00530839
0.00463396
0.0042803
0.00412283
0.0040209
0.00385514
0.00355764
0.00313822
0.00272038
0.00264736
0.00321369
0.00417753
0.0050739
0.00552074
0.00549767
0.0069067
0.0101028
0.0119813
0.0109388
0.00742298
0.00572901
0.00768774
0.00976445
0.011799
0.0136099
0.0150684
0.0160751
0.016522
0.0162299
0.0149504
0.0124928
0.00895385
0.00507775
0.00303078
0.00350107
0.00437404
0.00520355
0.0059131
0.00648633
0.00696688
0.00743654
0.00796527
0.00856595
0.00919381
0.00977622
0.0102359
0.0105031
0.0105208
0.0102469
0.00965874
0.0087616
0.00760226
0.0062851
0.00497
0.00381247
0.00287257
0.00218641
0.00209538
0.0044782
0.00548161
0.00560059
0.00523366
0.00459213
0.00375478
0.0027934
0.00182285
0.00101624
0.000568365
0.000766623
0.00182913
0.00259466
0.00266311
0.000537715
0.0178427
0.0297311
0.0193212
0.0144566
0.0119212
0.00973423
0.00741517
0.0052031
0.00397101
0.00370156
0.00346409
0.00413299
0.00600154
0.00837061
0.0108638
0.0132524
0.0153307
0.0169159
0.0178551
0.0180395
0.0174409
0.0161513
0.0143745
0.012344
0.010252
0.00831044
0.00674144
0.0056156
0.00489234
0.00447738
0.00424156
0.0040455
0.00377293
0.00336462
0.00285263
0.00242033
0.002537
0.00340213
0.00460419
0.00567012
0.00625401
0.0065275
0.00828488
0.0112306
0.0124156
0.010584
0.00731971
0.00676685
0.00842819
0.0102213
0.0119863
0.0135614
0.0148245
0.0156738
0.0160026
0.0156551
0.0144189
0.0121078
0.00876531
0.00515
0.00337996
0.0037683
0.00457855
0.00535713
0.00600347
0.00651782
0.00696693
0.00743919
0.00800724
0.00867848
0.00939555
0.0100768
0.0106398
0.0110119
0.0111321
0.0109524
0.0104397
0.00958224
0.00840251
0.00698076
0.00548085
0.00413728
0.00314922
0.00264289
0.00297503
0.00520558
0.00607183
0.00591441
0.0052307
0.0043181
0.00327033
0.00216748
0.00112968
0.000552746
0.000319415
0.000769587
0.00195555
0.00262901
0.00258609
0.000705379
0.0181706
0.0301293
0.0195818
0.0146434
0.0121077
0.00995218
0.00770565
0.00569338
0.00465045
0.00416366
0.00360689
0.00415943
0.00603515
0.00843223
0.0109637
0.0134028
0.0155469
0.0172091
0.0182245
0.0184701
0.0179081
0.0166328
0.0148653
0.0128572
0.0107999
0.00886777
0.00723303
0.00604535
0.00527747
0.00479597
0.00446203
0.00414268
0.00373089
0.00318127
0.00255744
0.00214493
0.00253882
0.00371492
0.00513202
0.00636055
0.00707921
0.00757628
0.00945224
0.0121297
0.0127561
0.0103942
0.0076075
0.0076418
0.00904982
0.0105901
0.0121089
0.0134627
0.0145369
0.0152309
0.0154407
0.015029
0.0138159
0.0116372
0.00854435
0.00537675
0.00397951
0.00426503
0.00494255
0.00560431
0.00613216
0.0065362
0.00691076
0.00736499
0.00795699
0.00869022
0.00949431
0.0102783
0.0109549
0.0114479
0.0116935
0.011639
0.0112433
0.0104798
0.00934742
0.00789332
0.00625383
0.00469687
0.00357564
0.00316653
0.00380774
0.00566401
0.00647773
0.00608664
0.00510307
0.00394133
0.0026927
0.00142446
0.000238593
0.000746132
0.000367847
0.00101816
0.00217272
0.00270274
0.00253167
0.00087586
0.0184957
0.0305197
0.0198441
0.0148392
0.0123085
0.0101916
0.0080387
0.00624139
0.00531322
0.00458485
0.00373788
0.00415933
0.00601645
0.00842957
0.0109956
0.0134882
0.015706
0.0174569
0.0185639
0.0188882
0.0183799
0.0171312
0.0153765
0.0133895
0.0113703
0.00947049
0.00784317
0.00659267
0.0057622
0.00520509
0.00475816
0.00429513
0.00371957
0.00300191
0.00224796
0.00190668
0.0026553
0.00411736
0.00571695
0.00709659
0.0079134
0.00854857
0.0104099
0.0128659
0.0131075
0.0104339
0.00809484
0.00836259
0.00954827
0.0108627
0.0121601
0.013311
0.0142077
0.0147521
0.0148446
0.0143633
0.0131596
0.0111097
0.00832972
0.00572174
0.00467628
0.00486764
0.00539059
0.00590184
0.0062779
0.0065367
0.00679945
0.00720298
0.00779603
0.00857643
0.00946276
0.0103521
0.0111508
0.0117792
0.0121706
0.0122691
0.0120278
0.0114086
0.0103894
0.00898316
0.00728008
0.0055231
0.00416229
0.00370202
0.00442727
0.00592351
0.00669233
0.00611459
0.0048562
0.00348802
0.00208145
0.000678551
0.000798527
0.000939888
0.000397333
0.00132979
0.0024321
0.00280223
0.00249691
0.00104188
0.0188175
0.0309013
0.0201062
0.0150408
0.01252
0.0104497
0.00841033
0.00682246
0.00593877
0.00496391
0.0038539
0.00412301
0.00593638
0.00835409
0.0109501
0.0134976
0.015796
0.0176479
0.0188639
0.0192886
0.0188563
0.0176515
0.0159172
0.0139509
0.0119685
0.0101097
0.00850303
0.00723953
0.00632428
0.00567215
0.00509952
0.00448081
0.00372622
0.0028188
0.00191534
0.00172377
0.00286753
0.00456987
0.00631932
0.00781994
0.0087043
0.00940557
0.0111762
0.0134847
0.0135422
0.0107073
0.00865735
0.00895152
0.00992978
0.011037
0.0121335
0.0131003
0.0138335
0.014238
0.0142191
0.0136707
0.0124769
0.0105726
0.00816575
0.00612525
0.00535437
0.00546808
0.00584648
0.00620305
0.00641492
0.00650463
0.00661653
0.006922
0.00749824
0.00830757
0.00927
0.0102663
0.0111948
0.0119711
0.0125258
0.0128009
0.0127454
0.0123128
0.0114626
0.0101749
0.00848755
0.00658205
0.00491567
0.00424381
0.00484622
0.00602146
0.00672187
0.00600431
0.00449292
0.00295623
0.00142946
0.000814534
0.00106039
0.00091369
0.000493953
0.00167256
0.00268655
0.00290986
0.00247491
0.00120054
0.0191353
0.0312723
0.0203646
0.0152433
0.0127367
0.0107215
0.00881153
0.00741205
0.00651682
0.00530272
0.00395019
0.00404026
0.00578561
0.00819664
0.0108164
0.0134177
0.0158016
0.0177667
0.0191112
0.0196621
0.0193331
0.0181942
0.0164914
0.0145461
0.0125962
0.0107768
0.00919405
0.00792362
0.00694865
0.00617209
0.00546075
0.00468055
0.00374026
0.00262637
0.00154723
0.00161752
0.00314569
0.00503639
0.00691096
0.00847801
0.00941679
0.0101338
0.0117659
0.0140015
0.0140981
0.0111936
0.00923677
0.00943286
0.0102063
0.0111163
0.0120273
0.0128265
0.0134117
0.0136898
0.0135721
0.0129692
0.0118028
0.0100754
0.00807041
0.0065214
0.00594126
0.00599264
0.00624906
0.00646606
0.00651995
0.00643041
0.00635852
0.00652096
0.00703877
0.007854
0.00888411
0.00998892
0.0110546
0.01199
0.0127226
0.0131929
0.0133484
0.0131363
0.0125003
0.0113891
0.00978692
0.00780105
0.00583041
0.00481112
0.00514565
0.0059962
0.0065834
0.00577734
0.00403286
0.0023591
0.00122403
0.000911487
0.000972862
0.000725338
0.000739227
0.00201729
0.0029069
0.00301034
0.00245668
0.001352
0.0194491
0.03163
0.020615
0.0154404
0.0129514
0.0109996
0.0092287
0.0079887
0.00704335
0.00560376
0.00402122
0.00390051
0.00555462
0.00794809
0.010583
0.0132335
0.0157053
0.0177943
0.019288
0.0199939
0.0198004
0.0187546
0.0170978
0.0151752
0.0132525
0.0114655
0.00990191
0.00861664
0.0075914
0.00669112
0.0058263
0.00488298
0.00375877
0.00242789
0.00112882
0.00160977
0.00346019
0.00548508
0.00745267
0.00904161
0.010026
0.0107302
0.0121879
0.0143991
0.0147787
0.011883
0.00982255
0.00983294
0.0103948
0.011111
0.0118461
0.0124916
0.0129453
0.0131147
0.0129174
0.0122829
0.0111723
0.00965016
0.00802747
0.00685563
0.00639687
0.00639699
0.00655554
0.00665782
0.00657423
0.00630909
0.00602555
0.0059891
0.00639764
0.00718688
0.00827446
0.00949145
0.0107029
0.0118079
0.01273
0.0134095
0.0137944
0.0138285
0.013443
0.0125564
0.0110994
0.00910159
0.00688137
0.00544701
0.00541019
0.00590185
0.00631516
0.00547816
0.00357359
0.00202438
0.0010066
0.000726084
0.000747022
0.000482544
0.0010308
0.00232364
0.00308696
0.00309533
0.00243456
0.00149811
0.0197588
0.031971
0.020852
0.0156241
0.0131549
0.0112733
0.00964469
0.00853485
0.00751802
0.00586971
0.00406207
0.00369334
0.0052344
0.00760081
0.0102397
0.0129304
0.0154877
0.0177088
0.0193717
0.0202637
0.0202424
0.0193223
0.0177303
0.0158332
0.0139318
0.0121679
0.0106138
0.00930291
0.00820935
0.00721615
0.00619425
0.00508943
0.00379303
0.00224879
0.000646111
0.00171129
0.00377714
0.00591436
0.0078942
0.00948871
0.0105125
0.0111952
0.0124496
0.0146329
0.0155448
0.0127934
0.0104406
0.0101835
0.0105175
0.011038
0.0116024
0.0121051
0.0124436
0.012525
0.0122728
0.011635
0.0106088
0.0093007
0.00800149
0.00709302
0.00670351
0.00665808
0.00673913
0.00675464
0.00656437
0.00614223
0.00562792
0.00532036
0.00552963
0.00627792
0.00741557
0.00875524
0.0101243
0.0114088
0.0125287
0.0134255
0.0140505
0.0143484
0.0142409
0.0136201
0.0123629
0.0104187
0.00802777
0.00618237
0.0057129
0.00580691
0.00598257
0.00516654
0.00331833
0.00174749
0.0007036
0.000384646
0.00042232
0.00030981
0.00130381
0.00254934
0.00322613
0.00316158
0.00240395
0.00164106
0.0200646
0.0322915
0.0210691
0.0157849
0.0133358
0.011529
0.0100398
0.00903632
0.00794282
0.00610418
0.00407051
0.00340931
0.00481774
0.00715126
0.00978018
0.0124961
0.0151304
0.0174865
0.0193361
0.0204453
0.0206364
0.0198805
0.0183773
0.0165102
0.0146234
0.0128718
0.0113159
0.00996974
0.00879709
0.00770186
0.00657014
0.00531363
0.00386913
0.00215677
0.000193421
0.0019384
0.00411881
0.00625719
0.00821269
0.00980177
0.0108607
0.0115299
0.0125646
0.0146502
0.0162955
0.0139599
0.0111506
0.0105265
0.0106023
0.0109197
0.0113153
0.0116828
0.0119206
0.0119352
0.011654
0.0110403
0.0101174
0.00900847
0.00795717
0.00721806
0.00685908
0.00676808
0.00678558
0.00674084
0.00648272
0.00594296
0.00520504
0.00455412
0.00443466
0.00510721
0.00629964
0.00778356
0.00932577
0.0107975
0.0121178
0.0132324
0.0140991
0.0146681
0.0148568
0.0145353
0.0135281
0.0117005
0.00921758
0.00702627
0.00610447
0.00577778
0.00566555
0.00488703
0.00318927
0.00161948
0.000524102
0.000125112
0.000185214
0.000417394
0.00152259
0.00267806
0.00331952
0.00320715
0.00236305
0.00178281
0.020367
0.0325874
0.0212597
0.0159124
0.013481
0.0117497
0.0103925
0.00948095
0.00832133
0.00631346
0.00405093
0.00304093
0.00430091
0.00660339
0.00920594
0.0119246
0.0146185
0.0171047
0.0191524
0.0205078
0.0209534
0.0204059
0.0190218
0.017192
0.0153125
0.0135615
0.0119917
0.0106026
0.00934998
0.00815025
0.00690949
0.00555188
0.00400514
0.00222165
0.000673704
0.0022763
0.00439797
0.00648439
0.00839513
0.0099684
0.0110584
0.0117323
0.0125565
0.0144231
0.0168584
0.0153936
0.0120522
0.0109249
0.0106855
0.0107836
0.0110084
0.0112451
0.0113926
0.0113579
0.0110702
0.0105011
0.00968656
0.00874598
0.00787021
0.00723052
0.00687268
0.00673098
0.00669105
0.00660702
0.00632397
0.0057303
0.0048282
0.00381295
0.003201
0.00367817
0.00495734
0.0066228
0.0083519
0.0100091
0.0115216
0.0128438
0.0139422
0.0147778
0.0152688
0.0152698
0.0145575
0.0129055
0.0104025
0.0079609
0.00660795
0.00586109
0.00543524
0.00465909
0.00315313
0.00166409
0.000747027
0.000571607
0.000516055
0.000689427
0.00164131
0.00272274
0.00335961
0.00322844
0.00231075
0.0019251
0.0206663
0.0328545
0.0214169
0.0159957
0.013576
0.0119161
0.0106796
0.00985627
0.00865744
0.00650719
0.00401094
0.00257951
0.00368967
0.00597311
0.00853098
0.0112206
0.0139453
0.0165449
0.0187924
0.0204171
0.0211586
0.0208688
0.019642
0.0178612
0.0159818
0.0142196
0.0126242
0.0111862
0.00985769
0.00856523
0.0072312
0.005791
0.00419907
0.0024883
0.00138017
0.00262553
0.00459521
0.00658974
0.00843534
0.00998276
0.011098
0.0117955
0.0124534
0.0139843
0.0170396
0.0169686
0.0132782
0.0114833
0.0108216
0.0106632
0.0107091
0.0108155
0.0108773
0.0108034
0.0105231
0.0100089
0.00929612
0.00848795
0.00772921
0.00714046
0.00676161
0.00656068
0.00646142
0.00634899
0.0060789
0.0055105
0.00456741
0.00330263
0.00201288
0.00202467
0.00351154
0.00540316
0.00730771
0.00912124
0.0107957
0.0122994
0.0136057
0.0146896
0.0154745
0.0158073
0.0154246
0.0140035
0.0115417
0.00895328
0.00721893
0.0060749
0.00533598
0.00450875
0.0031962
0.00186297
0.00115826
0.00106207
0.000968811
0.000976317
0.00169241
0.00269146
0.0033396
0.00321967
0.00224498
0.00206995
0.020963
0.0330891
0.0215344
0.0160241
0.013606
0.0120079
0.0108768
0.0101462
0.00895252
0.00670202
0.00397919
0.00203113
0.00299075
0.00529289
0.00778685
0.0104051
0.0131169
0.0157978
0.0182327
0.0201386
0.0212133
0.0212342
0.020212
0.0184992
0.0166139
0.0148292
0.0131981
0.0117075
0.0103094
0.0089406
0.0075391
0.00605713
0.00447925
0.00291425
0.00204708
0.00295312
0.00470323
0.00657047
0.008334
0.0098463
0.0109798
0.0117111
0.0122726
0.0134296
0.016745
0.018317
0.0149384
0.0123761
0.0111123
0.0106084
0.0104496
0.0104205
0.0103945
0.0102811
0.0100103
0.00954995
0.0089247
0.0082159
0.00753221
0.0069634
0.00654865
0.00627971
0.00611312
0.00597053
0.0057354
0.00526897
0.00445432
0.00325236
0.0016754
0.000318011
0.00235955
0.00438321
0.00635945
0.008251
0.0100247
0.0116655
0.0131398
0.0144387
0.0154935
0.0161497
0.0161161
0.0149703
0.012602
0.00996842
0.00791251
0.00641063
0.00537788
0.0044595
0.00329902
0.00214501
0.00158917
0.00152872
0.001416
0.00126954
0.00170664
0.00259378
0.00325626
0.0031745
0.00216274
0.00221972
0.0212578
0.0332883
0.0216073
0.0159887
0.0135599
0.0120087
0.0109618
0.0103341
0.00920607
0.0069125
0.00400242
0.00145101
0.00224677
0.00462339
0.00702777
0.00951886
0.0121582
0.0148693
0.0174595
0.0196422
0.0210776
0.0214626
0.0207022
0.0190864
0.0171927
0.015376
0.0137013
0.0121566
0.0106972
0.00926987
0.00782744
0.00634025
0.00481931
0.00340366
0.00263021
0.0032321
0.00472159
0.00643113
0.00809758
0.00956744
0.0107127
0.0114793
0.0120185
0.0128691
0.0160123
0.0190201
0.0168097
0.0138454
0.0117589
0.0107161
0.0102752
0.0100902
0.0099675
0.00980374
0.00953096
0.00911163
0.00855485
0.00791797
0.00728168
0.00671562
0.00625817
0.00591644
0.00567308
0.00548673
0.00527683
0.00492244
0.0043198
0.00343085
0.00237966
0.00158469
0.00223205
0.00385267
0.00567177
0.00752349
0.00930148
0.0110161
0.012611
0.0140812
0.0153681
0.0163197
0.0166332
0.0157926
0.0135746
0.0109586
0.00865197
0.00684096
0.00554145
0.00451288
0.00345065
0.00245683
0.00199344
0.00194996
0.00183072
0.00156831
0.00171618
0.00244489
0.00311119
0.00308816
0.00206181
0.00237692
0.0215514
0.0334506
0.0216327
0.0158857
0.0134189
0.0119014
0.0109198
0.0103796
0.0093853
0.00722473
0.00424617
0.00109607
0.001616
0.00404284
0.00631948
0.00862401
0.0111167
0.0137864
0.0164761
0.0189075
0.0207139
0.0215121
0.0210797
0.0196036
0.0177046
0.0158485
0.0141248
0.0125273
0.0110161
0.00954763
0.00808727
0.00661964
0.0051705
0.00387426
0.00312365
0.00344927
0.00465597
0.00618041
0.00773564
0.00915888
0.0103122
0.0111118
0.0116802
0.0123395
0.0150316
0.0190194
0.0182316
0.0158218
0.0131172
0.011202
0.0102744
0.00986318
0.0096227
0.00938948
0.00909058
0.00868751
0.00817514
0.00758685
0.0069802
0.00640971
0.00591107
0.00549955
0.0051752
0.00492493
0.00470301
0.00445925
0.00409323
0.00357083
0.00301167
0.00274928
0.00304602
0.00402811
0.00541872
0.00700761
0.00869081
0.0104166
0.0120872
0.0136803
0.0151523
0.016358
0.016993
0.0164602
0.0144569
0.0118867
0.00939749
0.0073285
0.00579029
0.00464504
0.00363619
0.00276712
0.00235645
0.00231615
0.00219868
0.00187216
0.00174904
0.00226409
0.00290996
0.00295829
0.0019409
0.00254348
0.0218447
0.0335751
0.0216097
0.0156976
0.0131918
0.01169
0.0107454
0.0102585
0.00939453
0.00744449
0.00476591
0.00212011
0.00143376
0.00358744
0.0057137
0.007784
0.0100623
0.0126034
0.0153101
0.0179315
0.020093
0.0213402
0.0213078
0.020031
0.0181381
0.0162382
0.0144629
0.0128158
0.0112633
0.00976987
0.00831001
0.00687677
0.00549861
0.00428653
0.00352451
0.00360434
0.0045146
0.00582858
0.00725812
0.00863344
0.00979657
0.0106279
0.0112377
0.0118404
0.0140129
0.0184187
0.0189643
0.0175968
0.0152041
0.012523
0.0106593
0.00981114
0.00938808
0.00905813
0.00870276
0.00828083
0.00778119
0.00721797
0.00662747
0.00605098
0.00551953
0.00505078
0.00465311
0.00432271
0.00405936
0.00389952
0.00374451
0.00354381
0.00335772
0.00339542
0.00371684
0.00442565
0.00549345
0.00682773
0.00833762
0.00995329
0.0116204
0.0132945
0.0149072
0.0163135
0.0172189
0.0169686
0.015255
0.0127285
0.0101122
0.00783279
0.00608281
0.00481827
0.00383072
0.00305363
0.00268012
0.00263189
0.00251955
0.00216191
0.00182353
0.00207527
0.00266171
0.00278486
0.00180063
0.00272014
0.0221382
0.0336614
0.0215351
0.0154306
0.0128818
0.0113766
0.0104455
0.00998335
0.00924362
0.00756276
0.00529199
0.00316129
0.00228207
0.00351901
0.0052557
0.00704408
0.00907087
0.0113974
0.0140213
0.0167378
0.0192001
0.0209077
0.0213459
0.0203461
0.0184836
0.0165382
0.0147117
0.0130201
0.0114377
0.00993482
0.00849073
0.00710089
0.00578776
0.00463355
0.00383749
0.00369522
0.00430547
0.00538608
0.00667326
0.00799929
0.0091818
0.0100402
0.0107065
0.0113532
0.0130874
0.0173857
0.0190361
0.0188084
0.0172714
0.0147469
0.0119636
0.0101239
0.00930723
0.00881656
0.00837417
0.00789929
0.00737545
0.00680892
0.00621955
0.00563566
0.0050824
0.00457641
0.004126
0.00371512
0.00342485
0.00332019
0.00332124
0.003362
0.00344715
0.00368441
0.00409922
0.00474609
0.00564801
0.00679652
0.0081574
0.00968301
0.0113202
0.0130171
0.0146991
0.0162316
0.017337
0.0173756
0.015919
0.0134653
0.0107634
0.00831396
0.00637772
0.0049929
0.00400353
0.00329592
0.00295545
0.00290144
0.0027971
0.00243169
0.00194684
0.00191012
0.00238022
0.00256932
0.00164289
0.00290601
0.0224323
0.033709
0.0213931
0.0151099
0.0124885
0.0109687
0.0100366
0.00957847
0.00895639
0.0075889
0.00577726
0.004147
0.00332683
0.00384442
0.0051107
0.00657734
0.00820797
0.010258
0.0126947
0.0153863
0.0180457
0.0201832
0.0211495
0.0205218
0.0187314
0.0167424
0.014868
0.0131391
0.0115397
0.0100436
0.00863034
0.00729199
0.00603887
0.00492313
0.00407725
0.00372863
0.00403873
0.00486411
0.0059882
0.00725751
0.00848411
0.00935464
0.0101049
0.010862
0.0123156
0.0161421
0.0185691
0.0194029
0.018866
0.0170643
0.0142674
0.0113953
0.00955756
0.00866986
0.00806764
0.00751057
0.00693912
0.00634796
0.00574717
0.00515159
0.00458394
0.00406192
0.00358338
0.00313954
0.00288847
0.00284157
0.00294904
0.00314837
0.00342364
0.00382771
0.00435014
0.00501059
0.00584652
0.00688586
0.00813356
0.00957099
0.0111621
0.0128556
0.0145715
0.0161772
0.0174201
0.0176871
0.0164532
0.0140782
0.0113187
0.00873276
0.00663488
0.00513193
0.00412436
0.00347345
0.0031716
0.00312391
0.00303321
0.00267884
0.00212132
0.00180721
0.00208689
0.00231396
0.0014697
0.00309857
0.0227268
0.0337058
0.0211989
0.014734
0.012017
0.010477
0.00954182
0.00908141
0.00857518
0.0075434
0.00620382
0.00502002
0.00433618
0.00442854
0.00518303
0.00630037
0.00765805
0.00929799
0.0114372
0.0139682
0.0166781
0.0191531
0.0206716
0.0205223
0.0188692
0.016843
0.0149277
0.0131713
0.0115705
0.0101003
0.00873658
0.00746262
0.00627148
0.0051834
0.00427417
0.00372075
0.00372969
0.00427678
0.00521192
0.00640277
0.00769836
0.00859119
0.00944989
0.0103558
0.0116925
0.0149136
0.0177509
0.0194416
0.0198648
0.0189337
0.016696
0.013638
0.0108184
0.0089018
0.00780744
0.00703417
0.00636074
0.005718
0.00510263
0.00452122
0.00397218
0.00346964
0.00299121
0.00264897
0.00251467
0.00257335
0.00278219
0.00310132
0.00354617
0.00407368
0.00466252
0.00533953
0.00614613
0.0071198
0.00828365
0.00964016
0.0111695
0.0128268
0.0145338
0.0161631
0.0174874
0.0179187
0.0168547
0.0145456
0.0117444
0.00904995
0.0068147
0.00520024
0.00416518
0.00356591
0.00331462
0.00329103
0.00322297
0.00289635
0.0023273
0.00180518
0.00181775
0.00202308
0.00128146
0.00329412
0.0230211
0.0336273
0.0209686
0.014306
0.0114719
0.00991307
0.00898814
0.00853926
0.00815631
0.00746166
0.00657361
0.00578355
0.00528328
0.00518063
0.00551477
0.00622523
0.00727386
0.00866238
0.0103953
0.0126113
0.0151851
0.0178354
0.0198686
0.0202996
0.0188779
0.0168284
0.0148836
0.0131133
0.0115307
0.0101108
0.00882303
0.00763744
0.00652621
0.00547593
0.00450864
0.00373937
0.00341922
0.0036515
0.00436186
0.0054337
0.00679852
0.00776456
0.00875362
0.00981839
0.0111565
0.0138384
0.0167678
0.0190492
0.0202686
0.0201647
0.0186316
0.015954
0.0128803
0.0102038
0.00826488
0.00688972
0.00586609
0.00503148
0.00430907
0.00366523
0.00311174
0.0026687
0.002375
0.00228356
0.00238479
0.00263703
0.00300934
0.00350062
0.00404516
0.00461382
0.00522137
0.00589465
0.0066686
0.00757976
0.00865828
0.00991953
0.0113571
0.0129357
0.0145848
0.0161855
0.0175363
0.0180665
0.01711
0.0148385
0.0120026
0.00922482
0.00687715
0.00516208
0.00409843
0.00355352
0.00336799
0.0033889
0.00335557
0.00307393
0.00254178
0.00192289
0.00163526
0.00171152
0.00107633
0.00348861
0.0233142
0.0334425
0.0206983
0.0138313
0.0108592
0.00929072
0.00840809
0.00800958
0.00777236
0.00740505
0.00693065
0.0064912
0.00618165
0.00602475
0.00608499
0.00642273
0.00711466
0.00821347
0.00969913
0.0114925
0.013713
0.0162909
0.0187103
0.0197918
0.0187266
0.0166802
0.014722
0.0129574
0.0114185
0.0100804
0.00890533
0.00784734
0.0068581
0.00589447
0.00493053
0.00399314
0.00326111
0.00309405
0.00349968
0.00437009
0.00575585
0.00685949
0.00798461
0.00919127
0.0105846
0.0128905
0.015723
0.0183372
0.0201366
0.0207008
0.0198262
0.0176938
0.0149094
0.012147
0.00982047
0.00801434
0.00664022
0.00558566
0.00476873
0.00413001
0.00364471
0.00330286
0.00310546
0.00309873
0.00329902
0.00366775
0.0041625
0.00467046
0.00518227
0.00571215
0.00627294
0.00688533
0.00757763
0.00838268
0.00933236
0.0104496
0.0117391
0.0131775
0.0147062
0.0162182
0.0175385
0.0181028
0.0171861
0.0149147
0.0120475
0.00921411
0.00678189
0.00497886
0.00389258
0.00340577
0.00331368
0.00340136
0.00341516
0.00319474
0.00273935
0.0021496
0.00162811
0.00143398
0.000854921
0.00368039
0.023605
0.0330927
0.0203764
0.0133217
0.0101929
0.00863596
0.00785089
0.00756979
0.00751905
0.00746509
0.00735382
0.00721569
0.0070804
0.00694326
0.00685931
0.00692511
0.00728038
0.00804256
0.0092296
0.0107463
0.0124801
0.0146603
0.0171984
0.018923
0.018365
0.0163703
0.0144193
0.0126895
0.0112283
0.010013
0.00899786
0.00812066
0.00731592
0.0065219
0.00568677
0.00478281
0.00384606
0.00307683
0.00295647
0.00346664
0.00454779
0.00582441
0.00706158
0.00836621
0.00981152
0.0118997
0.0145911
0.0173567
0.0195259
0.0205531
0.0201845
0.0185871
0.0163033
0.0139319
0.011862
0.0102318
0.00903287
0.00819491
0.00763189
0.00726361
0.00702563
0.0068713
0.0067699
0.00669706
0.0066482
0.00666741
0.00682079
0.00705585
0.00734831
0.00768942
0.0080773
0.00851972
0.00903388
0.00964467
0.0103811
0.0112697
0.0123249
0.0135369
0.0148632
0.0162129
0.0174404
0.0179736
0.0170262
0.0147143
0.011825
0.00897468
0.00649378
0.00461239
0.00350965
0.00310935
0.0031426
0.00331209
0.00337994
0.00323357
0.00288813
0.00241586
0.00186859
0.00134744
0.000690988
0.00388422
0.0238908
0.0324772
0.0199681
0.0128015
0.00952207
0.00802029
0.00741442
0.00733844
0.007521
0.00775578
0.00794129
0.00804257
0.00805321
0.00796862
0.00783618
0.00775177
0.00785738
0.00829037
0.00911181
0.0102708
0.0116456
0.0132084
0.0154085
0.0176178
0.0177143
0.0158569
0.0139387
0.0122888
0.0109537
0.00991616
0.00911933
0.00848481
0.00793288
0.00739261
0.00680618
0.00613486
0.00536791
0.00452923
0.00378393
0.00357383
0.00395295
0.00482003
0.00596609
0.00730877
0.00877257
0.0107356
0.0133081
0.016122
0.0184829
0.0197549
0.0197032
0.0185563
0.0168447
0.0150945
0.0136266
0.012555
0.0118575
0.0114528
0.0112469
0.0111583
0.011126
0.0111099
0.011087
0.0110476
0.010988
0.0108806
0.0107324
0.0106352
0.0106025
0.0106331
0.0107274
0.0108853
0.011113
0.0114253
0.011845
0.0123992
0.0131108
0.0139866
0.0150062
0.016101
0.0171642
0.0175976
0.0165453
0.014159
0.0112751
0.00847327
0.00599902
0.00404072
0.00290017
0.0026504
0.00285633
0.00311685
0.00323955
0.00317821
0.00297292
0.00267536
0.00228616
0.00172563
0.00106467
0.00417215
0.024155
0.0314331
0.0193992
0.0123258
0.00900305
0.00765265
0.00732158
0.00751904
0.00794723
0.00841637
0.00881489
0.00908703
0.00921302
0.00919971
0.00909011
0.00896712
0.00893748
0.00910351
0.00953123
0.0102236
0.0111219
0.0121708
0.0135953
0.0158303
0.0166623
0.0150754
0.0132269
0.0117268
0.0105955
0.00981562
0.00931066
0.00898416
0.00874533
0.00852095
0.00825617
0.00791306
0.00747341
0.00692814
0.00626638
0.00564333
0.00529617
0.00529571
0.00572501
0.00656822
0.00776866
0.00946069
0.011881
0.0146942
0.0170743
0.0183535
0.0184285
0.0176529
0.0165498
0.0155404
0.0148318
0.0144513
0.0143324
0.0143828
0.0145201
0.0146833
0.0148321
0.014943
0.015005
0.0150151
0.0149756
0.0148954
0.0147326
0.0145386
0.0143312
0.0141291
0.0139495
0.0138039
0.0137015
0.0136545
0.0136816
0.0138092
0.0140681
0.0144846
0.0150707
0.0157939
0.0166074
0.0168628
0.0156266
0.0131484
0.0103458
0.00771432
0.00534733
0.00333538
0.001978
0.00197479
0.00240261
0.00275458
0.0029274
0.00295431
0.0029033
0.00280771
0.00263126
0.00229958
0.00199172
0.00456785
0.0243894
0.029719
0.0185459
0.0120214
0.00904028
0.00805609
0.00805851
0.00849932
0.00909753
0.00969721
0.0102034
0.0105619
0.0107591
0.0108364
0.0108162
0.0107452
0.0106717
0.0106392
0.0106837
0.0108312
0.0110928
0.011478
0.0121315
0.0136576
0.0150622
0.0139114
0.0122016
0.010969
0.0101763
0.00977675
0.00965695
0.00970041
0.00981336
0.0099299
0.0100057
0.0100112
0.0099259
0.00973575
0.00941282
0.00892325
0.00841262
0.00793553
0.00760773
0.00757038
0.00795941
0.00891168
0.0106016
0.0129749
0.0153398
0.016399
0.0164369
0.0160127
0.0155837
0.0154005
0.0155037
0.0158192
0.0162472
0.0167064
0.017143
0.0175256
0.017838
0.0180743
0.0182342
0.018321
0.0183394
0.018298
0.0181952
0.0180183
0.0177864
0.0175085
0.0171904
0.0168432
0.016476
0.0161003
0.015732
0.0153953
0.0151255
0.014968
0.0149776
0.0151819
0.0156394
0.0156181
0.0141074
0.0115759
0.00902683
0.00681886
0.00480991
0.00304799
0.00126697
0.00071174
0.00177464
0.00221966
0.00240901
0.00249877
0.00258431
0.00268028
0.00272276
0.00265822
0.00272669
0.0054911
0.0244106
0.0270114
0.017275
0.012167
0.0103086
0.0100115
0.0103349
0.010895
0.0115236
0.0121262
0.0126427
0.0130347
0.0132893
0.0134447
0.0135032
0.0134645
0.0133265
0.0130848
0.0127416
0.0123096
0.0118225
0.0113466
0.0110411
0.0115086
0.0127872
0.0121814
0.0107488
0.00998769
0.00976138
0.00992086
0.0102943
0.0107562
0.0112294
0.0116692
0.0120494
0.0123525
0.012564
0.012669
0.0126407
0.0124378
0.0120595
0.0115396
0.0109308
0.0103229
0.00985066
0.00970355
0.0101312
0.0113562
0.0131052
0.0138864
0.0138279
0.013842
0.0142088
0.0149115
0.0158013
0.0167336
0.0176157
0.0184013
0.0190741
0.0196338
0.0200869
0.0204424
0.0207087
0.0208931
0.0210011
0.0210376
0.0210093
0.0208962
0.0207039
0.0204287
0.0200678
0.0196199
0.0190841
0.0184612
0.0177555
0.0169792
0.016159
0.0153463
0.0146341
0.0141334
0.0140956
0.0136572
0.0117966
0.00939855
0.00755767
0.00633684
0.00530997
0.00438303
0.00351141
0.00266584
0.00169637
0.00148093
0.00124195
0.000938402
0.000805413
0.000906013
0.00111085
0.00109998
0.00198875
0.00815272
0.0235004
0.0229385
0.0156354
0.0133102
0.0133659
0.0139608
0.014611
0.0152479
0.0158461
0.0163775
0.0168186
0.0171511
0.0174281
0.0175775
0.0175822
0.0174326
0.017103
0.0165628
0.0157869
0.014765
0.0135157
0.0120999
0.0106586
0.00973888
0.0100041
0.00968832
0.00877468
0.00883035
0.00949291
0.0104027
0.0113526
0.0122515
0.013065
0.0137815
0.0143962
0.0149056
0.0153043
0.0155836
0.0157261
0.0157002
0.0154743
0.0150419
0.0143963
0.0135549
0.0125607
0.0114968
0.0105483
0.010109
0.0105221
0.0107237
0.0107421
0.011438
0.012761
0.0143425
0.0158985
0.0172954
0.0184928
0.0194951
0.0203247
0.0210087
0.0215721
0.0220343
0.0224084
0.0227022
0.022919
0.0230588
0.0231214
0.0230976
0.0229755
0.0227439
0.0223899
0.0219001
0.021261
0.0204589
0.019481
0.0183196
0.0169788
0.01549
0.0139477
0.0125296
0.0118068
0.0107457
0.00859059
0.00725277
0.00716967
0.00743467
0.00771615
0.00785573
0.00778958
0.00747754
0.0068266
0.00600079
0.00546537
0.00503449
0.0047392
0.00459595
0.00466068
0.0051281
0.00625169
0.00998572
0.020926
0.0170914
0.0140056
0.015746
0.0178918
0.0193833
0.020419
0.0212148
0.0218568
0.022373
0.0227687
0.023061
0.023217
0.0232088
0.0230065
0.0225804
0.0218944
0.020917
0.0196244
0.0180062
0.0160728
0.0138594
0.0114327
0.00910135
0.00754716
0.00644168
0.00639589
0.00773297
0.00951463
0.0112239
0.0127436
0.0140619
0.0151942
0.0161586
0.0169683
0.0176293
0.0181422
0.018501
0.018696
0.0187076
0.0184994
0.0180669
0.0173773
0.0163983
0.0150965
0.0134384
0.0114358
0.0093215
0.00774117
0.00685414
0.00739186
0.00916553
0.0115239
0.0138286
0.0158303
0.0174909
0.018846
0.01995
0.0208572
0.021615
0.0222595
0.0228151
0.0232953
0.0237048
0.0240422
0.0243016
0.0244749
0.0245476
0.0244949
0.0242996
0.0239422
0.0234013
0.0226563
0.021685
0.0204652
0.0189756
0.0171993
0.0151326
0.0128147
0.0103792
0.00877837
0.00678636
0.00567064
0.00698049
0.0088122
0.0105337
0.0119651
0.0130462
0.0137625
0.0141147
0.0141119
0.0138001
0.013315
0.0129444
0.0126427
0.012407
0.0122337
0.0120157
0.0113825
0.0109083
0.0160928
0.0130696
0.0158312
0.0204106
0.0236461
0.025539
0.0266926
0.0274703
0.0280103
0.0283638
0.0285575
0.028594
0.0284476
0.0281052
0.0275533
0.0267662
0.0257147
0.0243725
0.0227214
0.0207533
0.0184724
0.0158992
0.0130718
0.0101177
0.00705246
0.00313784
0.00417024
0.0067275
0.0092039
0.0113237
0.0131318
0.0146803
0.0160115
0.0171553
0.0181303
0.0189445
0.0195983
0.0200861
0.0203956
0.0205027
0.020381
0.020007
0.01934
0.0183331
0.0169232
0.015021
0.0125317
0.0094747
0.0061718
0.00339805
0.00475466
0.00759285
0.0105408
0.0131053
0.0151747
0.0168095
0.018102
0.0191379
0.0199882
0.0207074
0.0213331
0.0218863
0.0223744
0.0227945
0.0231366
0.0233867
0.0235297
0.0235525
0.0234414
0.0231795
0.0227484
0.022129
0.021301
0.0202432
0.0189333
0.0173482
0.0154637
0.0132534
0.0106903
0.00774273
0.00546426
0.00413895
0.00613521
0.0091201
0.0118442
0.014224
0.0162299
0.0178598
0.0191234
0.0200354
0.0206134
0.0208799
0.020886
0.0207284
0.0205082
0.0202404
0.0198959
0.0192189
0.017514
0.0143393
0.0126436
)
;

boundaryField
{
    floor
    {
        type            calculated;
        value           uniform 0;
    }
    ceiling
    {
        type            calculated;
        value           uniform 0;
    }
    fixedWalls
    {
        type            calculated;
        value           uniform 0;
    }
    frontAndBack
    {
        type            empty;
    }
}


// ************************************************************************* //
