/*--------------------------------*- C++ -*----------------------------------*\
| =========                 |                                                 |
| \\      /  F ield         | OpenFOAM: The Open Source CFD Toolbox           |
|  \\    /   O peration     | Version:  4.1                                   |
|   \\  /    A nd           | Web:      www.OpenFOAM.org                      |
|    \\/     M anipulation  |                                                 |
\*---------------------------------------------------------------------------*/
FoamFile
{
    version     2.0;
    format      ascii;
    class       volScalarField;
    location    "1620";
    object      p;
}
// * * * * * * * * * * * * * * * * * * * * * * * * * * * * * * * * * * * * * //

dimensions      [0 2 -2 0 0 0 0];

internalField   nonuniform List<scalar> 
5000
(
0
-8.18965e-06
-1.13322e-05
-6.39832e-06
4.40341e-06
1.72511e-05
2.87308e-05
3.82961e-05
4.6515e-05
5.38476e-05
6.05167e-05
6.6539e-05
7.21501e-05
7.74499e-05
8.18436e-05
8.47207e-05
8.57184e-05
8.45515e-05
8.10618e-05
7.52447e-05
6.72378e-05
5.72978e-05
4.57718e-05
3.30635e-05
1.95999e-05
5.80279e-06
-7.93153e-06
-2.12463e-05
-3.38336e-05
-4.54414e-05
-5.58795e-05
-6.50313e-05
-7.28066e-05
-7.91524e-05
-8.40984e-05
-8.77193e-05
-9.01082e-05
-9.13713e-05
-9.16228e-05
-9.09843e-05
-8.9608e-05
-8.77487e-05
-8.58554e-05
-8.44402e-05
-8.34324e-05
-8.21064e-05
-8.31256e-05
-9.0146e-05
-0.000100133
-0.000109186
-0.000116677
-0.000123224
-0.000129034
-0.000134083
-0.000138226
-0.000141271
-0.000143021
-0.000143302
-0.000141968
-0.000138903
-0.000134014
-0.000127262
-0.000118686
-0.000108444
-9.67774e-05
-8.3999e-05
-7.04829e-05
-5.66414e-05
-4.28964e-05
-2.96486e-05
-1.72444e-05
-5.95047e-06
4.07167e-06
1.29866e-05
2.08873e-05
2.74968e-05
3.27158e-05
3.66469e-05
3.94014e-05
4.10937e-05
4.18434e-05
4.1781e-05
4.10689e-05
3.99195e-05
3.85611e-05
3.70952e-05
3.52062e-05
3.18482e-05
2.55303e-05
1.62423e-05
7.43316e-06
3.71371e-06
2.41548e-06
-1.21847e-06
-3.09206e-06
-1.97662e-06
-2.78259e-06
-6.25681e-06
-1.19588e-05
-1.63444e-05
-0.0983993
-0.0984096
-0.098419
-0.0984193
-0.098411
-0.0983986
-0.0983866
-0.0983765
-0.0983679
-0.0983603
-0.0983534
-0.0983469
-0.0983406
-0.098335
-0.0983305
-0.0983276
-0.0983266
-0.0983278
-0.0983314
-0.0983372
-0.0983451
-0.0983549
-0.0983662
-0.0983786
-0.0983916
-0.0984049
-0.098418
-0.0984305
-0.0984423
-0.0984529
-0.0984623
-0.0984702
-0.0984766
-0.0984815
-0.0984848
-0.0984868
-0.0984874
-0.0984868
-0.0984852
-0.0984827
-0.0984794
-0.0984755
-0.098471
-0.0984663
-0.0984614
-0.0984568
-0.0984578
-0.0984689
-0.0984818
-0.098493
-0.0985028
-0.0985116
-0.0985196
-0.0985268
-0.0985329
-0.0985377
-0.0985411
-0.0985428
-0.0985428
-0.0985409
-0.0985371
-0.0985312
-0.0985234
-0.0985138
-0.0985027
-0.0984903
-0.0984771
-0.0984635
-0.0984498
-0.0984365
-0.098424
-0.0984124
-0.098402
-0.0983924
-0.0983839
-0.0983766
-0.0983706
-0.0983658
-0.098362
-0.0983592
-0.0983571
-0.0983556
-0.0983548
-0.0983544
-0.0983547
-0.0983557
-0.0983574
-0.09836
-0.0983636
-0.0983679
-0.0983716
-0.0983736
-0.0983792
-0.0983895
-0.0983959
-0.0983982
-0.0984013
-0.0984068
-0.0984138
-0.0984134
-0.196819
-0.196826
-0.196841
-0.196847
-0.19684
-0.196827
-0.196814
-0.196803
-0.196794
-0.196786
-0.196779
-0.196772
-0.196766
-0.19676
-0.196755
-0.196752
-0.196752
-0.196753
-0.196757
-0.196763
-0.196771
-0.196781
-0.196792
-0.196805
-0.196818
-0.196831
-0.196844
-0.196857
-0.196868
-0.196879
-0.196888
-0.196896
-0.196902
-0.196907
-0.19691
-0.196911
-0.196911
-0.196909
-0.196907
-0.196903
-0.196898
-0.196893
-0.196887
-0.19688
-0.196873
-0.196866
-0.196867
-0.19688
-0.196896
-0.196908
-0.196919
-0.19693
-0.19694
-0.196948
-0.196956
-0.196962
-0.196966
-0.196969
-0.196969
-0.196968
-0.196964
-0.196958
-0.196951
-0.196941
-0.19693
-0.196918
-0.196905
-0.196891
-0.196877
-0.196864
-0.196852
-0.19684
-0.196829
-0.196819
-0.196811
-0.196804
-0.196798
-0.196793
-0.196789
-0.196786
-0.196784
-0.196782
-0.196781
-0.196781
-0.196781
-0.196781
-0.196782
-0.196784
-0.196785
-0.196786
-0.196785
-0.196784
-0.196786
-0.196794
-0.196801
-0.196805
-0.196808
-0.196815
-0.19682
-0.196815
-0.29524
-0.295244
-0.295262
-0.295274
-0.295269
-0.295255
-0.295241
-0.295229
-0.29522
-0.295212
-0.295205
-0.295198
-0.295191
-0.295185
-0.295181
-0.295178
-0.295178
-0.29518
-0.295184
-0.29519
-0.295199
-0.295209
-0.295221
-0.295234
-0.295247
-0.29526
-0.295273
-0.295285
-0.295297
-0.295307
-0.295316
-0.295324
-0.29533
-0.295334
-0.295337
-0.295338
-0.295338
-0.295336
-0.295333
-0.295329
-0.295324
-0.295318
-0.295311
-0.295304
-0.295297
-0.295291
-0.295293
-0.295305
-0.29532
-0.295333
-0.295344
-0.295355
-0.295365
-0.295374
-0.295382
-0.295389
-0.295393
-0.295396
-0.295397
-0.295396
-0.295392
-0.295387
-0.295379
-0.29537
-0.295359
-0.295347
-0.295333
-0.29532
-0.295306
-0.295293
-0.29528
-0.295268
-0.295257
-0.295248
-0.295239
-0.295232
-0.295226
-0.295221
-0.295217
-0.295214
-0.295212
-0.29521
-0.295209
-0.295208
-0.295208
-0.295208
-0.295208
-0.295208
-0.295208
-0.295207
-0.295205
-0.295202
-0.295201
-0.295204
-0.295209
-0.295212
-0.295217
-0.295222
-0.295225
-0.295221
-0.393659
-0.393662
-0.393678
-0.393695
-0.393693
-0.39368
-0.393665
-0.393654
-0.393646
-0.393638
-0.393631
-0.393624
-0.393617
-0.393612
-0.393608
-0.393605
-0.393606
-0.393608
-0.393613
-0.39362
-0.39363
-0.39364
-0.393653
-0.393665
-0.393679
-0.393692
-0.393705
-0.393717
-0.393728
-0.393738
-0.393746
-0.393753
-0.393759
-0.393763
-0.393766
-0.393767
-0.393767
-0.393765
-0.393762
-0.393757
-0.393752
-0.393746
-0.393739
-0.393732
-0.393726
-0.393722
-0.393724
-0.393735
-0.393749
-0.393761
-0.393772
-0.393782
-0.393792
-0.393802
-0.39381
-0.393816
-0.393821
-0.393824
-0.393825
-0.393824
-0.393821
-0.393816
-0.393808
-0.393799
-0.393788
-0.393776
-0.393763
-0.393749
-0.393735
-0.393722
-0.393709
-0.393697
-0.393686
-0.393677
-0.393668
-0.393661
-0.393655
-0.39365
-0.393646
-0.393642
-0.39364
-0.393638
-0.393637
-0.393636
-0.393635
-0.393635
-0.393634
-0.393633
-0.393632
-0.393631
-0.393628
-0.393624
-0.393621
-0.393621
-0.393623
-0.393625
-0.39363
-0.393636
-0.393639
-0.393637
-0.492076
-0.49208
-0.492093
-0.492106
-0.492107
-0.492098
-0.492086
-0.492077
-0.49207
-0.492063
-0.492056
-0.49205
-0.492044
-0.492039
-0.492036
-0.492035
-0.492036
-0.492039
-0.492045
-0.492053
-0.492063
-0.492075
-0.492087
-0.492101
-0.492114
-0.492127
-0.49214
-0.492151
-0.492162
-0.492171
-0.492179
-0.492186
-0.492191
-0.492195
-0.492197
-0.492198
-0.492197
-0.492195
-0.492192
-0.492187
-0.492182
-0.492176
-0.49217
-0.492163
-0.492158
-0.492155
-0.492157
-0.492167
-0.49218
-0.492191
-0.492201
-0.492211
-0.492221
-0.49223
-0.492238
-0.492244
-0.492249
-0.492252
-0.492253
-0.492253
-0.49225
-0.492245
-0.492238
-0.492229
-0.492218
-0.492206
-0.492193
-0.492179
-0.492166
-0.492152
-0.492139
-0.492127
-0.492116
-0.492106
-0.492098
-0.49209
-0.492084
-0.492079
-0.492075
-0.492072
-0.492069
-0.492068
-0.492066
-0.492065
-0.492064
-0.492062
-0.492061
-0.49206
-0.492058
-0.492055
-0.492052
-0.492047
-0.492043
-0.492041
-0.492041
-0.492043
-0.492047
-0.492052
-0.492055
-0.492054
-0.590495
-0.5905
-0.590507
-0.590512
-0.590514
-0.590511
-0.590505
-0.590499
-0.590493
-0.590488
-0.590482
-0.590477
-0.590472
-0.590468
-0.590466
-0.590466
-0.590468
-0.590473
-0.59048
-0.590489
-0.5905
-0.590512
-0.590525
-0.590539
-0.590553
-0.590566
-0.590578
-0.590589
-0.590599
-0.590608
-0.590615
-0.590621
-0.590626
-0.590629
-0.590631
-0.590631
-0.59063
-0.590628
-0.590624
-0.59062
-0.590614
-0.590608
-0.590602
-0.590597
-0.590592
-0.590589
-0.590592
-0.5906
-0.590611
-0.590622
-0.590631
-0.59064
-0.590649
-0.590658
-0.590666
-0.590672
-0.590677
-0.59068
-0.590682
-0.590681
-0.590678
-0.590674
-0.590667
-0.590658
-0.590648
-0.590636
-0.590623
-0.590609
-0.590596
-0.590582
-0.590569
-0.590557
-0.590546
-0.590537
-0.590528
-0.590521
-0.590515
-0.59051
-0.590506
-0.590502
-0.5905
-0.590498
-0.590496
-0.590494
-0.590493
-0.590491
-0.590489
-0.590487
-0.590484
-0.590481
-0.590477
-0.590472
-0.590468
-0.590464
-0.590463
-0.590463
-0.590465
-0.590469
-0.59047
-0.590468
-0.688915
-0.688921
-0.68892
-0.688922
-0.688924
-0.688925
-0.688923
-0.68892
-0.688917
-0.688913
-0.688908
-0.688904
-0.688901
-0.688898
-0.688897
-0.688899
-0.688902
-0.688908
-0.688917
-0.688927
-0.688939
-0.688953
-0.688967
-0.688981
-0.688994
-0.689007
-0.689019
-0.68903
-0.689039
-0.689047
-0.689054
-0.689059
-0.689063
-0.689065
-0.689066
-0.689066
-0.689065
-0.689062
-0.689058
-0.689054
-0.689048
-0.689042
-0.689037
-0.689031
-0.689027
-0.689025
-0.689027
-0.689033
-0.689043
-0.689052
-0.689061
-0.689069
-0.689078
-0.689086
-0.689093
-0.6891
-0.689104
-0.689108
-0.689109
-0.689109
-0.689107
-0.689102
-0.689096
-0.689087
-0.689077
-0.689066
-0.689053
-0.68904
-0.689026
-0.689013
-0.689
-0.688988
-0.688977
-0.688968
-0.688959
-0.688952
-0.688946
-0.688941
-0.688937
-0.688934
-0.688931
-0.688929
-0.688927
-0.688925
-0.688923
-0.68892
-0.688918
-0.688915
-0.688912
-0.688909
-0.688904
-0.688899
-0.688894
-0.688889
-0.688886
-0.688884
-0.688884
-0.688884
-0.688883
-0.68888
-0.787337
-0.787341
-0.787337
-0.787339
-0.787341
-0.787344
-0.787344
-0.787343
-0.787341
-0.787338
-0.787335
-0.787333
-0.78733
-0.78733
-0.78733
-0.787333
-0.787338
-0.787346
-0.787356
-0.787368
-0.787382
-0.787396
-0.787411
-0.787425
-0.787439
-0.787452
-0.787464
-0.787474
-0.787482
-0.78749
-0.787495
-0.787499
-0.787502
-0.787504
-0.787504
-0.787503
-0.787501
-0.787498
-0.787494
-0.787489
-0.787484
-0.787478
-0.787472
-0.787467
-0.787463
-0.787461
-0.787462
-0.787467
-0.787475
-0.787483
-0.787491
-0.787499
-0.787506
-0.787514
-0.787521
-0.787527
-0.787531
-0.787534
-0.787536
-0.787536
-0.787534
-0.78753
-0.787524
-0.787516
-0.787506
-0.787495
-0.787483
-0.78747
-0.787456
-0.787443
-0.787431
-0.787419
-0.787409
-0.787399
-0.787391
-0.787384
-0.787378
-0.787374
-0.787369
-0.787366
-0.787363
-0.787361
-0.787358
-0.787356
-0.787354
-0.787351
-0.787348
-0.787345
-0.787342
-0.787337
-0.787333
-0.787327
-0.787322
-0.787316
-0.787311
-0.787306
-0.787303
-0.787299
-0.787296
-0.787291
-0.885762
-0.885764
-0.885761
-0.885761
-0.885763
-0.885766
-0.885768
-0.885767
-0.885766
-0.885765
-0.885763
-0.885762
-0.885761
-0.885762
-0.885764
-0.885769
-0.885776
-0.885786
-0.885798
-0.885811
-0.885826
-0.885842
-0.885857
-0.885872
-0.885886
-0.885899
-0.88591
-0.88592
-0.885928
-0.885934
-0.885939
-0.885942
-0.885944
-0.885944
-0.885944
-0.885942
-0.88594
-0.885936
-0.885932
-0.885926
-0.885921
-0.885915
-0.885909
-0.885904
-0.8859
-0.885897
-0.885897
-0.8859
-0.885906
-0.885913
-0.88592
-0.885927
-0.885934
-0.885941
-0.885947
-0.885953
-0.885957
-0.88596
-0.885962
-0.885962
-0.88596
-0.885956
-0.885951
-0.885943
-0.885934
-0.885923
-0.885912
-0.885899
-0.885886
-0.885873
-0.885861
-0.88585
-0.88584
-0.885831
-0.885823
-0.885817
-0.885811
-0.885807
-0.885803
-0.885799
-0.885796
-0.885794
-0.885791
-0.885789
-0.885786
-0.885783
-0.88578
-0.885776
-0.885772
-0.885768
-0.885763
-0.885757
-0.885751
-0.885744
-0.885738
-0.885731
-0.885724
-0.885718
-0.885711
-0.885704
-0.984189
-0.98419
-0.984189
-0.984188
-0.98419
-0.984192
-0.984193
-0.984193
-0.984192
-0.984192
-0.984192
-0.984192
-0.984192
-0.984195
-0.984199
-0.984206
-0.984215
-0.984227
-0.984241
-0.984257
-0.984273
-0.98429
-0.984306
-0.984322
-0.984336
-0.984349
-0.984359
-0.984368
-0.984376
-0.984381
-0.984384
-0.984386
-0.984387
-0.984387
-0.984385
-0.984383
-0.984379
-0.984375
-0.98437
-0.984365
-0.984359
-0.984352
-0.984346
-0.984341
-0.984336
-0.984333
-0.984332
-0.984333
-0.984337
-0.984343
-0.984349
-0.984355
-0.984362
-0.984368
-0.984373
-0.984378
-0.984382
-0.984385
-0.984387
-0.984387
-0.984385
-0.984382
-0.984377
-0.98437
-0.984361
-0.984351
-0.98434
-0.984328
-0.984315
-0.984303
-0.984292
-0.984281
-0.984272
-0.984264
-0.984256
-0.98425
-0.984245
-0.984241
-0.984237
-0.984234
-0.984231
-0.984228
-0.984225
-0.984222
-0.984219
-0.984216
-0.984213
-0.984209
-0.984204
-0.9842
-0.984194
-0.984189
-0.984182
-0.984175
-0.984167
-0.984158
-0.984149
-0.98414
-0.984131
-0.984123
-1.08262
-1.08262
-1.08262
-1.08262
-1.08262
-1.08262
-1.08262
-1.08262
-1.08262
-1.08262
-1.08262
-1.08262
-1.08262
-1.08263
-1.08263
-1.08264
-1.08266
-1.08267
-1.08269
-1.0827
-1.08272
-1.08274
-1.08276
-1.08277
-1.08279
-1.0828
-1.08281
-1.08282
-1.08282
-1.08283
-1.08283
-1.08283
-1.08283
-1.08283
-1.08283
-1.08282
-1.08282
-1.08282
-1.08281
-1.0828
-1.0828
-1.08279
-1.08278
-1.08278
-1.08277
-1.08277
-1.08277
-1.08277
-1.08277
-1.08277
-1.08278
-1.08278
-1.08279
-1.08279
-1.0828
-1.0828
-1.08281
-1.08281
-1.08281
-1.08281
-1.08281
-1.08281
-1.0828
-1.0828
-1.08279
-1.08278
-1.08277
-1.08276
-1.08274
-1.08273
-1.08272
-1.08271
-1.0827
-1.0827
-1.08269
-1.08268
-1.08268
-1.08268
-1.08267
-1.08267
-1.08267
-1.08266
-1.08266
-1.08266
-1.08265
-1.08265
-1.08265
-1.08264
-1.08264
-1.08263
-1.08263
-1.08262
-1.08261
-1.08261
-1.0826
-1.08259
-1.08258
-1.08257
-1.08256
-1.08255
-1.18105
-1.18105
-1.18105
-1.18105
-1.18105
-1.18105
-1.18105
-1.18105
-1.18105
-1.18105
-1.18105
-1.18105
-1.18106
-1.18106
-1.18107
-1.18108
-1.1811
-1.18111
-1.18113
-1.18115
-1.18117
-1.18119
-1.18121
-1.18123
-1.18124
-1.18125
-1.18126
-1.18127
-1.18128
-1.18128
-1.18128
-1.18128
-1.18128
-1.18128
-1.18127
-1.18127
-1.18126
-1.18126
-1.18125
-1.18124
-1.18124
-1.18123
-1.18122
-1.18122
-1.18121
-1.1812
-1.1812
-1.1812
-1.1812
-1.1812
-1.1812
-1.18121
-1.18121
-1.18122
-1.18122
-1.18123
-1.18123
-1.18123
-1.18123
-1.18123
-1.18123
-1.18123
-1.18123
-1.18122
-1.18121
-1.1812
-1.18119
-1.18118
-1.18117
-1.18116
-1.18115
-1.18114
-1.18114
-1.18113
-1.18112
-1.18112
-1.18111
-1.18111
-1.18111
-1.18111
-1.1811
-1.1811
-1.1811
-1.18109
-1.18109
-1.18109
-1.18108
-1.18108
-1.18107
-1.18107
-1.18106
-1.18106
-1.18105
-1.18104
-1.18103
-1.18102
-1.18101
-1.181
-1.18099
-1.18098
-1.27948
-1.27948
-1.27948
-1.27948
-1.27948
-1.27948
-1.27948
-1.27948
-1.27948
-1.27948
-1.27948
-1.27948
-1.27949
-1.2795
-1.27951
-1.27952
-1.27954
-1.27956
-1.27958
-1.2796
-1.27962
-1.27964
-1.27966
-1.27968
-1.27969
-1.2797
-1.27971
-1.27972
-1.27973
-1.27973
-1.27973
-1.27973
-1.27972
-1.27972
-1.27972
-1.27971
-1.27971
-1.2797
-1.27969
-1.27968
-1.27968
-1.27967
-1.27966
-1.27965
-1.27964
-1.27964
-1.27963
-1.27963
-1.27963
-1.27963
-1.27963
-1.27963
-1.27964
-1.27964
-1.27965
-1.27965
-1.27965
-1.27965
-1.27966
-1.27966
-1.27965
-1.27965
-1.27965
-1.27964
-1.27964
-1.27963
-1.27962
-1.27961
-1.2796
-1.27959
-1.27958
-1.27958
-1.27957
-1.27956
-1.27956
-1.27955
-1.27955
-1.27955
-1.27955
-1.27954
-1.27954
-1.27954
-1.27953
-1.27953
-1.27953
-1.27952
-1.27952
-1.27951
-1.27951
-1.2795
-1.2795
-1.27949
-1.27949
-1.27948
-1.27947
-1.27946
-1.27944
-1.27943
-1.27942
-1.27941
-1.37791
-1.37791
-1.37791
-1.37791
-1.37791
-1.3779
-1.3779
-1.3779
-1.3779
-1.37791
-1.37791
-1.37791
-1.37792
-1.37793
-1.37795
-1.37796
-1.37798
-1.37801
-1.37803
-1.37805
-1.37807
-1.3781
-1.37811
-1.37813
-1.37814
-1.37816
-1.37816
-1.37817
-1.37818
-1.37818
-1.37818
-1.37817
-1.37817
-1.37817
-1.37816
-1.37815
-1.37815
-1.37814
-1.37813
-1.37812
-1.37812
-1.37811
-1.3781
-1.37809
-1.37808
-1.37807
-1.37806
-1.37806
-1.37805
-1.37805
-1.37806
-1.37806
-1.37806
-1.37806
-1.37807
-1.37807
-1.37807
-1.37808
-1.37808
-1.37808
-1.37808
-1.37807
-1.37807
-1.37807
-1.37806
-1.37805
-1.37805
-1.37804
-1.37803
-1.37802
-1.37801
-1.37801
-1.378
-1.378
-1.37799
-1.37799
-1.37799
-1.37799
-1.37798
-1.37798
-1.37798
-1.37798
-1.37797
-1.37797
-1.37797
-1.37796
-1.37796
-1.37795
-1.37795
-1.37794
-1.37794
-1.37793
-1.37792
-1.37791
-1.3779
-1.37789
-1.37788
-1.37787
-1.37786
-1.37785
-1.47634
-1.47634
-1.47634
-1.47634
-1.47633
-1.47633
-1.47633
-1.47633
-1.47633
-1.47634
-1.47634
-1.47635
-1.47635
-1.47637
-1.47638
-1.4764
-1.47643
-1.47645
-1.47648
-1.4765
-1.47652
-1.47654
-1.47656
-1.47658
-1.47659
-1.4766
-1.47661
-1.47662
-1.47662
-1.47663
-1.47662
-1.47662
-1.47662
-1.47661
-1.47661
-1.4766
-1.47659
-1.47658
-1.47657
-1.47656
-1.47655
-1.47654
-1.47653
-1.47652
-1.47651
-1.4765
-1.47649
-1.47648
-1.47648
-1.47648
-1.47648
-1.47648
-1.47648
-1.47649
-1.47649
-1.47649
-1.47649
-1.47649
-1.4765
-1.4765
-1.4765
-1.47649
-1.47649
-1.47649
-1.47648
-1.47648
-1.47647
-1.47646
-1.47646
-1.47645
-1.47645
-1.47644
-1.47644
-1.47643
-1.47643
-1.47643
-1.47643
-1.47642
-1.47642
-1.47642
-1.47642
-1.47642
-1.47641
-1.47641
-1.47641
-1.4764
-1.4764
-1.47639
-1.47639
-1.47638
-1.47638
-1.47637
-1.47636
-1.47635
-1.47634
-1.47633
-1.47632
-1.47631
-1.4763
-1.47629
-1.57477
-1.57477
-1.57477
-1.57476
-1.57476
-1.57476
-1.57476
-1.57476
-1.57476
-1.57476
-1.57477
-1.57478
-1.57479
-1.5748
-1.57482
-1.57484
-1.57487
-1.5749
-1.57492
-1.57495
-1.57497
-1.57499
-1.57501
-1.57503
-1.57504
-1.57505
-1.57506
-1.57507
-1.57507
-1.57507
-1.57507
-1.57507
-1.57506
-1.57506
-1.57505
-1.57504
-1.57503
-1.57502
-1.57501
-1.575
-1.57499
-1.57498
-1.57497
-1.57496
-1.57495
-1.57493
-1.57492
-1.57491
-1.5749
-1.5749
-1.5749
-1.5749
-1.5749
-1.57491
-1.57491
-1.57491
-1.57491
-1.57491
-1.57491
-1.57491
-1.57491
-1.57491
-1.57491
-1.57491
-1.5749
-1.5749
-1.57489
-1.57489
-1.57489
-1.57488
-1.57488
-1.57487
-1.57487
-1.57487
-1.57487
-1.57487
-1.57487
-1.57486
-1.57486
-1.57486
-1.57486
-1.57486
-1.57485
-1.57485
-1.57485
-1.57484
-1.57484
-1.57483
-1.57483
-1.57482
-1.57482
-1.57481
-1.5748
-1.57479
-1.57478
-1.57477
-1.57476
-1.57475
-1.57474
-1.57473
-1.67319
-1.67319
-1.67319
-1.67319
-1.67318
-1.67318
-1.67319
-1.67319
-1.67319
-1.67319
-1.6732
-1.67321
-1.67322
-1.67324
-1.67326
-1.67328
-1.67331
-1.67334
-1.67337
-1.67339
-1.67341
-1.67343
-1.67345
-1.67347
-1.67348
-1.67349
-1.6735
-1.67351
-1.67351
-1.67351
-1.67351
-1.67351
-1.67351
-1.6735
-1.67349
-1.67348
-1.67347
-1.67346
-1.67345
-1.67344
-1.67343
-1.67342
-1.6734
-1.67339
-1.67338
-1.67336
-1.67335
-1.67333
-1.67333
-1.67332
-1.67332
-1.67332
-1.67332
-1.67332
-1.67332
-1.67333
-1.67333
-1.67333
-1.67333
-1.67333
-1.67333
-1.67333
-1.67333
-1.67333
-1.67333
-1.67332
-1.67332
-1.67332
-1.67331
-1.67331
-1.67331
-1.67331
-1.67331
-1.67331
-1.67331
-1.67331
-1.67331
-1.6733
-1.6733
-1.6733
-1.6733
-1.6733
-1.6733
-1.67329
-1.67329
-1.67328
-1.67328
-1.67327
-1.67327
-1.67326
-1.67326
-1.67325
-1.67324
-1.67323
-1.67322
-1.67321
-1.6732
-1.67319
-1.67318
-1.67317
-1.77161
-1.77161
-1.77161
-1.77161
-1.77161
-1.77161
-1.77161
-1.77161
-1.77162
-1.77162
-1.77163
-1.77164
-1.77165
-1.77167
-1.77169
-1.77172
-1.77175
-1.77178
-1.7718
-1.77183
-1.77185
-1.77187
-1.77189
-1.77191
-1.77192
-1.77193
-1.77194
-1.77195
-1.77195
-1.77196
-1.77195
-1.77195
-1.77195
-1.77194
-1.77193
-1.77192
-1.77191
-1.7719
-1.77189
-1.77188
-1.77187
-1.77185
-1.77184
-1.77182
-1.77181
-1.77179
-1.77177
-1.77176
-1.77175
-1.77174
-1.77174
-1.77174
-1.77174
-1.77174
-1.77174
-1.77174
-1.77174
-1.77175
-1.77175
-1.77175
-1.77175
-1.77175
-1.77175
-1.77175
-1.77175
-1.77175
-1.77174
-1.77174
-1.77174
-1.77174
-1.77174
-1.77174
-1.77174
-1.77174
-1.77174
-1.77175
-1.77175
-1.77175
-1.77174
-1.77174
-1.77174
-1.77174
-1.77174
-1.77173
-1.77173
-1.77173
-1.77172
-1.77172
-1.77171
-1.7717
-1.7717
-1.77169
-1.77168
-1.77168
-1.77167
-1.77166
-1.77164
-1.77163
-1.77163
-1.77162
-1.87004
-1.87004
-1.87004
-1.87004
-1.87004
-1.87004
-1.87004
-1.87004
-1.87005
-1.87005
-1.87006
-1.87007
-1.87008
-1.8701
-1.87013
-1.87016
-1.87019
-1.87021
-1.87024
-1.87026
-1.87029
-1.87031
-1.87032
-1.87034
-1.87035
-1.87037
-1.87038
-1.87038
-1.87039
-1.87039
-1.87039
-1.87039
-1.87039
-1.87038
-1.87037
-1.87036
-1.87035
-1.87034
-1.87033
-1.87031
-1.8703
-1.87028
-1.87027
-1.87025
-1.87023
-1.87021
-1.87019
-1.87018
-1.87016
-1.87016
-1.87015
-1.87015
-1.87015
-1.87015
-1.87015
-1.87016
-1.87016
-1.87016
-1.87016
-1.87016
-1.87016
-1.87017
-1.87017
-1.87017
-1.87017
-1.87017
-1.87017
-1.87017
-1.87017
-1.87017
-1.87018
-1.87018
-1.87018
-1.87018
-1.87018
-1.87019
-1.87019
-1.87019
-1.87019
-1.87019
-1.87018
-1.87018
-1.87018
-1.87018
-1.87017
-1.87017
-1.87016
-1.87016
-1.87015
-1.87015
-1.87014
-1.87013
-1.87013
-1.87012
-1.87011
-1.8701
-1.87009
-1.87008
-1.87007
-1.87006
-1.96846
-1.96846
-1.96846
-1.96846
-1.96846
-1.96846
-1.96847
-1.96847
-1.96847
-1.96848
-1.96849
-1.9685
-1.96852
-1.96854
-1.96856
-1.96859
-1.96862
-1.96865
-1.96867
-1.96869
-1.96872
-1.96874
-1.96875
-1.96877
-1.96879
-1.9688
-1.96881
-1.96882
-1.96882
-1.96883
-1.96883
-1.96883
-1.96882
-1.96882
-1.96881
-1.9688
-1.96879
-1.96878
-1.96876
-1.96875
-1.96873
-1.96871
-1.9687
-1.96868
-1.96865
-1.96863
-1.96861
-1.96859
-1.96858
-1.96857
-1.96857
-1.96856
-1.96856
-1.96857
-1.96857
-1.96857
-1.96857
-1.96857
-1.96858
-1.96858
-1.96858
-1.96858
-1.96858
-1.96859
-1.96859
-1.96859
-1.9686
-1.9686
-1.9686
-1.96861
-1.96861
-1.96861
-1.96862
-1.96862
-1.96862
-1.96863
-1.96863
-1.96863
-1.96863
-1.96863
-1.96863
-1.96863
-1.96862
-1.96862
-1.96862
-1.96861
-1.96861
-1.9686
-1.9686
-1.96859
-1.96858
-1.96858
-1.96857
-1.96856
-1.96855
-1.96854
-1.96853
-1.96852
-1.96851
-1.96851
-2.06689
-2.06689
-2.06689
-2.06689
-2.06689
-2.06689
-2.0669
-2.0669
-2.0669
-2.06691
-2.06692
-2.06693
-2.06695
-2.06697
-2.06699
-2.06702
-2.06705
-2.06707
-2.0671
-2.06712
-2.06714
-2.06716
-2.06718
-2.0672
-2.06721
-2.06723
-2.06724
-2.06725
-2.06726
-2.06726
-2.06726
-2.06726
-2.06726
-2.06725
-2.06724
-2.06723
-2.06722
-2.06721
-2.06719
-2.06718
-2.06716
-2.06714
-2.06712
-2.0671
-2.06707
-2.06705
-2.06703
-2.06701
-2.06699
-2.06698
-2.06698
-2.06698
-2.06698
-2.06698
-2.06698
-2.06698
-2.06698
-2.06699
-2.06699
-2.06699
-2.06699
-2.067
-2.067
-2.06701
-2.06701
-2.06702
-2.06702
-2.06703
-2.06703
-2.06704
-2.06705
-2.06705
-2.06706
-2.06706
-2.06706
-2.06707
-2.06707
-2.06707
-2.06707
-2.06707
-2.06707
-2.06707
-2.06707
-2.06706
-2.06706
-2.06705
-2.06705
-2.06704
-2.06704
-2.06703
-2.06702
-2.06702
-2.06701
-2.067
-2.06699
-2.06698
-2.06697
-2.06696
-2.06695
-2.06695
-2.16532
-2.16532
-2.16532
-2.16532
-2.16532
-2.16532
-2.16532
-2.16533
-2.16533
-2.16534
-2.16535
-2.16536
-2.16538
-2.1654
-2.16542
-2.16545
-2.16547
-2.1655
-2.16552
-2.16555
-2.16557
-2.16558
-2.1656
-2.16562
-2.16564
-2.16565
-2.16566
-2.16568
-2.16568
-2.16569
-2.16569
-2.16569
-2.16569
-2.16568
-2.16567
-2.16566
-2.16565
-2.16564
-2.16562
-2.16561
-2.16559
-2.16557
-2.16554
-2.16552
-2.16549
-2.16546
-2.16544
-2.16542
-2.1654
-2.16539
-2.16539
-2.16539
-2.16538
-2.16539
-2.16539
-2.16539
-2.16539
-2.1654
-2.1654
-2.1654
-2.16541
-2.16541
-2.16542
-2.16543
-2.16543
-2.16544
-2.16545
-2.16546
-2.16547
-2.16547
-2.16548
-2.16549
-2.16549
-2.1655
-2.16551
-2.16551
-2.16551
-2.16551
-2.16552
-2.16552
-2.16551
-2.16551
-2.16551
-2.16551
-2.1655
-2.1655
-2.16549
-2.16549
-2.16548
-2.16547
-2.16547
-2.16546
-2.16545
-2.16544
-2.16544
-2.16543
-2.16541
-2.1654
-2.1654
-2.16539
-2.26375
-2.26375
-2.26375
-2.26375
-2.26375
-2.26375
-2.26375
-2.26376
-2.26376
-2.26377
-2.26378
-2.26379
-2.26381
-2.26383
-2.26385
-2.26387
-2.2639
-2.26392
-2.26394
-2.26396
-2.26398
-2.264
-2.26402
-2.26404
-2.26406
-2.26407
-2.26409
-2.2641
-2.26411
-2.26412
-2.26412
-2.26412
-2.26412
-2.26411
-2.2641
-2.26409
-2.26408
-2.26406
-2.26405
-2.26403
-2.26401
-2.26399
-2.26396
-2.26393
-2.2639
-2.26387
-2.26385
-2.26383
-2.26381
-2.2638
-2.2638
-2.26379
-2.26379
-2.2638
-2.2638
-2.2638
-2.2638
-2.26381
-2.26381
-2.26382
-2.26382
-2.26383
-2.26384
-2.26385
-2.26386
-2.26387
-2.26388
-2.26389
-2.2639
-2.26391
-2.26392
-2.26393
-2.26393
-2.26394
-2.26395
-2.26395
-2.26395
-2.26396
-2.26396
-2.26396
-2.26396
-2.26396
-2.26395
-2.26395
-2.26394
-2.26394
-2.26393
-2.26393
-2.26392
-2.26392
-2.26391
-2.2639
-2.26389
-2.26389
-2.26388
-2.26387
-2.26385
-2.26384
-2.26384
-2.26383
-2.36218
-2.36218
-2.36218
-2.36218
-2.36218
-2.36218
-2.36218
-2.36219
-2.36219
-2.3622
-2.36221
-2.36222
-2.36223
-2.36225
-2.36227
-2.3623
-2.36232
-2.36234
-2.36236
-2.36238
-2.3624
-2.36242
-2.36244
-2.36246
-2.36247
-2.36249
-2.3625
-2.36252
-2.36253
-2.36254
-2.36254
-2.36254
-2.36254
-2.36253
-2.36253
-2.36251
-2.3625
-2.36249
-2.36247
-2.36245
-2.36243
-2.3624
-2.36237
-2.36234
-2.36231
-2.36228
-2.36226
-2.36223
-2.36222
-2.36221
-2.3622
-2.3622
-2.3622
-2.3622
-2.36221
-2.36221
-2.36221
-2.36222
-2.36223
-2.36223
-2.36224
-2.36225
-2.36226
-2.36227
-2.36228
-2.3623
-2.36231
-2.36232
-2.36233
-2.36234
-2.36235
-2.36236
-2.36237
-2.36238
-2.36239
-2.36239
-2.3624
-2.3624
-2.3624
-2.3624
-2.3624
-2.3624
-2.36239
-2.36239
-2.36239
-2.36238
-2.36238
-2.36237
-2.36236
-2.36236
-2.36235
-2.36234
-2.36233
-2.36232
-2.36232
-2.3623
-2.36229
-2.36228
-2.36227
-2.36227
-2.46061
-2.46061
-2.46061
-2.46061
-2.46061
-2.46061
-2.46062
-2.46062
-2.46062
-2.46063
-2.46063
-2.46065
-2.46066
-2.46068
-2.4607
-2.46072
-2.46074
-2.46076
-2.46078
-2.4608
-2.46081
-2.46083
-2.46085
-2.46087
-2.46089
-2.4609
-2.46092
-2.46093
-2.46094
-2.46095
-2.46096
-2.46096
-2.46096
-2.46095
-2.46094
-2.46093
-2.46092
-2.4609
-2.46088
-2.46086
-2.46084
-2.46081
-2.46078
-2.46075
-2.46072
-2.46069
-2.46066
-2.46064
-2.46063
-2.46062
-2.46061
-2.46061
-2.46061
-2.46061
-2.46061
-2.46062
-2.46062
-2.46063
-2.46064
-2.46065
-2.46066
-2.46067
-2.46068
-2.4607
-2.46071
-2.46072
-2.46074
-2.46075
-2.46076
-2.46078
-2.46079
-2.4608
-2.46081
-2.46082
-2.46083
-2.46083
-2.46084
-2.46084
-2.46084
-2.46084
-2.46084
-2.46084
-2.46084
-2.46083
-2.46083
-2.46082
-2.46082
-2.46081
-2.4608
-2.4608
-2.46079
-2.46078
-2.46077
-2.46076
-2.46075
-2.46074
-2.46073
-2.46072
-2.46071
-2.4607
-2.55904
-2.55904
-2.55904
-2.55904
-2.55904
-2.55904
-2.55905
-2.55905
-2.55905
-2.55906
-2.55906
-2.55907
-2.55909
-2.5591
-2.55912
-2.55913
-2.55915
-2.55917
-2.55919
-2.55921
-2.55922
-2.55924
-2.55926
-2.55928
-2.55929
-2.55931
-2.55932
-2.55934
-2.55935
-2.55936
-2.55937
-2.55937
-2.55937
-2.55937
-2.55936
-2.55935
-2.55933
-2.55931
-2.55929
-2.55927
-2.55924
-2.55921
-2.55918
-2.55915
-2.55912
-2.55909
-2.55907
-2.55905
-2.55903
-2.55903
-2.55902
-2.55902
-2.55902
-2.55902
-2.55902
-2.55903
-2.55904
-2.55905
-2.55906
-2.55907
-2.55908
-2.55909
-2.55911
-2.55912
-2.55914
-2.55915
-2.55917
-2.55918
-2.5592
-2.55921
-2.55922
-2.55924
-2.55925
-2.55926
-2.55927
-2.55927
-2.55928
-2.55928
-2.55928
-2.55928
-2.55928
-2.55928
-2.55928
-2.55927
-2.55927
-2.55926
-2.55926
-2.55925
-2.55924
-2.55923
-2.55923
-2.55922
-2.55921
-2.5592
-2.55919
-2.55918
-2.55916
-2.55915
-2.55914
-2.55913
-2.65747
-2.65747
-2.65747
-2.65747
-2.65747
-2.65747
-2.65748
-2.65748
-2.65748
-2.65748
-2.65749
-2.6575
-2.65751
-2.65752
-2.65754
-2.65755
-2.65757
-2.65758
-2.6576
-2.65761
-2.65763
-2.65765
-2.65767
-2.65768
-2.6577
-2.65771
-2.65773
-2.65774
-2.65775
-2.65776
-2.65777
-2.65778
-2.65778
-2.65777
-2.65776
-2.65775
-2.65774
-2.65772
-2.6577
-2.65767
-2.65765
-2.65762
-2.65758
-2.65755
-2.65752
-2.65749
-2.65747
-2.65745
-2.65744
-2.65743
-2.65743
-2.65743
-2.65743
-2.65743
-2.65744
-2.65744
-2.65745
-2.65746
-2.65747
-2.65749
-2.6575
-2.65752
-2.65753
-2.65755
-2.65757
-2.65758
-2.6576
-2.65762
-2.65763
-2.65765
-2.65766
-2.65767
-2.65768
-2.65769
-2.6577
-2.65771
-2.65772
-2.65772
-2.65772
-2.65772
-2.65772
-2.65772
-2.65772
-2.65771
-2.65771
-2.6577
-2.65769
-2.65769
-2.65768
-2.65767
-2.65766
-2.65765
-2.65764
-2.65763
-2.65762
-2.65761
-2.65759
-2.65757
-2.65756
-2.65756
-2.75589
-2.7559
-2.7559
-2.7559
-2.7559
-2.7559
-2.7559
-2.75591
-2.75591
-2.75591
-2.75592
-2.75592
-2.75593
-2.75594
-2.75595
-2.75596
-2.75598
-2.75599
-2.75601
-2.75602
-2.75604
-2.75605
-2.75607
-2.75608
-2.7561
-2.75612
-2.75613
-2.75614
-2.75615
-2.75616
-2.75617
-2.75618
-2.75618
-2.75617
-2.75616
-2.75615
-2.75614
-2.75612
-2.7561
-2.75607
-2.75604
-2.75601
-2.75598
-2.75595
-2.75592
-2.7559
-2.75588
-2.75586
-2.75585
-2.75584
-2.75584
-2.75584
-2.75584
-2.75584
-2.75585
-2.75586
-2.75587
-2.75588
-2.75589
-2.75591
-2.75593
-2.75594
-2.75596
-2.75598
-2.75599
-2.75601
-2.75603
-2.75605
-2.75606
-2.75608
-2.75609
-2.75611
-2.75612
-2.75613
-2.75614
-2.75615
-2.75615
-2.75616
-2.75616
-2.75616
-2.75616
-2.75616
-2.75615
-2.75615
-2.75614
-2.75614
-2.75613
-2.75612
-2.75612
-2.75611
-2.7561
-2.75609
-2.75608
-2.75607
-2.75605
-2.75603
-2.75601
-2.756
-2.75598
-2.75598
-2.85432
-2.85432
-2.85433
-2.85433
-2.85433
-2.85433
-2.85433
-2.85433
-2.85434
-2.85434
-2.85434
-2.85435
-2.85435
-2.85436
-2.85437
-2.85438
-2.85439
-2.8544
-2.85441
-2.85443
-2.85444
-2.85446
-2.85447
-2.85449
-2.8545
-2.85451
-2.85453
-2.85454
-2.85455
-2.85456
-2.85457
-2.85457
-2.85457
-2.85457
-2.85456
-2.85455
-2.85453
-2.85452
-2.85449
-2.85447
-2.85444
-2.85441
-2.85438
-2.85435
-2.85432
-2.8543
-2.85428
-2.85427
-2.85426
-2.85425
-2.85425
-2.85425
-2.85425
-2.85426
-2.85427
-2.85428
-2.85429
-2.8543
-2.85432
-2.85433
-2.85435
-2.85437
-2.85439
-2.8544
-2.85442
-2.85444
-2.85446
-2.85448
-2.85449
-2.85451
-2.85453
-2.85454
-2.85455
-2.85456
-2.85457
-2.85458
-2.85459
-2.85459
-2.8546
-2.8546
-2.8546
-2.85459
-2.85459
-2.85459
-2.85458
-2.85457
-2.85457
-2.85456
-2.85455
-2.85454
-2.85453
-2.85452
-2.85451
-2.85449
-2.85447
-2.85445
-2.85443
-2.85441
-2.8544
-2.85439
-2.95274
-2.95275
-2.95275
-2.95275
-2.95276
-2.95276
-2.95276
-2.95276
-2.95276
-2.95276
-2.95277
-2.95277
-2.95277
-2.95278
-2.95278
-2.95279
-2.9528
-2.95281
-2.95282
-2.95283
-2.95285
-2.95286
-2.95287
-2.95289
-2.9529
-2.95291
-2.95293
-2.95294
-2.95295
-2.95295
-2.95296
-2.95296
-2.95296
-2.95296
-2.95295
-2.95294
-2.95293
-2.95291
-2.95289
-2.95286
-2.95283
-2.95281
-2.95278
-2.95275
-2.95273
-2.95271
-2.95269
-2.95268
-2.95267
-2.95267
-2.95266
-2.95266
-2.95267
-2.95268
-2.95269
-2.9527
-2.95271
-2.95273
-2.95274
-2.95276
-2.95278
-2.9528
-2.95281
-2.95283
-2.95285
-2.95287
-2.95289
-2.95291
-2.95292
-2.95294
-2.95296
-2.95297
-2.95299
-2.953
-2.95301
-2.95302
-2.95302
-2.95303
-2.95303
-2.95303
-2.95303
-2.95303
-2.95303
-2.95302
-2.95301
-2.95301
-2.953
-2.95299
-2.95298
-2.95297
-2.95296
-2.95295
-2.95293
-2.95292
-2.95289
-2.95287
-2.95284
-2.95282
-2.9528
-2.9528
-3.05116
-3.05117
-3.05117
-3.05118
-3.05118
-3.05118
-3.05119
-3.05119
-3.05119
-3.05119
-3.05119
-3.05119
-3.05119
-3.05119
-3.0512
-3.05121
-3.05121
-3.05122
-3.05123
-3.05124
-3.05125
-3.05126
-3.05127
-3.05129
-3.0513
-3.05131
-3.05132
-3.05133
-3.05134
-3.05135
-3.05135
-3.05136
-3.05136
-3.05135
-3.05134
-3.05133
-3.05132
-3.0513
-3.05128
-3.05126
-3.05123
-3.0512
-3.05118
-3.05115
-3.05113
-3.05112
-3.0511
-3.05109
-3.05109
-3.05108
-3.05108
-3.05108
-3.05109
-3.0511
-3.05111
-3.05112
-3.05114
-3.05115
-3.05117
-3.05119
-3.0512
-3.05122
-3.05124
-3.05126
-3.05128
-3.0513
-3.05132
-3.05133
-3.05135
-3.05137
-3.05139
-3.0514
-3.05142
-3.05143
-3.05144
-3.05145
-3.05146
-3.05146
-3.05147
-3.05147
-3.05147
-3.05146
-3.05146
-3.05145
-3.05145
-3.05144
-3.05143
-3.05142
-3.05141
-3.0514
-3.05139
-3.05137
-3.05135
-3.05133
-3.05131
-3.05128
-3.05125
-3.05122
-3.0512
-3.0512
-3.14958
-3.14959
-3.1496
-3.1496
-3.14961
-3.14961
-3.14961
-3.14961
-3.14961
-3.14961
-3.14961
-3.14961
-3.14961
-3.14961
-3.14961
-3.14962
-3.14962
-3.14963
-3.14964
-3.14965
-3.14966
-3.14967
-3.14968
-3.14969
-3.1497
-3.14971
-3.14972
-3.14973
-3.14974
-3.14974
-3.14975
-3.14975
-3.14975
-3.14974
-3.14974
-3.14972
-3.14971
-3.14969
-3.14967
-3.14965
-3.14963
-3.1496
-3.14958
-3.14956
-3.14954
-3.14953
-3.14952
-3.14951
-3.1495
-3.1495
-3.1495
-3.14951
-3.14952
-3.14953
-3.14954
-3.14955
-3.14957
-3.14958
-3.1496
-3.14962
-3.14963
-3.14965
-3.14967
-3.14969
-3.14971
-3.14973
-3.14974
-3.14976
-3.14978
-3.1498
-3.14981
-3.14983
-3.14985
-3.14986
-3.14987
-3.14988
-3.14989
-3.14989
-3.1499
-3.1499
-3.1499
-3.14989
-3.14989
-3.14988
-3.14988
-3.14987
-3.14986
-3.14985
-3.14984
-3.14982
-3.14981
-3.14979
-3.14977
-3.14975
-3.14972
-3.14968
-3.14965
-3.14962
-3.1496
-3.14959
-3.248
-3.248
-3.24801
-3.24802
-3.24803
-3.24803
-3.24803
-3.24803
-3.24803
-3.24803
-3.24803
-3.24803
-3.24803
-3.24803
-3.24803
-3.24803
-3.24804
-3.24804
-3.24805
-3.24806
-3.24806
-3.24807
-3.24808
-3.24809
-3.2481
-3.24811
-3.24812
-3.24813
-3.24813
-3.24814
-3.24814
-3.24814
-3.24814
-3.24814
-3.24813
-3.24812
-3.2481
-3.24809
-3.24807
-3.24805
-3.24803
-3.24801
-3.24799
-3.24797
-3.24795
-3.24794
-3.24793
-3.24793
-3.24792
-3.24793
-3.24793
-3.24794
-3.24795
-3.24796
-3.24797
-3.24798
-3.248
-3.24801
-3.24803
-3.24804
-3.24806
-3.24808
-3.2481
-3.24811
-3.24813
-3.24815
-3.24817
-3.24819
-3.24821
-3.24822
-3.24824
-3.24826
-3.24827
-3.24829
-3.2483
-3.24831
-3.24832
-3.24832
-3.24833
-3.24833
-3.24833
-3.24832
-3.24832
-3.24831
-3.24831
-3.2483
-3.24829
-3.24827
-3.24826
-3.24825
-3.24823
-3.24821
-3.24818
-3.24815
-3.24812
-3.24808
-3.24805
-3.24802
-3.24799
-3.24799
-3.34641
-3.34641
-3.34643
-3.34644
-3.34644
-3.34645
-3.34645
-3.34645
-3.34645
-3.34644
-3.34644
-3.34644
-3.34644
-3.34644
-3.34645
-3.34645
-3.34645
-3.34646
-3.34646
-3.34647
-3.34647
-3.34648
-3.34649
-3.3465
-3.3465
-3.34651
-3.34652
-3.34653
-3.34653
-3.34653
-3.34654
-3.34654
-3.34654
-3.34653
-3.34652
-3.34651
-3.3465
-3.34649
-3.34647
-3.34645
-3.34643
-3.34642
-3.3464
-3.34638
-3.34637
-3.34636
-3.34636
-3.34635
-3.34635
-3.34636
-3.34636
-3.34637
-3.34638
-3.34639
-3.3464
-3.34641
-3.34643
-3.34644
-3.34646
-3.34647
-3.34649
-3.34651
-3.34652
-3.34654
-3.34656
-3.34658
-3.3466
-3.34661
-3.34663
-3.34665
-3.34667
-3.34668
-3.3467
-3.34671
-3.34672
-3.34673
-3.34674
-3.34675
-3.34675
-3.34675
-3.34675
-3.34675
-3.34674
-3.34674
-3.34673
-3.34672
-3.34671
-3.34669
-3.34668
-3.34666
-3.34664
-3.34662
-3.34659
-3.34655
-3.34651
-3.34648
-3.34644
-3.34641
-3.34639
-3.34638
-3.44482
-3.44482
-3.44484
-3.44485
-3.44486
-3.44486
-3.44486
-3.44486
-3.44486
-3.44486
-3.44486
-3.44486
-3.44486
-3.44486
-3.44486
-3.44487
-3.44487
-3.44487
-3.44488
-3.44488
-3.44489
-3.44489
-3.4449
-3.44491
-3.44491
-3.44492
-3.44492
-3.44493
-3.44493
-3.44494
-3.44494
-3.44494
-3.44494
-3.44493
-3.44492
-3.44492
-3.4449
-3.44489
-3.44488
-3.44486
-3.44484
-3.44483
-3.44481
-3.4448
-3.44479
-3.44479
-3.44479
-3.44479
-3.44479
-3.44479
-3.4448
-3.44481
-3.44481
-3.44482
-3.44483
-3.44485
-3.44486
-3.44487
-3.44489
-3.4449
-3.44492
-3.44493
-3.44495
-3.44497
-3.44498
-3.445
-3.44502
-3.44504
-3.44506
-3.44507
-3.44509
-3.4451
-3.44512
-3.44513
-3.44514
-3.44515
-3.44516
-3.44517
-3.44517
-3.44517
-3.44517
-3.44517
-3.44517
-3.44516
-3.44515
-3.44514
-3.44513
-3.44511
-3.44509
-3.44507
-3.44505
-3.44502
-3.44499
-3.44495
-3.44491
-3.44487
-3.44483
-3.4448
-3.44478
-3.44478
-3.54322
-3.54323
-3.54325
-3.54326
-3.54327
-3.54327
-3.54327
-3.54327
-3.54327
-3.54327
-3.54327
-3.54327
-3.54327
-3.54327
-3.54328
-3.54328
-3.54329
-3.54329
-3.5433
-3.5433
-3.54331
-3.54331
-3.54332
-3.54332
-3.54333
-3.54333
-3.54334
-3.54334
-3.54334
-3.54334
-3.54334
-3.54334
-3.54334
-3.54334
-3.54333
-3.54332
-3.54331
-3.5433
-3.54329
-3.54327
-3.54326
-3.54325
-3.54324
-3.54323
-3.54323
-3.54322
-3.54322
-3.54322
-3.54323
-3.54323
-3.54324
-3.54324
-3.54325
-3.54326
-3.54327
-3.54328
-3.54329
-3.5433
-3.54332
-3.54333
-3.54335
-3.54336
-3.54338
-3.54339
-3.54341
-3.54343
-3.54344
-3.54346
-3.54348
-3.54349
-3.54351
-3.54352
-3.54354
-3.54355
-3.54356
-3.54357
-3.54358
-3.54358
-3.54359
-3.54359
-3.54359
-3.54359
-3.54358
-3.54357
-3.54356
-3.54355
-3.54354
-3.54352
-3.5435
-3.54348
-3.54345
-3.54342
-3.54339
-3.54335
-3.54331
-3.54326
-3.54323
-3.5432
-3.54319
-3.54318
-3.64164
-3.64165
-3.64166
-3.64167
-3.64168
-3.64168
-3.64168
-3.64168
-3.64168
-3.64168
-3.64168
-3.64168
-3.64168
-3.64169
-3.64169
-3.6417
-3.64171
-3.64171
-3.64172
-3.64173
-3.64173
-3.64173
-3.64174
-3.64174
-3.64175
-3.64175
-3.64175
-3.64176
-3.64176
-3.64176
-3.64176
-3.64176
-3.64175
-3.64175
-3.64174
-3.64173
-3.64173
-3.64172
-3.64171
-3.6417
-3.64169
-3.64168
-3.64167
-3.64167
-3.64166
-3.64166
-3.64166
-3.64166
-3.64167
-3.64167
-3.64167
-3.64168
-3.64169
-3.64169
-3.6417
-3.64171
-3.64172
-3.64173
-3.64175
-3.64176
-3.64177
-3.64179
-3.6418
-3.64182
-3.64183
-3.64185
-3.64187
-3.64188
-3.6419
-3.64191
-3.64193
-3.64194
-3.64195
-3.64196
-3.64197
-3.64198
-3.64199
-3.642
-3.642
-3.642
-3.642
-3.642
-3.64199
-3.64198
-3.64197
-3.64196
-3.64194
-3.64192
-3.6419
-3.64188
-3.64185
-3.64182
-3.64178
-3.64175
-3.6417
-3.64166
-3.64163
-3.6416
-3.6416
-3.6416
-3.74007
-3.74008
-3.74009
-3.74009
-3.74009
-3.74009
-3.74009
-3.74009
-3.74009
-3.74009
-3.74009
-3.74009
-3.7401
-3.7401
-3.74011
-3.74012
-3.74013
-3.74014
-3.74014
-3.74015
-3.74016
-3.74016
-3.74017
-3.74017
-3.74017
-3.74018
-3.74018
-3.74018
-3.74018
-3.74018
-3.74018
-3.74018
-3.74017
-3.74017
-3.74016
-3.74016
-3.74015
-3.74014
-3.74013
-3.74012
-3.74012
-3.74011
-3.74011
-3.7401
-3.7401
-3.7401
-3.7401
-3.7401
-3.7401
-3.74011
-3.74011
-3.74012
-3.74012
-3.74013
-3.74014
-3.74015
-3.74016
-3.74017
-3.74018
-3.74019
-3.7402
-3.74022
-3.74023
-3.74024
-3.74026
-3.74027
-3.74029
-3.7403
-3.74032
-3.74033
-3.74034
-3.74036
-3.74037
-3.74038
-3.74039
-3.74039
-3.7404
-3.7404
-3.74041
-3.74041
-3.74041
-3.7404
-3.74039
-3.74039
-3.74037
-3.74036
-3.74034
-3.74032
-3.7403
-3.74027
-3.74025
-3.74022
-3.74019
-3.74015
-3.74011
-3.74007
-3.74004
-3.74002
-3.74001
-3.74002
-3.8385
-3.83851
-3.83851
-3.83851
-3.83851
-3.83851
-3.8385
-3.8385
-3.8385
-3.8385
-3.8385
-3.8385
-3.83851
-3.83852
-3.83853
-3.83854
-3.83855
-3.83856
-3.83857
-3.83857
-3.83858
-3.83859
-3.83859
-3.8386
-3.8386
-3.8386
-3.83861
-3.83861
-3.83861
-3.83861
-3.83861
-3.8386
-3.8386
-3.8386
-3.83859
-3.83858
-3.83858
-3.83857
-3.83857
-3.83856
-3.83855
-3.83855
-3.83855
-3.83854
-3.83854
-3.83854
-3.83854
-3.83854
-3.83854
-3.83855
-3.83855
-3.83855
-3.83856
-3.83856
-3.83857
-3.83858
-3.83859
-3.8386
-3.83861
-3.83862
-3.83863
-3.83864
-3.83865
-3.83867
-3.83868
-3.83869
-3.83871
-3.83872
-3.83873
-3.83875
-3.83876
-3.83877
-3.83878
-3.83879
-3.8388
-3.8388
-3.83881
-3.83881
-3.83881
-3.83881
-3.83881
-3.8388
-3.83879
-3.83878
-3.83877
-3.83875
-3.83873
-3.83872
-3.83869
-3.83867
-3.83865
-3.83862
-3.83859
-3.83856
-3.83853
-3.83849
-3.83846
-3.83844
-3.83844
-3.83844
-3.93693
-3.93694
-3.93694
-3.93694
-3.93693
-3.93693
-3.93692
-3.93691
-3.93691
-3.93691
-3.93691
-3.93692
-3.93692
-3.93693
-3.93694
-3.93696
-3.93697
-3.93698
-3.93699
-3.937
-3.93701
-3.93702
-3.93702
-3.93703
-3.93703
-3.93704
-3.93704
-3.93704
-3.93704
-3.93704
-3.93704
-3.93704
-3.93703
-3.93703
-3.93702
-3.93702
-3.93701
-3.93701
-3.937
-3.937
-3.93699
-3.93699
-3.93699
-3.93698
-3.93698
-3.93698
-3.93698
-3.93698
-3.93698
-3.93698
-3.93699
-3.93699
-3.93699
-3.937
-3.937
-3.93701
-3.93702
-3.93703
-3.93704
-3.93705
-3.93706
-3.93707
-3.93708
-3.93709
-3.9371
-3.93712
-3.93713
-3.93714
-3.93715
-3.93716
-3.93717
-3.93718
-3.93719
-3.9372
-3.9372
-3.93721
-3.93721
-3.93721
-3.93721
-3.93721
-3.93721
-3.9372
-3.93719
-3.93718
-3.93716
-3.93714
-3.93713
-3.93711
-3.93709
-3.93707
-3.93705
-3.93703
-3.93701
-3.93698
-3.93695
-3.93692
-3.93689
-3.93687
-3.93687
-3.93688
-4.03536
-4.03537
-4.03537
-4.03536
-4.03535
-4.03534
-4.03534
-4.03533
-4.03533
-4.03533
-4.03533
-4.03533
-4.03534
-4.03535
-4.03536
-4.03537
-4.03539
-4.0354
-4.03541
-4.03543
-4.03544
-4.03544
-4.03545
-4.03546
-4.03546
-4.03547
-4.03547
-4.03547
-4.03548
-4.03548
-4.03547
-4.03547
-4.03547
-4.03547
-4.03546
-4.03546
-4.03545
-4.03545
-4.03544
-4.03544
-4.03543
-4.03543
-4.03542
-4.03542
-4.03542
-4.03542
-4.03542
-4.03542
-4.03542
-4.03542
-4.03542
-4.03542
-4.03543
-4.03543
-4.03544
-4.03544
-4.03545
-4.03546
-4.03547
-4.03548
-4.03548
-4.03549
-4.0355
-4.03551
-4.03553
-4.03554
-4.03555
-4.03556
-4.03557
-4.03558
-4.03559
-4.03559
-4.0356
-4.03561
-4.03561
-4.03562
-4.03562
-4.03562
-4.03561
-4.03561
-4.0356
-4.03559
-4.03558
-4.03557
-4.03555
-4.03553
-4.03552
-4.0355
-4.03548
-4.03547
-4.03545
-4.03544
-4.03543
-4.03541
-4.03539
-4.03536
-4.03534
-4.03532
-4.03531
-4.03531
-4.13378
-4.13379
-4.13379
-4.13378
-4.13377
-4.13376
-4.13376
-4.13375
-4.13375
-4.13374
-4.13374
-4.13375
-4.13376
-4.13377
-4.13378
-4.13379
-4.13381
-4.13382
-4.13384
-4.13385
-4.13386
-4.13387
-4.13388
-4.13389
-4.1339
-4.1339
-4.13391
-4.13391
-4.13391
-4.13391
-4.13391
-4.13391
-4.13391
-4.1339
-4.1339
-4.13389
-4.13389
-4.13388
-4.13388
-4.13387
-4.13387
-4.13387
-4.13386
-4.13386
-4.13386
-4.13386
-4.13385
-4.13385
-4.13385
-4.13386
-4.13386
-4.13386
-4.13386
-4.13387
-4.13387
-4.13388
-4.13388
-4.13389
-4.1339
-4.1339
-4.13391
-4.13392
-4.13393
-4.13394
-4.13395
-4.13396
-4.13397
-4.13398
-4.13398
-4.13399
-4.134
-4.13401
-4.13401
-4.13402
-4.13402
-4.13402
-4.13402
-4.13402
-4.13401
-4.13401
-4.134
-4.13399
-4.13397
-4.13396
-4.13394
-4.13392
-4.13391
-4.13389
-4.13388
-4.13386
-4.13386
-4.13385
-4.13385
-4.13384
-4.13383
-4.13381
-4.13378
-4.13376
-4.13375
-4.13375
-4.2322
-4.2322
-4.2322
-4.2322
-4.23219
-4.23218
-4.23218
-4.23217
-4.23217
-4.23217
-4.23216
-4.23217
-4.23217
-4.23218
-4.23219
-4.23221
-4.23222
-4.23224
-4.23226
-4.23227
-4.23228
-4.2323
-4.23231
-4.23232
-4.23233
-4.23233
-4.23234
-4.23234
-4.23234
-4.23234
-4.23234
-4.23234
-4.23234
-4.23234
-4.23233
-4.23233
-4.23232
-4.23232
-4.23232
-4.23231
-4.23231
-4.2323
-4.2323
-4.2323
-4.23229
-4.23229
-4.23229
-4.23229
-4.23229
-4.23229
-4.23229
-4.2323
-4.2323
-4.2323
-4.23231
-4.23231
-4.23232
-4.23232
-4.23233
-4.23233
-4.23234
-4.23235
-4.23236
-4.23236
-4.23237
-4.23238
-4.23239
-4.23239
-4.2324
-4.23241
-4.23241
-4.23242
-4.23242
-4.23243
-4.23243
-4.23243
-4.23242
-4.23242
-4.23241
-4.23241
-4.23239
-4.23238
-4.23237
-4.23235
-4.23233
-4.23231
-4.2323
-4.23228
-4.23227
-4.23226
-4.23226
-4.23226
-4.23227
-4.23227
-4.23226
-4.23225
-4.23223
-4.2322
-4.23219
-4.23218
-4.33062
-4.33062
-4.33062
-4.33062
-4.33061
-4.3306
-4.3306
-4.33059
-4.33059
-4.33059
-4.33059
-4.33059
-4.33059
-4.3306
-4.33061
-4.33062
-4.33064
-4.33066
-4.33067
-4.33069
-4.33071
-4.33072
-4.33073
-4.33074
-4.33075
-4.33076
-4.33077
-4.33077
-4.33078
-4.33078
-4.33078
-4.33078
-4.33078
-4.33077
-4.33077
-4.33077
-4.33076
-4.33076
-4.33075
-4.33075
-4.33074
-4.33074
-4.33074
-4.33073
-4.33073
-4.33073
-4.33073
-4.33073
-4.33073
-4.33073
-4.33073
-4.33073
-4.33073
-4.33074
-4.33074
-4.33074
-4.33075
-4.33075
-4.33076
-4.33076
-4.33077
-4.33078
-4.33078
-4.33079
-4.3308
-4.3308
-4.33081
-4.33081
-4.33082
-4.33082
-4.33083
-4.33083
-4.33083
-4.33084
-4.33083
-4.33083
-4.33083
-4.33082
-4.33081
-4.3308
-4.33079
-4.33078
-4.33076
-4.33074
-4.33072
-4.3307
-4.33069
-4.33067
-4.33067
-4.33066
-4.33066
-4.33067
-4.33068
-4.33069
-4.33069
-4.33068
-4.33066
-4.33064
-4.33062
-4.33062
-4.42903
-4.42903
-4.42903
-4.42903
-4.42903
-4.42902
-4.42902
-4.42901
-4.42901
-4.42901
-4.42901
-4.42901
-4.42901
-4.42902
-4.42903
-4.42904
-4.42906
-4.42907
-4.42909
-4.42911
-4.42913
-4.42914
-4.42916
-4.42917
-4.42918
-4.42919
-4.4292
-4.42921
-4.42921
-4.42921
-4.42921
-4.42921
-4.42921
-4.42921
-4.4292
-4.4292
-4.4292
-4.42919
-4.42919
-4.42918
-4.42918
-4.42918
-4.42917
-4.42917
-4.42917
-4.42917
-4.42916
-4.42916
-4.42916
-4.42916
-4.42916
-4.42917
-4.42917
-4.42917
-4.42917
-4.42918
-4.42918
-4.42918
-4.42919
-4.42919
-4.4292
-4.4292
-4.42921
-4.42922
-4.42922
-4.42923
-4.42923
-4.42924
-4.42924
-4.42924
-4.42925
-4.42925
-4.42925
-4.42925
-4.42924
-4.42924
-4.42923
-4.42923
-4.42922
-4.4292
-4.42919
-4.42917
-4.42916
-4.42914
-4.42912
-4.4291
-4.42908
-4.42907
-4.42906
-4.42906
-4.42906
-4.42907
-4.42909
-4.4291
-4.4291
-4.4291
-4.42908
-4.42907
-4.42906
-4.42905
-4.52744
-4.52745
-4.52745
-4.52744
-4.52744
-4.52744
-4.52744
-4.52743
-4.52743
-4.52743
-4.52743
-4.52743
-4.52743
-4.52744
-4.52745
-4.52746
-4.52747
-4.52749
-4.52751
-4.52752
-4.52754
-4.52756
-4.52758
-4.52759
-4.52761
-4.52762
-4.52763
-4.52764
-4.52764
-4.52764
-4.52765
-4.52765
-4.52765
-4.52764
-4.52764
-4.52764
-4.52763
-4.52763
-4.52762
-4.52762
-4.52762
-4.52761
-4.52761
-4.52761
-4.5276
-4.5276
-4.5276
-4.5276
-4.5276
-4.5276
-4.5276
-4.5276
-4.5276
-4.52761
-4.52761
-4.52761
-4.52761
-4.52762
-4.52762
-4.52763
-4.52763
-4.52764
-4.52764
-4.52764
-4.52765
-4.52765
-4.52766
-4.52766
-4.52766
-4.52766
-4.52766
-4.52766
-4.52766
-4.52766
-4.52766
-4.52765
-4.52764
-4.52763
-4.52762
-4.52761
-4.52759
-4.52757
-4.52755
-4.52753
-4.52751
-4.5275
-4.52748
-4.52747
-4.52746
-4.52746
-4.52747
-4.52748
-4.52749
-4.5275
-4.52751
-4.52751
-4.5275
-4.5275
-4.52749
-4.52749
-4.62586
-4.62586
-4.62586
-4.62586
-4.62586
-4.62586
-4.62585
-4.62585
-4.62585
-4.62585
-4.62585
-4.62585
-4.62585
-4.62586
-4.62587
-4.62588
-4.62589
-4.6259
-4.62592
-4.62594
-4.62596
-4.62598
-4.626
-4.62601
-4.62603
-4.62604
-4.62605
-4.62606
-4.62607
-4.62608
-4.62608
-4.62608
-4.62608
-4.62608
-4.62607
-4.62607
-4.62607
-4.62606
-4.62606
-4.62606
-4.62605
-4.62605
-4.62605
-4.62604
-4.62604
-4.62604
-4.62604
-4.62604
-4.62604
-4.62604
-4.62604
-4.62604
-4.62604
-4.62604
-4.62604
-4.62605
-4.62605
-4.62605
-4.62606
-4.62606
-4.62606
-4.62607
-4.62607
-4.62607
-4.62608
-4.62608
-4.62608
-4.62609
-4.62609
-4.62609
-4.62609
-4.62609
-4.62608
-4.62608
-4.62607
-4.62607
-4.62606
-4.62605
-4.62603
-4.62602
-4.626
-4.62598
-4.62596
-4.62594
-4.62592
-4.6259
-4.62588
-4.62587
-4.62586
-4.62586
-4.62587
-4.62588
-4.6259
-4.62591
-4.62592
-4.62593
-4.62593
-4.62593
-4.62592
-4.62592
-4.72427
-4.72427
-4.72428
-4.72428
-4.72427
-4.72427
-4.72427
-4.72427
-4.72427
-4.72427
-4.72428
-4.72428
-4.72428
-4.72428
-4.72429
-4.7243
-4.72431
-4.72432
-4.72434
-4.72436
-4.72438
-4.7244
-4.72442
-4.72444
-4.72445
-4.72447
-4.72448
-4.72449
-4.7245
-4.7245
-4.72451
-4.72451
-4.72451
-4.72451
-4.72451
-4.72451
-4.7245
-4.7245
-4.72449
-4.72449
-4.72449
-4.72448
-4.72448
-4.72448
-4.72448
-4.72447
-4.72447
-4.72447
-4.72447
-4.72447
-4.72447
-4.72447
-4.72447
-4.72447
-4.72448
-4.72448
-4.72448
-4.72449
-4.72449
-4.72449
-4.7245
-4.7245
-4.7245
-4.72451
-4.72451
-4.72451
-4.72451
-4.72451
-4.72452
-4.72452
-4.72451
-4.72451
-4.72451
-4.7245
-4.7245
-4.72449
-4.72448
-4.72446
-4.72445
-4.72443
-4.72441
-4.72439
-4.72437
-4.72435
-4.72433
-4.72431
-4.72429
-4.72428
-4.72427
-4.72427
-4.72428
-4.72429
-4.72431
-4.72432
-4.72434
-4.72435
-4.72435
-4.72435
-4.72436
-4.72435
-4.82269
-4.82269
-4.82269
-4.82269
-4.82269
-4.82269
-4.82269
-4.82269
-4.82269
-4.8227
-4.8227
-4.8227
-4.8227
-4.82271
-4.82271
-4.82272
-4.82273
-4.82275
-4.82277
-4.82279
-4.82281
-4.82283
-4.82285
-4.82286
-4.82288
-4.8229
-4.82291
-4.82292
-4.82293
-4.82293
-4.82294
-4.82294
-4.82294
-4.82294
-4.82294
-4.82294
-4.82293
-4.82293
-4.82293
-4.82292
-4.82292
-4.82292
-4.82291
-4.82291
-4.82291
-4.82291
-4.8229
-4.8229
-4.8229
-4.8229
-4.8229
-4.8229
-4.82291
-4.82291
-4.82291
-4.82291
-4.82292
-4.82292
-4.82292
-4.82292
-4.82293
-4.82293
-4.82293
-4.82294
-4.82294
-4.82294
-4.82294
-4.82295
-4.82295
-4.82295
-4.82294
-4.82294
-4.82294
-4.82293
-4.82292
-4.82291
-4.8229
-4.82289
-4.82287
-4.82285
-4.82283
-4.82281
-4.82279
-4.82277
-4.82274
-4.82272
-4.82271
-4.82269
-4.82269
-4.82269
-4.8227
-4.82271
-4.82273
-4.82275
-4.82276
-4.82277
-4.82278
-4.82278
-4.82278
-4.82278
)
;

boundaryField
{
    floor
    {
        type            calculated;
        value           nonuniform List<scalar> 
100
(
0.0491874
0.0491831
0.0491832
0.049191
0.0492041
0.0492179
0.0492293
0.0492386
0.0492467
0.0492539
0.0492606
0.0492664
0.0492716
0.0492767
0.0492811
0.049284
0.049285
0.0492838
0.0492802
0.0492743
0.0492661
0.049256
0.0492442
0.0492312
0.0492173
0.049203
0.0491888
0.0491748
0.0491615
0.049149
0.0491375
0.0491272
0.0491183
0.0491109
0.0491048
0.0491001
0.0490967
0.0490943
0.049093
0.0490926
0.049093
0.0490939
0.0490947
0.0490951
0.0490947
0.0490943
0.0490924
0.049087
0.0490784
0.0490705
0.049064
0.0490584
0.0490535
0.0490493
0.0490461
0.0490439
0.0490429
0.0490435
0.0490456
0.0490496
0.0490553
0.0490628
0.0490721
0.0490829
0.0490951
0.0491083
0.0491221
0.0491361
0.04915
0.0491632
0.0491755
0.0491866
0.0491963
0.0492047
0.049212
0.049218
0.0492225
0.0492256
0.0492274
0.049228
0.0492275
0.049226
0.0492236
0.0492209
0.0492185
0.0492169
0.0492156
0.0492125
0.0492047
0.0491921
0.0491809
0.0491775
0.0491815
0.0491843
0.0491861
0.0491903
0.0491916
0.0491895
0.0491819
0.0491744
)
;
    }
    ceiling
    {
        type            calculated;
        value           nonuniform List<scalar> 
100
(
-4.8719
-4.8719
-4.8719
-4.8719
-4.8719
-4.8719
-4.8719
-4.8719
-4.8719
-4.87191
-4.87191
-4.87192
-4.87192
-4.87192
-4.87193
-4.87194
-4.87195
-4.87196
-4.87198
-4.872
-4.87202
-4.87204
-4.87206
-4.87208
-4.8721
-4.87211
-4.87212
-4.87214
-4.87214
-4.87215
-4.87215
-4.87216
-4.87216
-4.87216
-4.87216
-4.87215
-4.87215
-4.87215
-4.87214
-4.87214
-4.87214
-4.87213
-4.87213
-4.87213
-4.87212
-4.87212
-4.87212
-4.87212
-4.87212
-4.87212
-4.87212
-4.87212
-4.87212
-4.87212
-4.87213
-4.87213
-4.87213
-4.87213
-4.87214
-4.87214
-4.87214
-4.87215
-4.87215
-4.87215
-4.87216
-4.87216
-4.87216
-4.87216
-4.87216
-4.87216
-4.87216
-4.87216
-4.87215
-4.87215
-4.87214
-4.87213
-4.87212
-4.8721
-4.87209
-4.87207
-4.87205
-4.87203
-4.872
-4.87198
-4.87196
-4.87194
-4.87192
-4.87191
-4.8719
-4.8719
-4.87191
-4.87193
-4.87195
-4.87196
-4.87198
-4.87199
-4.87199
-4.872
-4.872
-4.87199
)
;
    }
    fixedWalls
    {
        type            calculated;
        value           nonuniform List<scalar> 
100
(
6.93889e-18
-0.0983993
-0.196819
-0.29524
-0.393659
-0.492076
-0.590495
-0.688915
-0.787337
-0.885762
-0.984189
-1.08262
-1.18105
-1.27948
-1.37791
-1.47634
-1.57477
-1.67319
-1.77161
-1.87004
-1.96846
-2.06689
-2.16532
-2.26375
-2.36218
-2.46061
-2.55904
-2.65747
-2.75589
-2.85432
-2.95274
-3.05116
-3.14958
-3.248
-3.34641
-3.44482
-3.54322
-3.64164
-3.74007
-3.8385
-3.93693
-4.03536
-4.13378
-4.2322
-4.33062
-4.42903
-4.52744
-4.62586
-4.72427
-4.82269
-1.63444e-05
-0.0984134
-0.196815
-0.295221
-0.393637
-0.492054
-0.590468
-0.68888
-0.787291
-0.885704
-0.984123
-1.08255
-1.18098
-1.27941
-1.37785
-1.47629
-1.57473
-1.67317
-1.77162
-1.87006
-1.96851
-2.06695
-2.16539
-2.26383
-2.36227
-2.4607
-2.55913
-2.65756
-2.75598
-2.85439
-2.9528
-3.0512
-3.14959
-3.24799
-3.34638
-3.44478
-3.54318
-3.6416
-3.74002
-3.83844
-3.93688
-4.03531
-4.13375
-4.23218
-4.33062
-4.42905
-4.52749
-4.62592
-4.72435
-4.82278
)
;
    }
    frontAndBack
    {
        type            empty;
    }
}


// ************************************************************************* //
