/*--------------------------------*- C++ -*----------------------------------*\
| =========                 |                                                 |
| \\      /  F ield         | OpenFOAM: The Open Source CFD Toolbox           |
|  \\    /   O peration     | Version:  4.1                                   |
|   \\  /    A nd           | Web:      www.OpenFOAM.org                      |
|    \\/     M anipulation  |                                                 |
\*---------------------------------------------------------------------------*/
FoamFile
{
    version     2.0;
    format      ascii;
    class       volScalarField;
    location    "1960";
    object      p;
}
// * * * * * * * * * * * * * * * * * * * * * * * * * * * * * * * * * * * * * //

dimensions      [0 2 -2 0 0 0 0];

internalField   nonuniform List<scalar> 
5000
(
0
-1.63483e-05
-2.15071e-05
-1.3673e-05
5.70286e-06
2.75685e-05
4.41519e-05
5.50999e-05
5.85377e-05
5.19983e-05
3.72695e-05
1.68802e-05
-7.23647e-06
-3.37318e-05
-6.15364e-05
-8.96795e-05
-0.000117269
-0.000143518
-0.000167768
-0.000189491
-0.000208285
-0.000223872
-0.000236103
-0.000244943
-0.00025039
-0.000252533
-0.000251614
-0.000247931
-0.000241814
-0.000233627
-0.000223771
-0.000212669
-0.000200747
-0.000188419
-0.00017607
-0.000164046
-0.000152656
-0.000142199
-0.000132954
-0.000125305
-0.000123357
-0.000132844
-0.000144382
-0.000151706
-0.000156907
-0.000160215
-0.000162555
-0.000167151
-0.000176094
-0.000192311
-0.000211192
-0.000219876
-0.000214565
-0.000209921
-0.000207207
-0.000204932
-0.000202708
-0.000204787
-0.000200606
-0.000195508
-0.000188387
-0.000177702
-0.00016444
-0.000150707
-0.000135942
-0.000120116
-0.000104265
-9.02895e-05
-7.86798e-05
-7.10325e-05
-7.03072e-05
-7.71614e-05
-8.63724e-05
-9.22941e-05
-9.42029e-05
-9.5416e-05
-9.9748e-05
-0.000107111
-0.000113797
-0.000121055
-0.000129249
-0.000138433
-0.000148445
-0.000158932
-0.000169355
-0.000179015
-0.000187105
-0.00019276
-0.000195096
-0.000193313
-0.000186748
-0.000175002
-0.000158371
-0.000138541
-0.000119688
-0.000108196
-0.000107957
-0.000118919
-0.000133061
-0.000133626
-0.098402
-0.0984211
-0.0984284
-0.0984225
-0.0984053
-0.0983856
-0.0983695
-0.0983595
-0.0983577
-0.0983646
-0.0983787
-0.0983981
-0.0984213
-0.0984468
-0.0984737
-0.098501
-0.0985276
-0.098553
-0.0985764
-0.0985973
-0.0986152
-0.09863
-0.0986413
-0.0986491
-0.0986535
-0.0986546
-0.0986526
-0.0986477
-0.0986403
-0.0986307
-0.0986194
-0.0986066
-0.0985929
-0.0985787
-0.0985642
-0.0985499
-0.0985359
-0.0985223
-0.0985098
-0.0985004
-0.098502
-0.0985185
-0.0985343
-0.0985449
-0.0985533
-0.0985597
-0.0985648
-0.098571
-0.0985814
-0.0985971
-0.0986126
-0.0986158
-0.0986011
-0.0985899
-0.0985877
-0.0985814
-0.0985714
-0.0985634
-0.0985612
-0.0985596
-0.0985564
-0.0985511
-0.0985437
-0.0985345
-0.0985232
-0.0985107
-0.0984974
-0.0984852
-0.0984746
-0.0984664
-0.0984621
-0.0984621
-0.0984645
-0.0984655
-0.0984652
-0.0984645
-0.0984719
-0.0984831
-0.098493
-0.0985033
-0.0985144
-0.0985263
-0.0985389
-0.0985519
-0.0985647
-0.0985766
-0.0985868
-0.0985944
-0.0985987
-0.0985989
-0.0985944
-0.0985849
-0.0985709
-0.098554
-0.0985377
-0.0985273
-0.0985274
-0.0985363
-0.0985481
-0.0985415
-0.196817
-0.196833
-0.196838
-0.196835
-0.196819
-0.196802
-0.196789
-0.196781
-0.196782
-0.196789
-0.196804
-0.196823
-0.196845
-0.19687
-0.196896
-0.196923
-0.196949
-0.196974
-0.196997
-0.197017
-0.197035
-0.197049
-0.19706
-0.197068
-0.197072
-0.197072
-0.19707
-0.197064
-0.197056
-0.197046
-0.197033
-0.19702
-0.197005
-0.196989
-0.196973
-0.196957
-0.196941
-0.196926
-0.196913
-0.196904
-0.196907
-0.196922
-0.19694
-0.196952
-0.196962
-0.196969
-0.196974
-0.196979
-0.196987
-0.196998
-0.197008
-0.197008
-0.196992
-0.196984
-0.196982
-0.196971
-0.196951
-0.196931
-0.196926
-0.196924
-0.196924
-0.196924
-0.196922
-0.196917
-0.19691
-0.196902
-0.196893
-0.196884
-0.196876
-0.196868
-0.196862
-0.196858
-0.196856
-0.196856
-0.196856
-0.196855
-0.196865
-0.19688
-0.196892
-0.196904
-0.196917
-0.19693
-0.196945
-0.196959
-0.196974
-0.196987
-0.196998
-0.197007
-0.197012
-0.197013
-0.19701
-0.197002
-0.19699
-0.196976
-0.196961
-0.196951
-0.19695
-0.196957
-0.196965
-0.196959
-0.295224
-0.295238
-0.295243
-0.29524
-0.295229
-0.295216
-0.295207
-0.295205
-0.295208
-0.295218
-0.295233
-0.295252
-0.295274
-0.295299
-0.295325
-0.295351
-0.295376
-0.2954
-0.295423
-0.295442
-0.295459
-0.295473
-0.295484
-0.295491
-0.295494
-0.295494
-0.295491
-0.295486
-0.295477
-0.295466
-0.295453
-0.295439
-0.295423
-0.295406
-0.29539
-0.295373
-0.295357
-0.295342
-0.29533
-0.295322
-0.295322
-0.295334
-0.29535
-0.295363
-0.295372
-0.29538
-0.295384
-0.295387
-0.295389
-0.295392
-0.295392
-0.295385
-0.295375
-0.295369
-0.295372
-0.295361
-0.295342
-0.295321
-0.295312
-0.295308
-0.295307
-0.295306
-0.295305
-0.295303
-0.2953
-0.295295
-0.29529
-0.295283
-0.295277
-0.29527
-0.295264
-0.295258
-0.295254
-0.295253
-0.295254
-0.295255
-0.295268
-0.295286
-0.295299
-0.295311
-0.295325
-0.295339
-0.295354
-0.29537
-0.295385
-0.295399
-0.295411
-0.295421
-0.295426
-0.295428
-0.295427
-0.295421
-0.295411
-0.295398
-0.295385
-0.295375
-0.295371
-0.295374
-0.295376
-0.295375
-0.393616
-0.393629
-0.393637
-0.393636
-0.393631
-0.393627
-0.393625
-0.393628
-0.393635
-0.393647
-0.393664
-0.393683
-0.393706
-0.39373
-0.393756
-0.393781
-0.393806
-0.393829
-0.393851
-0.39387
-0.393886
-0.393899
-0.393909
-0.393915
-0.393919
-0.393918
-0.393915
-0.393909
-0.3939
-0.393889
-0.393876
-0.393861
-0.393845
-0.393828
-0.393811
-0.393795
-0.393779
-0.393764
-0.393752
-0.393744
-0.393743
-0.393751
-0.393763
-0.393776
-0.393786
-0.393793
-0.393797
-0.393798
-0.393795
-0.393787
-0.393774
-0.393759
-0.39375
-0.393747
-0.39375
-0.393747
-0.393737
-0.393725
-0.393717
-0.393712
-0.39371
-0.393708
-0.393706
-0.393704
-0.3937
-0.393697
-0.393692
-0.393686
-0.39368
-0.393674
-0.393668
-0.393662
-0.393657
-0.393655
-0.393656
-0.39366
-0.393674
-0.393695
-0.393709
-0.393722
-0.393735
-0.39375
-0.393765
-0.393781
-0.393796
-0.393811
-0.393823
-0.393832
-0.393838
-0.393841
-0.39384
-0.393836
-0.393829
-0.393818
-0.393807
-0.393796
-0.39379
-0.393789
-0.393789
-0.39379
-0.491996
-0.492007
-0.492019
-0.492027
-0.492032
-0.492036
-0.492042
-0.492051
-0.492062
-0.492077
-0.492095
-0.492115
-0.492138
-0.492163
-0.492188
-0.492213
-0.492237
-0.492259
-0.49228
-0.492298
-0.492313
-0.492326
-0.492335
-0.492341
-0.492344
-0.492344
-0.49234
-0.492334
-0.492325
-0.492313
-0.4923
-0.492285
-0.492269
-0.492252
-0.492235
-0.492219
-0.492203
-0.49219
-0.492178
-0.492169
-0.492166
-0.49217
-0.492179
-0.492191
-0.4922
-0.492207
-0.492211
-0.492211
-0.492205
-0.492193
-0.492174
-0.492152
-0.492135
-0.492134
-0.492139
-0.49214
-0.492137
-0.49213
-0.492124
-0.49212
-0.492117
-0.492114
-0.492112
-0.49211
-0.492106
-0.492103
-0.492098
-0.492093
-0.492087
-0.49208
-0.492074
-0.492068
-0.492064
-0.492061
-0.492062
-0.492067
-0.492081
-0.492104
-0.492121
-0.492134
-0.492147
-0.492161
-0.492176
-0.492191
-0.492206
-0.49222
-0.492232
-0.492241
-0.492246
-0.492248
-0.492248
-0.492246
-0.492241
-0.492234
-0.492224
-0.492214
-0.492207
-0.492204
-0.492205
-0.492207
-0.590366
-0.590381
-0.590401
-0.590419
-0.590434
-0.590447
-0.590459
-0.590473
-0.590488
-0.590505
-0.590525
-0.590547
-0.59057
-0.590595
-0.59062
-0.590644
-0.590667
-0.590689
-0.590708
-0.590725
-0.590739
-0.590751
-0.59076
-0.590766
-0.590769
-0.590768
-0.590765
-0.590759
-0.590749
-0.590738
-0.590724
-0.590709
-0.590693
-0.590676
-0.59066
-0.590644
-0.590629
-0.590616
-0.590604
-0.590595
-0.59059
-0.590591
-0.590597
-0.590606
-0.590615
-0.590621
-0.590625
-0.590624
-0.590618
-0.590606
-0.590587
-0.590566
-0.590546
-0.590541
-0.590544
-0.590545
-0.590542
-0.590537
-0.590532
-0.590528
-0.590525
-0.590523
-0.59052
-0.590517
-0.590514
-0.59051
-0.590506
-0.5905
-0.590495
-0.590489
-0.590483
-0.590477
-0.590472
-0.59047
-0.590471
-0.590475
-0.590489
-0.590512
-0.590532
-0.590546
-0.590559
-0.590572
-0.590586
-0.5906
-0.590614
-0.590627
-0.590637
-0.590645
-0.590649
-0.590651
-0.590651
-0.590651
-0.590649
-0.590644
-0.590636
-0.590628
-0.590622
-0.590619
-0.590621
-0.590624
-0.688746
-0.688764
-0.688792
-0.688819
-0.688841
-0.68886
-0.688878
-0.688895
-0.688913
-0.688932
-0.688953
-0.688976
-0.689001
-0.689026
-0.68905
-0.689074
-0.689095
-0.689115
-0.689133
-0.689149
-0.689162
-0.689174
-0.689182
-0.689188
-0.689191
-0.689191
-0.689187
-0.689181
-0.689172
-0.689161
-0.689148
-0.689133
-0.689117
-0.6891
-0.689084
-0.689069
-0.689054
-0.689041
-0.68903
-0.68902
-0.689013
-0.689011
-0.689014
-0.689021
-0.689029
-0.689035
-0.689038
-0.689037
-0.689031
-0.689019
-0.689002
-0.688983
-0.688966
-0.688958
-0.688955
-0.688952
-0.688949
-0.688945
-0.688941
-0.688937
-0.688934
-0.688932
-0.688929
-0.688926
-0.688923
-0.688919
-0.688915
-0.68891
-0.688904
-0.688899
-0.688893
-0.688887
-0.688882
-0.68888
-0.688881
-0.688885
-0.688899
-0.68892
-0.688941
-0.688957
-0.688971
-0.688983
-0.688996
-0.689008
-0.68902
-0.689031
-0.68904
-0.689046
-0.689049
-0.68905
-0.689051
-0.689052
-0.689052
-0.689049
-0.689044
-0.689038
-0.689033
-0.689032
-0.689038
-0.689039
-0.787159
-0.787173
-0.787202
-0.787231
-0.787256
-0.787278
-0.787298
-0.787317
-0.787336
-0.787357
-0.78738
-0.787404
-0.787429
-0.787454
-0.787478
-0.7875
-0.78752
-0.787538
-0.787555
-0.787569
-0.787582
-0.787592
-0.787601
-0.787607
-0.787609
-0.787609
-0.787607
-0.787601
-0.787592
-0.787581
-0.787568
-0.787554
-0.787538
-0.787523
-0.787507
-0.787492
-0.787478
-0.787465
-0.787453
-0.787443
-0.787435
-0.787429
-0.787429
-0.787434
-0.787441
-0.787446
-0.787449
-0.787448
-0.787442
-0.787431
-0.787415
-0.787398
-0.787383
-0.787372
-0.787366
-0.787362
-0.787358
-0.787354
-0.78735
-0.787347
-0.787344
-0.787341
-0.787339
-0.787336
-0.787333
-0.787329
-0.787325
-0.787321
-0.787315
-0.78731
-0.787304
-0.787299
-0.787295
-0.787292
-0.787293
-0.787297
-0.787309
-0.787329
-0.78735
-0.787367
-0.787381
-0.787393
-0.787404
-0.787415
-0.787425
-0.787434
-0.787441
-0.787446
-0.787448
-0.787449
-0.78745
-0.787451
-0.787452
-0.787451
-0.787448
-0.787444
-0.787441
-0.787442
-0.78745
-0.787446
-0.885593
-0.885603
-0.885626
-0.885652
-0.885676
-0.885698
-0.885718
-0.885738
-0.885759
-0.885781
-0.885805
-0.88583
-0.885856
-0.88588
-0.885902
-0.885922
-0.88594
-0.885956
-0.885971
-0.885985
-0.885997
-0.886007
-0.886015
-0.886021
-0.886024
-0.886025
-0.886022
-0.886017
-0.886009
-0.885999
-0.885986
-0.885972
-0.885957
-0.885942
-0.885927
-0.885912
-0.885899
-0.885886
-0.885875
-0.885864
-0.885853
-0.885845
-0.885842
-0.885845
-0.88585
-0.885855
-0.885858
-0.885857
-0.885851
-0.88584
-0.885826
-0.88581
-0.885796
-0.885785
-0.885777
-0.885772
-0.885767
-0.885763
-0.88576
-0.885757
-0.885755
-0.885752
-0.88575
-0.885747
-0.885744
-0.885741
-0.885737
-0.885733
-0.885728
-0.885723
-0.885718
-0.885713
-0.885709
-0.885707
-0.885707
-0.885711
-0.885721
-0.885738
-0.885758
-0.885776
-0.88579
-0.885802
-0.885813
-0.885822
-0.88583
-0.885837
-0.885842
-0.885846
-0.885848
-0.885849
-0.885849
-0.88585
-0.885851
-0.885851
-0.885849
-0.885846
-0.885844
-0.885846
-0.885854
-0.885847
-0.984029
-0.984036
-0.984055
-0.984077
-0.984099
-0.98412
-0.98414
-0.98416
-0.984181
-0.984203
-0.984228
-0.984253
-0.984279
-0.984302
-0.984322
-0.98434
-0.984355
-0.98437
-0.984384
-0.984397
-0.984409
-0.984419
-0.984428
-0.984433
-0.984437
-0.984437
-0.984435
-0.98443
-0.984423
-0.984413
-0.984401
-0.984388
-0.984374
-0.984359
-0.984344
-0.98433
-0.984317
-0.984304
-0.984293
-0.984281
-0.984268
-0.984257
-0.984252
-0.984253
-0.984257
-0.984261
-0.984263
-0.984262
-0.984257
-0.984247
-0.984234
-0.984219
-0.984206
-0.984195
-0.984187
-0.984182
-0.984177
-0.984174
-0.984171
-0.984168
-0.984166
-0.984164
-0.984162
-0.984159
-0.984157
-0.984154
-0.98415
-0.984146
-0.984142
-0.984137
-0.984133
-0.984128
-0.984125
-0.984123
-0.984123
-0.984126
-0.984134
-0.984148
-0.984166
-0.984183
-0.984198
-0.98421
-0.98422
-0.984228
-0.984235
-0.98424
-0.984244
-0.984247
-0.984248
-0.984249
-0.984249
-0.98425
-0.98425
-0.98425
-0.984249
-0.984246
-0.984244
-0.984245
-0.98425
-0.984241
-1.08246
-1.08247
-1.08248
-1.0825
-1.08252
-1.08254
-1.08256
-1.08258
-1.0826
-1.08262
-1.08265
-1.08267
-1.0827
-1.08272
-1.08274
-1.08275
-1.08277
-1.08278
-1.08279
-1.08281
-1.08282
-1.08283
-1.08284
-1.08284
-1.08285
-1.08285
-1.08285
-1.08284
-1.08283
-1.08282
-1.08281
-1.0828
-1.08279
-1.08277
-1.08276
-1.08274
-1.08273
-1.08272
-1.08271
-1.08269
-1.08268
-1.08267
-1.08266
-1.08266
-1.08266
-1.08266
-1.08267
-1.08266
-1.08266
-1.08265
-1.08264
-1.08263
-1.08261
-1.0826
-1.0826
-1.08259
-1.08259
-1.08258
-1.08258
-1.08258
-1.08258
-1.08258
-1.08257
-1.08257
-1.08257
-1.08257
-1.08256
-1.08256
-1.08256
-1.08255
-1.08255
-1.08255
-1.08254
-1.08254
-1.08254
-1.08254
-1.08255
-1.08256
-1.08257
-1.08259
-1.08261
-1.08262
-1.08263
-1.08263
-1.08264
-1.08264
-1.08265
-1.08265
-1.08265
-1.08265
-1.08265
-1.08265
-1.08265
-1.08265
-1.08265
-1.08265
-1.08264
-1.08264
-1.08264
-1.08263
-1.1809
-1.1809
-1.18091
-1.18093
-1.18095
-1.18096
-1.18098
-1.181
-1.18102
-1.18104
-1.18107
-1.18109
-1.18111
-1.18113
-1.18115
-1.18116
-1.18117
-1.18119
-1.1812
-1.18121
-1.18123
-1.18124
-1.18125
-1.18125
-1.18126
-1.18126
-1.18126
-1.18125
-1.18124
-1.18123
-1.18122
-1.18121
-1.1812
-1.18118
-1.18117
-1.18116
-1.18114
-1.18113
-1.18112
-1.1811
-1.18109
-1.18107
-1.18106
-1.18106
-1.18106
-1.18106
-1.18107
-1.18106
-1.18106
-1.18105
-1.18104
-1.18103
-1.18102
-1.18101
-1.181
-1.181
-1.181
-1.18099
-1.18099
-1.18099
-1.18099
-1.18099
-1.18099
-1.18099
-1.18098
-1.18098
-1.18098
-1.18098
-1.18097
-1.18097
-1.18097
-1.18096
-1.18096
-1.18096
-1.18096
-1.18096
-1.18096
-1.18097
-1.18098
-1.181
-1.18101
-1.18102
-1.18103
-1.18104
-1.18104
-1.18105
-1.18105
-1.18105
-1.18105
-1.18105
-1.18105
-1.18105
-1.18105
-1.18105
-1.18105
-1.18104
-1.18104
-1.18103
-1.18103
-1.18102
-1.27933
-1.27933
-1.27934
-1.27935
-1.27937
-1.27938
-1.2794
-1.27942
-1.27944
-1.27946
-1.27948
-1.27951
-1.27953
-1.27954
-1.27955
-1.27957
-1.27958
-1.27959
-1.27961
-1.27962
-1.27964
-1.27965
-1.27966
-1.27966
-1.27967
-1.27967
-1.27966
-1.27966
-1.27965
-1.27964
-1.27963
-1.27962
-1.2796
-1.27959
-1.27958
-1.27956
-1.27955
-1.27954
-1.27952
-1.27951
-1.27949
-1.27947
-1.27946
-1.27946
-1.27946
-1.27946
-1.27946
-1.27946
-1.27946
-1.27945
-1.27944
-1.27943
-1.27942
-1.27942
-1.27941
-1.27941
-1.27941
-1.2794
-1.2794
-1.2794
-1.2794
-1.2794
-1.2794
-1.2794
-1.2794
-1.2794
-1.27939
-1.27939
-1.27939
-1.27939
-1.27938
-1.27938
-1.27938
-1.27938
-1.27938
-1.27938
-1.27938
-1.27939
-1.2794
-1.27941
-1.27942
-1.27943
-1.27944
-1.27944
-1.27945
-1.27945
-1.27945
-1.27945
-1.27945
-1.27945
-1.27945
-1.27945
-1.27945
-1.27945
-1.27944
-1.27944
-1.27943
-1.27943
-1.27942
-1.27941
-1.37775
-1.37776
-1.37777
-1.37778
-1.37779
-1.3778
-1.37782
-1.37783
-1.37785
-1.37787
-1.37789
-1.37792
-1.37793
-1.37795
-1.37796
-1.37797
-1.37798
-1.378
-1.37801
-1.37803
-1.37804
-1.37806
-1.37807
-1.37807
-1.37808
-1.37808
-1.37807
-1.37806
-1.37806
-1.37805
-1.37803
-1.37802
-1.37801
-1.378
-1.37798
-1.37797
-1.37796
-1.37794
-1.37793
-1.37791
-1.37789
-1.37787
-1.37786
-1.37786
-1.37786
-1.37786
-1.37786
-1.37786
-1.37785
-1.37785
-1.37784
-1.37783
-1.37783
-1.37782
-1.37782
-1.37782
-1.37781
-1.37781
-1.37781
-1.37781
-1.37781
-1.37781
-1.37781
-1.37781
-1.37781
-1.37781
-1.37781
-1.37781
-1.37781
-1.3778
-1.3778
-1.3778
-1.3778
-1.3778
-1.37779
-1.37779
-1.3778
-1.3778
-1.37781
-1.37782
-1.37782
-1.37783
-1.37784
-1.37785
-1.37785
-1.37785
-1.37785
-1.37785
-1.37785
-1.37785
-1.37785
-1.37785
-1.37785
-1.37784
-1.37784
-1.37783
-1.37783
-1.37782
-1.37781
-1.37781
-1.47618
-1.47618
-1.47619
-1.4762
-1.47621
-1.47622
-1.47623
-1.47625
-1.47626
-1.47628
-1.4763
-1.47632
-1.47634
-1.47635
-1.47636
-1.47637
-1.47638
-1.4764
-1.47642
-1.47643
-1.47645
-1.47646
-1.47647
-1.47648
-1.47648
-1.47648
-1.47647
-1.47647
-1.47646
-1.47645
-1.47644
-1.47642
-1.47641
-1.4764
-1.47639
-1.47637
-1.47636
-1.47634
-1.47632
-1.4763
-1.47628
-1.47626
-1.47625
-1.47625
-1.47625
-1.47625
-1.47625
-1.47625
-1.47625
-1.47625
-1.47624
-1.47623
-1.47623
-1.47623
-1.47622
-1.47622
-1.47622
-1.47622
-1.47622
-1.47622
-1.47622
-1.47622
-1.47622
-1.47622
-1.47622
-1.47623
-1.47623
-1.47622
-1.47622
-1.47622
-1.47622
-1.47622
-1.47622
-1.47621
-1.47621
-1.47621
-1.47621
-1.47622
-1.47622
-1.47623
-1.47623
-1.47624
-1.47624
-1.47625
-1.47625
-1.47625
-1.47625
-1.47625
-1.47625
-1.47625
-1.47625
-1.47625
-1.47624
-1.47624
-1.47623
-1.47623
-1.47622
-1.47621
-1.4762
-1.4762
-1.5746
-1.5746
-1.57461
-1.57461
-1.57462
-1.57463
-1.57465
-1.57466
-1.57467
-1.57469
-1.57471
-1.57473
-1.57474
-1.57475
-1.57476
-1.57477
-1.57478
-1.5748
-1.57482
-1.57483
-1.57485
-1.57486
-1.57487
-1.57488
-1.57488
-1.57488
-1.57487
-1.57487
-1.57486
-1.57485
-1.57484
-1.57482
-1.57481
-1.5748
-1.57479
-1.57477
-1.57476
-1.57474
-1.57472
-1.57469
-1.57467
-1.57465
-1.57465
-1.57464
-1.57464
-1.57465
-1.57465
-1.57465
-1.57465
-1.57464
-1.57464
-1.57464
-1.57463
-1.57463
-1.57463
-1.57463
-1.57463
-1.57463
-1.57463
-1.57463
-1.57463
-1.57463
-1.57464
-1.57464
-1.57464
-1.57464
-1.57464
-1.57464
-1.57464
-1.57464
-1.57464
-1.57464
-1.57463
-1.57463
-1.57463
-1.57463
-1.57463
-1.57463
-1.57463
-1.57464
-1.57464
-1.57464
-1.57465
-1.57465
-1.57465
-1.57466
-1.57466
-1.57465
-1.57465
-1.57465
-1.57465
-1.57464
-1.57464
-1.57463
-1.57463
-1.57462
-1.57461
-1.57461
-1.5746
-1.57459
-1.67301
-1.67302
-1.67302
-1.67303
-1.67304
-1.67305
-1.67306
-1.67307
-1.67308
-1.6731
-1.67311
-1.67313
-1.67314
-1.67315
-1.67316
-1.67317
-1.67318
-1.6732
-1.67321
-1.67323
-1.67325
-1.67326
-1.67327
-1.67328
-1.67328
-1.67328
-1.67327
-1.67326
-1.67325
-1.67324
-1.67323
-1.67322
-1.67321
-1.6732
-1.67318
-1.67317
-1.67315
-1.67313
-1.6731
-1.67308
-1.67306
-1.67305
-1.67304
-1.67304
-1.67304
-1.67304
-1.67304
-1.67304
-1.67304
-1.67304
-1.67304
-1.67304
-1.67303
-1.67303
-1.67303
-1.67303
-1.67303
-1.67304
-1.67304
-1.67304
-1.67304
-1.67304
-1.67305
-1.67305
-1.67305
-1.67305
-1.67306
-1.67306
-1.67306
-1.67306
-1.67306
-1.67305
-1.67305
-1.67305
-1.67305
-1.67305
-1.67305
-1.67305
-1.67305
-1.67305
-1.67305
-1.67305
-1.67305
-1.67305
-1.67306
-1.67306
-1.67306
-1.67305
-1.67305
-1.67305
-1.67304
-1.67304
-1.67303
-1.67303
-1.67302
-1.67301
-1.67301
-1.673
-1.67299
-1.67299
-1.77143
-1.77143
-1.77143
-1.77144
-1.77145
-1.77146
-1.77147
-1.77148
-1.77149
-1.7715
-1.77152
-1.77153
-1.77154
-1.77155
-1.77156
-1.77157
-1.77158
-1.77159
-1.77161
-1.77162
-1.77164
-1.77165
-1.77166
-1.77167
-1.77167
-1.77167
-1.77166
-1.77166
-1.77165
-1.77164
-1.77163
-1.77161
-1.7716
-1.77159
-1.77157
-1.77156
-1.77153
-1.77151
-1.77149
-1.77147
-1.77145
-1.77144
-1.77143
-1.77143
-1.77143
-1.77144
-1.77144
-1.77144
-1.77144
-1.77144
-1.77144
-1.77144
-1.77144
-1.77144
-1.77144
-1.77144
-1.77144
-1.77144
-1.77145
-1.77145
-1.77145
-1.77146
-1.77146
-1.77146
-1.77147
-1.77147
-1.77147
-1.77147
-1.77147
-1.77147
-1.77147
-1.77147
-1.77147
-1.77147
-1.77147
-1.77146
-1.77146
-1.77146
-1.77146
-1.77146
-1.77146
-1.77146
-1.77146
-1.77146
-1.77146
-1.77146
-1.77146
-1.77145
-1.77145
-1.77145
-1.77144
-1.77143
-1.77143
-1.77142
-1.77141
-1.7714
-1.7714
-1.77139
-1.77138
-1.77138
-1.86984
-1.86984
-1.86985
-1.86985
-1.86986
-1.86986
-1.86987
-1.86988
-1.86989
-1.8699
-1.86991
-1.86993
-1.86993
-1.86994
-1.86995
-1.86996
-1.86997
-1.86999
-1.87
-1.87002
-1.87003
-1.87004
-1.87005
-1.87006
-1.87006
-1.87006
-1.87005
-1.87005
-1.87004
-1.87003
-1.87002
-1.87
-1.86999
-1.86998
-1.86996
-1.86994
-1.86992
-1.86989
-1.86987
-1.86985
-1.86984
-1.86983
-1.86983
-1.86983
-1.86983
-1.86983
-1.86984
-1.86984
-1.86984
-1.86984
-1.86984
-1.86984
-1.86984
-1.86984
-1.86984
-1.86985
-1.86985
-1.86985
-1.86985
-1.86986
-1.86986
-1.86987
-1.86987
-1.86988
-1.86988
-1.86988
-1.86989
-1.86989
-1.86989
-1.86989
-1.86989
-1.86989
-1.86989
-1.86989
-1.86988
-1.86988
-1.86988
-1.86988
-1.86987
-1.86987
-1.86987
-1.86987
-1.86986
-1.86986
-1.86986
-1.86986
-1.86985
-1.86985
-1.86985
-1.86984
-1.86983
-1.86983
-1.86982
-1.86981
-1.8698
-1.86979
-1.86979
-1.86978
-1.86977
-1.86977
-1.96825
-1.96825
-1.96825
-1.96826
-1.96826
-1.96827
-1.96828
-1.96829
-1.96829
-1.9683
-1.96831
-1.96832
-1.96833
-1.96834
-1.96834
-1.96835
-1.96836
-1.96838
-1.96839
-1.9684
-1.96842
-1.96843
-1.96843
-1.96844
-1.96844
-1.96844
-1.96844
-1.96843
-1.96842
-1.96841
-1.9684
-1.96839
-1.96837
-1.96836
-1.96834
-1.96832
-1.9683
-1.96827
-1.96825
-1.96824
-1.96823
-1.96822
-1.96822
-1.96823
-1.96823
-1.96823
-1.96824
-1.96824
-1.96824
-1.96824
-1.96824
-1.96824
-1.96825
-1.96825
-1.96825
-1.96825
-1.96826
-1.96826
-1.96826
-1.96827
-1.96827
-1.96828
-1.96828
-1.96829
-1.96829
-1.9683
-1.9683
-1.9683
-1.96831
-1.96831
-1.96831
-1.96831
-1.9683
-1.9683
-1.9683
-1.9683
-1.9683
-1.96829
-1.96829
-1.96828
-1.96828
-1.96827
-1.96827
-1.96826
-1.96826
-1.96826
-1.96825
-1.96825
-1.96824
-1.96823
-1.96823
-1.96822
-1.96821
-1.9682
-1.96819
-1.96819
-1.96818
-1.96817
-1.96817
-1.96816
-2.06666
-2.06666
-2.06666
-2.06667
-2.06667
-2.06668
-2.06668
-2.06669
-2.0667
-2.0667
-2.06671
-2.06672
-2.06673
-2.06673
-2.06674
-2.06675
-2.06675
-2.06677
-2.06678
-2.06679
-2.0668
-2.06681
-2.06682
-2.06682
-2.06682
-2.06682
-2.06682
-2.06682
-2.06681
-2.0668
-2.06678
-2.06677
-2.06675
-2.06674
-2.06672
-2.0667
-2.06667
-2.06666
-2.06664
-2.06663
-2.06662
-2.06662
-2.06662
-2.06663
-2.06663
-2.06664
-2.06664
-2.06664
-2.06664
-2.06665
-2.06665
-2.06665
-2.06665
-2.06665
-2.06666
-2.06666
-2.06666
-2.06667
-2.06667
-2.06668
-2.06668
-2.06669
-2.0667
-2.0667
-2.06671
-2.06671
-2.06672
-2.06672
-2.06672
-2.06672
-2.06672
-2.06672
-2.06672
-2.06672
-2.06672
-2.06671
-2.06671
-2.06671
-2.0667
-2.06669
-2.06669
-2.06668
-2.06667
-2.06667
-2.06666
-2.06666
-2.06665
-2.06664
-2.06664
-2.06663
-2.06662
-2.06661
-2.0666
-2.06659
-2.06658
-2.06658
-2.06657
-2.06656
-2.06656
-2.06656
-2.16506
-2.16506
-2.16507
-2.16507
-2.16507
-2.16508
-2.16509
-2.16509
-2.1651
-2.1651
-2.16511
-2.16512
-2.16512
-2.16513
-2.16513
-2.16514
-2.16514
-2.16515
-2.16516
-2.16517
-2.16518
-2.16519
-2.1652
-2.1652
-2.1652
-2.1652
-2.1652
-2.16519
-2.16519
-2.16518
-2.16516
-2.16515
-2.16513
-2.16511
-2.16509
-2.16508
-2.16506
-2.16504
-2.16503
-2.16503
-2.16502
-2.16503
-2.16503
-2.16503
-2.16504
-2.16504
-2.16504
-2.16505
-2.16505
-2.16505
-2.16505
-2.16505
-2.16506
-2.16506
-2.16506
-2.16507
-2.16507
-2.16508
-2.16508
-2.16509
-2.1651
-2.1651
-2.16511
-2.16512
-2.16512
-2.16513
-2.16513
-2.16514
-2.16514
-2.16514
-2.16514
-2.16514
-2.16514
-2.16513
-2.16513
-2.16513
-2.16513
-2.16512
-2.16511
-2.16511
-2.1651
-2.16509
-2.16508
-2.16507
-2.16506
-2.16505
-2.16505
-2.16504
-2.16503
-2.16502
-2.16501
-2.165
-2.16499
-2.16498
-2.16498
-2.16497
-2.16496
-2.16496
-2.16495
-2.16495
-2.26347
-2.26347
-2.26347
-2.26347
-2.26348
-2.26348
-2.26349
-2.26349
-2.2635
-2.2635
-2.26351
-2.26351
-2.26352
-2.26352
-2.26352
-2.26353
-2.26354
-2.26354
-2.26355
-2.26356
-2.26356
-2.26357
-2.26358
-2.26358
-2.26358
-2.26358
-2.26358
-2.26357
-2.26356
-2.26355
-2.26354
-2.26353
-2.26351
-2.26349
-2.26348
-2.26346
-2.26345
-2.26344
-2.26343
-2.26343
-2.26343
-2.26343
-2.26344
-2.26344
-2.26344
-2.26345
-2.26345
-2.26345
-2.26345
-2.26346
-2.26346
-2.26346
-2.26346
-2.26346
-2.26347
-2.26347
-2.26348
-2.26348
-2.26349
-2.2635
-2.26351
-2.26352
-2.26352
-2.26353
-2.26354
-2.26354
-2.26355
-2.26355
-2.26355
-2.26355
-2.26355
-2.26355
-2.26355
-2.26355
-2.26355
-2.26354
-2.26354
-2.26353
-2.26353
-2.26352
-2.26351
-2.2635
-2.26349
-2.26348
-2.26347
-2.26345
-2.26344
-2.26344
-2.26343
-2.26342
-2.26341
-2.2634
-2.26339
-2.26338
-2.26337
-2.26336
-2.26336
-2.26335
-2.26335
-2.26335
-2.36187
-2.36187
-2.36187
-2.36188
-2.36188
-2.36188
-2.36189
-2.36189
-2.3619
-2.3619
-2.36191
-2.36191
-2.36191
-2.36192
-2.36192
-2.36192
-2.36193
-2.36193
-2.36194
-2.36194
-2.36195
-2.36195
-2.36196
-2.36196
-2.36196
-2.36196
-2.36196
-2.36195
-2.36194
-2.36193
-2.36192
-2.36191
-2.36189
-2.36188
-2.36187
-2.36186
-2.36185
-2.36184
-2.36184
-2.36184
-2.36184
-2.36184
-2.36185
-2.36185
-2.36185
-2.36186
-2.36186
-2.36186
-2.36186
-2.36186
-2.36186
-2.36187
-2.36187
-2.36187
-2.36187
-2.36188
-2.36189
-2.36189
-2.3619
-2.36191
-2.36192
-2.36193
-2.36194
-2.36194
-2.36195
-2.36196
-2.36196
-2.36197
-2.36197
-2.36197
-2.36197
-2.36197
-2.36197
-2.36196
-2.36196
-2.36196
-2.36195
-2.36195
-2.36194
-2.36193
-2.36192
-2.36191
-2.36189
-2.36188
-2.36187
-2.36186
-2.36184
-2.36183
-2.36182
-2.36181
-2.3618
-2.36179
-2.36178
-2.36177
-2.36176
-2.36176
-2.36175
-2.36175
-2.36174
-2.36174
-2.46027
-2.46028
-2.46028
-2.46028
-2.46028
-2.46029
-2.46029
-2.46029
-2.4603
-2.4603
-2.46031
-2.46031
-2.46031
-2.46031
-2.46032
-2.46032
-2.46032
-2.46032
-2.46033
-2.46033
-2.46033
-2.46034
-2.46034
-2.46034
-2.46034
-2.46034
-2.46034
-2.46033
-2.46033
-2.46032
-2.46031
-2.4603
-2.46029
-2.46028
-2.46027
-2.46026
-2.46025
-2.46025
-2.46025
-2.46025
-2.46025
-2.46026
-2.46026
-2.46026
-2.46026
-2.46027
-2.46027
-2.46027
-2.46027
-2.46027
-2.46027
-2.46027
-2.46028
-2.46028
-2.46028
-2.46029
-2.46029
-2.4603
-2.46031
-2.46032
-2.46033
-2.46034
-2.46035
-2.46036
-2.46037
-2.46037
-2.46038
-2.46038
-2.46038
-2.46038
-2.46038
-2.46038
-2.46038
-2.46038
-2.46037
-2.46037
-2.46037
-2.46036
-2.46035
-2.46034
-2.46033
-2.46032
-2.4603
-2.46029
-2.46027
-2.46026
-2.46024
-2.46023
-2.46022
-2.46021
-2.4602
-2.46019
-2.46018
-2.46017
-2.46016
-2.46015
-2.46015
-2.46015
-2.46014
-2.46014
-2.55868
-2.55868
-2.55868
-2.55868
-2.55868
-2.55869
-2.55869
-2.5587
-2.5587
-2.5587
-2.55871
-2.55871
-2.55871
-2.55871
-2.55871
-2.55871
-2.55871
-2.55872
-2.55872
-2.55872
-2.55872
-2.55873
-2.55873
-2.55873
-2.55873
-2.55873
-2.55872
-2.55872
-2.55872
-2.55871
-2.5587
-2.55869
-2.55869
-2.55868
-2.55867
-2.55867
-2.55867
-2.55867
-2.55867
-2.55867
-2.55867
-2.55867
-2.55867
-2.55867
-2.55867
-2.55868
-2.55868
-2.55868
-2.55868
-2.55868
-2.55868
-2.55868
-2.55868
-2.55869
-2.55869
-2.5587
-2.5587
-2.55871
-2.55872
-2.55873
-2.55874
-2.55875
-2.55876
-2.55877
-2.55878
-2.55878
-2.55879
-2.55879
-2.55879
-2.55879
-2.55879
-2.55879
-2.55879
-2.55879
-2.55879
-2.55878
-2.55878
-2.55877
-2.55876
-2.55875
-2.55874
-2.55872
-2.55871
-2.55869
-2.55868
-2.55866
-2.55865
-2.55863
-2.55862
-2.55861
-2.5586
-2.55859
-2.55858
-2.55857
-2.55856
-2.55855
-2.55855
-2.55854
-2.55854
-2.55854
-2.65708
-2.65708
-2.65708
-2.65708
-2.65709
-2.65709
-2.65709
-2.6571
-2.6571
-2.6571
-2.65711
-2.65711
-2.65711
-2.65711
-2.65711
-2.65711
-2.65711
-2.65711
-2.65711
-2.65711
-2.65712
-2.65712
-2.65712
-2.65712
-2.65712
-2.65712
-2.65712
-2.65711
-2.65711
-2.65711
-2.6571
-2.6571
-2.65709
-2.65709
-2.65709
-2.65708
-2.65708
-2.65708
-2.65708
-2.65708
-2.65708
-2.65708
-2.65708
-2.65709
-2.65709
-2.65709
-2.65709
-2.65709
-2.65709
-2.65709
-2.65709
-2.65709
-2.65709
-2.65709
-2.6571
-2.65711
-2.65711
-2.65712
-2.65713
-2.65714
-2.65715
-2.65716
-2.65717
-2.65718
-2.65719
-2.65719
-2.6572
-2.6572
-2.6572
-2.65721
-2.65721
-2.6572
-2.6572
-2.6572
-2.6572
-2.65719
-2.65719
-2.65718
-2.65717
-2.65716
-2.65715
-2.65713
-2.65711
-2.6571
-2.65708
-2.65706
-2.65705
-2.65703
-2.65702
-2.65701
-2.657
-2.65698
-2.65698
-2.65697
-2.65696
-2.65695
-2.65695
-2.65694
-2.65694
-2.65694
-2.75548
-2.75548
-2.75548
-2.75548
-2.75549
-2.75549
-2.75549
-2.7555
-2.7555
-2.7555
-2.75551
-2.75551
-2.75551
-2.75551
-2.75552
-2.75552
-2.75552
-2.75551
-2.75551
-2.75551
-2.75551
-2.75551
-2.75551
-2.75551
-2.75551
-2.75551
-2.75551
-2.75551
-2.75551
-2.75551
-2.75551
-2.75551
-2.7555
-2.7555
-2.7555
-2.7555
-2.7555
-2.7555
-2.7555
-2.7555
-2.7555
-2.7555
-2.7555
-2.7555
-2.7555
-2.7555
-2.7555
-2.7555
-2.7555
-2.7555
-2.7555
-2.7555
-2.7555
-2.7555
-2.75551
-2.75552
-2.75552
-2.75553
-2.75554
-2.75555
-2.75557
-2.75557
-2.75558
-2.75559
-2.7556
-2.75561
-2.75561
-2.75561
-2.75562
-2.75562
-2.75562
-2.75562
-2.75561
-2.75561
-2.75561
-2.75561
-2.7556
-2.75559
-2.75558
-2.75557
-2.75556
-2.75554
-2.75552
-2.7555
-2.75549
-2.75547
-2.75545
-2.75544
-2.75542
-2.75541
-2.7554
-2.75539
-2.75538
-2.75537
-2.75536
-2.75535
-2.75535
-2.75535
-2.75534
-2.75534
-2.85388
-2.85388
-2.85388
-2.85388
-2.85389
-2.85389
-2.85389
-2.8539
-2.8539
-2.8539
-2.85391
-2.85391
-2.85391
-2.85392
-2.85392
-2.85392
-2.85392
-2.85392
-2.85392
-2.85392
-2.85391
-2.85391
-2.85391
-2.85391
-2.85391
-2.85391
-2.85392
-2.85392
-2.85392
-2.85392
-2.85392
-2.85392
-2.85392
-2.85392
-2.85391
-2.85391
-2.85391
-2.85391
-2.85391
-2.85391
-2.85391
-2.85391
-2.85391
-2.85391
-2.85391
-2.85391
-2.85391
-2.85391
-2.85391
-2.85391
-2.85391
-2.85391
-2.85391
-2.85391
-2.85392
-2.85393
-2.85394
-2.85395
-2.85396
-2.85397
-2.85398
-2.85399
-2.85399
-2.854
-2.85401
-2.85402
-2.85402
-2.85402
-2.85403
-2.85403
-2.85403
-2.85403
-2.85402
-2.85402
-2.85402
-2.85402
-2.85401
-2.854
-2.85399
-2.85398
-2.85396
-2.85395
-2.85393
-2.85391
-2.85389
-2.85387
-2.85386
-2.85384
-2.85383
-2.85381
-2.8538
-2.85379
-2.85378
-2.85377
-2.85376
-2.85376
-2.85375
-2.85375
-2.85375
-2.85375
-2.95228
-2.95228
-2.95228
-2.95228
-2.95229
-2.95229
-2.95229
-2.9523
-2.9523
-2.95231
-2.95231
-2.95231
-2.95232
-2.95232
-2.95232
-2.95232
-2.95232
-2.95232
-2.95232
-2.95232
-2.95232
-2.95232
-2.95232
-2.95232
-2.95232
-2.95232
-2.95232
-2.95232
-2.95233
-2.95233
-2.95233
-2.95233
-2.95233
-2.95233
-2.95233
-2.95233
-2.95233
-2.95233
-2.95233
-2.95233
-2.95233
-2.95233
-2.95232
-2.95232
-2.95232
-2.95232
-2.95232
-2.95232
-2.95232
-2.95232
-2.95232
-2.95232
-2.95232
-2.95232
-2.95233
-2.95234
-2.95235
-2.95236
-2.95237
-2.95238
-2.95239
-2.9524
-2.95241
-2.95241
-2.95242
-2.95243
-2.95243
-2.95243
-2.95244
-2.95244
-2.95244
-2.95244
-2.95243
-2.95243
-2.95243
-2.95243
-2.95242
-2.95241
-2.9524
-2.95239
-2.95237
-2.95235
-2.95233
-2.95231
-2.9523
-2.95228
-2.95226
-2.95224
-2.95223
-2.95222
-2.9522
-2.95219
-2.95218
-2.95217
-2.95217
-2.95216
-2.95216
-2.95215
-2.95215
-2.95215
-3.05068
-3.05068
-3.05068
-3.05068
-3.05069
-3.05069
-3.05069
-3.0507
-3.0507
-3.05071
-3.05071
-3.05071
-3.05072
-3.05072
-3.05072
-3.05072
-3.05072
-3.05072
-3.05072
-3.05072
-3.05072
-3.05072
-3.05072
-3.05072
-3.05073
-3.05073
-3.05073
-3.05073
-3.05073
-3.05074
-3.05074
-3.05074
-3.05074
-3.05074
-3.05074
-3.05074
-3.05074
-3.05074
-3.05074
-3.05074
-3.05074
-3.05074
-3.05074
-3.05074
-3.05073
-3.05073
-3.05073
-3.05073
-3.05073
-3.05072
-3.05072
-3.05073
-3.05073
-3.05074
-3.05074
-3.05075
-3.05076
-3.05077
-3.05078
-3.05079
-3.0508
-3.05081
-3.05082
-3.05082
-3.05083
-3.05083
-3.05084
-3.05084
-3.05084
-3.05085
-3.05085
-3.05085
-3.05084
-3.05084
-3.05084
-3.05083
-3.05083
-3.05082
-3.05081
-3.05079
-3.05077
-3.05076
-3.05074
-3.05072
-3.0507
-3.05068
-3.05066
-3.05065
-3.05063
-3.05062
-3.05061
-3.0506
-3.05059
-3.05058
-3.05057
-3.05057
-3.05056
-3.05056
-3.05056
-3.05056
-3.14908
-3.14908
-3.14908
-3.14908
-3.14909
-3.14909
-3.14909
-3.1491
-3.1491
-3.14911
-3.14911
-3.14911
-3.14912
-3.14912
-3.14912
-3.14913
-3.14913
-3.14913
-3.14913
-3.14913
-3.14913
-3.14913
-3.14913
-3.14913
-3.14913
-3.14914
-3.14914
-3.14914
-3.14914
-3.14915
-3.14915
-3.14915
-3.14915
-3.14916
-3.14916
-3.14916
-3.14916
-3.14916
-3.14916
-3.14916
-3.14915
-3.14915
-3.14915
-3.14915
-3.14915
-3.14914
-3.14914
-3.14914
-3.14914
-3.14913
-3.14914
-3.14914
-3.14914
-3.14915
-3.14915
-3.14916
-3.14917
-3.14918
-3.14919
-3.1492
-3.14921
-3.14922
-3.14922
-3.14923
-3.14924
-3.14924
-3.14925
-3.14925
-3.14925
-3.14925
-3.14925
-3.14925
-3.14925
-3.14925
-3.14925
-3.14924
-3.14923
-3.14922
-3.14921
-3.1492
-3.14918
-3.14916
-3.14914
-3.14912
-3.1491
-3.14908
-3.14907
-3.14905
-3.14904
-3.14902
-3.14901
-3.149
-3.14899
-3.14898
-3.14898
-3.14897
-3.14897
-3.14896
-3.14896
-3.14896
-3.24747
-3.24748
-3.24748
-3.24748
-3.24749
-3.24749
-3.24749
-3.2475
-3.2475
-3.24751
-3.24751
-3.24752
-3.24752
-3.24752
-3.24753
-3.24753
-3.24753
-3.24753
-3.24753
-3.24753
-3.24753
-3.24754
-3.24754
-3.24754
-3.24754
-3.24754
-3.24755
-3.24755
-3.24755
-3.24756
-3.24756
-3.24757
-3.24757
-3.24757
-3.24757
-3.24757
-3.24757
-3.24757
-3.24757
-3.24757
-3.24757
-3.24756
-3.24756
-3.24756
-3.24756
-3.24755
-3.24755
-3.24755
-3.24755
-3.24755
-3.24755
-3.24755
-3.24755
-3.24756
-3.24757
-3.24757
-3.24758
-3.24759
-3.2476
-3.24761
-3.24762
-3.24763
-3.24763
-3.24764
-3.24765
-3.24765
-3.24766
-3.24766
-3.24766
-3.24766
-3.24766
-3.24766
-3.24766
-3.24766
-3.24765
-3.24765
-3.24764
-3.24763
-3.24761
-3.2476
-3.24758
-3.24756
-3.24754
-3.24752
-3.24751
-3.24749
-3.24747
-3.24745
-3.24744
-3.24743
-3.24741
-3.2474
-3.24739
-3.24739
-3.24738
-3.24738
-3.24737
-3.24737
-3.24737
-3.24737
-3.34587
-3.34587
-3.34588
-3.34588
-3.34588
-3.34589
-3.34589
-3.3459
-3.3459
-3.34591
-3.34591
-3.34592
-3.34592
-3.34592
-3.34593
-3.34593
-3.34593
-3.34593
-3.34594
-3.34594
-3.34594
-3.34594
-3.34594
-3.34595
-3.34595
-3.34595
-3.34596
-3.34596
-3.34597
-3.34597
-3.34597
-3.34598
-3.34598
-3.34598
-3.34599
-3.34599
-3.34599
-3.34598
-3.34598
-3.34598
-3.34598
-3.34598
-3.34597
-3.34597
-3.34597
-3.34596
-3.34596
-3.34596
-3.34596
-3.34596
-3.34596
-3.34596
-3.34597
-3.34597
-3.34598
-3.34599
-3.34599
-3.346
-3.34601
-3.34602
-3.34603
-3.34604
-3.34604
-3.34605
-3.34606
-3.34606
-3.34606
-3.34607
-3.34607
-3.34607
-3.34607
-3.34607
-3.34606
-3.34606
-3.34606
-3.34605
-3.34604
-3.34603
-3.34602
-3.346
-3.34598
-3.34596
-3.34595
-3.34593
-3.34591
-3.34589
-3.34587
-3.34586
-3.34584
-3.34583
-3.34582
-3.34581
-3.3458
-3.34579
-3.34579
-3.34578
-3.34578
-3.34578
-3.34578
-3.34578
-3.44427
-3.44427
-3.44428
-3.44428
-3.44428
-3.44429
-3.44429
-3.4443
-3.4443
-3.44431
-3.44431
-3.44432
-3.44432
-3.44433
-3.44433
-3.44433
-3.44434
-3.44434
-3.44434
-3.44434
-3.44435
-3.44435
-3.44435
-3.44435
-3.44436
-3.44436
-3.44437
-3.44437
-3.44438
-3.44438
-3.44439
-3.44439
-3.44439
-3.4444
-3.4444
-3.4444
-3.4444
-3.4444
-3.4444
-3.44439
-3.44439
-3.44439
-3.44438
-3.44438
-3.44438
-3.44437
-3.44437
-3.44437
-3.44437
-3.44437
-3.44437
-3.44438
-3.44438
-3.44439
-3.44439
-3.4444
-3.44441
-3.44441
-3.44442
-3.44443
-3.44444
-3.44445
-3.44445
-3.44446
-3.44446
-3.44447
-3.44447
-3.44447
-3.44447
-3.44448
-3.44447
-3.44447
-3.44447
-3.44447
-3.44446
-3.44445
-3.44444
-3.44443
-3.44442
-3.4444
-3.44438
-3.44437
-3.44435
-3.44433
-3.44431
-3.44429
-3.44428
-3.44426
-3.44425
-3.44423
-3.44422
-3.44421
-3.4442
-3.4442
-3.44419
-3.44419
-3.44419
-3.44418
-3.44418
-3.44418
-3.54267
-3.54267
-3.54267
-3.54268
-3.54268
-3.54269
-3.54269
-3.5427
-3.5427
-3.54271
-3.54271
-3.54272
-3.54272
-3.54273
-3.54273
-3.54274
-3.54274
-3.54274
-3.54274
-3.54275
-3.54275
-3.54275
-3.54276
-3.54276
-3.54276
-3.54277
-3.54278
-3.54278
-3.54279
-3.54279
-3.5428
-3.5428
-3.54281
-3.54281
-3.54281
-3.54281
-3.54281
-3.54281
-3.54281
-3.5428
-3.5428
-3.5428
-3.54279
-3.54279
-3.54279
-3.54278
-3.54278
-3.54278
-3.54278
-3.54278
-3.54278
-3.54279
-3.54279
-3.5428
-3.5428
-3.54281
-3.54282
-3.54283
-3.54283
-3.54284
-3.54285
-3.54285
-3.54286
-3.54287
-3.54287
-3.54287
-3.54288
-3.54288
-3.54288
-3.54288
-3.54288
-3.54288
-3.54287
-3.54287
-3.54286
-3.54285
-3.54284
-3.54283
-3.54282
-3.5428
-3.54279
-3.54277
-3.54275
-3.54273
-3.54271
-3.54269
-3.54268
-3.54266
-3.54265
-3.54264
-3.54263
-3.54262
-3.54261
-3.5426
-3.5426
-3.5426
-3.54259
-3.54259
-3.54259
-3.54259
-3.64107
-3.64107
-3.64107
-3.64108
-3.64108
-3.64109
-3.64109
-3.6411
-3.6411
-3.64111
-3.64111
-3.64112
-3.64112
-3.64113
-3.64113
-3.64114
-3.64114
-3.64115
-3.64115
-3.64115
-3.64116
-3.64116
-3.64116
-3.64117
-3.64117
-3.64118
-3.64118
-3.64119
-3.6412
-3.6412
-3.64121
-3.64122
-3.64122
-3.64122
-3.64122
-3.64122
-3.64122
-3.64122
-3.64122
-3.64121
-3.64121
-3.64121
-3.6412
-3.6412
-3.6412
-3.6412
-3.64119
-3.64119
-3.64119
-3.6412
-3.6412
-3.6412
-3.64121
-3.64121
-3.64122
-3.64122
-3.64123
-3.64124
-3.64124
-3.64125
-3.64126
-3.64126
-3.64127
-3.64127
-3.64128
-3.64128
-3.64128
-3.64129
-3.64129
-3.64129
-3.64128
-3.64128
-3.64128
-3.64127
-3.64126
-3.64126
-3.64124
-3.64123
-3.64122
-3.6412
-3.64119
-3.64117
-3.64115
-3.64113
-3.64111
-3.6411
-3.64108
-3.64107
-3.64105
-3.64104
-3.64103
-3.64102
-3.64102
-3.64101
-3.64101
-3.641
-3.641
-3.641
-3.641
-3.641
-3.73946
-3.73947
-3.73947
-3.73948
-3.73948
-3.73949
-3.73949
-3.7395
-3.7395
-3.73951
-3.73951
-3.73952
-3.73953
-3.73953
-3.73954
-3.73954
-3.73954
-3.73955
-3.73955
-3.73956
-3.73956
-3.73956
-3.73957
-3.73957
-3.73958
-3.73959
-3.73959
-3.7396
-3.73961
-3.73961
-3.73962
-3.73963
-3.73963
-3.73963
-3.73963
-3.73963
-3.73963
-3.73963
-3.73963
-3.73963
-3.73962
-3.73962
-3.73962
-3.73961
-3.73961
-3.73961
-3.73961
-3.73961
-3.73961
-3.73961
-3.73961
-3.73961
-3.73962
-3.73962
-3.73963
-3.73963
-3.73964
-3.73965
-3.73965
-3.73966
-3.73967
-3.73967
-3.73968
-3.73968
-3.73969
-3.73969
-3.73969
-3.73969
-3.73969
-3.73969
-3.73969
-3.73968
-3.73968
-3.73967
-3.73967
-3.73966
-3.73965
-3.73963
-3.73962
-3.7396
-3.73959
-3.73957
-3.73955
-3.73953
-3.73952
-3.7395
-3.73948
-3.73947
-3.73946
-3.73945
-3.73944
-3.73943
-3.73942
-3.73942
-3.73941
-3.73941
-3.73941
-3.73941
-3.73941
-3.73941
-3.83786
-3.83787
-3.83787
-3.83787
-3.83788
-3.83789
-3.83789
-3.8379
-3.8379
-3.83791
-3.83792
-3.83792
-3.83793
-3.83793
-3.83794
-3.83794
-3.83795
-3.83795
-3.83796
-3.83796
-3.83797
-3.83797
-3.83798
-3.83798
-3.83799
-3.83799
-3.838
-3.83801
-3.83802
-3.83802
-3.83803
-3.83804
-3.83804
-3.83804
-3.83804
-3.83804
-3.83804
-3.83804
-3.83804
-3.83804
-3.83803
-3.83803
-3.83803
-3.83802
-3.83802
-3.83802
-3.83802
-3.83802
-3.83802
-3.83802
-3.83802
-3.83803
-3.83803
-3.83803
-3.83804
-3.83805
-3.83805
-3.83806
-3.83806
-3.83807
-3.83807
-3.83808
-3.83808
-3.83809
-3.83809
-3.83809
-3.8381
-3.8381
-3.8381
-3.8381
-3.83809
-3.83809
-3.83808
-3.83808
-3.83807
-3.83806
-3.83805
-3.83803
-3.83802
-3.838
-3.83799
-3.83797
-3.83795
-3.83794
-3.83792
-3.8379
-3.83789
-3.83788
-3.83786
-3.83785
-3.83784
-3.83783
-3.83783
-3.83782
-3.83782
-3.83782
-3.83782
-3.83782
-3.83782
-3.83782
-3.93626
-3.93627
-3.93627
-3.93627
-3.93628
-3.93629
-3.93629
-3.9363
-3.9363
-3.93631
-3.93632
-3.93632
-3.93633
-3.93634
-3.93634
-3.93635
-3.93635
-3.93636
-3.93636
-3.93637
-3.93637
-3.93638
-3.93638
-3.93639
-3.93639
-3.9364
-3.93641
-3.93641
-3.93642
-3.93643
-3.93644
-3.93644
-3.93645
-3.93645
-3.93645
-3.93645
-3.93645
-3.93645
-3.93645
-3.93645
-3.93644
-3.93644
-3.93644
-3.93643
-3.93643
-3.93643
-3.93643
-3.93643
-3.93643
-3.93643
-3.93644
-3.93644
-3.93644
-3.93645
-3.93645
-3.93646
-3.93646
-3.93647
-3.93647
-3.93648
-3.93648
-3.93649
-3.93649
-3.9365
-3.9365
-3.9365
-3.9365
-3.9365
-3.9365
-3.9365
-3.9365
-3.93649
-3.93649
-3.93648
-3.93647
-3.93646
-3.93645
-3.93644
-3.93642
-3.93641
-3.93639
-3.93637
-3.93636
-3.93634
-3.93632
-3.93631
-3.93629
-3.93628
-3.93627
-3.93626
-3.93625
-3.93624
-3.93624
-3.93623
-3.93623
-3.93623
-3.93622
-3.93622
-3.93622
-3.93622
-4.03466
-4.03467
-4.03467
-4.03468
-4.03468
-4.03469
-4.03469
-4.0347
-4.03471
-4.03471
-4.03472
-4.03473
-4.03473
-4.03474
-4.03474
-4.03475
-4.03476
-4.03476
-4.03477
-4.03477
-4.03478
-4.03478
-4.03479
-4.03479
-4.0348
-4.03481
-4.03481
-4.03482
-4.03483
-4.03484
-4.03484
-4.03485
-4.03486
-4.03486
-4.03486
-4.03486
-4.03486
-4.03486
-4.03486
-4.03485
-4.03485
-4.03485
-4.03485
-4.03485
-4.03484
-4.03484
-4.03484
-4.03484
-4.03484
-4.03485
-4.03485
-4.03485
-4.03485
-4.03486
-4.03486
-4.03487
-4.03487
-4.03488
-4.03488
-4.03489
-4.03489
-4.0349
-4.0349
-4.0349
-4.03491
-4.03491
-4.03491
-4.03491
-4.03491
-4.0349
-4.0349
-4.0349
-4.03489
-4.03488
-4.03487
-4.03486
-4.03485
-4.03484
-4.03482
-4.03481
-4.03479
-4.03478
-4.03476
-4.03475
-4.03473
-4.03471
-4.0347
-4.03469
-4.03467
-4.03466
-4.03466
-4.03465
-4.03464
-4.03464
-4.03464
-4.03463
-4.03463
-4.03463
-4.03463
-4.03463
-4.13306
-4.13307
-4.13307
-4.13308
-4.13308
-4.13309
-4.1331
-4.1331
-4.13311
-4.13311
-4.13312
-4.13313
-4.13313
-4.13314
-4.13315
-4.13315
-4.13316
-4.13316
-4.13317
-4.13318
-4.13318
-4.13319
-4.13319
-4.1332
-4.1332
-4.13321
-4.13322
-4.13323
-4.13323
-4.13324
-4.13325
-4.13326
-4.13326
-4.13327
-4.13327
-4.13327
-4.13327
-4.13327
-4.13327
-4.13326
-4.13326
-4.13326
-4.13326
-4.13326
-4.13325
-4.13325
-4.13325
-4.13325
-4.13326
-4.13326
-4.13326
-4.13326
-4.13327
-4.13327
-4.13327
-4.13328
-4.13328
-4.13329
-4.13329
-4.1333
-4.1333
-4.13331
-4.13331
-4.13331
-4.13331
-4.13331
-4.13331
-4.13331
-4.13331
-4.13331
-4.13331
-4.1333
-4.13329
-4.13329
-4.13328
-4.13327
-4.13326
-4.13324
-4.13323
-4.13321
-4.1332
-4.13318
-4.13317
-4.13315
-4.13314
-4.13312
-4.13311
-4.13309
-4.13308
-4.13307
-4.13306
-4.13306
-4.13305
-4.13305
-4.13304
-4.13304
-4.13304
-4.13304
-4.13304
-4.13304
-4.23147
-4.23147
-4.23148
-4.23148
-4.23149
-4.23149
-4.2315
-4.2315
-4.23151
-4.23152
-4.23152
-4.23153
-4.23154
-4.23154
-4.23155
-4.23156
-4.23156
-4.23157
-4.23157
-4.23158
-4.23159
-4.23159
-4.2316
-4.2316
-4.23161
-4.23162
-4.23162
-4.23163
-4.23164
-4.23165
-4.23165
-4.23166
-4.23167
-4.23167
-4.23167
-4.23168
-4.23168
-4.23168
-4.23168
-4.23167
-4.23167
-4.23167
-4.23167
-4.23167
-4.23167
-4.23166
-4.23167
-4.23167
-4.23167
-4.23167
-4.23167
-4.23167
-4.23168
-4.23168
-4.23169
-4.23169
-4.23169
-4.2317
-4.2317
-4.23171
-4.23171
-4.23171
-4.23172
-4.23172
-4.23172
-4.23172
-4.23172
-4.23172
-4.23172
-4.23172
-4.23171
-4.23171
-4.2317
-4.23169
-4.23168
-4.23167
-4.23166
-4.23165
-4.23163
-4.23162
-4.2316
-4.23159
-4.23157
-4.23156
-4.23154
-4.23153
-4.23151
-4.2315
-4.23149
-4.23148
-4.23147
-4.23147
-4.23146
-4.23145
-4.23145
-4.23145
-4.23145
-4.23145
-4.23145
-4.23145
-4.32988
-4.32988
-4.32989
-4.32989
-4.32989
-4.3299
-4.3299
-4.32991
-4.32991
-4.32992
-4.32993
-4.32994
-4.32994
-4.32995
-4.32996
-4.32996
-4.32997
-4.32997
-4.32998
-4.32999
-4.32999
-4.33
-4.33
-4.33001
-4.33001
-4.33002
-4.33003
-4.33003
-4.33004
-4.33005
-4.33006
-4.33006
-4.33007
-4.33008
-4.33008
-4.33008
-4.33008
-4.33008
-4.33008
-4.33008
-4.33008
-4.33008
-4.33008
-4.33008
-4.33008
-4.33008
-4.33008
-4.33008
-4.33008
-4.33008
-4.33008
-4.33009
-4.33009
-4.33009
-4.3301
-4.3301
-4.3301
-4.33011
-4.33011
-4.33012
-4.33012
-4.33012
-4.33013
-4.33013
-4.33013
-4.33013
-4.33013
-4.33013
-4.33013
-4.33012
-4.33012
-4.33011
-4.33011
-4.3301
-4.33009
-4.33008
-4.33007
-4.33005
-4.33004
-4.33003
-4.33001
-4.33
-4.32998
-4.32997
-4.32995
-4.32994
-4.32992
-4.32991
-4.3299
-4.32989
-4.32988
-4.32987
-4.32987
-4.32986
-4.32986
-4.32986
-4.32986
-4.32986
-4.32986
-4.32986
-4.42829
-4.42829
-4.4283
-4.4283
-4.4283
-4.4283
-4.42831
-4.42831
-4.42832
-4.42833
-4.42833
-4.42834
-4.42835
-4.42835
-4.42836
-4.42837
-4.42837
-4.42838
-4.42839
-4.42839
-4.4284
-4.4284
-4.42841
-4.42841
-4.42842
-4.42842
-4.42843
-4.42844
-4.42844
-4.42845
-4.42846
-4.42847
-4.42847
-4.42848
-4.42849
-4.42849
-4.42849
-4.42849
-4.42849
-4.42849
-4.42849
-4.42849
-4.42849
-4.42849
-4.42849
-4.42849
-4.42849
-4.42849
-4.42849
-4.42849
-4.42849
-4.4285
-4.4285
-4.4285
-4.42851
-4.42851
-4.42851
-4.42852
-4.42852
-4.42853
-4.42853
-4.42853
-4.42853
-4.42854
-4.42854
-4.42854
-4.42854
-4.42854
-4.42853
-4.42853
-4.42853
-4.42852
-4.42851
-4.42851
-4.4285
-4.42849
-4.42847
-4.42846
-4.42845
-4.42843
-4.42842
-4.4284
-4.42839
-4.42837
-4.42836
-4.42835
-4.42833
-4.42832
-4.42831
-4.4283
-4.42829
-4.42828
-4.42828
-4.42827
-4.42827
-4.42827
-4.42827
-4.42827
-4.42827
-4.42826
-4.52671
-4.52671
-4.52671
-4.52671
-4.52671
-4.52671
-4.52672
-4.52672
-4.52673
-4.52673
-4.52674
-4.52675
-4.52675
-4.52676
-4.52677
-4.52677
-4.52678
-4.52679
-4.52679
-4.5268
-4.5268
-4.52681
-4.52681
-4.52682
-4.52682
-4.52683
-4.52683
-4.52684
-4.52684
-4.52685
-4.52686
-4.52687
-4.52688
-4.52688
-4.52689
-4.52689
-4.5269
-4.5269
-4.5269
-4.5269
-4.5269
-4.5269
-4.5269
-4.5269
-4.5269
-4.5269
-4.5269
-4.5269
-4.5269
-4.5269
-4.52691
-4.52691
-4.52691
-4.52691
-4.52692
-4.52692
-4.52693
-4.52693
-4.52693
-4.52694
-4.52694
-4.52694
-4.52694
-4.52695
-4.52695
-4.52695
-4.52695
-4.52695
-4.52694
-4.52694
-4.52693
-4.52693
-4.52692
-4.52691
-4.5269
-4.52689
-4.52688
-4.52687
-4.52686
-4.52684
-4.52683
-4.52681
-4.5268
-4.52679
-4.52677
-4.52676
-4.52674
-4.52673
-4.52672
-4.52671
-4.5267
-4.5267
-4.52669
-4.52669
-4.52668
-4.52668
-4.52668
-4.52667
-4.52667
-4.52666
-4.62513
-4.62513
-4.62513
-4.62513
-4.62513
-4.62513
-4.62513
-4.62513
-4.62513
-4.62514
-4.62515
-4.62515
-4.62516
-4.62517
-4.62517
-4.62518
-4.62519
-4.62519
-4.6252
-4.6252
-4.62521
-4.62521
-4.62522
-4.62522
-4.62522
-4.62523
-4.62523
-4.62524
-4.62525
-4.62525
-4.62526
-4.62527
-4.62528
-4.62528
-4.62529
-4.6253
-4.6253
-4.6253
-4.62531
-4.62531
-4.62531
-4.62531
-4.62531
-4.62531
-4.62531
-4.62531
-4.62531
-4.62531
-4.62531
-4.62531
-4.62532
-4.62532
-4.62532
-4.62533
-4.62533
-4.62533
-4.62534
-4.62534
-4.62534
-4.62535
-4.62535
-4.62535
-4.62536
-4.62536
-4.62536
-4.62536
-4.62536
-4.62536
-4.62535
-4.62535
-4.62534
-4.62534
-4.62533
-4.62532
-4.62531
-4.6253
-4.62529
-4.62528
-4.62527
-4.62525
-4.62524
-4.62522
-4.62521
-4.6252
-4.62518
-4.62517
-4.62516
-4.62514
-4.62513
-4.62512
-4.62512
-4.62511
-4.6251
-4.6251
-4.62509
-4.62509
-4.62508
-4.62508
-4.62507
-4.62506
-4.72355
-4.72355
-4.72355
-4.72355
-4.72355
-4.72354
-4.72354
-4.72354
-4.72354
-4.72355
-4.72355
-4.72356
-4.72357
-4.72357
-4.72358
-4.72359
-4.72359
-4.7236
-4.72361
-4.72361
-4.72362
-4.72362
-4.72362
-4.72363
-4.72363
-4.72363
-4.72364
-4.72364
-4.72365
-4.72365
-4.72366
-4.72367
-4.72368
-4.72368
-4.72369
-4.7237
-4.7237
-4.72371
-4.72371
-4.72371
-4.72371
-4.72372
-4.72372
-4.72372
-4.72372
-4.72372
-4.72372
-4.72372
-4.72372
-4.72372
-4.72373
-4.72373
-4.72373
-4.72373
-4.72374
-4.72374
-4.72375
-4.72375
-4.72375
-4.72376
-4.72376
-4.72376
-4.72376
-4.72377
-4.72377
-4.72377
-4.72377
-4.72376
-4.72376
-4.72376
-4.72375
-4.72375
-4.72374
-4.72373
-4.72372
-4.72371
-4.7237
-4.72369
-4.72368
-4.72366
-4.72365
-4.72364
-4.72362
-4.72361
-4.72359
-4.72358
-4.72357
-4.72356
-4.72355
-4.72354
-4.72353
-4.72352
-4.72351
-4.72351
-4.7235
-4.7235
-4.72349
-4.72348
-4.72346
-4.72344
-4.82197
-4.82197
-4.82197
-4.82197
-4.82197
-4.82197
-4.82197
-4.82196
-4.82196
-4.82197
-4.82197
-4.82198
-4.82198
-4.82199
-4.822
-4.822
-4.82201
-4.82201
-4.82202
-4.82202
-4.82202
-4.82203
-4.82203
-4.82203
-4.82204
-4.82204
-4.82204
-4.82205
-4.82205
-4.82206
-4.82207
-4.82208
-4.82208
-4.82209
-4.8221
-4.8221
-4.82211
-4.82211
-4.82212
-4.82212
-4.82212
-4.82212
-4.82212
-4.82212
-4.82212
-4.82212
-4.82213
-4.82213
-4.82213
-4.82213
-4.82213
-4.82214
-4.82214
-4.82214
-4.82215
-4.82215
-4.82215
-4.82216
-4.82216
-4.82216
-4.82217
-4.82217
-4.82217
-4.82217
-4.82217
-4.82217
-4.82217
-4.82217
-4.82217
-4.82217
-4.82216
-4.82216
-4.82215
-4.82214
-4.82213
-4.82212
-4.82211
-4.8221
-4.82209
-4.82207
-4.82206
-4.82204
-4.82203
-4.82202
-4.822
-4.82199
-4.82198
-4.82197
-4.82195
-4.82195
-4.82194
-4.82193
-4.82192
-4.82191
-4.82191
-4.8219
-4.82189
-4.82187
-4.82184
-4.82182
)
;

boundaryField
{
    floor
    {
        type            calculated;
        value           nonuniform List<scalar> 
100
(
0.0491895
0.0491759
0.0491727
0.0491822
0.049203
0.0492257
0.0492429
0.0492543
0.0492578
0.0492512
0.0492363
0.0492158
0.0491916
0.0491649
0.0491369
0.0491085
0.0490807
0.0490541
0.0490296
0.0490075
0.0489882
0.0489722
0.0489594
0.0489499
0.0489439
0.0489411
0.0489414
0.0489445
0.04895
0.0489575
0.0489666
0.048977
0.0489881
0.0489996
0.049011
0.049022
0.0490322
0.0490412
0.0490485
0.0490534
0.0490552
0.0490508
0.0490422
0.0490374
0.0490347
0.0490337
0.0490332
0.0490299
0.0490212
0.0490033
0.048982
0.0489705
0.0489713
0.0489688
0.0489733
0.0489777
0.048974
0.048967
0.0489763
0.0489844
0.0489938
0.0490065
0.0490216
0.0490367
0.0490529
0.04907
0.049087
0.0491019
0.0491139
0.0491211
0.0491198
0.0491089
0.0490953
0.0490863
0.0490827
0.0490797
0.049078
0.0490735
0.049069
0.0490636
0.049057
0.0490493
0.0490406
0.0490313
0.049022
0.0490134
0.0490063
0.0490015
0.0490001
0.0490028
0.0490102
0.0490227
0.04904
0.0490604
0.0490797
0.0490917
0.0490923
0.0490806
0.0490633
0.0490591
)
;
    }
    ceiling
    {
        type            calculated;
        value           nonuniform List<scalar> 
100
(
-4.87118
-4.87118
-4.87118
-4.87118
-4.87118
-4.87118
-4.87118
-4.87118
-4.87118
-4.87118
-4.87118
-4.87119
-4.87119
-4.8712
-4.8712
-4.87121
-4.87122
-4.87122
-4.87122
-4.87123
-4.87123
-4.87123
-4.87124
-4.87124
-4.87124
-4.87125
-4.87125
-4.87125
-4.87126
-4.87127
-4.87127
-4.87128
-4.87129
-4.87129
-4.8713
-4.87131
-4.87131
-4.87132
-4.87132
-4.87132
-4.87132
-4.87133
-4.87133
-4.87133
-4.87133
-4.87133
-4.87133
-4.87133
-4.87133
-4.87133
-4.87134
-4.87134
-4.87134
-4.87135
-4.87135
-4.87135
-4.87136
-4.87136
-4.87136
-4.87137
-4.87137
-4.87137
-4.87138
-4.87138
-4.87138
-4.87138
-4.87138
-4.87138
-4.87137
-4.87137
-4.87137
-4.87136
-4.87135
-4.87135
-4.87134
-4.87133
-4.87131
-4.8713
-4.87129
-4.87128
-4.87126
-4.87125
-4.87123
-4.87122
-4.87121
-4.87119
-4.87118
-4.87117
-4.87116
-4.87115
-4.87114
-4.87113
-4.87113
-4.87112
-4.87111
-4.8711
-4.87109
-4.87107
-4.87105
-4.87103
)
;
    }
    fixedWalls
    {
        type            calculated;
        value           nonuniform List<scalar> 
100
(
6.93889e-18
-0.098402
-0.196817
-0.295224
-0.393616
-0.491996
-0.590366
-0.688746
-0.787159
-0.885593
-0.984029
-1.08246
-1.1809
-1.27933
-1.37775
-1.47618
-1.5746
-1.67301
-1.77143
-1.86984
-1.96825
-2.06666
-2.16506
-2.26347
-2.36187
-2.46027
-2.55868
-2.65708
-2.75548
-2.85388
-2.95228
-3.05068
-3.14908
-3.24747
-3.34587
-3.44427
-3.54267
-3.64107
-3.73946
-3.83786
-3.93626
-4.03466
-4.13306
-4.23147
-4.32988
-4.42829
-4.52671
-4.62513
-4.72355
-4.82197
-0.000133626
-0.0985415
-0.196959
-0.295375
-0.39379
-0.492207
-0.590624
-0.689039
-0.787446
-0.885847
-0.984241
-1.08263
-1.18102
-1.27941
-1.37781
-1.4762
-1.57459
-1.67299
-1.77138
-1.86977
-1.96816
-2.06656
-2.16495
-2.26335
-2.36174
-2.46014
-2.55854
-2.65694
-2.75534
-2.85375
-2.95215
-3.05056
-3.14896
-3.24737
-3.34578
-3.44418
-3.54259
-3.641
-3.73941
-3.83782
-3.93622
-4.03463
-4.13304
-4.23145
-4.32986
-4.42826
-4.52666
-4.62506
-4.72344
-4.82182
)
;
    }
    frontAndBack
    {
        type            empty;
    }
}


// ************************************************************************* //
