/*--------------------------------*- C++ -*----------------------------------*\
| =========                 |                                                 |
| \\      /  F ield         | OpenFOAM: The Open Source CFD Toolbox           |
|  \\    /   O peration     | Version:  4.1                                   |
|   \\  /    A nd           | Web:      www.OpenFOAM.org                      |
|    \\/     M anipulation  |                                                 |
\*---------------------------------------------------------------------------*/
FoamFile
{
    version     2.0;
    format      ascii;
    class       volScalarField;
    location    "500";
    object      mag(U);
}
// * * * * * * * * * * * * * * * * * * * * * * * * * * * * * * * * * * * * * //

dimensions      [0 1 -1 0 0 0 0];

internalField   nonuniform List<scalar> 
5000
(
0.00078181
0.00512193
0.00784929
0.00913349
0.00987748
0.0104377
0.0109607
0.0114324
0.0118052
0.0120538
0.0121745
0.0121691
0.0120377
0.0117793
0.0113944
0.0108851
0.0102562
0.0095147
0.00866986
0.00773199
0.00671233
0.00562348
0.0044798
0.00329494
0.00208532
0.000997054
0.00137968
0.00301237
0.00467576
0.00626337
0.00771342
0.00898874
0.0100735
0.0109684
0.0116863
0.0122459
0.012668
0.0129729
0.0131784
0.0133
0.01335
0.0133394
0.0132775
0.0131694
0.0130221
0.0128445
0.012649
0.0124533
0.0122806
0.0121572
0.0121053
0.0121268
0.0121876
0.0122048
0.0120131
0.0113526
0.00990997
0.00809742
0.00381308
0.00464056
0.00592125
0.00696173
0.00768403
0.00824965
0.00873094
0.00915483
0.0095282
0.00985056
0.0101178
0.0103251
0.0104692
0.010548
0.010561
0.0105083
0.0103924
0.0102185
0.00999322
0.00972287
0.00941325
0.00906866
0.00869148
0.00828177
0.00783698
0.00735183
0.00681885
0.00623016
0.00557981
0.00486456
0.00408296
0.00323499
0.0023262
0.00138822
0.000614405
0.00109584
0.00198846
0.0028206
0.00356026
0.00423812
0.00446318
0.00456185
0.0054034
0.00766935
0.00879036
0.00960722
0.0103167
0.0108665
0.0113177
0.011689
0.0119695
0.0121444
0.0122023
0.0121338
0.0119375
0.0116142
0.0111628
0.0105876
0.00989585
0.00909692
0.00820157
0.00722193
0.00617236
0.00507215
0.00395373
0.00289895
0.00218178
0.00248352
0.00377739
0.00519439
0.00661214
0.00798292
0.00925509
0.0103917
0.0113739
0.0121986
0.012874
0.0134149
0.0138382
0.0141608
0.0143979
0.0145617
0.014662
0.0147046
0.0146932
0.0146334
0.0145294
0.0143865
0.0142122
0.0140158
0.0138077
0.0135974
0.0133885
0.0131739
0.0129174
0.0125242
0.0118413
0.0106959
0.00905101
0.00874221
0.00808739
0.00556272
0.00585045
0.00673319
0.00752601
0.00821319
0.00881588
0.00934662
0.00980813
0.0101981
0.0105125
0.0107475
0.0109014
0.0109745
0.010968
0.0108895
0.0107454
0.0105432
0.010291
0.00999593
0.00966354
0.00929723
0.0088982
0.00846561
0.00799689
0.00748829
0.00693558
0.0063348
0.00568273
0.00497778
0.0042237
0.00343711
0.00266009
0.00199441
0.00164428
0.001804
0.00226528
0.00278376
0.00322325
0.00348069
0.00328807
0.00612946
0.00859697
0.00936384
0.00879579
0.00882162
0.00944518
0.0100906
0.0106088
0.0109962
0.0112693
0.0114326
0.0114795
0.0113979
0.0111855
0.0108452
0.0103857
0.00981591
0.00914529
0.00838508
0.00754916
0.00665584
0.00573167
0.00481984
0.00400627
0.00349002
0.00366414
0.00469686
0.00586427
0.00704853
0.0082226
0.00934634
0.0103837
0.011308
0.0121049
0.0127718
0.0133151
0.013747
0.0140822
0.014335
0.0145181
0.0146409
0.0147093
0.0147288
0.0146981
0.0146156
0.0144822
0.0142977
0.0140618
0.013775
0.0134382
0.0130529
0.0126195
0.0121339
0.0115799
0.0109246
0.0101454
0.00936231
0.00917075
0.0118112
0.0118474
0.00652841
0.00542684
0.0058695
0.00658825
0.0073264
0.00801537
0.00863337
0.00917106
0.00962177
0.00998046
0.0102442
0.0104127
0.010488
0.0104737
0.0103826
0.0102254
0.0100128
0.00975414
0.00945753
0.00912894
0.00877224
0.00838924
0.00797983
0.0075425
0.00707489
0.00657454
0.00603979
0.005471
0.00487303
0.00426046
0.00366586
0.00314924
0.0028007
0.00267891
0.00271757
0.00282899
0.00296516
0.0030145
0.00274814
0.0022893
0.00824971
0.0116595
0.0111426
0.00909748
0.00836435
0.00881925
0.00946049
0.00999271
0.0103823
0.0106417
0.0107791
0.0107964
0.0106919
0.0104731
0.0101441
0.0097141
0.00919273
0.00859138
0.00792452
0.00721198
0.00648243
0.00577889
0.00516708
0.00475887
0.00476502
0.00556646
0.00666655
0.00771743
0.00872934
0.00967904
0.0105474
0.0113229
0.0119978
0.0125691
0.013039
0.0134151
0.0137086
0.0139322
0.0140986
0.0142179
0.0142972
0.0143394
0.0143436
0.0143016
0.0142103
0.0140632
0.0138541
0.0135777
0.0132293
0.0128049
0.012302
0.0117216
0.0110693
0.0103571
0.00961844
0.00899616
0.00898017
0.0105113
0.0151704
0.0147753
0.00752016
0.00561878
0.00562047
0.00613677
0.00679745
0.00746256
0.00807464
0.00860827
0.0090504
0.00939409
0.00963695
0.00978057
0.00982863
0.00978681
0.00967141
0.00949347
0.00926518
0.00899727
0.00869861
0.00837588
0.00803357
0.00767415
0.00729851
0.00690655
0.00649786
0.00607268
0.00563298
0.00518419
0.0047382
0.00431809
0.00396179
0.00372058
0.00363849
0.00367785
0.00366099
0.00348923
0.00325208
0.00295987
0.00247239
0.00233584
0.00989666
0.0143927
0.0129606
0.00980624
0.00836516
0.00852014
0.00903747
0.00950626
0.00985263
0.0100751
0.0101812
0.0101784
0.0100727
0.00987375
0.00958571
0.00921784
0.0087807
0.00828781
0.00775765
0.00721639
0.00670136
0.00626371
0.00597043
0.00591917
0.00634474
0.00743035
0.00847864
0.00944001
0.0102778
0.0109769
0.0115496
0.012016
0.0123931
0.012693
0.0129255
0.0131002
0.0132279
0.0133197
0.0133862
0.0134356
0.0134724
0.013496
0.0135021
0.013474
0.013401
0.0132717
0.0130749
0.012801
0.0124425
0.0119936
0.0114513
0.0108184
0.0101093
0.00936547
0.00870008
0.00843505
0.00929514
0.0121012
0.017939
0.0172054
0.00842222
0.00612291
0.00581636
0.00608203
0.0065677
0.00711243
0.00763652
0.00810018
0.00848286
0.0087737
0.00896819
0.00906683
0.00907243
0.00899265
0.00884373
0.00863701
0.00838636
0.0081041
0.00780041
0.00748306
0.00715742
0.00682691
0.00649366
0.00615935
0.0058262
0.00549802
0.00518127
0.00488641
0.00462949
0.00443393
0.00432772
0.00433627
0.00446337
0.00462443
0.00459368
0.00418346
0.00358816
0.0030023
0.0024996
0.00282714
0.0111197
0.0167257
0.0147287
0.010801
0.00874521
0.00851097
0.0088124
0.00915587
0.00942234
0.00959174
0.00966624
0.00965482
0.0095671
0.00940863
0.00918485
0.00890442
0.00857839
0.00822187
0.00785612
0.00751081
0.00722568
0.00704913
0.00703742
0.00727035
0.00802901
0.00918468
0.0102029
0.0110564
0.011674
0.0120618
0.0122736
0.0123687
0.0123925
0.0123741
0.0123311
0.0122749
0.0122148
0.0121594
0.0121171
0.0120945
0.012095
0.012116
0.0121505
0.012172
0.0121602
0.012097
0.0119648
0.0117505
0.0114449
0.0110423
0.0105406
0.00994506
0.00927929
0.00861395
0.00813992
0.00831598
0.00990693
0.0134909
0.0199928
0.0195551
0.0094859
0.00669571
0.00620568
0.0062615
0.0065482
0.00692728
0.00731807
0.00767437
0.00796954
0.00818777
0.00832065
0.00836493
0.00832024
0.00819862
0.00800946
0.00776643
0.00748518
0.00718036
0.00686446
0.00654722
0.00623578
0.00593523
0.00564958
0.00538288
0.00514046
0.00492989
0.00476132
0.00464713
0.00460063
0.00463474
0.00475791
0.00497065
0.0052503
0.00550909
0.00549576
0.00488782
0.00394817
0.00312045
0.00278297
0.0036136
0.0121547
0.018728
0.0164234
0.0119604
0.00938777
0.00873374
0.00876354
0.00893887
0.00909929
0.00920431
0.00924808
0.00923674
0.00917889
0.00907647
0.00893437
0.00875996
0.00856363
0.00836037
0.00817154
0.00802635
0.00796173
0.00801911
0.00824484
0.00871658
0.00969918
0.0108639
0.0118516
0.0125471
0.0128652
0.0128544
0.0126231
0.012276
0.011889
0.0115083
0.0111576
0.0108477
0.010584
0.010371
0.0102138
0.010118
0.010088
0.0101238
0.0102133
0.0103424
0.0104573
0.0105279
0.0105299
0.0104465
0.0102679
0.00998894
0.00960919
0.00913696
0.00860359
0.00810353
0.00788483
0.00847067
0.0105569
0.0145475
0.0213793
0.0216405
0.0114251
0.00723412
0.00663229
0.00655913
0.00667591
0.00688888
0.00713382
0.00736909
0.00756654
0.00770656
0.00777632
0.00776768
0.00767622
0.00751398
0.00728522
0.0070044
0.00668841
0.00635448
0.00601832
0.00569308
0.00538919
0.00511495
0.00487749
0.00468406
0.00454311
0.00446453
0.00445841
0.00453281
0.00469041
0.00492882
0.00523839
0.00560331
0.00598191
0.00632713
0.00635339
0.00558952
0.00431686
0.00330281
0.0032984
0.00463168
0.0131284
0.0204766
0.0180545
0.0132129
0.0101977
0.00912841
0.0088615
0.00884361
0.00888124
0.00891405
0.00892667
0.00892025
0.00889981
0.0088642
0.00881623
0.00876072
0.00870552
0.00866308
0.00865211
0.00869867
0.00883519
0.00909708
0.00952425
0.0101972
0.011319
0.0124862
0.0134079
0.0138637
0.0137761
0.0132614
0.0124963
0.0116356
0.0107849
0.0100058
0.00932489
0.00874868
0.00827504
0.00790083
0.00762614
0.00745554
0.00739753
0.00746091
0.00763925
0.00794787
0.00829526
0.00859634
0.00882033
0.00895001
0.0089762
0.00889556
0.00871019
0.00843168
0.00809751
0.0078166
0.00786296
0.00876023
0.0111168
0.0152524
0.0221785
0.0232515
0.0141268
0.00781602
0.00706036
0.00692217
0.00691249
0.00697994
0.00708375
0.00719538
0.00729113
0.00735078
0.0073585
0.00730179
0.00717293
0.00698203
0.00672953
0.00642624
0.00608751
0.00573161
0.00537748
0.0050428
0.0047431
0.00449182
0.00430083
0.00418116
0.00414318
0.00419575
0.00434351
0.00458516
0.00491065
0.00530683
0.00574854
0.00620213
0.00666074
0.00707511
0.00715553
0.00627866
0.0046844
0.00354055
0.00399425
0.00582583
0.014109
0.0220194
0.0196321
0.0145232
0.0111148
0.00964602
0.00907552
0.00885206
0.00875712
0.00871238
0.00869269
0.00869339
0.00871509
0.00875387
0.00880893
0.00888084
0.00897273
0.00909208
0.00925297
0.00947737
0.00979383
0.0102341
0.010834
0.0116705
0.0128816
0.0140415
0.0148339
0.014939
0.0143197
0.0131894
0.0118044
0.0103705
0.00901837
0.00781963
0.00679955
0.00595709
0.0052792
0.00475157
0.0043676
0.00413277
0.00406802
0.00419983
0.00453778
0.00503862
0.00572576
0.00642045
0.00697129
0.00738633
0.00767561
0.00784412
0.00789922
0.00785649
0.00775704
0.00771337
0.00799586
0.00909098
0.0115394
0.0156386
0.0224909
0.0243952
0.0169729
0.00898975
0.00751926
0.00734289
0.00724121
0.00718189
0.00714758
0.00712662
0.00710536
0.00706889
0.00700404
0.00689815
0.00674284
0.00655072
0.00631094
0.00602381
0.0056978
0.00534918
0.0049991
0.00467007
0.00438371
0.00415968
0.00401506
0.00396404
0.00401654
0.00417739
0.00444389
0.00480793
0.00525005
0.00573549
0.00624785
0.00676846
0.0072819
0.00774708
0.00789045
0.00694361
0.00503555
0.00381162
0.00481503
0.00714941
0.0151436
0.0233776
0.0211586
0.015874
0.0121054
0.0102519
0.00937871
0.00894464
0.00871186
0.00858585
0.00853234
0.00854091
0.00860781
0.00872643
0.00889097
0.00909587
0.00933716
0.00961526
0.00993849
0.010325
0.0108009
0.0113964
0.0121445
0.0131087
0.0143766
0.0155015
0.0160747
0.0156952
0.0144119
0.0125659
0.0105045
0.00847979
0.00662389
0.0050167
0.00367105
0.00257605
0.00171378
0.00106657
0.00064405
0.00050866
0.000720346
0.00119467
0.00185255
0.00263324
0.00345534
0.00435973
0.00523858
0.00594047
0.00649453
0.00691786
0.00722104
0.00742139
0.00755963
0.00774194
0.00821492
0.0094116
0.0118258
0.0157716
0.0224362
0.0251587
0.0194255
0.0110815
0.00807801
0.0078386
0.00765893
0.00747793
0.00729611
0.00711683
0.00694092
0.00676828
0.00660041
0.00643517
0.00627064
0.00612172
0.00595079
0.00573731
0.00547636
0.00517954
0.00486965
0.00457413
0.00432063
0.00413478
0.00403755
0.0040445
0.00416459
0.00439978
0.00473636
0.00515981
0.00564931
0.0061823
0.00673633
0.00729218
0.00783596
0.0083349
0.00854449
0.00756967
0.00534749
0.00408828
0.0057136
0.00855901
0.0162592
0.0245554
0.0226269
0.0172567
0.0131523
0.010924
0.00975015
0.00910345
0.00872976
0.00851957
0.00843046
0.00844696
0.00856099
0.0087636
0.00904268
0.00938439
0.00977526
0.0102068
0.0106812
0.0112135
0.0118291
0.0125579
0.0134307
0.0144901
0.015784
0.0168256
0.0170652
0.0160568
0.0139908
0.0113806
0.00866434
0.00614862
0.00398012
0.00228547
0.00132404
0.00158358
0.00219048
0.00256797
0.00262214
0.0024397
0.00216785
0.00198483
0.00202839
0.00229113
0.00271269
0.00326742
0.00401831
0.00483359
0.00556231
0.00618683
0.00670404
0.00712242
0.00747527
0.00785444
0.00847229
0.0097033
0.0120058
0.0157312
0.0221355
0.0256121
0.0214368
0.013529
0.00893979
0.00843015
0.0081627
0.00785343
0.00750494
0.00712792
0.00673918
0.00636555
0.00604329
0.00580058
0.00565652
0.00561488
0.00558554
0.00551278
0.00537273
0.00517215
0.00493715
0.00470111
0.0044983
0.00435904
0.00430742
0.00435934
0.00451902
0.00478411
0.00514541
0.00558843
0.00609269
0.0066357
0.007197
0.0077597
0.00831145
0.00882725
0.00910057
0.00813776
0.00558872
0.00433733
0.00665306
0.0100094
0.0174531
0.0255465
0.0240193
0.0186652
0.0142492
0.01165
0.0101757
0.00931437
0.00879696
0.00849954
0.00837242
0.00839595
0.00855834
0.00884842
0.00924655
0.00972821
0.0102679
0.0108465
0.0114599
0.0121212
0.0128564
0.0136966
0.01467
0.0157946
0.0170757
0.0179639
0.0177387
0.0159679
0.01306
0.00972419
0.00659454
0.00418832
0.00306322
0.00335487
0.00405726
0.00456139
0.00470999
0.00457149
0.00426511
0.0038961
0.00356772
0.00337942
0.00338254
0.00349048
0.00343236
0.00328286
0.00353654
0.00417976
0.00494263
0.00568299
0.00635463
0.00694649
0.00747642
0.00801652
0.0087413
0.00996712
0.0121195
0.0155932
0.0216955
0.0258298
0.023056
0.0158509
0.0103118
0.00910602
0.0087344
0.00829182
0.00776145
0.00714979
0.00648396
0.00582479
0.00527077
0.00492048
0.00484531
0.00499958
0.00519744
0.0053316
0.00535899
0.00528651
0.00514877
0.00498745
0.0048438
0.00475189
0.0047385
0.00481724
0.00499457
0.005269
0.00563036
0.00606411
0.00655217
0.00707523
0.00761541
0.00815864
0.00869577
0.00920967
0.00953711
0.00862309
0.00572284
0.00453225
0.00760537
0.0114511
0.0186923
0.0263378
0.0253049
0.0200925
0.0153973
0.0124265
0.010648
0.00956825
0.00890292
0.00851379
0.00834488
0.00837356
0.00858452
0.00896481
0.0094866
0.0101116
0.0107992
0.011518
0.0122576
0.0130303
0.0138645
0.014793
0.0158412
0.0170038
0.0182141
0.0188647
0.0180436
0.0154222
0.0116762
0.00789707
0.00514375
0.00442215
0.0048806
0.00546915
0.00580641
0.00583897
0.00565112
0.00533324
0.0049717
0.00464287
0.00442342
0.0043799
0.00453681
0.00482425
0.00484198
0.00411512
0.0036427
0.00392767
0.00462094
0.00539944
0.00616248
0.00687631
0.00754083
0.008206
0.00900896
0.0102114
0.0122041
0.0154205
0.0212016
0.025881
0.0243373
0.0179333
0.0119405
0.0098974
0.00933753
0.00876725
0.00806071
0.00720486
0.00621728
0.00517701
0.00426724
0.00376289
0.00384435
0.00431026
0.00482258
0.00521283
0.00543225
0.005501
0.00546764
0.0053843
0.00529893
0.00525104
0.00526664
0.00536319
0.00554673
0.00581457
0.00615719
0.00656087
0.0070097
0.0074876
0.00798045
0.00847814
0.00897615
0.00946566
0.00982834
0.00899427
0.00571207
0.00467205
0.00855353
0.0128314
0.0199199
0.0269145
0.0264372
0.0215258
0.0166042
0.013258
0.0111673
0.00986189
0.00904166
0.0085534
0.00833589
0.00836513
0.00862302
0.0090957
0.00974669
0.0105199
0.0113554
0.0122075
0.0130599
0.0139258
0.0148373
0.0158303
0.0169262
0.0180971
0.0191682
0.0194817
0.017949
0.0144615
0.0100701
0.00658878
0.00528373
0.00546782
0.00593385
0.00621521
0.00624829
0.00608944
0.00581538
0.00549909
0.00520756
0.00500725
0.00496556
0.00513135
0.00550245
0.00598992
0.00631074
0.00547255
0.00416818
0.00387821
0.00442986
0.00523261
0.00606633
0.00687177
0.00763911
0.00840148
0.0092641
0.0104408
0.0122852
0.0152576
0.020717
0.0258242
0.025341
0.0197325
0.0135923
0.0108068
0.00994289
0.00923649
0.00838441
0.00732365
0.00604315
0.00459132
0.00316446
0.00234624
0.00273127
0.00366926
0.00455088
0.00520416
0.00560684
0.00580916
0.00587284
0.00586199
0.00583148
0.0058221
0.0058631
0.00597072
0.00615059
0.00639963
0.00670854
0.00706453
0.0074538
0.00786362
0.00828407
0.00870982
0.0091418
0.00957969
0.00994784
0.00921536
0.00553532
0.00479781
0.00948782
0.0140988
0.0210703
0.027265
0.0273532
0.0229394
0.0178831
0.0141574
0.0117418
0.0101989
0.00921247
0.0086126
0.00833396
0.00835394
0.00865392
0.00922016
0.0100078
0.0109368
0.0119224
0.012902
0.0138538
0.0147938
0.0157604
0.0167932
0.0179083
0.0190448
0.0199281
0.0197825
0.0174802
0.0132633
0.00894625
0.00621288
0.00550995
0.00575488
0.0060283
0.00610738
0.00600832
0.00579459
0.00553185
0.00528151
0.00510718
0.00507776
0.00525659
0.00567371
0.00629612
0.00701096
0.00759243
0.00700621
0.00503537
0.00391573
0.00417377
0.0050162
0.00594668
0.00685162
0.00771635
0.00856613
0.00948401
0.010646
0.0123693
0.0151268
0.0202808
0.0257036
0.0261151
0.0212551
0.0151598
0.011751
0.0105172
0.00967696
0.00869943
0.00749032
0.00601004
0.00426951
0.00235778
0.000777731
0.00184066
0.00332347
0.00451045
0.00536121
0.00590232
0.00620935
0.00635548
0.00640977
0.00642923
0.00645563
0.00651698
0.00662866
0.0067954
0.00701367
0.0072744
0.00756596
0.0078767
0.00819709
0.00852139
0.00884912
0.00918674
0.00954207
0.0098762
0.00925361
0.00521621
0.00498117
0.0103988
0.015209
0.0220869
0.027388
0.0279771
0.0242848
0.0192523
0.0151464
0.0123878
0.0105904
0.00942026
0.00868848
0.00832645
0.0083183
0.00865013
0.00930973
0.010245
0.0113421
0.0124838
0.0135874
0.014626
0.0156213
0.01662
0.0176673
0.0187722
0.0198345
0.0204729
0.0197767
0.0168178
0.0123927
0.00837384
0.00598757
0.00534392
0.00544565
0.00555396
0.0055123
0.0053519
0.00513149
0.00490999
0.0047494
0.00471953
0.00489258
0.00532153
0.00601136
0.00690066
0.00785862
0.0086468
0.00842808
0.00611927
0.00411465
0.00372246
0.00454752
0.0056338
0.0066927
0.00768625
0.00863986
0.00962692
0.0107987
0.0124408
0.0150269
0.0199101
0.0255498
0.0266997
0.0225244
0.0165926
0.0126911
0.011025
0.0100078
0.00893159
0.00762222
0.00603635
0.00422002
0.00230694
0.000822243
0.00192431
0.00348751
0.00476394
0.00569806
0.00632637
0.00670908
0.00692095
0.0070308
0.00709397
0.00715016
0.00722496
0.00733182
0.00747431
0.00764863
0.00784639
0.00805735
0.00827204
0.00848381
0.00869058
0.00889618
0.00911203
0.0093532
0.0096095
0.00909105
0.00484623
0.00528464
0.011276
0.0161337
0.0229352
0.0272933
0.0282131
0.0254928
0.0207324
0.0162579
0.0131301
0.011055
0.00967592
0.00878082
0.00829849
0.00822869
0.00857391
0.00932487
0.0104239
0.0117086
0.0130185
0.0142467
0.0153618
0.0163943
0.0174027
0.0184394
0.0195056
0.0204584
0.0208146
0.0196007
0.0162026
0.0118162
0.00810698
0.00581947
0.0049406
0.00478732
0.00473276
0.00459512
0.00439287
0.00418005
0.00401669
0.00397096
0.0041173
0.00451955
0.00520744
0.00615939
0.00729591
0.00848298
0.00947185
0.00957342
0.00727413
0.00446697
0.00325909
0.00384345
0.00506686
0.00631408
0.00747319
0.00855988
0.00964217
0.0108572
0.012466
0.0149357
0.0196006
0.0253789
0.0271205
0.0235592
0.0178706
0.013611
0.0114813
0.0102287
0.00904199
0.00767053
0.00608708
0.00440411
0.00288315
0.00216374
0.00285774
0.00412875
0.00531358
0.00623886
0.00689129
0.0073155
0.0075746
0.00772906
0.00782755
0.00790484
0.0079829
0.00807298
0.0081778
0.00829387
0.00841398
0.00852961
0.0086333
0.00872074
0.00879258
0.00885592
0.00892608
0.00902436
0.00916162
0.00872855
0.00453152
0.00573454
0.0121082
0.0168633
0.023607
0.0269868
0.0280517
0.02634
0.0223765
0.0175482
0.0140019
0.0116186
0.00999705
0.00889369
0.00823431
0.00804765
0.00837525
0.00921326
0.0104999
0.0120011
0.0134989
0.0148582
0.0160438
0.0170983
0.0180959
0.0190987
0.0201011
0.0209195
0.020989
0.0193402
0.0156932
0.0114824
0.00808259
0.0058154
0.0045637
0.00400334
0.00371422
0.0034645
0.00322588
0.00304457
0.00298302
0.0031065
0.00346934
0.00410314
0.0050136
0.00616732
0.00748233
0.00884423
0.0100297
0.0103951
0.00833706
0.00488393
0.00295182
0.00299573
0.00427803
0.00571146
0.00705232
0.00829216
0.00949268
0.010783
0.012406
0.0148192
0.0193325
0.0251934
0.02739
0.0243678
0.0189783
0.0144975
0.0119152
0.0103673
0.00904302
0.0076389
0.00614074
0.00470315
0.00361976
0.00332689
0.00393899
0.00499662
0.00605439
0.0069273
0.00757484
0.00802164
0.00831506
0.0085033
0.00862597
0.00871174
0.00877898
0.00883734
0.0088895
0.00893304
0.00896238
0.00897084
0.00895268
0.00890515
0.00883042
0.00873735
0.00864354
0.0085752
0.00855829
0.0081771
0.00425931
0.00633519
0.0128779
0.0174057
0.0241178
0.0264602
0.0275296
0.0267214
0.0239402
0.0191893
0.015052
0.0123139
0.0104087
0.0090394
0.00812378
0.00773554
0.00799437
0.00891194
0.0104197
0.0121769
0.0138912
0.0153955
0.0166516
0.0177175
0.0186874
0.0196369
0.0205566
0.0212293
0.0210333
0.0190449
0.0152828
0.0113116
0.00823565
0.00606258
0.00452609
0.00346784
0.00277697
0.00233021
0.00206373
0.00199262
0.00214468
0.00250901
0.00307416
0.00385758
0.00488434
0.00612686
0.00750208
0.00893453
0.0102769
0.0108871
0.00917216
0.00528864
0.00289403
0.00211068
0.00335082
0.00494607
0.00645655
0.00784617
0.009171
0.0105557
0.0122297
0.0146425
0.0190781
0.0249854
0.0275085
0.0249455
0.0198915
0.0153233
0.0123497
0.0104695
0.0089781
0.00755759
0.00619515
0.0050461
0.00435361
0.00435584
0.00498589
0.00593288
0.00689423
0.00771643
0.00835318
0.00881439
0.00913197
0.0093413
0.00947302
0.00955048
0.00958965
0.00959977
0.00958448
0.00954303
0.00947175
0.00936572
0.00922048
0.00903394
0.00880842
0.00855265
0.00828416
0.00803149
0.00783067
0.0074483
0.00397996
0.00701697
0.0135554
0.0177884
0.0245011
0.0256804
0.0266956
0.0266556
0.025139
0.0211609
0.016428
0.0131793
0.0109423
0.00924298
0.00797219
0.00726082
0.00736799
0.00835401
0.0101273
0.0121898
0.0141567
0.0158277
0.0171618
0.0182349
0.019166
0.0200482
0.0208737
0.0214016
0.0209752
0.0187305
0.0149345
0.0112217
0.0084768
0.00650855
0.00494849
0.00362653
0.00254853
0.0018104
0.0015235
0.00166168
0.00206092
0.00256448
0.00316239
0.0039276
0.00493271
0.00613713
0.0074371
0.00879791
0.0101955
0.011057
0.00970142
0.00563941
0.00294801
0.00132862
0.00239697
0.00411897
0.00576023
0.00726889
0.00870066
0.010178
0.011923
0.0143812
0.0188121
0.0247421
0.0274684
0.0252775
0.0205748
0.0160401
0.0127829
0.0105861
0.00891907
0.00749731
0.0063001
0.00544548
0.00508491
0.00530839
0.00598297
0.00687871
0.00778169
0.0085712
0.0092021
0.00967317
0.0100031
0.0102166
0.0103378
0.010387
0.0103795
0.0103255
0.0102302
0.010095
0.00991805
0.00969596
0.00942502
0.00910304
0.00873119
0.00831606
0.00787214
0.00742568
0.00701589
0.00655688
0.00361244
0.00764449
0.0141181
0.0180653
0.0248048
0.0245921
0.0256019
0.0262087
0.0259061
0.0230028
0.0184119
0.0142891
0.0116279
0.00954394
0.00781045
0.00659099
0.0063837
0.00747702
0.00957562
0.0119975
0.0142559
0.0161216
0.0175494
0.0186334
0.0195214
0.020329
0.0210558
0.0214489
0.0208314
0.0183949
0.0146087
0.0111464
0.0087174
0.00700927
0.00561717
0.00436363
0.00325901
0.0024349
0.00207443
0.00221702
0.00260151
0.00304686
0.00355503
0.00422558
0.00514317
0.00623834
0.00737426
0.00853412
0.00981656
0.0109025
0.00992776
0.00586008
0.00298215
0.00103697
0.00151975
0.00334526
0.00505918
0.0066294
0.0081257
0.00967125
0.0114895
0.0140276
0.0185204
0.0244524
0.0272581
0.0253434
0.0209864
0.0165841
0.0131776
0.0107433
0.00893698
0.0075411
0.00652286
0.00593661
0.00583783
0.00622013
0.00693916
0.00781664
0.00869284
0.00946808
0.0100969
0.0105689
0.0108934
0.011089
0.0111769
0.0111768
0.0111051
0.0109738
0.0107901
0.0105574
0.0102754
0.00994189
0.00955349
0.00910737
0.00860265
0.00804222
0.00743473
0.00679824
0.00616468
0.00553657
0.00310515
0.00800698
0.0145803
0.0183167
0.0250857
0.0231299
0.0242902
0.0254725
0.0262696
0.0245254
0.0205349
0.0160462
0.0125091
0.00997525
0.00772269
0.00579366
0.00500125
0.00624814
0.00874962
0.0115747
0.0141563
0.0162458
0.0177896
0.0188964
0.0197449
0.0204776
0.0211079
0.0213815
0.0206114
0.0180295
0.0142754
0.0110447
0.00890308
0.00745853
0.00629634
0.00524126
0.00429173
0.00353642
0.00308616
0.00298999
0.00316893
0.00349547
0.0039291
0.00455174
0.00541471
0.0064037
0.00735759
0.0082544
0.00927743
0.010432
0.00990484
0.00586988
0.0029088
0.00101207
0.000918089
0.00275221
0.00444125
0.00599693
0.0074931
0.00906399
0.0109486
0.0135943
0.0182061
0.0241109
0.0268657
0.0251231
0.0210879
0.0168904
0.0134705
0.0109225
0.0090577
0.0077289
0.00688695
0.00651798
0.00661056
0.00709971
0.00786059
0.00874372
0.00961658
0.0103873
0.0110077
0.0114622
0.0117565
0.0119083
0.0119392
0.0118707
0.0117211
0.0115042
0.0112291
0.0109006
0.0105199
0.0100853
0.00959374
0.00904137
0.00842521
0.00774386
0.00699866
0.00619502
0.00534571
0.00446826
0.00246321
0.00791352
0.0149919
0.0186222
0.0253986
0.0212415
0.02279
0.0245399
0.0262856
0.0256726
0.0224718
0.0180849
0.0140107
0.0106622
0.00782317
0.00514093
0.00329285
0.00468189
0.00769289
0.0109251
0.0138391
0.0161776
0.0178627
0.0190101
0.01983
0.0204942
0.0210358
0.0212083
0.0203201
0.0176257
0.0139156
0.0108985
0.0090163
0.00782093
0.00689401
0.00605612
0.00528394
0.00462543
0.00414497
0.00384005
0.00372942
0.0038506
0.00420356
0.00483226
0.00568968
0.00659337
0.00737053
0.00799862
0.00868947
0.00972863
0.0096392
0.00569069
0.0027086
0.000987188
0.000972842
0.00250115
0.00398706
0.00540774
0.00683241
0.00838364
0.0103316
0.0131166
0.0178907
0.0237183
0.0262804
0.0246029
0.0208544
0.0169097
0.0135948
0.0110663
0.00924163
0.00802272
0.00734204
0.00713745
0.00736636
0.00793839
0.00875129
0.00966216
0.0105432
0.0113036
0.011895
0.0123037
0.0125385
0.0126203
0.0125738
0.0124229
0.0121874
0.0118827
0.011519
0.011102
0.0106338
0.0101131
0.00953675
0.00890055
0.00819977
0.0074295
0.00658445
0.00565698
0.00463488
0.00350072
0.00164933
0.00738922
0.0153906
0.0190184
0.0257803
0.0189152
0.0211249
0.0234836
0.0260257
0.0264183
0.0240666
0.0200521
0.0157669
0.0119148
0.00850447
0.00514568
0.00190257
0.00290125
0.00651899
0.0101051
0.0133138
0.0159081
0.0177562
0.0189662
0.0197741
0.0203816
0.0208459
0.0209366
0.0199602
0.0171755
0.0135192
0.0107042
0.00906098
0.00809971
0.00739811
0.00676557
0.00615533
0.00558696
0.00510135
0.0047181
0.00439416
0.00427712
0.00451657
0.00515258
0.00599705
0.00680011
0.00739361
0.00776253
0.00811283
0.00890034
0.00914603
0.00534239
0.00236156
0.00094997
0.00134466
0.00256332
0.00377564
0.00495363
0.00617812
0.00766015
0.00968331
0.0126491
0.0176108
0.0232716
0.0254904
0.0237794
0.0202814
0.0166197
0.0135013
0.0111046
0.00940481
0.0083279
0.00779436
0.00772344
0.00806426
0.00873523
0.00962299
0.0105735
0.0114542
0.0121785
0.0127075
0.013037
0.0131841
0.013175
0.0130377
0.0127977
0.0124759
0.0120877
0.0116438
0.0111501
0.0106089
0.0100196
0.00937913
0.00868325
0.00792672
0.00710265
0.0062014
0.00520551
0.00408203
0.00278142
0.000939486
0.00666489
0.0157687
0.0194798
0.0262379
0.0162029
0.0193233
0.0223415
0.0255465
0.0267784
0.0252259
0.0217249
0.017517
0.0134021
0.00957218
0.00589419
0.00237364
0.00173354
0.00540482
0.0092004
0.012614
0.0154584
0.017472
0.0187623
0.0195776
0.0201446
0.0205453
0.0205727
0.0195322
0.0166715
0.0130808
0.0104648
0.00904913
0.00831057
0.00782078
0.00737383
0.00690321
0.00641345
0.00593903
0.00551694
0.00513959
0.00486287
0.00500189
0.00561065
0.00637869
0.00702977
0.00741427
0.00752715
0.00755743
0.00803373
0.00845877
0.00482445
0.00189709
0.00101846
0.00178353
0.00279312
0.0037343
0.00464298
0.00565406
0.00700553
0.00907973
0.0122522
0.0173907
0.0227649
0.0244869
0.022665
0.0193891
0.0160285
0.013169
0.0109811
0.00946226
0.00854948
0.00816335
0.0082286
0.00870775
0.00951279
0.0104903
0.0114663
0.0123118
0.0129582
0.013386
0.0136062
0.0136452
0.0135338
0.013302
0.0129753
0.0125739
0.0121125
0.0116011
0.0110454
0.010448
0.0098084
0.00912431
0.00839225
0.00760758
0.00676313
0.00584635
0.00483118
0.00368214
0.00245859
0.00140339
0.00598822
0.0160703
0.0199411
0.0267545
0.0132282
0.0174231
0.0211221
0.0248775
0.0267751
0.0259208
0.0229747
0.019039
0.0149074
0.0109232
0.00716287
0.00391731
0.00268889
0.00506655
0.00835615
0.0117864
0.0148414
0.0170201
0.0184094
0.0192473
0.0197898
0.0201415
0.0201222
0.0190352
0.0161063
0.0125971
0.0101854
0.00899346
0.00847013
0.00817901
0.00789822
0.00754787
0.00712823
0.00667693
0.00624324
0.00587103
0.00556615
0.00566025
0.0062037
0.00682666
0.00727333
0.00741999
0.00727251
0.00700657
0.007172
0.00762383
0.00415174
0.00139305
0.00133991
0.00226466
0.00312332
0.0038351
0.00449647
0.00532243
0.00662802
0.00878206
0.0121143
0.0171264
0.0220961
0.0232685
0.0212918
0.0182216
0.0151707
0.0126047
0.0106674
0.00936104
0.0086338
0.00841623
0.00866134
0.00933629
0.0103025
0.0113492
0.0123009
0.0130561
0.0135786
0.0138732
0.0139655
0.0138887
0.0136759
0.0133561
0.0129531
0.0124849
0.0119647
0.0114012
0.0107997
0.0101627
0.00949056
0.00878194
0.00803489
0.00724633
0.00640907
0.00550419
0.0045102
0.00350216
0.00266835
0.00236201
0.00560461
0.0162138
0.0203382
0.0273105
0.0101715
0.0154699
0.0198225
0.0240314
0.0264358
0.0261604
0.0237533
0.0201904
0.0162335
0.0123015
0.00863222
0.00560909
0.00407785
0.00518509
0.00789958
0.011118
0.014119
0.0164155
0.0179139
0.018792
0.0193275
0.0196423
0.0195895
0.0184669
0.0154729
0.0120664
0.00987112
0.00890484
0.0085927
0.00848957
0.00835999
0.0081174
0.00776421
0.00734508
0.0069219
0.00656426
0.00631503
0.00641304
0.00686171
0.00729783
0.00750759
0.00739538
0.00698086
0.00643646
0.00632245
0.00668575
0.00333259
0.00106129
0.00187421
0.00281065
0.00355398
0.00410867
0.00461064
0.00533494
0.00664783
0.00887447
0.0122265
0.0168283
0.0211504
0.0218405
0.0197094
0.0168395
0.0140973
0.0118349
0.0101641
0.00909057
0.00857863
0.00857879
0.0090874
0.0100102
0.0111103
0.012154
0.0130064
0.0136149
0.0139795
0.0141257
0.0140883
0.0139027
0.0136003
0.0132071
0.0127436
0.012225
0.0116621
0.0110624
0.0104308
0.00977008
0.00908147
0.00836529
0.00762165
0.00684922
0.00603748
0.0051684
0.00431506
0.00360728
0.00321123
0.00334105
0.0056332
0.0161068
0.020635
0.027902
0.00723412
0.0135099
0.0184458
0.0230203
0.0257956
0.0259858
0.0240713
0.0209198
0.0172412
0.0134926
0.0099879
0.0070892
0.00540146
0.00558292
0.00762391
0.0105487
0.0134675
0.0157747
0.0173058
0.0182216
0.0187649
0.019056
0.0189785
0.0178233
0.0147651
0.0114881
0.00952639
0.00879189
0.00868981
0.0087674
0.00877989
0.00863949
0.00835315
0.00797284
0.00757304
0.00724282
0.00705797
0.0071794
0.00751554
0.00774821
0.00770667
0.00732372
0.00663684
0.00582705
0.00547619
0.00565258
0.00242912
0.00135479
0.0025386
0.00343443
0.00410076
0.00458697
0.00505226
0.00577976
0.00710612
0.00928891
0.0124332
0.0164186
0.0199488
0.0202307
0.0179764
0.015308
0.0128628
0.010896
0.00949596
0.00868063
0.00843562
0.00875042
0.00961139
0.0107523
0.0118784
0.0128157
0.0134988
0.0139251
0.0141216
0.0141249
0.0139721
0.0136956
0.0133228
0.012875
0.0123688
0.0118163
0.0112263
0.0106052
0.00995769
0.00928717
0.00859632
0.00788758
0.00716353
0.006423
0.00565158
0.0049059
0.00429346
0.00392257
0.00389078
0.00428449
0.00601131
0.0157093
0.0208233
0.0285406
0.00459909
0.0115831
0.0170098
0.0218682
0.0249021
0.0254581
0.0239792
0.0212367
0.0178849
0.0143841
0.011076
0.00828611
0.00644545
0.00605385
0.00749566
0.010094
0.0128628
0.0151209
0.0166537
0.0175783
0.0181146
0.0183884
0.0182922
0.0170988
0.0139787
0.0108632
0.00915539
0.00866115
0.0087701
0.00902433
0.00917478
0.00913584
0.00891838
0.00857976
0.00820707
0.0079088
0.00777905
0.00790858
0.00812134
0.00814544
0.00784761
0.00718868
0.00622753
0.00516613
0.0046283
0.00453274
0.00163499
0.00208112
0.00328715
0.00412676
0.0047511
0.00523792
0.00575119
0.0065338
0.00783987
0.00984884
0.0125959
0.0158509
0.0185445
0.0185024
0.0161501
0.0136863
0.0115149
0.00982712
0.00870926
0.00820482
0.00833032
0.00910066
0.0102753
0.0114789
0.0124895
0.0132345
0.0137124
0.0139534
0.0139964
0.0138792
0.013635
0.013291
0.0128687
0.012385
0.0118525
0.0112808
0.010677
0.0100469
0.00939534
0.00872697
0.00804634
0.00735863
0.00666895
0.0059721
0.00529809
0.00474993
0.00441038
0.00435502
0.00460884
0.00519365
0.00661727
0.015092
0.0209095
0.0292414
0.00240436
0.00971441
0.0155461
0.0206139
0.0238143
0.0246511
0.0235471
0.0211897
0.0181755
0.0149506
0.0118554
0.0091807
0.00725556
0.00650671
0.00746821
0.0097459
0.012327
0.0144822
0.0159714
0.0168838
0.0174075
0.0176498
0.0175324
0.0162868
0.0131119
0.0101946
0.00876213
0.00851732
0.00883915
0.00926823
0.00955594
0.00962012
0.00947282
0.00917443
0.00882582
0.00855645
0.00846581
0.00857592
0.00865484
0.00846719
0.00791179
0.00697665
0.00574443
0.00445071
0.00377852
0.00340215
0.00140879
0.00296933
0.00408966
0.00486223
0.00545961
0.00597099
0.00654588
0.00736822
0.00860371
0.0103581
0.0126175
0.0151226
0.0170092
0.016678
0.0143282
0.0120183
0.0100876
0.00867148
0.00788359
0.00780588
0.00846629
0.0096765
0.0109566
0.012032
0.0128265
0.0133456
0.0136246
0.0137048
0.0136244
0.0134163
0.0131072
0.012718
0.0122651
0.0117609
0.0112151
0.0106353
0.0100277
0.00939819
0.0087522
0.00809589
0.00743632
0.00678248
0.00613919
0.00551123
0.0050014
0.00468182
0.00461627
0.00483628
0.00531673
0.00605591
0.00733728
0.0143846
0.0208996
0.030008
0.000742003
0.00790969
0.0140965
0.0193061
0.0225968
0.0236414
0.0228517
0.0208421
0.0181551
0.0152114
0.0123357
0.00978713
0.00783604
0.00688081
0.0074997
0.00949081
0.0118617
0.0138719
0.015279
0.0161538
0.0166535
0.0168571
0.0167042
0.0153799
0.0121665
0.00948754
0.00835075
0.0083634
0.00889968
0.00950306
0.00992927
0.0100988
0.0100209
0.00975723
0.00942516
0.00917684
0.00910678
0.00916912
0.00910142
0.00869804
0.00788667
0.00668235
0.00519453
0.00370274
0.00293568
0.00237038
0.00213405
0.00387476
0.00489695
0.00559929
0.00616734
0.00669044
0.00729361
0.00810683
0.00922473
0.01069
0.0124507
0.0142538
0.0154237
0.0148336
0.0125493
0.0103205
0.00860329
0.0074953
0.00717535
0.00772531
0.00896533
0.0103187
0.0114484
0.0122797
0.0128305
0.0131418
0.0132565
0.0132129
0.0130429
0.012772
0.0124205
0.0120038
0.011534
0.0110202
0.01047
0.00988972
0.00928539
0.00866312
0.00802969
0.00739316
0.00676372
0.00615452
0.00556428
0.00506857
0.0047519
0.00467375
0.00486547
0.0053168
0.00597855
0.00684687
0.00808478
0.0137138
0.020798
0.0308272
0.000499025
0.00616012
0.0127089
0.0179951
0.0213113
0.0224996
0.0219653
0.0202609
0.0178783
0.0152082
0.0125516
0.0101399
0.0082112
0.00716049
0.007565
0.00931424
0.0114606
0.0132931
0.0145867
0.015401
0.0158619
0.0160182
0.0158095
0.014373
0.0111494
0.00874966
0.00792576
0.00820101
0.00895193
0.00972959
0.0102964
0.0105731
0.0105617
0.0103242
0.00999875
0.0097613
0.00969181
0.00967941
0.00945071
0.00882868
0.00776949
0.00631627
0.00461315
0.00300344
0.00217086
0.00185274
0.00310717
0.00473958
0.00566484
0.00629582
0.00682255
0.00732862
0.0079132
0.00866492
0.00962858
0.0107986
0.0120936
0.0132818
0.0138515
0.0130464
0.0108017
0.00857675
0.00709038
0.00645729
0.00688106
0.00814782
0.00957223
0.0107457
0.011603
0.0121778
0.0125168
0.0126636
0.0126554
0.0125231
0.0122912
0.011979
0.0116013
0.0111691
0.010691
0.0101741
0.00962448
0.00904795
0.00845073
0.00783972
0.00722318
0.00661165
0.00602022
0.00546068
0.00495931
0.00463055
0.00453095
0.00469575
0.00511745
0.00575762
0.00656399
0.00753853
0.00878489
0.013191
0.0206201
0.0316764
0.00114586
0.00448617
0.0114305
0.0167213
0.0200087
0.0212849
0.0209508
0.0195078
0.0174018
0.0149905
0.012548
0.0102818
0.00841572
0.0073564
0.00765316
0.009201
0.0111119
0.0127414
0.0138975
0.014632
0.0150386
0.0151352
0.0148405
0.0132706
0.0100739
0.00799178
0.00749211
0.00803055
0.00899425
0.0099462
0.0106562
0.011041
0.0110915
0.0108698
0.0105403
0.0103024
0.0102112
0.010099
0.0096965
0.00885703
0.00756632
0.00590019
0.00405231
0.00244999
0.00181461
0.00223506
0.00407893
0.00555028
0.00636847
0.00692017
0.00738893
0.00784798
0.00837244
0.00902091
0.00980601
0.0106894
0.01157
0.0122405
0.0123257
0.0113398
0.00896431
0.00675622
0.00569719
0.00594758
0.00724887
0.00873745
0.00993996
0.0108131
0.0114062
0.0117691
0.0119445
0.0119685
0.011871
0.011676
0.0114018
0.0110625
0.0106684
0.0102272
0.00974539
0.00922832
0.00868136
0.00811021
0.00752138
0.00692263
0.00632377
0.00573835
0.00518805
0.00468065
0.00432076
0.0041898
0.00432423
0.00472073
0.0053384
0.00612894
0.00704916
0.00810816
0.00938184
0.012869
0.0203976
0.0325354
0.00144014
0.00299305
0.0102822
0.0155095
0.0187262
0.0200421
0.0198594
0.0186366
0.0167777
0.0146071
0.0123703
0.0102556
0.00848815
0.00749117
0.00776082
0.00913368
0.0107991
0.0122081
0.0132104
0.0138496
0.0141857
0.0142062
0.0138012
0.012068
0.00896011
0.00722725
0.00705495
0.00785133
0.00902345
0.0101495
0.0110052
0.0114987
0.0116051
0.0113882
0.0110442
0.0107934
0.0106551
0.0104215
0.00983507
0.00878537
0.00728697
0.00545799
0.00362172
0.00229845
0.00203136
0.00316166
0.00496492
0.00627708
0.00698453
0.00744843
0.00784279
0.00822983
0.00866377
0.0091811
0.00977448
0.0103858
0.0109031
0.011142
0.0108244
0.00962228
0.00679461
0.0050008
0.00498562
0.00632434
0.00785758
0.00906882
0.0099459
0.0105493
0.010929
0.0111257
0.0111747
0.0111055
0.0109417
0.0107014
0.0103974
0.0100394
0.00963413
0.00918725
0.00870349
0.00818733
0.00764354
0.0070775
0.00649573
0.00590646
0.00532122
0.00475865
0.00424657
0.00383055
0.0036515
0.00374952
0.00412306
0.00472615
0.00550256
0.00640965
0.00741879
0.00854568
0.00985448
0.0127264
0.0201733
0.0333932
0.00146973
0.00192452
0.009212
0.0143771
0.0174894
0.0188049
0.0187309
0.0176904
0.0160497
0.0140996
0.0120575
0.0101003
0.00846756
0.00759347
0.00788483
0.00909182
0.0105029
0.0116819
0.0125214
0.0130532
0.0133024
0.0132289
0.0126914
0.0107661
0.0078332
0.00647173
0.00661925
0.00766141
0.00903494
0.0103343
0.0113382
0.0119403
0.0120966
0.0118736
0.0115046
0.0112274
0.0110172
0.0106368
0.00986692
0.00862346
0.00698064
0.00516181
0.00350615
0.00249233
0.00266472
0.00407436
0.00573904
0.00689703
0.00749345
0.00786208
0.00816765
0.00846311
0.00878557
0.00915451
0.00954973
0.00990132
0.0100892
0.00994333
0.00923011
0.00744645
0.00453919
0.00412294
0.00546872
0.00699899
0.00818895
0.00905332
0.00965307
0.0100353
0.0102395
0.0103006
0.0102486
0.0101071
0.00989349
0.00961966
0.00929385
0.00892196
0.00850874
0.00805829
0.00757433
0.00706037
0.00652017
0.00595798
0.00537926
0.00479191
0.00420987
0.00366177
0.00319139
0.00292868
0.00297632
0.00332748
0.00392453
0.00469553
0.0055917
0.0065854
0.00766349
0.00884747
0.0101987
0.0127072
0.0199942
0.0342501
0.00129889
0.00161279
0.00802561
0.0133356
0.0163153
0.0175967
0.0175932
0.0167007
0.0152503
0.0134994
0.0116411
0.00985073
0.00839185
0.00768907
0.00801769
0.00905222
0.0102035
0.0111516
0.0118258
0.01224
0.0123847
0.0121982
0.0115044
0.00938183
0.00672362
0.00574274
0.00618902
0.00745724
0.00902242
0.0104937
0.0116476
0.0123584
0.0125589
0.0123195
0.0119157
0.0115979
0.0112955
0.010759
0.00981591
0.00844269
0.00676363
0.00503312
0.00359729
0.00292273
0.003474
0.0048968
0.00639894
0.00739991
0.00788172
0.00814679
0.00835033
0.00853785
0.00873279
0.0089408
0.00913169
0.00922588
0.00908962
0.00854603
0.0072831
0.00450825
0.00346725
0.00478136
0.006246
0.0073757
0.00819924
0.00876979
0.00913028
0.00931976
0.0093741
0.00932379
0.00919228
0.00899585
0.00874501
0.00844641
0.00810468
0.0077236
0.00730674
0.00685723
0.00637757
0.00586974
0.00533584
0.00477757
0.00419745
0.00360194
0.00300972
0.00246745
0.00206783
0.00202354
0.00235018
0.00295415
0.00373018
0.00461806
0.00559334
0.00664593
0.0077761
0.00901002
0.010412
0.0127539
0.0199024
0.0351177
0.000967992
0.00169676
0.0068651
0.0123637
0.0152168
0.0164304
0.0164615
0.0156863
0.0144001
0.0128283
0.0111471
0.00954143
0.00829817
0.00779343
0.00814395
0.00899052
0.00988329
0.0106083
0.0111189
0.0114047
0.0114259
0.0111067
0.0102327
0.00794686
0.00566634
0.00505855
0.00576631
0.00723323
0.00897746
0.0106177
0.0119228
0.0127428
0.0129833
0.0127189
0.0122714
0.0119003
0.0114926
0.0108063
0.00972612
0.00828198
0.00663317
0.00504267
0.00385053
0.0035014
0.00424901
0.00559882
0.006929
0.00777468
0.00813808
0.00829078
0.00837941
0.00844372
0.00849621
0.00853069
0.0085068
0.00833004
0.00784471
0.0067707
0.00432162
0.00294715
0.00426625
0.00565482
0.00669189
0.00743812
0.0079437
0.00824982
0.00839624
0.00842011
0.00835254
0.0082164
0.00802629
0.00779045
0.00751359
0.00719886
0.00684918
0.00646751
0.00605702
0.00562002
0.00515705
0.00466738
0.00415045
0.00360472
0.00302801
0.00242229
0.00180398
0.00123428
0.000947896
0.00124345
0.00189016
0.00268074
0.00355359
0.0044937
0.0055019
0.00658369
0.0077495
0.0090274
0.0104899
0.0128187
0.0199272
0.0360171
0.000637875
0.00193022
0.00612128
0.0112926
0.014196
0.0153022
0.015338
0.0146538
0.0135091
0.012102
0.0106017
0.00921053
0.00821929
0.00790739
0.00824089
0.0088848
0.00953021
0.0100471
0.0103961
0.0105392
0.010416
0.00994431
0.00886973
0.00651261
0.00469811
0.00443479
0.00534983
0.00698147
0.00888927
0.0106935
0.0121497
0.0130798
0.0133586
0.0130632
0.0125659
0.0121334
0.0116165
0.0107974
0.00962005
0.0081589
0.00659089
0.0051732
0.00423473
0.00414295
0.00494798
0.00617194
0.00731987
0.00801147
0.00825287
0.00828473
0.00824636
0.0081729
0.00806779
0.00791439
0.0076591
0.00718578
0.00624414
0.00404819
0.00253523
0.00388317
0.00521461
0.00615531
0.00679517
0.00719903
0.00741541
0.00748798
0.00745604
0.00735128
0.00719547
0.00700077
0.00677252
0.00651273
0.00622327
0.00590655
0.00556565
0.00520324
0.00482211
0.00442421
0.00400857
0.00357167
0.0031109
0.00262225
0.00210206
0.00154868
0.000961879
0.000366536
0.000379784
0.00104215
0.00177351
0.00255851
0.00340112
0.00431248
0.00531144
0.00639411
0.00757586
0.00889092
0.0104258
0.0128664
0.0200818
0.0369762
0.000873715
0.00226595
0.0056837
0.0101709
0.0132329
0.0141946
0.0142132
0.0136001
0.0125821
0.0113377
0.0100382
0.00889842
0.00817433
0.00801438
0.00828345
0.00872056
0.00914064
0.00946698
0.00965169
0.00963245
0.00934201
0.00869911
0.00741381
0.00515743
0.00385239
0.00387951
0.00493442
0.00669233
0.00874503
0.0107048
0.0123095
0.0133518
0.0136703
0.0133413
0.0127924
0.0122972
0.0116772
0.0107492
0.00951325
0.00807849
0.00662948
0.00541017
0.00471414
0.00479187
0.00554709
0.00660854
0.00756561
0.00810274
0.00821887
0.00812303
0.00794791
0.00772423
0.00744682
0.00708858
0.00657994
0.00573384
0.00379712
0.00229935
0.0036534
0.00490201
0.00573504
0.00625182
0.00652791
0.00662524
0.00659658
0.0064861
0.0063269
0.00613911
0.00593162
0.0057062
0.00546246
0.00520065
0.00492329
0.00463432
0.00433893
0.0040398
0.00373987
0.00344098
0.00314206
0.00284269
0.00254826
0.00225564
0.00196927
0.00170148
0.00148074
0.00136567
0.00141938
0.00167057
0.00209471
0.00265488
0.00333031
0.00411405
0.00501484
0.00605214
0.00724319
0.0085895
0.0102123
0.0128721
0.0203639
0.0380196
0.00164542
0.00267071
0.00540662
0.00916218
0.0122358
0.0130797
0.0130697
0.0125188
0.0116277
0.0105623
0.00949786
0.00863782
0.00815963
0.00808548
0.00825272
0.0084961
0.0087202
0.00886901
0.00887766
0.00867051
0.00818908
0.00735847
0.00587045
0.00399839
0.00315485
0.00339195
0.00451355
0.00635688
0.00853129
0.0106317
0.012378
0.0135348
0.0138982
0.0135378
0.0129415
0.0123913
0.0116844
0.0106761
0.00941616
0.00804223
0.00674185
0.00573463
0.00524504
0.00539581
0.00604013
0.00690932
0.00766532
0.00804443
0.00803197
0.00780408
0.00748692
0.0071048
0.00663991
0.00605299
0.00522737
0.00352969
0.00216757
0.00352787
0.00468228
0.00538388
0.00575638
0.00588683
0.00584722
0.00570023
0.00549697
0.00527346
0.00504864
0.00482715
0.00460688
0.00438486
0.00416227
0.00394293
0.00373223
0.00353701
0.0033641
0.00321688
0.00309875
0.00300546
0.00293233
0.00287369
0.00282273
0.002774
0.00272377
0.00267146
0.00262062
0.0025813
0.002568
0.00261252
0.00274379
0.00299492
0.00339104
0.00394663
0.00467311
0.00558416
0.00672207
0.00810709
0.00984372
0.0128195
0.0207572
0.0391499
0.00261174
0.00311864
0.00521853
0.00828789
0.0111739
0.011925
0.0118895
0.0114113
0.0106677
0.00981572
0.00902112
0.0084397
0.0081493
0.00809477
0.00814701
0.00822539
0.00828053
0.00825233
0.00806305
0.00764109
0.00694746
0.00591838
0.00435712
0.00305296
0.00261656
0.00296607
0.00408533
0.00597293
0.00823735
0.0104515
0.0123244
0.0135968
0.0140148
0.0136308
0.0129994
0.012413
0.011647
0.0105927
0.00934145
0.00805519
0.00692199
0.00612312
0.00579091
0.0059425
0.00643796
0.0070873
0.00762639
0.00783781
0.00769127
0.0073284
0.00686921
0.0063262
0.0056502
0.00476725
0.00318224
0.00200904
0.0034048
0.00446186
0.00501948
0.00523099
0.00520322
0.00501937
0.00475117
0.00445629
0.00417292
0.00391853
0.00369492
0.00349717
0.00332172
0.00317049
0.00305205
0.00297512
0.00294555
0.00296303
0.00302195
0.00311489
0.00323092
0.00335861
0.00348786
0.00360962
0.00371591
0.00379935
0.0038538
0.00387539
0.00386263
0.00381734
0.0037434
0.00366045
0.00358797
0.00356499
0.00364242
0.00387881
0.00433033
0.00503772
0.00603498
0.00742862
0.00931916
0.0126982
0.0212356
0.040317
0.00366433
0.00358186
0.00506055
0.00749674
0.0100528
0.010702
0.0106692
0.0102972
0.00974145
0.00914322
0.00863162
0.00828876
0.00811324
0.00803672
0.00798796
0.00793331
0.00783034
0.00760918
0.00719668
0.00654255
0.00562727
0.00440805
0.00301824
0.00230998
0.0022022
0.00258013
0.00365965
0.0055551
0.00786105
0.0101415
0.0121125
0.0134974
0.0139833
0.01359
0.0129457
0.0123567
0.0115745
0.0105193
0.00931204
0.00813292
0.00716843
0.00655496
0.00633293
0.00644263
0.00676368
0.00716894
0.00746832
0.00749249
0.00719961
0.00669531
0.00609581
0.00539554
0.00443614
0.00280254
0.00175664
0.00319792
0.00411715
0.00451442
0.00455923
0.00437495
0.00405546
0.00368054
0.00331592
0.00300206
0.00275271
0.00256767
0.00244445
0.00238425
0.00239013
0.00246149
0.0025925
0.00277479
0.00299636
0.00324378
0.0035049
0.00377001
0.00403055
0.00427873
0.00450758
0.00471075
0.00488219
0.00501583
0.00510581
0.005147
0.00513566
0.00506924
0.0049442
0.0047741
0.00456235
0.0043335
0.00412731
0.0040116
0.00408935
0.00447557
0.00526065
0.00656208
0.00863934
0.0125092
0.0217552
0.0413906
0.0047401
0.00402766
0.00487997
0.0067353
0.00886829
0.00940965
0.00943286
0.00921966
0.00889992
0.00857943
0.00832814
0.00816118
0.0080458
0.00794096
0.0078155
0.00763996
0.00736437
0.00692567
0.00627803
0.00540149
0.00428128
0.00293163
0.00195411
0.00169886
0.00179042
0.00218605
0.00326779
0.00514738
0.00741817
0.00968656
0.0117039
0.0131873
0.013756
0.0133749
0.012752
0.012212
0.0114783
0.0104865
0.00936957
0.0083123
0.00749588
0.00702266
0.00686658
0.00691281
0.0070499
0.00719534
0.00722824
0.00703245
0.00656533
0.00589494
0.00513312
0.00427615
0.00266465
0.00144235
0.00282354
0.00351799
0.00371562
0.00358872
0.0032666
0.00285038
0.00242228
0.00204969
0.00178428
0.00164889
0.00164157
0.00174296
0.00192883
0.00217717
0.00246979
0.00279207
0.00313242
0.00348277
0.00383665
0.00418817
0.00453186
0.00486275
0.00517603
0.00546688
0.00573036
0.00596137
0.00615446
0.00630377
0.00640308
0.00644613
0.00642761
0.00634177
0.00618023
0.00594846
0.0056444
0.00527534
0.00485965
0.00444035
0.0041148
0.00405637
0.0044914
0.00563172
0.00783053
0.0122832
0.0223374
0.0421086
0.00577932
0.0044172
0.0046298
0.00595414
0.00762176
0.00809194
0.0082375
0.00824095
0.00819107
0.00814042
0.00810221
0.00805802
0.00798089
0.00785533
0.00765636
0.00734159
0.00686771
0.00620433
0.00535017
0.0043133
0.00306669
0.00182075
0.00114452
0.00105835
0.00124975
0.00179932
0.00301318
0.00484494
0.00695469
0.00908633
0.0110623
0.0126054
0.0132707
0.0129307
0.0123776
0.0119617
0.0113704
0.0105372
0.00958203
0.00866902
0.00796138
0.00755122
0.00740046
0.00737011
0.00733402
0.00722357
0.00697231
0.00651779
0.00583227
0.0049502
0.00396265
0.00299231
0.0010382
0.00216402
0.00252111
0.00246466
0.00217442
0.00176951
0.00135778
0.00105791
0.000978747
0.00110866
0.00136313
0.00167852
0.00202606
0.00239227
0.0027695
0.00315352
0.00354159
0.00393113
0.00431952
0.0047042
0.00508255
0.00545162
0.00580814
0.00614859
0.00646919
0.00676586
0.00703419
0.00726933
0.00746591
0.00761788
0.0077185
0.00776065
0.00773738
0.00764139
0.00746244
0.00718983
0.0068307
0.00638007
0.00583833
0.00522061
0.0045841
0.00407386
0.00400627
0.00485275
0.00715746
0.0122026
0.0228435
0.0420485
0.00671011
0.00470353
0.00426865
0.00513129
0.0063385
0.00683306
0.00716773
0.00743111
0.00765557
0.00784219
0.00797226
0.00802247
0.00797593
0.00781713
0.00751827
0.00704292
0.00637998
0.0055516
0.00460417
0.00357167
0.00253717
0.00173657
0.00125953
0.00108263
0.00132005
0.00206595
0.003297
0.00485619
0.00657231
0.00837164
0.0101557
0.0116763
0.0124414
0.012182
0.0117654
0.0115787
0.0112615
0.0107234
0.0100446
0.00933671
0.00871794
0.00827527
0.00801617
0.00785043
0.00765519
0.00731587
0.00678833
0.00604872
0.00508813
0.00391725
0.00254832
0.000949251
0.00114727
0.00100653
0.00086005
0.000870334
0.00104918
0.00132141
0.00162651
0.00194106
0.00226038
0.00258575
0.00291816
0.0032585
0.00360724
0.00396363
0.00432614
0.00469312
0.0050629
0.00543369
0.00580354
0.00617031
0.00653162
0.00688479
0.00722676
0.00755417
0.00786335
0.0081503
0.00841064
0.00863952
0.00883151
0.00898048
0.00907967
0.00912186
0.00909946
0.00900377
0.0088244
0.00854916
0.00816737
0.00767654
0.00708149
0.00638621
0.00561596
0.00486218
0.00437824
0.004774
0.00699483
0.0123254
0.0229406
0.0409956
0.00743973
0.00481959
0.00375144
0.00426495
0.00512912
0.00576054
0.00634476
0.00688847
0.00737147
0.00776487
0.00804056
0.00817471
0.00814466
0.00792623
0.00750155
0.00690637
0.00622205
0.00548342
0.00473559
0.00404007
0.00349769
0.00318752
0.00307127
0.00310079
0.00332171
0.00380005
0.00453867
0.00548689
0.00658435
0.00777314
0.00900562
0.0103161
0.011152
0.0110277
0.0108422
0.0110288
0.0111592
0.0110943
0.010857
0.010489
0.0100427
0.00957438
0.00912427
0.00869981
0.00828612
0.00776141
0.0070305
0.00610253
0.00501907
0.00386913
0.00282523
0.00224418
0.00259321
0.00300439
0.0033239
0.00358636
0.00381829
0.00403324
0.00424037
0.00444786
0.00466261
0.0048895
0.00513107
0.00538808
0.00566002
0.00594537
0.00624207
0.00654788
0.00686064
0.00717823
0.00749856
0.00781941
0.00813842
0.00845295
0.00876006
0.00905655
0.00933894
0.00960342
0.00984581
0.0100614
0.010245
0.0103905
0.0104917
0.0105416
0.0105331
0.0104583
0.0103075
0.0100703
0.00973823
0.00930506
0.00876256
0.00811801
0.00740777
0.00671858
0.00623282
0.00634552
0.00801371
0.0127371
0.0224175
0.0388158
0.00779967
0.00474494
0.00329422
0.0034853
0.00423871
0.00509153
0.00595868
0.00677737
0.00750171
0.00809963
0.00855111
0.00884575
0.00898123
0.00896508
0.00881823
0.0085493
0.00815546
0.00768926
0.00720686
0.0067732
0.0064413
0.00625228
0.00621196
0.00628919
0.00644136
0.00663054
0.00683156
0.00703916
0.00727159
0.00756907
0.00798221
0.00856732
0.00928073
0.00936151
0.00954313
0.0102845
0.0110579
0.0116568
0.0120507
0.0122265
0.0121874
0.011951
0.0115511
0.0110207
0.01039
0.00980239
0.00915083
0.0084586
0.0078202
0.00733393
0.00706363
0.00702358
0.00711538
0.00725338
0.00737311
0.00746925
0.0075454
0.00760906
0.0076693
0.00773546
0.00781578
0.00791622
0.00804001
0.00818786
0.00835853
0.00854953
0.00875781
0.0089803
0.00921423
0.00945713
0.00970679
0.00996114
0.010218
0.0104751
0.0107299
0.0109796
0.0112214
0.0114518
0.0116675
0.0118646
0.0120387
0.0121855
0.0123002
0.0123782
0.0124153
0.012407
0.0123479
0.0122327
0.0120575
0.0118209
0.0115221
0.0111692
0.0107747
0.0103623
0.0101117
0.0101122
0.0108626
0.0137383
0.0211763
0.0352148
0.0074134
0.00466845
0.00362801
0.0038032
0.00454686
0.00552539
0.00656247
0.00756033
0.00846217
0.00923599
0.0098659
0.0103473
0.0106848
0.0108918
0.0109895
0.0110027
0.010957
0.0108756
0.0107701
0.010655
0.010559
0.0104968
0.0104632
0.0104321
0.0103608
0.0102
0.00990295
0.00943766
0.00880334
0.00805038
0.00730784
0.00681903
0.0068511
0.00715657
0.00787703
0.00933124
0.0108803
0.0122599
0.0134147
0.0143056
0.0149126
0.0152364
0.0152967
0.0151314
0.0147749
0.0142789
0.013833
0.0134101
0.0130463
0.0127664
0.0125811
0.0124891
0.0124655
0.0124666
0.0124766
0.012479
0.0124704
0.0124516
0.0124267
0.0124018
0.0123836
0.0123782
0.0123905
0.0124233
0.012478
0.0125543
0.0126506
0.0127651
0.0128955
0.0130396
0.0131953
0.0133607
0.0135338
0.0137131
0.0138968
0.0140832
0.0142706
0.0144569
0.0146404
0.014819
0.0149908
0.015154
0.0153071
0.0154495
0.0155809
0.015701
0.0158093
0.015905
0.015988
0.0160586
0.0161144
0.0161471
0.0161478
0.0160889
0.015981
0.015852
0.015627
0.0159114
0.0193691
0.0298117
0.00591082
0.00453194
0.00499399
0.00580788
0.00668541
0.00766341
0.00870346
0.00973752
0.0107104
0.0115868
0.0123464
0.0129809
0.0134915
0.0138878
0.0141849
0.0144009
0.0145544
0.0146619
0.0147396
0.0148015
0.0148438
0.014856
0.0148118
0.014669
0.0143759
0.0138778
0.0131254
0.0120838
0.0107416
0.00912322
0.0073128
0.00552143
0.00440676
0.00457542
0.00598312
0.00805451
0.0102585
0.0123161
0.0141704
0.0157672
0.0170686
0.018056
0.0187313
0.0191139
0.019237
0.0191415
0.0188909
0.0186048
0.0183304
0.0181007
0.0179348
0.017839
0.0177918
0.017795
0.0178303
0.0178796
0.0179302
0.0179742
0.0180083
0.0180324
0.0180491
0.0180626
0.0180773
0.0180974
0.0181264
0.0181667
0.0182198
0.018286
0.0183652
0.0184566
0.0185593
0.018672
0.0187938
0.0189238
0.0190613
0.0192059
0.0193573
0.0195153
0.0196799
0.0198514
0.0200304
0.0202183
0.0204173
0.0206302
0.0208605
0.0211111
0.0213843
0.0216819
0.0220059
0.0223543
0.0227142
0.0230556
0.0233344
0.023492
0.0234152
0.0229606
0.0217755
0.0195196
0.0176034
0.0222001
0.00486057
0.00584609
0.00752533
0.00884038
0.00988197
0.0108616
0.0118407
0.0127961
0.0136917
0.0144997
0.0152011
0.0157853
0.0162504
0.0166019
0.0168519
0.0170159
0.0171104
0.0171515
0.0171497
0.0171078
0.0170242
0.0168864
0.0166674
0.0163284
0.0158224
0.0151001
0.0141165
0.0128371
0.0112442
0.00934314
0.00716965
0.00480941
0.00267878
0.00201956
0.0038004
0.00565911
0.00787088
0.0100243
0.0120147
0.0137735
0.0152585
0.0164496
0.0173469
0.017967
0.0183402
0.0185074
0.0185192
0.0184354
0.0183141
0.0182066
0.0181525
0.0181722
0.0182627
0.0184058
0.0185811
0.0187716
0.0189645
0.0191514
0.0193277
0.0194925
0.0196472
0.019795
0.0199399
0.0200859
0.0202367
0.020395
0.0205628
0.0207411
0.0209304
0.0211304
0.0213407
0.0215606
0.0217896
0.0220271
0.0222731
0.0225274
0.0227905
0.0230628
0.0233456
0.0236402
0.0239493
0.0242762
0.0246256
0.0250031
0.025415
0.0258678
0.0263678
0.0269207
0.0275298
0.0281922
0.0288908
0.0295893
0.0302247
0.0306962
0.030849
0.0304548
0.0289956
0.0255663
0.0201184
0.0169
)
;

boundaryField
{
    floor
    {
        type            calculated;
        value           uniform 0;
    }
    ceiling
    {
        type            calculated;
        value           uniform 0;
    }
    fixedWalls
    {
        type            calculated;
        value           uniform 0;
    }
    frontAndBack
    {
        type            empty;
    }
}


// ************************************************************************* //
