/*--------------------------------*- C++ -*----------------------------------*\
| =========                 |                                                 |
| \\      /  F ield         | OpenFOAM: The Open Source CFD Toolbox           |
|  \\    /   O peration     | Version:  4.1                                   |
|   \\  /    A nd           | Web:      www.OpenFOAM.org                      |
|    \\/     M anipulation  |                                                 |
\*---------------------------------------------------------------------------*/
FoamFile
{
    version     2.0;
    format      ascii;
    class       volScalarField;
    location    "500";
    object      p;
}
// * * * * * * * * * * * * * * * * * * * * * * * * * * * * * * * * * * * * * //

dimensions      [0 2 -2 0 0 0 0];

internalField   nonuniform List<scalar> 
5000
(
0
-8.78842e-06
-1.85025e-05
-2.53001e-05
-3.0447e-05
-3.50655e-05
-3.90751e-05
-4.21796e-05
-4.42255e-05
-4.51924e-05
-4.5126e-05
-4.40563e-05
-4.19844e-05
-3.89627e-05
-3.51403e-05
-3.07425e-05
-2.60376e-05
-2.13189e-05
-1.68969e-05
-1.30868e-05
-1.0191e-05
-8.4797e-06
-8.16132e-06
-9.34191e-06
-1.20662e-05
-1.64953e-05
-2.25096e-05
-3.07874e-05
-4.24832e-05
-5.74173e-05
-7.45889e-05
-9.27066e-05
-0.000110564
-0.000127244
-0.000142172
-0.000155074
-0.000165902
-0.000174751
-0.000181795
-0.00018724
-0.000191289
-0.000194132
-0.000195876
-0.000196624
-0.000196449
-0.000195408
-0.00019354
-0.000190889
-0.000187516
-0.000183523
-0.000179048
-0.000174258
-0.000169353
-0.000164397
-0.000159025
-0.000152271
-0.000142877
-0.000130281
-0.000133655
-0.000144313
-0.000156682
-0.000164115
-0.000168994
-0.00017243
-0.000174901
-0.00017659
-0.000177521
-0.00017765
-0.000176915
-0.000175254
-0.000172619
-0.000168985
-0.000164362
-0.0001588
-0.000152388
-0.000145241
-0.00013748
-0.00012922
-0.00012056
-0.000111577
-0.000102328
-9.28475e-05
-8.31586e-05
-7.32821e-05
-6.3254e-05
-5.31445e-05
-4.30706e-05
-3.31919e-05
-2.37066e-05
-1.48707e-05
-7.02047e-06
-5.42608e-07
4.49633e-06
7.95319e-06
9.46968e-06
9.17813e-06
7.59014e-06
4.66294e-06
2.94809e-08
-1.25341e-06
-0.0984377
-0.0984467
-0.0984579
-0.0984685
-0.0984778
-0.098486
-0.0984935
-0.0984999
-0.0985052
-0.0985092
-0.098512
-0.0985135
-0.0985136
-0.0985125
-0.0985103
-0.0985074
-0.098504
-0.0985003
-0.0984969
-0.098494
-0.0984919
-0.0984909
-0.0984913
-0.0984932
-0.0984968
-0.098502
-0.0985091
-0.098519
-0.0985319
-0.0985475
-0.0985647
-0.0985824
-0.0985995
-0.0986152
-0.098629
-0.0986408
-0.0986505
-0.0986582
-0.0986642
-0.0986685
-0.0986715
-0.0986734
-0.0986741
-0.0986739
-0.0986729
-0.0986711
-0.0986685
-0.0986652
-0.0986612
-0.0986567
-0.0986517
-0.0986463
-0.0986404
-0.0986338
-0.0986258
-0.0986151
-0.0986
-0.098577
-0.0985689
-0.0985808
-0.0985932
-0.0986026
-0.09861
-0.0986162
-0.0986214
-0.0986257
-0.0986292
-0.0986317
-0.0986331
-0.0986334
-0.0986326
-0.0986306
-0.0986274
-0.098623
-0.0986177
-0.0986115
-0.0986046
-0.0985971
-0.0985892
-0.0985809
-0.0985724
-0.0985636
-0.0985545
-0.0985453
-0.0985359
-0.0985264
-0.0985169
-0.0985075
-0.0984985
-0.0984899
-0.0984823
-0.0984757
-0.0984702
-0.0984659
-0.0984629
-0.0984613
-0.0984606
-0.0984604
-0.0984603
-0.0984568
-0.196905
-0.196922
-0.196938
-0.196953
-0.196966
-0.196976
-0.196986
-0.196994
-0.197
-0.197005
-0.197009
-0.197011
-0.197011
-0.19701
-0.197008
-0.197005
-0.197002
-0.196998
-0.196995
-0.196992
-0.19699
-0.19699
-0.19699
-0.196993
-0.196997
-0.197002
-0.19701
-0.197021
-0.197035
-0.197051
-0.197068
-0.197086
-0.197102
-0.197117
-0.19713
-0.197141
-0.19715
-0.197157
-0.197162
-0.197166
-0.197168
-0.19717
-0.19717
-0.19717
-0.197168
-0.197166
-0.197163
-0.19716
-0.197156
-0.197151
-0.197146
-0.19714
-0.197134
-0.197126
-0.197117
-0.197104
-0.197086
-0.19706
-0.197053
-0.197066
-0.197078
-0.197088
-0.197097
-0.197105
-0.197111
-0.197117
-0.197122
-0.197126
-0.197128
-0.197129
-0.197129
-0.197127
-0.197124
-0.197119
-0.197114
-0.197108
-0.197101
-0.197093
-0.197085
-0.197077
-0.197069
-0.19706
-0.197051
-0.197042
-0.197033
-0.197024
-0.197014
-0.197005
-0.196996
-0.196988
-0.19698
-0.196973
-0.196967
-0.196963
-0.196959
-0.196957
-0.196955
-0.196954
-0.196951
-0.196945
-0.295397
-0.295416
-0.295434
-0.29545
-0.295463
-0.295475
-0.295484
-0.295493
-0.2955
-0.295505
-0.295508
-0.29551
-0.29551
-0.295509
-0.295507
-0.295504
-0.295501
-0.295497
-0.295494
-0.295492
-0.29549
-0.29549
-0.295491
-0.295494
-0.295498
-0.295505
-0.295514
-0.295526
-0.295541
-0.295558
-0.295575
-0.295592
-0.295608
-0.295622
-0.295634
-0.295643
-0.295651
-0.295656
-0.295661
-0.295664
-0.295665
-0.295666
-0.295667
-0.295666
-0.295664
-0.295662
-0.295659
-0.295655
-0.295651
-0.295646
-0.29564
-0.295634
-0.295628
-0.295621
-0.295612
-0.295599
-0.295584
-0.295562
-0.295558
-0.295568
-0.295577
-0.295586
-0.295594
-0.295601
-0.295608
-0.295614
-0.29562
-0.295623
-0.295626
-0.295627
-0.295627
-0.295625
-0.295621
-0.295617
-0.295611
-0.295604
-0.295597
-0.29559
-0.295582
-0.295574
-0.295565
-0.295557
-0.295548
-0.295539
-0.29553
-0.295521
-0.295512
-0.295503
-0.295495
-0.295486
-0.295478
-0.295471
-0.295465
-0.29546
-0.295456
-0.295453
-0.29545
-0.295448
-0.295445
-0.295439
-0.393903
-0.39392
-0.393937
-0.393952
-0.393964
-0.393976
-0.393986
-0.393994
-0.394
-0.394005
-0.394009
-0.39401
-0.39401
-0.394009
-0.394007
-0.394004
-0.394001
-0.393998
-0.393995
-0.393992
-0.393991
-0.393991
-0.393993
-0.393996
-0.394002
-0.394009
-0.39402
-0.394034
-0.39405
-0.394068
-0.394085
-0.394102
-0.394116
-0.394129
-0.394139
-0.394146
-0.394152
-0.394156
-0.394159
-0.394161
-0.394162
-0.394163
-0.394163
-0.394162
-0.39416
-0.394158
-0.394155
-0.394151
-0.394146
-0.394141
-0.394135
-0.394129
-0.394122
-0.394116
-0.394108
-0.394097
-0.394085
-0.394068
-0.394068
-0.394076
-0.394081
-0.394088
-0.394094
-0.394101
-0.394108
-0.394113
-0.394118
-0.394122
-0.394125
-0.394126
-0.394125
-0.394123
-0.394119
-0.394114
-0.394108
-0.394101
-0.394094
-0.394086
-0.394078
-0.39407
-0.394061
-0.394053
-0.394045
-0.394036
-0.394028
-0.394019
-0.39401
-0.394002
-0.393993
-0.393985
-0.393977
-0.39397
-0.393963
-0.393957
-0.393953
-0.393949
-0.393946
-0.393943
-0.393939
-0.393933
-0.492414
-0.492429
-0.492443
-0.492456
-0.492468
-0.492479
-0.492488
-0.492496
-0.492503
-0.492507
-0.49251
-0.492511
-0.492511
-0.49251
-0.492508
-0.492505
-0.492502
-0.492499
-0.492496
-0.492494
-0.492493
-0.492494
-0.492496
-0.4925
-0.492507
-0.492516
-0.492529
-0.492544
-0.492562
-0.49258
-0.492598
-0.492613
-0.492626
-0.492636
-0.492644
-0.49265
-0.492653
-0.492656
-0.492657
-0.492658
-0.492658
-0.492658
-0.492658
-0.492657
-0.492655
-0.492653
-0.49265
-0.492646
-0.492641
-0.492636
-0.49263
-0.492624
-0.492618
-0.492611
-0.492604
-0.492595
-0.492586
-0.492574
-0.492578
-0.492585
-0.492587
-0.492591
-0.492596
-0.492602
-0.492608
-0.492613
-0.492618
-0.492622
-0.492624
-0.492625
-0.492624
-0.492621
-0.492617
-0.492611
-0.492605
-0.492597
-0.49259
-0.492582
-0.492574
-0.492565
-0.492557
-0.492549
-0.492541
-0.492533
-0.492525
-0.492517
-0.492508
-0.4925
-0.492492
-0.492484
-0.492476
-0.492469
-0.492462
-0.492455
-0.49245
-0.492446
-0.492442
-0.492438
-0.492434
-0.492428
-0.590927
-0.590939
-0.590951
-0.590963
-0.590974
-0.590984
-0.590993
-0.591
-0.591006
-0.59101
-0.591013
-0.591014
-0.591013
-0.591012
-0.59101
-0.591007
-0.591004
-0.591001
-0.590998
-0.590996
-0.590996
-0.590997
-0.591001
-0.591006
-0.591013
-0.591024
-0.591039
-0.591057
-0.591076
-0.591094
-0.591111
-0.591125
-0.591136
-0.591143
-0.591149
-0.591151
-0.591153
-0.591153
-0.591153
-0.591152
-0.591152
-0.591152
-0.591151
-0.59115
-0.591149
-0.591147
-0.591145
-0.591141
-0.591136
-0.591131
-0.591125
-0.591119
-0.591113
-0.591107
-0.5911
-0.591093
-0.591086
-0.591077
-0.591084
-0.591095
-0.591093
-0.591095
-0.591099
-0.591103
-0.591108
-0.591114
-0.591118
-0.591122
-0.591124
-0.591124
-0.591123
-0.59112
-0.591115
-0.591109
-0.591101
-0.591094
-0.591085
-0.591077
-0.591069
-0.591061
-0.591053
-0.591045
-0.591037
-0.591029
-0.591021
-0.591014
-0.591006
-0.590998
-0.59099
-0.590982
-0.590975
-0.590968
-0.59096
-0.590954
-0.590948
-0.590943
-0.590939
-0.590934
-0.59093
-0.590923
-0.689441
-0.689451
-0.689461
-0.689472
-0.689482
-0.689491
-0.689499
-0.689505
-0.689511
-0.689514
-0.689516
-0.689517
-0.689517
-0.689515
-0.689513
-0.68951
-0.689506
-0.689503
-0.689501
-0.6895
-0.689499
-0.689501
-0.689506
-0.689512
-0.689521
-0.689534
-0.689551
-0.689571
-0.689591
-0.689609
-0.689624
-0.689636
-0.689644
-0.689649
-0.689651
-0.689651
-0.68965
-0.689648
-0.689646
-0.689644
-0.689643
-0.689642
-0.689642
-0.689642
-0.689641
-0.68964
-0.689638
-0.689635
-0.68963
-0.689625
-0.68962
-0.689614
-0.689608
-0.689602
-0.689596
-0.68959
-0.689584
-0.689579
-0.689586
-0.689601
-0.689597
-0.689598
-0.689601
-0.689605
-0.689609
-0.689614
-0.689618
-0.689622
-0.689624
-0.689624
-0.689622
-0.689619
-0.689613
-0.689606
-0.689598
-0.68959
-0.689581
-0.689572
-0.689564
-0.689555
-0.689547
-0.68954
-0.689532
-0.689525
-0.689517
-0.68951
-0.689503
-0.689495
-0.689488
-0.689481
-0.689473
-0.689466
-0.689459
-0.689453
-0.689447
-0.689442
-0.689437
-0.689432
-0.689427
-0.68942
-0.787956
-0.787964
-0.787973
-0.787982
-0.787991
-0.787999
-0.788006
-0.788012
-0.788016
-0.78802
-0.788021
-0.788022
-0.788021
-0.788019
-0.788016
-0.788013
-0.78801
-0.788007
-0.788005
-0.788003
-0.788004
-0.788006
-0.788012
-0.788019
-0.78803
-0.788045
-0.788065
-0.788086
-0.788106
-0.788123
-0.788136
-0.788145
-0.788149
-0.78815
-0.788149
-0.788147
-0.788143
-0.788139
-0.788136
-0.788133
-0.788131
-0.78813
-0.78813
-0.78813
-0.788131
-0.788131
-0.788129
-0.788127
-0.788123
-0.788119
-0.788114
-0.788108
-0.788103
-0.788097
-0.788092
-0.788086
-0.788081
-0.788078
-0.788085
-0.7881
-0.7881
-0.7881
-0.788102
-0.788105
-0.78811
-0.788115
-0.788119
-0.788123
-0.788125
-0.788124
-0.788122
-0.788118
-0.788112
-0.788104
-0.788095
-0.788086
-0.788076
-0.788067
-0.788058
-0.78805
-0.788041
-0.788034
-0.788026
-0.788019
-0.788012
-0.788006
-0.787999
-0.787992
-0.787985
-0.787978
-0.787972
-0.787965
-0.787959
-0.787952
-0.787946
-0.787941
-0.787937
-0.787931
-0.787926
-0.78792
-0.886471
-0.886478
-0.886485
-0.886493
-0.886501
-0.886508
-0.886514
-0.886519
-0.886523
-0.886526
-0.886527
-0.886527
-0.886526
-0.886524
-0.886521
-0.886518
-0.886514
-0.886511
-0.886509
-0.886508
-0.886509
-0.886512
-0.886518
-0.886527
-0.886539
-0.886556
-0.886578
-0.8866
-0.886619
-0.886634
-0.886644
-0.886648
-0.886649
-0.886647
-0.886644
-0.886639
-0.886633
-0.886628
-0.886623
-0.88662
-0.886617
-0.886615
-0.886615
-0.886616
-0.886617
-0.886619
-0.886619
-0.886617
-0.886615
-0.886612
-0.886607
-0.886602
-0.886597
-0.886592
-0.886587
-0.886581
-0.886577
-0.886575
-0.886582
-0.886596
-0.886601
-0.886599
-0.886602
-0.886605
-0.88661
-0.886615
-0.88662
-0.886624
-0.886626
-0.886625
-0.886623
-0.886618
-0.88661
-0.886602
-0.886592
-0.886581
-0.886571
-0.886561
-0.886552
-0.886543
-0.886535
-0.886528
-0.88652
-0.886513
-0.886507
-0.8865
-0.886494
-0.886488
-0.886482
-0.886476
-0.88647
-0.886464
-0.886458
-0.886452
-0.886447
-0.886443
-0.886438
-0.886433
-0.886427
-0.886421
-0.984987
-0.984993
-0.984999
-0.985005
-0.985012
-0.985018
-0.985023
-0.985028
-0.985031
-0.985033
-0.985034
-0.985034
-0.985032
-0.98503
-0.985026
-0.985023
-0.985019
-0.985016
-0.985014
-0.985013
-0.985014
-0.985017
-0.985024
-0.985034
-0.985048
-0.985067
-0.98509
-0.985111
-0.985129
-0.98514
-0.985145
-0.985145
-0.985143
-0.985138
-0.985133
-0.985127
-0.985121
-0.985115
-0.98511
-0.985106
-0.985103
-0.985101
-0.9851
-0.985101
-0.985103
-0.985105
-0.985106
-0.985107
-0.985105
-0.985103
-0.9851
-0.985096
-0.985091
-0.985086
-0.985081
-0.985076
-0.985073
-0.985071
-0.985078
-0.98509
-0.985098
-0.985098
-0.9851
-0.985104
-0.98511
-0.985115
-0.98512
-0.985124
-0.985126
-0.985126
-0.985123
-0.985117
-0.985109
-0.985099
-0.985088
-0.985077
-0.985066
-0.985056
-0.985046
-0.985037
-0.985029
-0.985021
-0.985014
-0.985007
-0.985001
-0.984995
-0.984989
-0.984983
-0.984978
-0.984972
-0.984967
-0.984962
-0.984957
-0.984952
-0.984948
-0.984945
-0.984942
-0.984937
-0.984931
-0.984925
-1.0835
-1.08351
-1.08351
-1.08352
-1.08352
-1.08353
-1.08353
-1.08354
-1.08354
-1.08354
-1.08354
-1.08354
-1.08354
-1.08354
-1.08353
-1.08353
-1.08352
-1.08352
-1.08352
-1.08352
-1.08352
-1.08352
-1.08353
-1.08354
-1.08356
-1.08358
-1.0836
-1.08362
-1.08363
-1.08364
-1.08364
-1.08363
-1.08363
-1.08363
-1.08362
-1.08361
-1.08361
-1.0836
-1.0836
-1.08359
-1.08359
-1.08359
-1.08359
-1.08359
-1.08359
-1.08359
-1.08359
-1.0836
-1.0836
-1.08359
-1.08359
-1.08359
-1.08358
-1.08358
-1.08358
-1.08357
-1.08357
-1.08357
-1.08357
-1.08358
-1.08359
-1.0836
-1.0836
-1.0836
-1.08361
-1.08361
-1.08362
-1.08362
-1.08363
-1.08363
-1.08362
-1.08362
-1.08361
-1.0836
-1.08358
-1.08357
-1.08356
-1.08355
-1.08354
-1.08353
-1.08352
-1.08351
-1.08351
-1.0835
-1.08349
-1.08349
-1.08348
-1.08348
-1.08347
-1.08347
-1.08346
-1.08346
-1.08346
-1.08345
-1.08345
-1.08345
-1.08345
-1.08344
-1.08344
-1.08343
-1.18202
-1.18202
-1.18203
-1.18203
-1.18204
-1.18204
-1.18204
-1.18205
-1.18205
-1.18205
-1.18205
-1.18205
-1.18205
-1.18204
-1.18204
-1.18204
-1.18203
-1.18203
-1.18202
-1.18202
-1.18202
-1.18203
-1.18204
-1.18205
-1.18206
-1.18208
-1.1821
-1.18212
-1.18213
-1.18213
-1.18212
-1.18212
-1.18212
-1.18211
-1.18211
-1.1821
-1.1821
-1.18209
-1.18209
-1.18208
-1.18208
-1.18208
-1.18208
-1.18208
-1.18208
-1.18208
-1.18208
-1.18208
-1.18209
-1.18209
-1.18208
-1.18208
-1.18208
-1.18207
-1.18207
-1.18207
-1.18206
-1.18206
-1.18207
-1.18208
-1.18209
-1.18209
-1.18209
-1.1821
-1.18211
-1.18211
-1.18212
-1.18212
-1.18213
-1.18213
-1.18212
-1.18211
-1.1821
-1.18209
-1.18208
-1.18207
-1.18205
-1.18204
-1.18203
-1.18202
-1.18201
-1.18201
-1.182
-1.18199
-1.18199
-1.18198
-1.18198
-1.18197
-1.18197
-1.18196
-1.18196
-1.18196
-1.18195
-1.18195
-1.18195
-1.18195
-1.18195
-1.18195
-1.18194
-1.18194
-1.28053
-1.28054
-1.28054
-1.28054
-1.28055
-1.28055
-1.28056
-1.28056
-1.28056
-1.28056
-1.28056
-1.28056
-1.28056
-1.28055
-1.28055
-1.28054
-1.28054
-1.28053
-1.28053
-1.28053
-1.28053
-1.28053
-1.28054
-1.28055
-1.28057
-1.28058
-1.2806
-1.28061
-1.28061
-1.28061
-1.28061
-1.2806
-1.2806
-1.2806
-1.28059
-1.28059
-1.28059
-1.28058
-1.28058
-1.28058
-1.28057
-1.28057
-1.28057
-1.28057
-1.28057
-1.28057
-1.28057
-1.28058
-1.28058
-1.28058
-1.28058
-1.28057
-1.28057
-1.28057
-1.28057
-1.28056
-1.28056
-1.28056
-1.28056
-1.28057
-1.28058
-1.28059
-1.28059
-1.2806
-1.2806
-1.28061
-1.28061
-1.28062
-1.28062
-1.28062
-1.28062
-1.28061
-1.2806
-1.28059
-1.28057
-1.28056
-1.28055
-1.28054
-1.28052
-1.28051
-1.28051
-1.2805
-1.28049
-1.28048
-1.28048
-1.28047
-1.28047
-1.28046
-1.28046
-1.28046
-1.28045
-1.28045
-1.28045
-1.28045
-1.28045
-1.28046
-1.28046
-1.28045
-1.28045
-1.28044
-1.37904
-1.37905
-1.37905
-1.37906
-1.37906
-1.37907
-1.37907
-1.37907
-1.37907
-1.37907
-1.37907
-1.37907
-1.37907
-1.37906
-1.37906
-1.37905
-1.37905
-1.37904
-1.37904
-1.37903
-1.37903
-1.37904
-1.37904
-1.37905
-1.37907
-1.37908
-1.37909
-1.37909
-1.37909
-1.37909
-1.37909
-1.37909
-1.37908
-1.37908
-1.37908
-1.37908
-1.37908
-1.37907
-1.37907
-1.37907
-1.37907
-1.37906
-1.37906
-1.37906
-1.37906
-1.37906
-1.37907
-1.37907
-1.37907
-1.37907
-1.37907
-1.37907
-1.37907
-1.37906
-1.37906
-1.37906
-1.37906
-1.37905
-1.37906
-1.37907
-1.37907
-1.37908
-1.37908
-1.37909
-1.37909
-1.3791
-1.37911
-1.37911
-1.37911
-1.37911
-1.37911
-1.3791
-1.37909
-1.37908
-1.37907
-1.37905
-1.37904
-1.37903
-1.37902
-1.37901
-1.379
-1.37899
-1.37898
-1.37898
-1.37897
-1.37897
-1.37896
-1.37896
-1.37895
-1.37895
-1.37895
-1.37895
-1.37895
-1.37895
-1.37895
-1.37896
-1.37896
-1.37896
-1.37895
-1.37895
-1.47755
-1.47756
-1.47756
-1.47757
-1.47757
-1.47758
-1.47758
-1.47758
-1.47759
-1.47759
-1.47759
-1.47759
-1.47758
-1.47758
-1.47757
-1.47756
-1.47755
-1.47755
-1.47754
-1.47754
-1.47754
-1.47754
-1.47754
-1.47755
-1.47756
-1.47757
-1.47758
-1.47758
-1.47758
-1.47757
-1.47757
-1.47757
-1.47757
-1.47757
-1.47757
-1.47757
-1.47757
-1.47756
-1.47756
-1.47756
-1.47756
-1.47756
-1.47755
-1.47755
-1.47755
-1.47756
-1.47756
-1.47756
-1.47756
-1.47756
-1.47756
-1.47756
-1.47756
-1.47756
-1.47756
-1.47755
-1.47755
-1.47755
-1.47755
-1.47756
-1.47757
-1.47757
-1.47758
-1.47758
-1.47759
-1.47759
-1.4776
-1.4776
-1.4776
-1.4776
-1.4776
-1.47759
-1.47758
-1.47757
-1.47756
-1.47754
-1.47753
-1.47752
-1.47751
-1.4775
-1.47749
-1.47748
-1.47747
-1.47747
-1.47746
-1.47746
-1.47745
-1.47745
-1.47745
-1.47744
-1.47744
-1.47744
-1.47744
-1.47744
-1.47745
-1.47745
-1.47746
-1.47746
-1.47745
-1.47745
-1.57606
-1.57606
-1.57607
-1.57608
-1.57608
-1.57609
-1.57609
-1.5761
-1.5761
-1.5761
-1.5761
-1.5761
-1.5761
-1.57609
-1.57608
-1.57607
-1.57606
-1.57605
-1.57605
-1.57604
-1.57604
-1.57604
-1.57604
-1.57605
-1.57605
-1.57606
-1.57606
-1.57606
-1.57606
-1.57605
-1.57605
-1.57605
-1.57605
-1.57605
-1.57605
-1.57605
-1.57605
-1.57605
-1.57605
-1.57605
-1.57605
-1.57605
-1.57605
-1.57604
-1.57604
-1.57605
-1.57605
-1.57605
-1.57606
-1.57606
-1.57606
-1.57606
-1.57605
-1.57605
-1.57605
-1.57605
-1.57605
-1.57605
-1.57605
-1.57605
-1.57606
-1.57606
-1.57607
-1.57607
-1.57608
-1.57608
-1.57608
-1.57609
-1.57609
-1.57609
-1.57608
-1.57608
-1.57607
-1.57606
-1.57604
-1.57603
-1.57602
-1.57601
-1.576
-1.57599
-1.57598
-1.57597
-1.57596
-1.57596
-1.57595
-1.57595
-1.57594
-1.57594
-1.57594
-1.57594
-1.57593
-1.57593
-1.57593
-1.57594
-1.57594
-1.57595
-1.57595
-1.57595
-1.57595
-1.57595
-1.67456
-1.67456
-1.67457
-1.67459
-1.67459
-1.6746
-1.6746
-1.67461
-1.67461
-1.67461
-1.67462
-1.67462
-1.67461
-1.6746
-1.6746
-1.67458
-1.67457
-1.67456
-1.67455
-1.67454
-1.67454
-1.67454
-1.67454
-1.67454
-1.67454
-1.67454
-1.67454
-1.67454
-1.67454
-1.67454
-1.67453
-1.67453
-1.67453
-1.67454
-1.67454
-1.67454
-1.67454
-1.67454
-1.67454
-1.67454
-1.67454
-1.67454
-1.67454
-1.67454
-1.67454
-1.67454
-1.67454
-1.67455
-1.67455
-1.67455
-1.67455
-1.67455
-1.67455
-1.67455
-1.67455
-1.67454
-1.67454
-1.67454
-1.67454
-1.67454
-1.67455
-1.67455
-1.67456
-1.67456
-1.67456
-1.67457
-1.67457
-1.67457
-1.67457
-1.67457
-1.67457
-1.67456
-1.67455
-1.67454
-1.67453
-1.67452
-1.67451
-1.6745
-1.67449
-1.67448
-1.67447
-1.67446
-1.67445
-1.67445
-1.67444
-1.67444
-1.67444
-1.67443
-1.67443
-1.67443
-1.67443
-1.67443
-1.67443
-1.67443
-1.67443
-1.67444
-1.67445
-1.67445
-1.67444
-1.67444
-1.77306
-1.77306
-1.77307
-1.77309
-1.7731
-1.77311
-1.77311
-1.77312
-1.77313
-1.77313
-1.77313
-1.77313
-1.77313
-1.77312
-1.77311
-1.7731
-1.77308
-1.77307
-1.77306
-1.77305
-1.77304
-1.77303
-1.77303
-1.77303
-1.77303
-1.77303
-1.77303
-1.77302
-1.77302
-1.77302
-1.77301
-1.77301
-1.77302
-1.77302
-1.77302
-1.77302
-1.77302
-1.77302
-1.77303
-1.77303
-1.77303
-1.77303
-1.77302
-1.77302
-1.77302
-1.77303
-1.77303
-1.77304
-1.77304
-1.77304
-1.77304
-1.77304
-1.77304
-1.77304
-1.77304
-1.77304
-1.77304
-1.77304
-1.77304
-1.77304
-1.77304
-1.77304
-1.77305
-1.77305
-1.77305
-1.77305
-1.77305
-1.77305
-1.77305
-1.77305
-1.77305
-1.77304
-1.77304
-1.77303
-1.77302
-1.773
-1.77299
-1.77298
-1.77297
-1.77297
-1.77296
-1.77295
-1.77294
-1.77294
-1.77293
-1.77293
-1.77293
-1.77292
-1.77292
-1.77292
-1.77292
-1.77292
-1.77292
-1.77292
-1.77292
-1.77293
-1.77294
-1.77294
-1.77293
-1.77293
-1.87155
-1.87155
-1.87157
-1.87158
-1.8716
-1.87161
-1.87162
-1.87163
-1.87164
-1.87164
-1.87165
-1.87165
-1.87164
-1.87163
-1.87162
-1.87161
-1.87159
-1.87157
-1.87156
-1.87155
-1.87154
-1.87153
-1.87152
-1.87152
-1.87151
-1.87151
-1.87151
-1.8715
-1.8715
-1.8715
-1.87149
-1.87149
-1.87149
-1.8715
-1.8715
-1.8715
-1.8715
-1.87151
-1.87151
-1.87151
-1.87151
-1.87151
-1.87151
-1.87151
-1.87151
-1.87151
-1.87152
-1.87152
-1.87153
-1.87153
-1.87153
-1.87153
-1.87153
-1.87153
-1.87153
-1.87153
-1.87153
-1.87153
-1.87153
-1.87152
-1.87152
-1.87153
-1.87153
-1.87153
-1.87154
-1.87154
-1.87154
-1.87154
-1.87154
-1.87153
-1.87153
-1.87152
-1.87152
-1.87151
-1.8715
-1.87149
-1.87148
-1.87147
-1.87146
-1.87145
-1.87145
-1.87144
-1.87144
-1.87143
-1.87143
-1.87142
-1.87142
-1.87142
-1.87141
-1.87141
-1.87141
-1.87141
-1.87141
-1.87141
-1.87141
-1.87142
-1.87143
-1.87142
-1.87142
-1.87142
-1.97004
-1.97004
-1.97006
-1.97008
-1.9701
-1.97012
-1.97013
-1.97014
-1.97015
-1.97016
-1.97016
-1.97016
-1.97016
-1.97015
-1.97013
-1.97011
-1.9701
-1.97008
-1.97006
-1.97004
-1.97003
-1.97002
-1.97001
-1.97
-1.97
-1.96999
-1.96999
-1.96998
-1.96998
-1.96998
-1.96997
-1.96997
-1.96997
-1.96997
-1.96998
-1.96998
-1.96998
-1.96998
-1.96999
-1.96999
-1.96999
-1.96999
-1.96999
-1.96999
-1.97
-1.97
-1.97
-1.97001
-1.97001
-1.97002
-1.97002
-1.97002
-1.97002
-1.97002
-1.97002
-1.97002
-1.97002
-1.97002
-1.97002
-1.97001
-1.97001
-1.97001
-1.97001
-1.97002
-1.97002
-1.97002
-1.97002
-1.97002
-1.97002
-1.97001
-1.97001
-1.97
-1.97
-1.96999
-1.96998
-1.96997
-1.96997
-1.96996
-1.96995
-1.96994
-1.96994
-1.96993
-1.96993
-1.96992
-1.96992
-1.96991
-1.96991
-1.96991
-1.9699
-1.9699
-1.9699
-1.9699
-1.9699
-1.9699
-1.9699
-1.96991
-1.96991
-1.96991
-1.96991
-1.96991
-2.06852
-2.06853
-2.06854
-2.06856
-2.06859
-2.06861
-2.06863
-2.06864
-2.06866
-2.06866
-2.06867
-2.06867
-2.06867
-2.06866
-2.06864
-2.06862
-2.0686
-2.06858
-2.06856
-2.06854
-2.06852
-2.06851
-2.0685
-2.06849
-2.06848
-2.06847
-2.06847
-2.06846
-2.06846
-2.06845
-2.06845
-2.06845
-2.06845
-2.06845
-2.06845
-2.06846
-2.06846
-2.06846
-2.06847
-2.06847
-2.06847
-2.06847
-2.06847
-2.06848
-2.06848
-2.06848
-2.06849
-2.06849
-2.0685
-2.0685
-2.0685
-2.0685
-2.06851
-2.06851
-2.06851
-2.06851
-2.06851
-2.06851
-2.0685
-2.0685
-2.06849
-2.06849
-2.06849
-2.0685
-2.0685
-2.0685
-2.0685
-2.0685
-2.06849
-2.06849
-2.06849
-2.06848
-2.06848
-2.06847
-2.06846
-2.06846
-2.06845
-2.06844
-2.06844
-2.06843
-2.06843
-2.06842
-2.06842
-2.06841
-2.06841
-2.06841
-2.0684
-2.0684
-2.0684
-2.06839
-2.06839
-2.06839
-2.06839
-2.06839
-2.06839
-2.06839
-2.0684
-2.0684
-2.0684
-2.0684
-2.167
-2.16701
-2.16703
-2.16705
-2.16708
-2.1671
-2.16713
-2.16714
-2.16716
-2.16717
-2.16718
-2.16718
-2.16717
-2.16716
-2.16714
-2.16712
-2.1671
-2.16707
-2.16705
-2.16703
-2.16701
-2.167
-2.16698
-2.16697
-2.16696
-2.16695
-2.16695
-2.16694
-2.16694
-2.16693
-2.16693
-2.16693
-2.16693
-2.16693
-2.16693
-2.16693
-2.16694
-2.16694
-2.16694
-2.16695
-2.16695
-2.16695
-2.16695
-2.16696
-2.16696
-2.16696
-2.16697
-2.16697
-2.16698
-2.16698
-2.16699
-2.16699
-2.16699
-2.16699
-2.16699
-2.167
-2.167
-2.16699
-2.16699
-2.16698
-2.16697
-2.16697
-2.16697
-2.16697
-2.16697
-2.16697
-2.16697
-2.16697
-2.16697
-2.16697
-2.16696
-2.16696
-2.16696
-2.16695
-2.16695
-2.16694
-2.16694
-2.16693
-2.16692
-2.16692
-2.16692
-2.16691
-2.16691
-2.1669
-2.1669
-2.1669
-2.1669
-2.16689
-2.16689
-2.16689
-2.16688
-2.16688
-2.16688
-2.16688
-2.16688
-2.16688
-2.16688
-2.16689
-2.16689
-2.16689
-2.26548
-2.26549
-2.26551
-2.26553
-2.26556
-2.26559
-2.26562
-2.26564
-2.26565
-2.26567
-2.26567
-2.26567
-2.26567
-2.26566
-2.26564
-2.26562
-2.26559
-2.26557
-2.26554
-2.26552
-2.2655
-2.26548
-2.26547
-2.26545
-2.26544
-2.26544
-2.26543
-2.26542
-2.26542
-2.26542
-2.26541
-2.26541
-2.26541
-2.26541
-2.26541
-2.26541
-2.26542
-2.26542
-2.26542
-2.26542
-2.26543
-2.26543
-2.26543
-2.26544
-2.26544
-2.26544
-2.26545
-2.26545
-2.26546
-2.26546
-2.26547
-2.26547
-2.26547
-2.26548
-2.26548
-2.26548
-2.26548
-2.26548
-2.26547
-2.26545
-2.26544
-2.26544
-2.26544
-2.26544
-2.26544
-2.26545
-2.26545
-2.26544
-2.26544
-2.26544
-2.26544
-2.26544
-2.26543
-2.26543
-2.26543
-2.26542
-2.26542
-2.26542
-2.26541
-2.26541
-2.26541
-2.2654
-2.2654
-2.2654
-2.2654
-2.26539
-2.26539
-2.26539
-2.26538
-2.26538
-2.26538
-2.26538
-2.26537
-2.26537
-2.26537
-2.26537
-2.26537
-2.26538
-2.26538
-2.26538
-2.36396
-2.36397
-2.36399
-2.36401
-2.36404
-2.36407
-2.3641
-2.36412
-2.36414
-2.36415
-2.36416
-2.36416
-2.36415
-2.36414
-2.36413
-2.36411
-2.36408
-2.36405
-2.36403
-2.36401
-2.36398
-2.36397
-2.36395
-2.36394
-2.36392
-2.36392
-2.36391
-2.36391
-2.3639
-2.3639
-2.36389
-2.36389
-2.36389
-2.36389
-2.36389
-2.36389
-2.3639
-2.3639
-2.3639
-2.3639
-2.36391
-2.36391
-2.36391
-2.36392
-2.36392
-2.36392
-2.36393
-2.36394
-2.36394
-2.36395
-2.36395
-2.36395
-2.36396
-2.36396
-2.36396
-2.36396
-2.36396
-2.36396
-2.36394
-2.36393
-2.36391
-2.36391
-2.36391
-2.36391
-2.36391
-2.36392
-2.36392
-2.36392
-2.36392
-2.36392
-2.36392
-2.36391
-2.36391
-2.36391
-2.36391
-2.36391
-2.36391
-2.3639
-2.3639
-2.3639
-2.3639
-2.3639
-2.36389
-2.36389
-2.36389
-2.36389
-2.36388
-2.36388
-2.36388
-2.36388
-2.36387
-2.36387
-2.36387
-2.36387
-2.36387
-2.36387
-2.36386
-2.36387
-2.36387
-2.36387
-2.46245
-2.46245
-2.46247
-2.4625
-2.46252
-2.46255
-2.46258
-2.4626
-2.46262
-2.46263
-2.46264
-2.46264
-2.46263
-2.46262
-2.46261
-2.46259
-2.46256
-2.46254
-2.46251
-2.46249
-2.46247
-2.46245
-2.46243
-2.46242
-2.4624
-2.4624
-2.46239
-2.46239
-2.46238
-2.46238
-2.46238
-2.46238
-2.46237
-2.46237
-2.46237
-2.46238
-2.46238
-2.46238
-2.46238
-2.46238
-2.46239
-2.46239
-2.4624
-2.4624
-2.4624
-2.46241
-2.46241
-2.46242
-2.46242
-2.46243
-2.46243
-2.46243
-2.46244
-2.46244
-2.46244
-2.46245
-2.46244
-2.46243
-2.46242
-2.4624
-2.46238
-2.46238
-2.46238
-2.46238
-2.46238
-2.46238
-2.46239
-2.46239
-2.46239
-2.46239
-2.46239
-2.46239
-2.46239
-2.46239
-2.46239
-2.46239
-2.46239
-2.46239
-2.46239
-2.46239
-2.46239
-2.46239
-2.46239
-2.46239
-2.46238
-2.46238
-2.46238
-2.46238
-2.46237
-2.46237
-2.46237
-2.46237
-2.46236
-2.46236
-2.46236
-2.46236
-2.46236
-2.46237
-2.46237
-2.46236
-2.56093
-2.56094
-2.56096
-2.56098
-2.561
-2.56103
-2.56105
-2.56107
-2.56109
-2.5611
-2.56111
-2.56111
-2.5611
-2.56109
-2.56108
-2.56106
-2.56104
-2.56101
-2.56099
-2.56097
-2.56095
-2.56093
-2.56091
-2.5609
-2.56088
-2.56088
-2.56087
-2.56087
-2.56087
-2.56086
-2.56086
-2.56086
-2.56086
-2.56086
-2.56086
-2.56086
-2.56086
-2.56086
-2.56086
-2.56087
-2.56087
-2.56088
-2.56088
-2.56088
-2.56089
-2.56089
-2.56089
-2.5609
-2.5609
-2.56091
-2.56091
-2.56091
-2.56092
-2.56092
-2.56092
-2.56092
-2.56092
-2.56091
-2.56089
-2.56087
-2.56085
-2.56084
-2.56084
-2.56085
-2.56085
-2.56085
-2.56086
-2.56086
-2.56086
-2.56087
-2.56087
-2.56087
-2.56087
-2.56088
-2.56088
-2.56088
-2.56088
-2.56088
-2.56088
-2.56088
-2.56088
-2.56088
-2.56088
-2.56088
-2.56088
-2.56088
-2.56088
-2.56087
-2.56087
-2.56087
-2.56087
-2.56086
-2.56086
-2.56086
-2.56086
-2.56085
-2.56086
-2.56086
-2.56086
-2.56086
-2.65942
-2.65943
-2.65944
-2.65946
-2.65948
-2.6595
-2.65952
-2.65954
-2.65955
-2.65957
-2.65957
-2.65957
-2.65957
-2.65956
-2.65955
-2.65953
-2.65951
-2.65949
-2.65947
-2.65944
-2.65942
-2.65941
-2.65939
-2.65938
-2.65937
-2.65936
-2.65935
-2.65935
-2.65935
-2.65935
-2.65934
-2.65934
-2.65934
-2.65934
-2.65934
-2.65934
-2.65934
-2.65935
-2.65935
-2.65935
-2.65936
-2.65936
-2.65936
-2.65937
-2.65937
-2.65937
-2.65938
-2.65938
-2.65938
-2.65939
-2.65939
-2.65939
-2.65939
-2.6594
-2.6594
-2.6594
-2.65939
-2.65937
-2.65935
-2.65933
-2.65932
-2.65931
-2.65931
-2.65931
-2.65932
-2.65932
-2.65933
-2.65933
-2.65934
-2.65934
-2.65935
-2.65935
-2.65936
-2.65936
-2.65936
-2.65936
-2.65937
-2.65937
-2.65937
-2.65937
-2.65937
-2.65937
-2.65937
-2.65937
-2.65937
-2.65937
-2.65937
-2.65937
-2.65937
-2.65937
-2.65936
-2.65936
-2.65936
-2.65935
-2.65935
-2.65935
-2.65935
-2.65935
-2.65935
-2.65935
-2.75791
-2.75791
-2.75793
-2.75794
-2.75795
-2.75797
-2.75799
-2.758
-2.75802
-2.75803
-2.75803
-2.75803
-2.75803
-2.75802
-2.75801
-2.758
-2.75798
-2.75796
-2.75794
-2.75792
-2.7579
-2.75788
-2.75787
-2.75785
-2.75785
-2.75784
-2.75784
-2.75783
-2.75783
-2.75783
-2.75783
-2.75783
-2.75783
-2.75783
-2.75783
-2.75783
-2.75783
-2.75783
-2.75783
-2.75784
-2.75784
-2.75785
-2.75785
-2.75785
-2.75785
-2.75786
-2.75786
-2.75786
-2.75786
-2.75786
-2.75787
-2.75787
-2.75787
-2.75787
-2.75787
-2.75787
-2.75786
-2.75784
-2.75782
-2.7578
-2.75779
-2.75778
-2.75778
-2.75778
-2.75779
-2.75779
-2.7578
-2.75781
-2.75781
-2.75782
-2.75783
-2.75783
-2.75784
-2.75784
-2.75785
-2.75785
-2.75786
-2.75786
-2.75786
-2.75786
-2.75787
-2.75787
-2.75787
-2.75787
-2.75787
-2.75787
-2.75787
-2.75787
-2.75787
-2.75786
-2.75786
-2.75786
-2.75786
-2.75785
-2.75785
-2.75785
-2.75785
-2.75784
-2.75785
-2.75784
-2.85639
-2.8564
-2.85641
-2.85642
-2.85643
-2.85644
-2.85645
-2.85646
-2.85648
-2.85648
-2.85649
-2.85649
-2.85649
-2.85648
-2.85647
-2.85646
-2.85645
-2.85643
-2.85641
-2.85639
-2.85638
-2.85636
-2.85634
-2.85633
-2.85633
-2.85632
-2.85632
-2.85632
-2.85631
-2.85631
-2.85631
-2.85631
-2.85631
-2.85631
-2.85631
-2.85631
-2.85632
-2.85632
-2.85632
-2.85633
-2.85633
-2.85633
-2.85634
-2.85634
-2.85634
-2.85634
-2.85634
-2.85634
-2.85634
-2.85634
-2.85634
-2.85634
-2.85634
-2.85634
-2.85634
-2.85633
-2.85632
-2.85631
-2.85629
-2.85627
-2.85626
-2.85625
-2.85625
-2.85626
-2.85626
-2.85627
-2.85628
-2.85628
-2.85629
-2.8563
-2.85631
-2.85632
-2.85632
-2.85633
-2.85634
-2.85634
-2.85635
-2.85635
-2.85635
-2.85636
-2.85636
-2.85636
-2.85637
-2.85637
-2.85637
-2.85637
-2.85637
-2.85637
-2.85636
-2.85636
-2.85636
-2.85636
-2.85635
-2.85635
-2.85635
-2.85634
-2.85634
-2.85634
-2.85634
-2.85634
-2.95488
-2.95489
-2.95489
-2.9549
-2.9549
-2.95491
-2.95492
-2.95493
-2.95494
-2.95494
-2.95495
-2.95495
-2.95495
-2.95494
-2.95494
-2.95493
-2.95491
-2.9549
-2.95488
-2.95487
-2.95485
-2.95483
-2.95482
-2.95481
-2.95481
-2.9548
-2.9548
-2.9548
-2.9548
-2.9548
-2.9548
-2.9548
-2.9548
-2.9548
-2.9548
-2.9548
-2.9548
-2.95481
-2.95481
-2.95481
-2.95482
-2.95482
-2.95482
-2.95482
-2.95482
-2.95483
-2.95483
-2.95483
-2.95482
-2.95482
-2.95482
-2.95482
-2.95482
-2.95482
-2.95481
-2.9548
-2.95479
-2.95478
-2.95476
-2.95474
-2.95474
-2.95473
-2.95473
-2.95473
-2.95474
-2.95475
-2.95476
-2.95477
-2.95478
-2.95479
-2.9548
-2.9548
-2.95481
-2.95482
-2.95483
-2.95483
-2.95484
-2.95484
-2.95485
-2.95485
-2.95486
-2.95486
-2.95486
-2.95486
-2.95486
-2.95487
-2.95487
-2.95486
-2.95486
-2.95486
-2.95486
-2.95486
-2.95485
-2.95485
-2.95485
-2.95484
-2.95484
-2.95484
-2.95484
-2.95484
-3.05336
-3.05337
-3.05337
-3.05338
-3.05338
-3.05338
-3.05339
-3.05339
-3.0534
-3.0534
-3.05341
-3.05341
-3.05341
-3.0534
-3.0534
-3.05339
-3.05338
-3.05337
-3.05335
-3.05334
-3.05332
-3.05331
-3.0533
-3.05329
-3.05329
-3.05328
-3.05328
-3.05328
-3.05328
-3.05328
-3.05328
-3.05328
-3.05328
-3.05328
-3.05328
-3.05329
-3.05329
-3.05329
-3.0533
-3.0533
-3.05331
-3.05331
-3.05331
-3.05331
-3.05331
-3.05331
-3.05331
-3.05331
-3.05331
-3.0533
-3.0533
-3.0533
-3.05329
-3.05329
-3.05328
-3.05327
-3.05326
-3.05325
-3.05323
-3.05322
-3.05321
-3.05321
-3.05321
-3.05321
-3.05322
-3.05323
-3.05324
-3.05325
-3.05326
-3.05327
-3.05328
-3.05329
-3.0533
-3.05331
-3.05331
-3.05332
-3.05333
-3.05333
-3.05334
-3.05335
-3.05335
-3.05335
-3.05336
-3.05336
-3.05336
-3.05336
-3.05336
-3.05336
-3.05336
-3.05336
-3.05336
-3.05336
-3.05335
-3.05335
-3.05335
-3.05334
-3.05334
-3.05333
-3.05333
-3.05333
-3.15184
-3.15185
-3.15185
-3.15185
-3.15185
-3.15185
-3.15185
-3.15186
-3.15186
-3.15186
-3.15187
-3.15187
-3.15187
-3.15187
-3.15186
-3.15186
-3.15185
-3.15184
-3.15182
-3.15181
-3.1518
-3.15179
-3.15178
-3.15177
-3.15177
-3.15177
-3.15177
-3.15177
-3.15176
-3.15177
-3.15177
-3.15177
-3.15177
-3.15177
-3.15177
-3.15177
-3.15178
-3.15178
-3.15179
-3.15179
-3.15179
-3.1518
-3.1518
-3.1518
-3.1518
-3.1518
-3.15179
-3.15179
-3.15179
-3.15178
-3.15178
-3.15178
-3.15177
-3.15176
-3.15176
-3.15175
-3.15174
-3.15172
-3.15171
-3.1517
-3.15169
-3.15169
-3.15169
-3.1517
-3.15171
-3.15172
-3.15173
-3.15174
-3.15175
-3.15176
-3.15177
-3.15178
-3.15179
-3.1518
-3.15181
-3.15181
-3.15182
-3.15183
-3.15183
-3.15184
-3.15184
-3.15185
-3.15185
-3.15186
-3.15186
-3.15186
-3.15186
-3.15186
-3.15186
-3.15186
-3.15186
-3.15186
-3.15185
-3.15185
-3.15185
-3.15184
-3.15184
-3.15183
-3.15183
-3.15183
-3.25032
-3.25032
-3.25033
-3.25033
-3.25032
-3.25032
-3.25032
-3.25032
-3.25032
-3.25033
-3.25033
-3.25033
-3.25033
-3.25033
-3.25033
-3.25032
-3.25031
-3.2503
-3.25029
-3.25028
-3.25027
-3.25026
-3.25025
-3.25025
-3.25025
-3.25025
-3.25025
-3.25025
-3.25025
-3.25025
-3.25025
-3.25025
-3.25025
-3.25026
-3.25026
-3.25026
-3.25026
-3.25027
-3.25027
-3.25028
-3.25028
-3.25029
-3.25029
-3.25028
-3.25028
-3.25028
-3.25028
-3.25027
-3.25027
-3.25027
-3.25026
-3.25026
-3.25025
-3.25024
-3.25023
-3.25022
-3.25021
-3.2502
-3.25019
-3.25018
-3.25018
-3.25018
-3.25018
-3.25019
-3.2502
-3.25021
-3.25022
-3.25023
-3.25024
-3.25025
-3.25026
-3.25027
-3.25028
-3.25029
-3.2503
-3.25031
-3.25031
-3.25032
-3.25033
-3.25033
-3.25034
-3.25035
-3.25035
-3.25035
-3.25036
-3.25036
-3.25036
-3.25036
-3.25036
-3.25036
-3.25036
-3.25036
-3.25035
-3.25035
-3.25035
-3.25034
-3.25034
-3.25033
-3.25033
-3.25033
-3.3488
-3.3488
-3.3488
-3.3488
-3.34879
-3.34879
-3.34879
-3.34879
-3.34879
-3.34879
-3.34879
-3.3488
-3.3488
-3.3488
-3.34879
-3.34879
-3.34878
-3.34878
-3.34877
-3.34876
-3.34875
-3.34874
-3.34873
-3.34873
-3.34873
-3.34873
-3.34873
-3.34873
-3.34873
-3.34873
-3.34874
-3.34874
-3.34874
-3.34874
-3.34874
-3.34875
-3.34875
-3.34876
-3.34876
-3.34877
-3.34877
-3.34877
-3.34877
-3.34877
-3.34877
-3.34877
-3.34876
-3.34876
-3.34875
-3.34875
-3.34874
-3.34874
-3.34873
-3.34872
-3.34871
-3.34871
-3.3487
-3.34869
-3.34868
-3.34867
-3.34867
-3.34867
-3.34868
-3.34868
-3.34869
-3.3487
-3.34871
-3.34872
-3.34873
-3.34874
-3.34875
-3.34876
-3.34877
-3.34878
-3.34879
-3.3488
-3.34881
-3.34881
-3.34882
-3.34883
-3.34883
-3.34884
-3.34885
-3.34885
-3.34885
-3.34886
-3.34886
-3.34886
-3.34886
-3.34886
-3.34886
-3.34886
-3.34885
-3.34885
-3.34885
-3.34884
-3.34884
-3.34883
-3.34883
-3.34883
-3.44727
-3.44727
-3.44727
-3.44727
-3.44726
-3.44726
-3.44726
-3.44726
-3.44726
-3.44726
-3.44726
-3.44726
-3.44726
-3.44726
-3.44726
-3.44726
-3.44725
-3.44725
-3.44724
-3.44723
-3.44723
-3.44722
-3.44721
-3.44721
-3.44721
-3.44721
-3.44722
-3.44722
-3.44722
-3.44722
-3.44722
-3.44722
-3.44722
-3.44723
-3.44723
-3.44723
-3.44724
-3.44724
-3.44725
-3.44725
-3.44726
-3.44726
-3.44726
-3.44726
-3.44725
-3.44725
-3.44725
-3.44724
-3.44724
-3.44723
-3.44722
-3.44722
-3.44721
-3.4472
-3.4472
-3.44719
-3.44718
-3.44717
-3.44717
-3.44716
-3.44716
-3.44717
-3.44717
-3.44718
-3.44719
-3.4472
-3.44721
-3.44722
-3.44723
-3.44724
-3.44725
-3.44726
-3.44726
-3.44727
-3.44728
-3.44729
-3.4473
-3.44731
-3.44732
-3.44732
-3.44733
-3.44734
-3.44734
-3.44735
-3.44735
-3.44735
-3.44736
-3.44736
-3.44736
-3.44736
-3.44736
-3.44735
-3.44735
-3.44735
-3.44735
-3.44734
-3.44734
-3.44734
-3.44733
-3.44733
-3.54574
-3.54574
-3.54574
-3.54574
-3.54573
-3.54573
-3.54573
-3.54572
-3.54572
-3.54573
-3.54573
-3.54573
-3.54573
-3.54573
-3.54573
-3.54573
-3.54573
-3.54572
-3.54572
-3.54571
-3.5457
-3.5457
-3.5457
-3.5457
-3.5457
-3.5457
-3.5457
-3.5457
-3.5457
-3.5457
-3.54571
-3.54571
-3.54571
-3.54571
-3.54572
-3.54572
-3.54573
-3.54573
-3.54574
-3.54574
-3.54574
-3.54574
-3.54574
-3.54574
-3.54574
-3.54574
-3.54573
-3.54572
-3.54572
-3.54571
-3.54571
-3.5457
-3.5457
-3.54569
-3.54568
-3.54568
-3.54567
-3.54566
-3.54566
-3.54566
-3.54566
-3.54566
-3.54567
-3.54568
-3.54568
-3.54569
-3.5457
-3.54571
-3.54572
-3.54573
-3.54574
-3.54575
-3.54576
-3.54577
-3.54578
-3.54579
-3.54579
-3.5458
-3.54581
-3.54582
-3.54583
-3.54583
-3.54584
-3.54584
-3.54585
-3.54585
-3.54585
-3.54585
-3.54586
-3.54586
-3.54585
-3.54585
-3.54585
-3.54585
-3.54585
-3.54584
-3.54584
-3.54584
-3.54583
-3.54583
-3.64421
-3.64421
-3.64421
-3.64421
-3.6442
-3.6442
-3.64419
-3.64419
-3.64419
-3.6442
-3.6442
-3.6442
-3.6442
-3.64421
-3.64421
-3.6442
-3.6442
-3.6442
-3.64419
-3.64419
-3.64418
-3.64418
-3.64418
-3.64418
-3.64418
-3.64418
-3.64419
-3.64419
-3.64419
-3.64419
-3.64419
-3.64419
-3.6442
-3.6442
-3.6442
-3.64421
-3.64421
-3.64422
-3.64422
-3.64423
-3.64423
-3.64423
-3.64423
-3.64423
-3.64422
-3.64422
-3.64421
-3.64421
-3.6442
-3.6442
-3.64419
-3.64419
-3.64418
-3.64417
-3.64417
-3.64416
-3.64416
-3.64415
-3.64415
-3.64415
-3.64416
-3.64416
-3.64417
-3.64417
-3.64418
-3.64419
-3.6442
-3.64421
-3.64421
-3.64422
-3.64423
-3.64424
-3.64425
-3.64426
-3.64427
-3.64428
-3.64429
-3.6443
-3.6443
-3.64431
-3.64432
-3.64433
-3.64433
-3.64434
-3.64434
-3.64435
-3.64435
-3.64435
-3.64435
-3.64435
-3.64435
-3.64435
-3.64435
-3.64435
-3.64435
-3.64434
-3.64434
-3.64434
-3.64434
-3.64433
-3.74268
-3.74268
-3.74268
-3.74267
-3.74267
-3.74267
-3.74266
-3.74266
-3.74267
-3.74267
-3.74267
-3.74267
-3.74268
-3.74268
-3.74268
-3.74268
-3.74268
-3.74268
-3.74267
-3.74267
-3.74267
-3.74266
-3.74266
-3.74267
-3.74267
-3.74267
-3.74267
-3.74268
-3.74268
-3.74268
-3.74268
-3.74268
-3.74268
-3.74268
-3.74269
-3.74269
-3.7427
-3.7427
-3.74271
-3.74271
-3.74271
-3.74271
-3.74271
-3.74271
-3.74271
-3.7427
-3.7427
-3.74269
-3.74269
-3.74268
-3.74268
-3.74267
-3.74267
-3.74266
-3.74266
-3.74265
-3.74265
-3.74265
-3.74265
-3.74265
-3.74265
-3.74266
-3.74266
-3.74267
-3.74268
-3.74268
-3.74269
-3.7427
-3.74271
-3.74272
-3.74273
-3.74274
-3.74275
-3.74276
-3.74276
-3.74277
-3.74278
-3.74279
-3.7428
-3.74281
-3.74281
-3.74282
-3.74283
-3.74283
-3.74284
-3.74284
-3.74284
-3.74285
-3.74285
-3.74285
-3.74285
-3.74285
-3.74285
-3.74285
-3.74285
-3.74284
-3.74284
-3.74284
-3.74284
-3.74284
-3.84115
-3.84115
-3.84115
-3.84114
-3.84114
-3.84114
-3.84114
-3.84114
-3.84114
-3.84114
-3.84115
-3.84115
-3.84115
-3.84116
-3.84116
-3.84116
-3.84116
-3.84116
-3.84115
-3.84115
-3.84115
-3.84115
-3.84115
-3.84115
-3.84116
-3.84116
-3.84116
-3.84116
-3.84116
-3.84116
-3.84116
-3.84116
-3.84116
-3.84117
-3.84117
-3.84118
-3.84118
-3.84119
-3.84119
-3.8412
-3.8412
-3.8412
-3.8412
-3.8412
-3.84119
-3.84119
-3.84118
-3.84118
-3.84117
-3.84117
-3.84116
-3.84116
-3.84115
-3.84115
-3.84114
-3.84114
-3.84114
-3.84114
-3.84114
-3.84115
-3.84115
-3.84115
-3.84116
-3.84117
-3.84117
-3.84118
-3.84119
-3.8412
-3.8412
-3.84121
-3.84122
-3.84123
-3.84124
-3.84125
-3.84126
-3.84127
-3.84128
-3.84129
-3.84129
-3.8413
-3.84131
-3.84132
-3.84132
-3.84133
-3.84133
-3.84134
-3.84134
-3.84134
-3.84134
-3.84134
-3.84134
-3.84134
-3.84134
-3.84134
-3.84134
-3.84134
-3.84135
-3.84135
-3.84135
-3.84135
-3.93962
-3.93962
-3.93962
-3.93962
-3.93961
-3.93961
-3.93961
-3.93961
-3.93961
-3.93962
-3.93962
-3.93963
-3.93963
-3.93964
-3.93964
-3.93964
-3.93964
-3.93964
-3.93964
-3.93964
-3.93964
-3.93964
-3.93964
-3.93964
-3.93964
-3.93965
-3.93965
-3.93965
-3.93965
-3.93965
-3.93965
-3.93965
-3.93965
-3.93965
-3.93965
-3.93966
-3.93966
-3.93967
-3.93967
-3.93968
-3.93968
-3.93968
-3.93968
-3.93968
-3.93968
-3.93967
-3.93967
-3.93966
-3.93965
-3.93965
-3.93965
-3.93964
-3.93964
-3.93964
-3.93963
-3.93963
-3.93963
-3.93964
-3.93964
-3.93964
-3.93965
-3.93965
-3.93966
-3.93966
-3.93967
-3.93968
-3.93968
-3.93969
-3.9397
-3.93971
-3.93972
-3.93973
-3.93974
-3.93974
-3.93975
-3.93976
-3.93977
-3.93978
-3.93979
-3.9398
-3.9398
-3.93981
-3.93982
-3.93982
-3.93983
-3.93983
-3.93983
-3.93984
-3.93984
-3.93984
-3.93984
-3.93984
-3.93984
-3.93984
-3.93984
-3.93984
-3.93985
-3.93985
-3.93985
-3.93985
-4.03809
-4.03809
-4.03809
-4.03809
-4.03809
-4.03808
-4.03808
-4.03809
-4.03809
-4.0381
-4.0381
-4.03811
-4.03811
-4.03812
-4.03812
-4.03812
-4.03812
-4.03812
-4.03812
-4.03812
-4.03812
-4.03812
-4.03813
-4.03813
-4.03813
-4.03814
-4.03814
-4.03814
-4.03814
-4.03814
-4.03813
-4.03813
-4.03813
-4.03813
-4.03813
-4.03814
-4.03814
-4.03815
-4.03816
-4.03816
-4.03817
-4.03817
-4.03817
-4.03816
-4.03816
-4.03815
-4.03815
-4.03814
-4.03814
-4.03813
-4.03813
-4.03813
-4.03813
-4.03812
-4.03812
-4.03812
-4.03813
-4.03813
-4.03813
-4.03814
-4.03814
-4.03815
-4.03815
-4.03816
-4.03817
-4.03817
-4.03818
-4.03819
-4.0382
-4.0382
-4.03821
-4.03822
-4.03823
-4.03824
-4.03825
-4.03826
-4.03827
-4.03827
-4.03828
-4.03829
-4.0383
-4.0383
-4.03831
-4.03831
-4.03832
-4.03832
-4.03833
-4.03833
-4.03833
-4.03833
-4.03833
-4.03833
-4.03834
-4.03834
-4.03834
-4.03834
-4.03835
-4.03835
-4.03836
-4.03836
-4.13657
-4.13657
-4.13657
-4.13656
-4.13656
-4.13656
-4.13656
-4.13657
-4.13657
-4.13658
-4.13659
-4.13659
-4.1366
-4.1366
-4.13661
-4.13661
-4.13661
-4.13661
-4.13661
-4.13661
-4.13661
-4.13662
-4.13662
-4.13662
-4.13663
-4.13663
-4.13663
-4.13663
-4.13663
-4.13662
-4.13662
-4.13661
-4.13661
-4.13661
-4.13661
-4.13662
-4.13662
-4.13663
-4.13664
-4.13665
-4.13665
-4.13665
-4.13665
-4.13665
-4.13664
-4.13664
-4.13663
-4.13663
-4.13662
-4.13662
-4.13662
-4.13662
-4.13661
-4.13661
-4.13661
-4.13662
-4.13662
-4.13663
-4.13663
-4.13663
-4.13664
-4.13664
-4.13665
-4.13666
-4.13666
-4.13667
-4.13668
-4.13668
-4.13669
-4.1367
-4.13671
-4.13672
-4.13673
-4.13673
-4.13674
-4.13675
-4.13676
-4.13677
-4.13678
-4.13678
-4.13679
-4.1368
-4.1368
-4.13681
-4.13681
-4.13682
-4.13682
-4.13682
-4.13682
-4.13683
-4.13683
-4.13683
-4.13683
-4.13683
-4.13684
-4.13684
-4.13685
-4.13685
-4.13686
-4.13685
-4.23505
-4.23505
-4.23505
-4.23504
-4.23504
-4.23504
-4.23504
-4.23505
-4.23506
-4.23506
-4.23507
-4.23508
-4.23509
-4.23509
-4.2351
-4.2351
-4.2351
-4.2351
-4.2351
-4.2351
-4.23511
-4.23511
-4.23511
-4.23512
-4.23512
-4.23512
-4.23512
-4.23512
-4.23512
-4.23511
-4.2351
-4.23509
-4.23508
-4.23508
-4.23509
-4.23509
-4.2351
-4.23511
-4.23512
-4.23513
-4.23513
-4.23513
-4.23513
-4.23513
-4.23513
-4.23512
-4.23512
-4.23511
-4.23511
-4.2351
-4.2351
-4.2351
-4.2351
-4.23511
-4.23511
-4.23511
-4.23512
-4.23512
-4.23513
-4.23513
-4.23514
-4.23514
-4.23515
-4.23515
-4.23516
-4.23517
-4.23517
-4.23518
-4.23519
-4.2352
-4.2352
-4.23521
-4.23522
-4.23523
-4.23524
-4.23525
-4.23526
-4.23526
-4.23527
-4.23528
-4.23528
-4.23529
-4.2353
-4.2353
-4.23531
-4.23531
-4.23531
-4.23531
-4.23532
-4.23532
-4.23532
-4.23532
-4.23532
-4.23533
-4.23533
-4.23534
-4.23534
-4.23535
-4.23535
-4.23533
-4.33353
-4.33353
-4.33353
-4.33353
-4.33352
-4.33353
-4.33353
-4.33353
-4.33354
-4.33355
-4.33356
-4.33357
-4.33358
-4.33358
-4.33359
-4.33359
-4.33359
-4.3336
-4.3336
-4.3336
-4.3336
-4.3336
-4.33361
-4.33361
-4.33361
-4.33361
-4.33361
-4.33361
-4.3336
-4.33359
-4.33358
-4.33356
-4.33356
-4.33355
-4.33356
-4.33357
-4.33358
-4.33359
-4.3336
-4.33361
-4.33362
-4.33362
-4.33362
-4.33362
-4.33361
-4.33361
-4.3336
-4.3336
-4.33359
-4.33359
-4.33359
-4.33359
-4.33359
-4.3336
-4.3336
-4.33361
-4.33361
-4.33362
-4.33362
-4.33363
-4.33363
-4.33364
-4.33364
-4.33365
-4.33366
-4.33366
-4.33367
-4.33368
-4.33368
-4.33369
-4.3337
-4.33371
-4.33372
-4.33373
-4.33373
-4.33374
-4.33375
-4.33376
-4.33377
-4.33377
-4.33378
-4.33378
-4.33379
-4.33379
-4.3338
-4.3338
-4.3338
-4.33381
-4.33381
-4.33381
-4.33381
-4.33381
-4.33382
-4.33382
-4.33382
-4.33383
-4.33383
-4.33383
-4.33381
-4.33378
-4.43202
-4.43202
-4.43201
-4.43201
-4.43201
-4.43201
-4.43202
-4.43202
-4.43203
-4.43204
-4.43205
-4.43206
-4.43207
-4.43207
-4.43208
-4.43208
-4.43209
-4.43209
-4.43209
-4.43209
-4.4321
-4.4321
-4.4321
-4.4321
-4.4321
-4.4321
-4.4321
-4.43209
-4.43208
-4.43207
-4.43205
-4.43204
-4.43202
-4.43202
-4.43203
-4.43203
-4.43205
-4.43206
-4.43208
-4.43209
-4.4321
-4.43211
-4.43211
-4.43211
-4.4321
-4.4321
-4.43209
-4.43209
-4.43208
-4.43208
-4.43208
-4.43208
-4.43209
-4.43209
-4.4321
-4.4321
-4.43211
-4.43211
-4.43212
-4.43212
-4.43213
-4.43213
-4.43214
-4.43215
-4.43215
-4.43216
-4.43217
-4.43217
-4.43218
-4.43219
-4.4322
-4.43221
-4.43221
-4.43222
-4.43223
-4.43224
-4.43225
-4.43225
-4.43226
-4.43227
-4.43227
-4.43228
-4.43228
-4.43229
-4.43229
-4.43229
-4.4323
-4.4323
-4.4323
-4.4323
-4.4323
-4.43231
-4.43231
-4.43231
-4.43231
-4.43231
-4.4323
-4.43228
-4.43225
-4.4322
-4.5305
-4.5305
-4.5305
-4.5305
-4.5305
-4.5305
-4.53051
-4.53051
-4.53052
-4.53053
-4.53054
-4.53055
-4.53056
-4.53057
-4.53058
-4.53058
-4.53058
-4.53059
-4.53059
-4.53059
-4.53059
-4.53059
-4.5306
-4.5306
-4.5306
-4.53059
-4.53059
-4.53058
-4.53056
-4.53054
-4.53052
-4.5305
-4.53049
-4.53049
-4.53049
-4.5305
-4.53052
-4.53053
-4.53055
-4.53057
-4.53058
-4.53059
-4.5306
-4.5306
-4.53059
-4.53059
-4.53058
-4.53058
-4.53058
-4.53057
-4.53057
-4.53058
-4.53058
-4.53059
-4.53059
-4.5306
-4.5306
-4.53061
-4.53061
-4.53062
-4.53063
-4.53063
-4.53064
-4.53064
-4.53065
-4.53066
-4.53066
-4.53067
-4.53068
-4.53069
-4.53069
-4.5307
-4.53071
-4.53072
-4.53073
-4.53073
-4.53074
-4.53075
-4.53075
-4.53076
-4.53077
-4.53077
-4.53078
-4.53078
-4.53078
-4.53079
-4.53079
-4.53079
-4.53079
-4.53079
-4.53079
-4.5308
-4.5308
-4.5308
-4.53079
-4.53078
-4.53076
-4.53072
-4.53065
-4.53059
-4.62898
-4.62898
-4.62899
-4.62899
-4.62899
-4.62899
-4.629
-4.62901
-4.62902
-4.62903
-4.62904
-4.62905
-4.62906
-4.62906
-4.62907
-4.62907
-4.62908
-4.62908
-4.62908
-4.62909
-4.62909
-4.62909
-4.62909
-4.62909
-4.62909
-4.62908
-4.62907
-4.62906
-4.62904
-4.62902
-4.629
-4.62897
-4.62896
-4.62895
-4.62896
-4.62897
-4.62899
-4.629
-4.62902
-4.62904
-4.62906
-4.62907
-4.62908
-4.62908
-4.62908
-4.62908
-4.62908
-4.62907
-4.62907
-4.62907
-4.62907
-4.62907
-4.62908
-4.62908
-4.62909
-4.62909
-4.6291
-4.6291
-4.62911
-4.62911
-4.62912
-4.62913
-4.62913
-4.62914
-4.62914
-4.62915
-4.62916
-4.62917
-4.62917
-4.62918
-4.62919
-4.6292
-4.6292
-4.62921
-4.62922
-4.62923
-4.62923
-4.62924
-4.62925
-4.62925
-4.62926
-4.62926
-4.62927
-4.62927
-4.62927
-4.62928
-4.62928
-4.62928
-4.62928
-4.62928
-4.62928
-4.62928
-4.62927
-4.62927
-4.62926
-4.62923
-4.62919
-4.62911
-4.62901
-4.62892
-4.72745
-4.72746
-4.72747
-4.72748
-4.72748
-4.72748
-4.72749
-4.7275
-4.72751
-4.72752
-4.72753
-4.72754
-4.72755
-4.72756
-4.72756
-4.72757
-4.72757
-4.72757
-4.72758
-4.72758
-4.72758
-4.72758
-4.72758
-4.72758
-4.72757
-4.72756
-4.72755
-4.72754
-4.72752
-4.72749
-4.72747
-4.72745
-4.72743
-4.72743
-4.72743
-4.72744
-4.72746
-4.72748
-4.72749
-4.72751
-4.72753
-4.72755
-4.72756
-4.72756
-4.72756
-4.72757
-4.72756
-4.72756
-4.72756
-4.72756
-4.72756
-4.72756
-4.72757
-4.72757
-4.72758
-4.72758
-4.72759
-4.72759
-4.7276
-4.72761
-4.72761
-4.72762
-4.72762
-4.72763
-4.72764
-4.72764
-4.72765
-4.72766
-4.72766
-4.72767
-4.72768
-4.72769
-4.7277
-4.7277
-4.72771
-4.72772
-4.72773
-4.72773
-4.72774
-4.72774
-4.72775
-4.72775
-4.72776
-4.72776
-4.72776
-4.72777
-4.72777
-4.72777
-4.72777
-4.72776
-4.72776
-4.72776
-4.72775
-4.72774
-4.72772
-4.72768
-4.72761
-4.72749
-4.72733
-4.72721
-4.82592
-4.82593
-4.82595
-4.82596
-4.82596
-4.82597
-4.82598
-4.82599
-4.826
-4.82601
-4.82602
-4.82603
-4.82604
-4.82605
-4.82605
-4.82606
-4.82606
-4.82606
-4.82607
-4.82607
-4.82607
-4.82607
-4.82607
-4.82606
-4.82606
-4.82605
-4.82604
-4.82602
-4.826
-4.82598
-4.82595
-4.82593
-4.82592
-4.82591
-4.82591
-4.82592
-4.82594
-4.82595
-4.82597
-4.82599
-4.82601
-4.82602
-4.82603
-4.82604
-4.82605
-4.82605
-4.82605
-4.82605
-4.82604
-4.82604
-4.82605
-4.82605
-4.82605
-4.82606
-4.82606
-4.82607
-4.82607
-4.82608
-4.82609
-4.82609
-4.8261
-4.8261
-4.82611
-4.82612
-4.82612
-4.82613
-4.82614
-4.82614
-4.82615
-4.82616
-4.82617
-4.82618
-4.82618
-4.82619
-4.8262
-4.82621
-4.82621
-4.82622
-4.82622
-4.82623
-4.82623
-4.82624
-4.82624
-4.82624
-4.82625
-4.82625
-4.82625
-4.82624
-4.82624
-4.82624
-4.82623
-4.82622
-4.82621
-4.82619
-4.82616
-4.8261
-4.826
-4.82582
-4.8256
-4.82547
)
;

boundaryField
{
    floor
    {
        type            calculated;
        value           nonuniform List<scalar> 
100
(
0.049213
0.0491966
0.0491851
0.0491798
0.0491763
0.0491735
0.0491714
0.0491703
0.0491704
0.0491715
0.0491737
0.0491769
0.0491811
0.0491859
0.0491913
0.049197
0.0492028
0.0492086
0.0492138
0.0492184
0.0492219
0.0492242
0.049225
0.0492243
0.0492221
0.0492182
0.049213
0.0492055
0.0491943
0.0491795
0.0491623
0.049144
0.0491258
0.0491087
0.0490933
0.0490799
0.0490685
0.049059
0.0490512
0.049045
0.0490402
0.0490366
0.0490341
0.0490327
0.0490322
0.0490325
0.0490338
0.0490359
0.0490389
0.0490425
0.0490467
0.0490512
0.0490555
0.0490597
0.049064
0.0490692
0.0490762
0.0490835
0.0490644
0.049052
0.0490414
0.0490356
0.0490322
0.0490303
0.0490292
0.049029
0.0490294
0.0490306
0.0490327
0.0490357
0.0490397
0.0490446
0.0490506
0.0490573
0.0490648
0.049073
0.0490816
0.0490906
0.0491
0.0491096
0.0491195
0.0491295
0.0491398
0.0491502
0.0491607
0.0491714
0.0491819
0.0491922
0.049202
0.0492111
0.0492192
0.0492258
0.0492306
0.0492334
0.0492338
0.0492319
0.0492286
0.0492237
0.0492146
0.0492096
)
;
    }
    ceiling
    {
        type            calculated;
        value           nonuniform List<scalar> 
100
(
-4.87517
-4.87518
-4.87519
-4.8752
-4.87521
-4.87522
-4.87522
-4.87523
-4.87524
-4.87525
-4.87526
-4.87527
-4.87528
-4.87529
-4.8753
-4.8753
-4.87531
-4.87531
-4.87531
-4.87531
-4.87531
-4.87531
-4.87531
-4.87531
-4.8753
-4.87529
-4.87528
-4.87526
-4.87524
-4.87522
-4.8752
-4.87518
-4.87516
-4.87515
-4.87515
-4.87516
-4.87518
-4.87519
-4.87521
-4.87523
-4.87525
-4.87526
-4.87528
-4.87528
-4.87529
-4.87529
-4.87529
-4.87529
-4.87529
-4.87529
-4.87529
-4.87529
-4.87529
-4.8753
-4.8753
-4.87531
-4.87532
-4.87532
-4.87533
-4.87533
-4.87534
-4.87535
-4.87535
-4.87536
-4.87537
-4.87537
-4.87538
-4.87539
-4.87539
-4.8754
-4.87541
-4.87542
-4.87543
-4.87543
-4.87544
-4.87545
-4.87545
-4.87546
-4.87547
-4.87547
-4.87548
-4.87548
-4.87548
-4.87548
-4.87549
-4.87549
-4.87549
-4.87548
-4.87548
-4.87548
-4.87547
-4.87546
-4.87545
-4.87542
-4.87539
-4.87533
-4.87523
-4.87505
-4.87484
-4.8747
)
;
    }
    fixedWalls
    {
        type            calculated;
        value           nonuniform List<scalar> 
100
(
6.93889e-18
-0.0984377
-0.196905
-0.295397
-0.393903
-0.492414
-0.590927
-0.689441
-0.787956
-0.886471
-0.984987
-1.0835
-1.18202
-1.28053
-1.37904
-1.47755
-1.57606
-1.67456
-1.77306
-1.87155
-1.97004
-2.06852
-2.167
-2.26548
-2.36396
-2.46245
-2.56093
-2.65942
-2.75791
-2.85639
-2.95488
-3.05336
-3.15184
-3.25032
-3.3488
-3.44727
-3.54574
-3.64421
-3.74268
-3.84115
-3.93962
-4.03809
-4.13657
-4.23505
-4.33353
-4.43202
-4.5305
-4.62898
-4.72745
-4.82592
-1.25341e-06
-0.0984568
-0.196945
-0.295439
-0.393933
-0.492428
-0.590923
-0.68942
-0.78792
-0.886421
-0.984925
-1.08343
-1.18194
-1.28044
-1.37895
-1.47745
-1.57595
-1.67444
-1.77293
-1.87142
-1.96991
-2.0684
-2.16689
-2.26538
-2.36387
-2.46236
-2.56086
-2.65935
-2.75784
-2.85634
-2.95484
-3.05333
-3.15183
-3.25033
-3.34883
-3.44733
-3.54583
-3.64433
-3.74284
-3.84135
-3.93985
-4.03836
-4.13685
-4.23533
-4.33378
-4.4322
-4.53059
-4.62892
-4.72721
-4.82547
)
;
    }
    frontAndBack
    {
        type            empty;
    }
}


// ************************************************************************* //
