/*--------------------------------*- C++ -*----------------------------------*\
| =========                 |                                                 |
| \\      /  F ield         | OpenFOAM: The Open Source CFD Toolbox           |
|  \\    /   O peration     | Version:  4.1                                   |
|   \\  /    A nd           | Web:      www.OpenFOAM.org                      |
|    \\/     M anipulation  |                                                 |
\*---------------------------------------------------------------------------*/
FoamFile
{
    version     2.0;
    format      ascii;
    class       volScalarField;
    location    "1340";
    object      p_rgh;
}
// * * * * * * * * * * * * * * * * * * * * * * * * * * * * * * * * * * * * * //

dimensions      [0 2 -2 0 0 0 0];

internalField   nonuniform List<scalar> 
5000
(
0.0492074
0.0492188
0.0492243
0.0492176
0.049211
0.0492041
0.0491975
0.0491913
0.0491855
0.0491803
0.0491758
0.0491718
0.0491683
0.0491652
0.0491624
0.0491597
0.049157
0.0491542
0.0491514
0.0491484
0.0491454
0.0491422
0.0491389
0.0491354
0.0491319
0.0491283
0.0491248
0.0491213
0.0491181
0.0491154
0.0491132
0.0491117
0.0491108
0.0491106
0.0491107
0.049111
0.0491112
0.0491111
0.0491106
0.0491094
0.0491076
0.049105
0.0491017
0.0490976
0.0490928
0.0490873
0.0490811
0.0490744
0.0490672
0.0490597
0.0490518
0.0490438
0.0490356
0.0490274
0.0490192
0.0490111
0.0490031
0.0489953
0.0489879
0.0489809
0.0489744
0.0489684
0.0489629
0.048958
0.0489538
0.0489503
0.0489476
0.0489459
0.0489451
0.0489454
0.0489467
0.0489491
0.0489524
0.0489565
0.0489613
0.0489665
0.0489727
0.0489867
0.0490178
0.0490168
0.0490204
0.0490243
0.0490274
0.04903
0.0490324
0.0490352
0.049039
0.0490445
0.0490525
0.0490636
0.0490779
0.0490929
0.0491038
0.049108
0.0491036
0.0490947
0.0490856
0.0490789
0.0490756
0.0490774
0.0492049
0.0492356
0.0492364
0.0492356
0.0492348
0.0492339
0.0492332
0.0492326
0.0492321
0.0492316
0.0492311
0.0492306
0.0492299
0.0492292
0.0492283
0.0492273
0.0492263
0.0492252
0.0492241
0.049223
0.0492219
0.0492208
0.0492196
0.0492185
0.0492173
0.049216
0.0492148
0.0492135
0.0492121
0.0492106
0.049209
0.0492073
0.0492054
0.0492033
0.0492011
0.0491986
0.0491958
0.0491929
0.0491896
0.0491859
0.0491818
0.0491774
0.0491725
0.0491672
0.0491614
0.0491554
0.049149
0.0491424
0.0491356
0.0491288
0.049122
0.0491153
0.0491088
0.0491026
0.0490968
0.0490915
0.0490867
0.0490824
0.0490782
0.0490739
0.0490694
0.0490648
0.0490601
0.0490555
0.0490511
0.0490471
0.0490439
0.0490417
0.0490408
0.0490412
0.0490431
0.0490464
0.0490511
0.0490569
0.0490626
0.0490626
0.0490425
0.049005
0.0489944
0.0490349
0.0490699
0.0490735
0.0490733
0.0490719
0.0490704
0.0490693
0.049069
0.04907
0.0490731
0.0490796
0.0490892
0.0491001
0.0491084
0.0491128
0.0491117
0.0491078
0.0491047
0.0491025
0.0490928
0.0490751
0.0491952
0.0492348
0.0492351
0.0492342
0.0492336
0.0492331
0.0492327
0.0492324
0.0492321
0.0492318
0.0492314
0.049231
0.0492304
0.0492297
0.0492289
0.049228
0.0492271
0.0492261
0.0492251
0.0492241
0.0492232
0.0492221
0.0492211
0.0492201
0.049219
0.0492179
0.0492167
0.0492155
0.0492142
0.0492127
0.0492112
0.0492095
0.0492076
0.0492056
0.0492033
0.0492007
0.0491979
0.0491948
0.0491913
0.0491874
0.049183
0.0491783
0.0491731
0.0491676
0.0491616
0.0491554
0.0491488
0.0491421
0.0491353
0.0491284
0.0491216
0.0491149
0.0491084
0.0491023
0.0490966
0.0490914
0.0490868
0.0490828
0.0490796
0.0490771
0.0490752
0.0490739
0.0490731
0.0490727
0.0490726
0.0490729
0.0490734
0.0490744
0.0490759
0.0490781
0.0490809
0.0490845
0.0490888
0.0490937
0.0490983
0.0490982
0.0490756
0.0490153
0.048969
0.0489871
0.0490555
0.0490829
0.0490803
0.0490766
0.0490726
0.0490689
0.049066
0.0490648
0.0490663
0.0490709
0.0490788
0.0490882
0.049096
0.0491009
0.0491009
0.0490991
0.0490986
0.0491001
0.0490933
0.0490593
0.0491861
0.0492342
0.0492343
0.049233
0.0492323
0.0492318
0.0492314
0.049231
0.0492306
0.0492302
0.0492298
0.0492293
0.0492287
0.049228
0.0492273
0.0492266
0.0492258
0.0492249
0.0492241
0.0492232
0.0492223
0.0492214
0.0492205
0.0492195
0.0492185
0.0492175
0.0492164
0.0492152
0.0492139
0.0492126
0.0492111
0.0492095
0.0492077
0.0492057
0.0492034
0.0492008
0.0491979
0.0491946
0.0491908
0.0491865
0.0491818
0.0491767
0.0491712
0.0491653
0.0491591
0.0491527
0.049146
0.0491392
0.0491322
0.0491253
0.0491184
0.0491116
0.0491051
0.0490989
0.0490932
0.0490879
0.0490832
0.0490793
0.049076
0.0490736
0.0490719
0.049071
0.0490709
0.0490715
0.0490727
0.0490743
0.0490765
0.0490789
0.0490818
0.049085
0.0490886
0.0490927
0.0490971
0.0491019
0.0491064
0.0491074
0.049089
0.0490255
0.0489543
0.0489459
0.0489986
0.049069
0.0490808
0.0490756
0.0490698
0.0490641
0.0490592
0.049056
0.0490554
0.0490581
0.0490642
0.0490727
0.0490807
0.0490865
0.0490873
0.049087
0.0490892
0.0490933
0.0490888
0.0490408
0.0491778
0.0492341
0.0492339
0.0492323
0.0492315
0.0492308
0.0492303
0.0492298
0.0492294
0.049229
0.0492287
0.0492285
0.0492282
0.0492278
0.0492274
0.0492268
0.0492263
0.0492256
0.0492249
0.0492242
0.0492235
0.0492227
0.0492219
0.049221
0.04922
0.049219
0.0492179
0.0492167
0.0492154
0.049214
0.0492124
0.0492106
0.0492087
0.0492065
0.049204
0.0492011
0.0491977
0.0491937
0.0491892
0.0491843
0.0491791
0.0491737
0.049168
0.0491621
0.049156
0.0491496
0.049143
0.0491363
0.0491294
0.0491225
0.0491155
0.0491087
0.049102
0.0490957
0.0490897
0.0490842
0.0490793
0.0490751
0.0490716
0.0490689
0.0490672
0.0490662
0.0490661
0.0490668
0.0490681
0.04907
0.0490724
0.0490752
0.0490784
0.049082
0.0490858
0.04909
0.0490945
0.0490993
0.0491038
0.0491059
0.0490931
0.0490365
0.0489531
0.0489178
0.0489496
0.049015
0.0490725
0.0490724
0.049065
0.0490573
0.0490502
0.0490445
0.0490414
0.0490418
0.0490463
0.0490542
0.0490631
0.0490702
0.049072
0.0490722
0.0490771
0.0490841
0.0490822
0.0490237
0.04917
0.0492343
0.0492341
0.0492322
0.0492312
0.0492305
0.04923
0.0492296
0.0492294
0.0492295
0.0492295
0.0492296
0.0492295
0.0492293
0.0492289
0.0492285
0.049228
0.0492275
0.0492269
0.0492262
0.0492256
0.0492248
0.049224
0.0492231
0.0492222
0.0492211
0.0492199
0.0492185
0.0492171
0.0492154
0.0492136
0.0492115
0.0492093
0.0492066
0.0492036
0.0491999
0.0491955
0.0491906
0.0491854
0.0491803
0.0491754
0.0491704
0.0491654
0.04916
0.0491544
0.0491485
0.0491423
0.0491358
0.0491291
0.0491223
0.0491154
0.0491085
0.0491016
0.049095
0.0490885
0.0490825
0.0490769
0.049072
0.0490678
0.0490645
0.0490622
0.0490608
0.0490604
0.0490608
0.0490619
0.0490637
0.049066
0.0490688
0.049072
0.0490756
0.0490794
0.0490836
0.049088
0.0490926
0.0490971
0.0491
0.0490921
0.0490459
0.0489608
0.0489032
0.0489097
0.0489631
0.0490287
0.0490657
0.0490588
0.0490489
0.0490391
0.0490306
0.0490246
0.0490224
0.0490253
0.049033
0.0490435
0.0490526
0.049056
0.0490551
0.0490629
0.0490733
0.0490745
0.0490079
0.0491624
0.0492346
0.0492346
0.0492328
0.0492318
0.0492311
0.0492309
0.0492309
0.0492311
0.0492313
0.0492314
0.0492313
0.049231
0.0492307
0.0492303
0.0492298
0.0492293
0.0492288
0.0492282
0.0492276
0.049227
0.0492263
0.0492256
0.0492247
0.0492236
0.0492225
0.0492211
0.0492196
0.0492178
0.0492158
0.0492136
0.0492111
0.0492082
0.0492049
0.0492009
0.0491958
0.0491902
0.049185
0.0491807
0.0491771
0.0491736
0.0491698
0.0491656
0.0491609
0.0491558
0.0491503
0.0491445
0.0491384
0.049132
0.0491255
0.0491188
0.049112
0.0491052
0.0490984
0.0490917
0.0490851
0.0490787
0.0490728
0.0490673
0.0490627
0.0490592
0.0490567
0.0490554
0.0490551
0.0490556
0.049057
0.0490591
0.0490616
0.0490647
0.0490681
0.0490718
0.0490759
0.0490801
0.0490846
0.049089
0.0490924
0.0490882
0.0490527
0.048973
0.0489001
0.0488813
0.0489157
0.0489773
0.0490337
0.0490509
0.0490395
0.0490268
0.0490148
0.0490055
0.0490004
0.0490016
0.0490095
0.0490221
0.0490347
0.0490403
0.0490364
0.0490469
0.0490614
0.0490662
0.0489933
0.0491547
0.0492349
0.0492356
0.0492339
0.0492331
0.0492328
0.0492329
0.0492331
0.0492331
0.049233
0.0492326
0.0492321
0.0492315
0.0492309
0.0492303
0.0492297
0.0492292
0.0492287
0.0492282
0.0492277
0.0492272
0.0492266
0.0492258
0.0492249
0.0492239
0.0492225
0.049221
0.0492192
0.049217
0.0492146
0.0492118
0.0492086
0.0492048
0.0492003
0.0491945
0.0491875
0.0491831
0.049181
0.0491794
0.0491774
0.0491747
0.0491713
0.0491673
0.0491627
0.0491577
0.0491524
0.0491468
0.049141
0.0491351
0.0491291
0.049123
0.0491168
0.0491106
0.0491043
0.0490979
0.0490915
0.049085
0.0490786
0.0490722
0.0490664
0.0490613
0.0490573
0.0490543
0.0490525
0.0490518
0.0490521
0.0490534
0.0490554
0.049058
0.0490611
0.0490646
0.0490684
0.0490725
0.0490766
0.0490808
0.0490843
0.0490827
0.0490569
0.0489869
0.0489061
0.0488648
0.0488768
0.0489263
0.0489866
0.0490276
0.0490295
0.0490138
0.048998
0.0489848
0.0489767
0.048976
0.0489841
0.0489995
0.0490167
0.0490256
0.0490173
0.0490301
0.049049
0.0490581
0.0489802
0.0491468
0.049235
0.0492368
0.0492356
0.0492352
0.0492353
0.0492354
0.0492351
0.0492345
0.0492335
0.0492325
0.0492314
0.0492304
0.0492295
0.0492287
0.0492281
0.0492275
0.0492271
0.0492268
0.0492264
0.049226
0.0492255
0.0492248
0.0492238
0.0492227
0.0492212
0.0492193
0.0492171
0.0492145
0.0492113
0.0492076
0.0492033
0.0491979
0.0491908
0.0491814
0.0491796
0.0491812
0.0491815
0.0491804
0.0491781
0.0491749
0.049171
0.0491665
0.0491617
0.0491566
0.0491513
0.0491459
0.0491405
0.0491351
0.0491297
0.0491244
0.0491191
0.0491138
0.0491085
0.0491033
0.0490979
0.0490925
0.0490869
0.0490811
0.0490752
0.0490695
0.0490642
0.0490596
0.0490559
0.0490533
0.0490519
0.0490516
0.0490523
0.049054
0.0490563
0.0490593
0.0490626
0.0490661
0.0490698
0.0490735
0.0490768
0.0490767
0.0490588
0.0490006
0.0489186
0.0488598
0.0488489
0.048881
0.0489359
0.0489879
0.0490114
0.0490018
0.0489815
0.048964
0.0489526
0.0489498
0.0489578
0.0489761
0.0489989
0.0490127
0.0490002
0.0490131
0.0490368
0.0490506
0.0489691
0.0491386
0.0492349
0.0492381
0.0492377
0.0492379
0.049238
0.0492373
0.049236
0.0492343
0.0492324
0.0492305
0.0492289
0.0492274
0.0492262
0.0492253
0.0492247
0.0492243
0.049224
0.0492238
0.0492237
0.0492234
0.049223
0.0492223
0.0492214
0.04922
0.0492182
0.0492159
0.049213
0.0492092
0.0492045
0.0491983
0.0491885
0.0491764
0.0491709
0.0491758
0.0491811
0.0491822
0.0491813
0.0491789
0.0491755
0.0491714
0.0491668
0.0491618
0.0491566
0.0491513
0.049146
0.0491408
0.0491357
0.0491308
0.049126
0.0491213
0.0491168
0.0491125
0.0491083
0.0491043
0.0491004
0.0490965
0.0490926
0.0490886
0.0490841
0.0490793
0.0490743
0.0490693
0.0490646
0.0490606
0.0490574
0.0490553
0.0490543
0.0490543
0.0490553
0.0490571
0.0490595
0.0490622
0.049065
0.0490679
0.0490704
0.0490708
0.0490587
0.0490126
0.0489348
0.0488644
0.0488327
0.0488449
0.0488882
0.0489412
0.0489797
0.0489866
0.0489689
0.0489451
0.0489305
0.0489252
0.0489325
0.0489529
0.0489817
0.0490019
0.0489872
0.0489967
0.0490252
0.0490442
0.04896
0.04913
0.0492344
0.0492392
0.0492398
0.0492402
0.0492394
0.0492375
0.0492348
0.0492319
0.049229
0.0492263
0.0492241
0.0492223
0.049221
0.0492201
0.0492196
0.0492194
0.0492194
0.0492195
0.0492196
0.0492195
0.0492191
0.0492185
0.0492174
0.0492153
0.0492128
0.0492092
0.0492033
0.04919
0.0491803
0.0491752
0.049171
0.0491681
0.0491739
0.04918
0.0491812
0.0491801
0.0491775
0.0491738
0.0491693
0.0491643
0.0491589
0.0491534
0.0491479
0.0491425
0.0491372
0.0491321
0.0491273
0.0491228
0.0491184
0.0491143
0.0491104
0.0491067
0.0491033
0.0491002
0.0490974
0.0490949
0.0490927
0.0490906
0.0490882
0.0490854
0.0490821
0.0490783
0.0490742
0.0490701
0.0490663
0.0490631
0.0490607
0.0490592
0.0490586
0.0490589
0.0490599
0.0490612
0.0490628
0.0490644
0.0490659
0.0490659
0.0490575
0.0490221
0.0489524
0.0488763
0.0488276
0.04882
0.0488477
0.0488948
0.0489396
0.0489621
0.0489564
0.0489353
0.0489162
0.0489071
0.0489113
0.0489319
0.0489659
0.0489939
0.0489798
0.0489806
0.0490145
0.0490391
0.048953
0.0491212
0.0492334
0.04924
0.0492411
0.0492407
0.0492385
0.0492349
0.0492307
0.0492265
0.0492226
0.0492193
0.0492167
0.0492148
0.0492135
0.0492129
0.0492127
0.0492129
0.0492133
0.0492137
0.0492142
0.0492144
0.0492133
0.0492126
0.0492111
0.0492052
0.0491888
0.0491816
0.0491773
0.0491723
0.049168
0.0491659
0.0491662
0.0491729
0.0491787
0.0491793
0.0491779
0.049175
0.0491708
0.0491659
0.0491603
0.0491544
0.0491484
0.0491424
0.0491366
0.0491311
0.0491259
0.049121
0.0491165
0.0491122
0.0491083
0.0491045
0.049101
0.0490977
0.0490948
0.0490922
0.04909
0.0490884
0.0490873
0.0490867
0.0490862
0.0490855
0.0490844
0.0490828
0.0490805
0.0490778
0.0490749
0.0490718
0.0490691
0.0490668
0.0490651
0.049064
0.0490635
0.0490634
0.0490634
0.0490635
0.0490634
0.0490624
0.0490559
0.0490291
0.0489695
0.0488931
0.0488322
0.0488064
0.0488174
0.0488539
0.0488981
0.0489304
0.0489388
0.0489283
0.0489123
0.0488996
0.0488986
0.048916
0.0489527
0.0489889
0.0489774
0.0489635
0.0490048
0.0490356
0.048948
0.0491124
0.0492326
0.0492402
0.0492409
0.0492388
0.0492345
0.0492289
0.0492231
0.0492176
0.049213
0.0492093
0.0492066
0.0492048
0.0492039
0.0492037
0.049204
0.0492048
0.049206
0.0492059
0.0492068
0.0492078
0.0492013
0.0491852
0.049179
0.0491754
0.0491705
0.0491667
0.0491647
0.0491636
0.0491636
0.0491657
0.0491727
0.0491779
0.0491779
0.0491759
0.0491724
0.0491678
0.0491622
0.0491559
0.0491493
0.0491425
0.0491359
0.0491295
0.0491235
0.0491179
0.0491129
0.0491083
0.0491041
0.0491003
0.0490967
0.0490933
0.04909
0.0490869
0.049084
0.0490815
0.0490796
0.0490783
0.0490778
0.0490781
0.0490789
0.0490799
0.0490809
0.0490815
0.0490816
0.0490811
0.04908
0.0490784
0.0490764
0.0490744
0.0490724
0.0490706
0.0490691
0.0490677
0.0490664
0.0490649
0.0490632
0.0490608
0.0490548
0.0490342
0.0489849
0.0489126
0.0488444
0.0488038
0.0487983
0.0488221
0.048861
0.0488972
0.0489168
0.0489181
0.0489101
0.0488992
0.0488953
0.0489078
0.0489434
0.0489865
0.0489797
0.0489437
0.0489956
0.0490336
0.0489448
0.0491041
0.0492331
0.0492398
0.0492392
0.0492344
0.0492273
0.0492194
0.0492118
0.0492053
0.0492001
0.0491963
0.0491937
0.0491924
0.0491919
0.0491927
0.0491936
0.049194
0.0491974
0.0491935
0.0491788
0.0491725
0.0491697
0.0491653
0.0491619
0.0491602
0.0491594
0.0491597
0.0491611
0.0491635
0.049168
0.0491747
0.0491784
0.0491778
0.0491751
0.0491709
0.0491655
0.0491591
0.0491519
0.0491443
0.0491366
0.0491289
0.0491217
0.049115
0.049109
0.0491036
0.0490989
0.0490948
0.0490912
0.0490878
0.0490847
0.0490815
0.0490784
0.0490752
0.0490721
0.0490694
0.0490671
0.0490657
0.0490653
0.0490659
0.0490675
0.0490698
0.0490724
0.049075
0.0490774
0.0490793
0.0490805
0.0490809
0.0490806
0.0490798
0.0490785
0.0490769
0.049075
0.049073
0.0490706
0.0490679
0.0490647
0.0490609
0.0490546
0.0490382
0.0489982
0.0489329
0.0488622
0.0488104
0.0487903
0.048801
0.0488319
0.0488677
0.0488942
0.0489056
0.0489055
0.0489003
0.0488969
0.048907
0.0489398
0.0489862
0.0489851
0.0489253
0.0489852
0.049032
0.0489427
0.0490962
0.0492351
0.0492398
0.0492361
0.0492276
0.049217
0.0492065
0.0491972
0.0491897
0.0491842
0.0491805
0.0491785
0.0491779
0.0491776
0.0491794
0.0491814
0.0491705
0.0491615
0.0491598
0.0491567
0.0491537
0.0491524
0.049152
0.0491527
0.0491546
0.0491577
0.0491617
0.0491674
0.0491736
0.0491788
0.0491808
0.0491793
0.0491759
0.049171
0.0491646
0.0491572
0.0491489
0.0491401
0.0491311
0.0491223
0.0491139
0.0491063
0.0490995
0.0490936
0.0490887
0.0490846
0.0490812
0.0490783
0.0490757
0.0490731
0.0490702
0.0490669
0.0490634
0.0490597
0.0490562
0.0490533
0.0490512
0.0490504
0.0490509
0.0490529
0.0490559
0.0490598
0.049064
0.0490684
0.0490725
0.0490761
0.0490789
0.0490808
0.0490817
0.0490818
0.0490812
0.0490798
0.0490778
0.049075
0.0490716
0.0490675
0.0490625
0.0490557
0.0490418
0.0490095
0.0489525
0.0488833
0.0488245
0.0487924
0.0487905
0.0488124
0.0488449
0.0488747
0.0488932
0.0489002
0.0489011
0.0489009
0.0489103
0.0489411
0.0489888
0.0489914
0.0489204
0.0489722
0.0490287
0.0489403
0.0490886
0.0492381
0.0492401
0.0492318
0.0492184
0.0492038
0.0491904
0.0491796
0.0491715
0.049166
0.0491627
0.0491612
0.0491619
0.0491596
0.0491486
0.0491446
0.0491441
0.049142
0.049141
0.0491411
0.0491421
0.0491444
0.0491481
0.049153
0.0491592
0.0491668
0.0491747
0.0491804
0.0491837
0.0491845
0.0491824
0.0491784
0.0491727
0.0491655
0.049157
0.0491474
0.0491371
0.0491266
0.0491163
0.0491065
0.0490976
0.0490899
0.0490833
0.049078
0.0490738
0.0490707
0.0490684
0.0490665
0.0490648
0.0490627
0.0490599
0.0490563
0.0490519
0.049047
0.0490422
0.0490378
0.0490346
0.0490328
0.0490329
0.0490349
0.0490384
0.0490432
0.0490488
0.0490549
0.0490611
0.049067
0.0490723
0.0490765
0.0490797
0.0490817
0.0490826
0.0490824
0.0490811
0.0490786
0.0490751
0.0490706
0.049065
0.0490578
0.0490455
0.0490192
0.0489707
0.0489058
0.0488438
0.0488026
0.0487897
0.0488022
0.0488299
0.0488601
0.0488834
0.0488963
0.0489018
0.0489061
0.0489164
0.0489461
0.0489937
0.0489963
0.0489287
0.048958
0.0490215
0.0489355
0.0490811
0.0492415
0.0492401
0.0492257
0.0492067
0.0491878
0.0491719
0.0491599
0.0491516
0.0491466
0.0491437
0.0491399
0.0491302
0.0491268
0.049127
0.0491264
0.0491268
0.049128
0.0491304
0.0491341
0.0491393
0.049146
0.0491542
0.0491638
0.0491739
0.0491819
0.0491865
0.0491889
0.0491891
0.0491867
0.0491824
0.0491762
0.0491682
0.0491586
0.0491477
0.0491358
0.0491236
0.0491115
0.0491
0.0490896
0.0490805
0.049073
0.049067
0.0490627
0.0490597
0.0490579
0.049057
0.0490565
0.0490558
0.0490542
0.0490512
0.0490466
0.0490406
0.0490337
0.0490266
0.0490202
0.0490151
0.0490118
0.0490109
0.0490127
0.0490166
0.0490222
0.0490292
0.049037
0.0490453
0.0490536
0.0490612
0.049068
0.0490736
0.0490779
0.0490807
0.0490822
0.0490821
0.0490806
0.0490777
0.0490734
0.0490677
0.0490604
0.0490493
0.0490277
0.0489871
0.0489283
0.0488662
0.0488188
0.0487968
0.0488005
0.0488224
0.0488513
0.0488772
0.0488949
0.0489047
0.0489124
0.0489245
0.0489537
0.0490008
0.0489993
0.048932
0.0489421
0.0490098
0.0489267
0.0490739
0.0492446
0.0492391
0.0492177
0.0491925
0.0491697
0.049152
0.0491397
0.0491313
0.0491251
0.0491171
0.0491111
0.0491111
0.0491112
0.0491122
0.0491141
0.0491171
0.0491216
0.0491277
0.0491356
0.0491452
0.0491563
0.0491687
0.0491798
0.0491877
0.0491924
0.0491946
0.0491948
0.0491924
0.0491877
0.0491811
0.0491725
0.049162
0.0491498
0.0491363
0.0491222
0.0491081
0.0490947
0.0490825
0.0490718
0.049063
0.0490562
0.0490513
0.0490484
0.049047
0.0490471
0.049048
0.0490492
0.0490495
0.049048
0.049044
0.0490373
0.0490286
0.0490187
0.0490086
0.0489993
0.0489917
0.0489864
0.0489841
0.0489854
0.0489895
0.048996
0.0490045
0.0490144
0.0490249
0.0490356
0.0490459
0.0490553
0.0490635
0.0490703
0.0490754
0.0490789
0.0490806
0.0490806
0.0490788
0.0490752
0.0490701
0.0490632
0.0490532
0.0490353
0.0490015
0.0489496
0.0488898
0.0488389
0.0488097
0.0488055
0.0488215
0.0488479
0.0488749
0.0488959
0.0489095
0.0489198
0.0489339
0.0489636
0.0490102
0.049001
0.0489235
0.0489224
0.048995
0.0489137
0.0490675
0.0492473
0.049237
0.0492076
0.0491764
0.0491508
0.0491321
0.0491199
0.0491109
0.0491026
0.049099
0.0490987
0.0490993
0.0491009
0.0491037
0.0491081
0.0491142
0.0491223
0.0491324
0.0491443
0.0491578
0.0491722
0.0491841
0.049193
0.0491988
0.0492016
0.0492021
0.0491997
0.0491946
0.0491874
0.0491782
0.0491669
0.0491535
0.0491385
0.0491225
0.0491064
0.0490909
0.0490766
0.0490641
0.0490538
0.0490458
0.0490402
0.0490369
0.0490358
0.0490366
0.0490389
0.0490421
0.0490449
0.049046
0.0490437
0.0490375
0.0490275
0.0490148
0.0490008
0.048987
0.0489744
0.048964
0.0489565
0.0489525
0.0489525
0.0489568
0.0489645
0.0489748
0.0489869
0.049
0.0490135
0.0490266
0.0490388
0.0490498
0.0490592
0.0490668
0.0490726
0.0490764
0.0490782
0.0490779
0.0490757
0.0490716
0.0490655
0.0490568
0.0490419
0.0490141
0.0489691
0.0489132
0.0488611
0.0488264
0.0488154
0.0488255
0.0488488
0.0488758
0.048899
0.0489156
0.0489281
0.0489442
0.0489753
0.049022
0.0490029
0.0489079
0.0488994
0.0489788
0.0488982
0.0490629
0.0492504
0.049234
0.0491958
0.0491592
0.0491321
0.0491154
0.0491039
0.0490953
0.0490915
0.0490905
0.0490909
0.0490924
0.0490956
0.0491006
0.0491077
0.0491171
0.0491287
0.0491424
0.049158
0.0491742
0.0491878
0.0491985
0.049206
0.0492104
0.0492115
0.0492091
0.0492035
0.0491954
0.0491853
0.0491731
0.0491587
0.0491424
0.0491246
0.0491065
0.0490887
0.0490723
0.0490578
0.0490457
0.0490363
0.0490297
0.0490258
0.0490246
0.0490258
0.0490291
0.0490341
0.0490396
0.049044
0.0490449
0.0490405
0.0490304
0.0490155
0.0489978
0.0489794
0.0489619
0.0489465
0.0489338
0.0489244
0.0489186
0.0489169
0.0489208
0.0489293
0.0489414
0.0489558
0.0489716
0.0489879
0.0490039
0.0490191
0.0490328
0.049045
0.0490552
0.0490634
0.0490695
0.0490734
0.0490751
0.0490745
0.0490719
0.0490671
0.0490598
0.0490476
0.0490248
0.0489864
0.0489353
0.0488836
0.0488452
0.0488284
0.048833
0.0488528
0.0488789
0.0489034
0.0489224
0.048937
0.0489547
0.0489879
0.0490361
0.049006
0.0488908
0.0488759
0.0489618
0.048883
0.0490605
0.049255
0.0492307
0.0491825
0.0491433
0.0491191
0.0491038
0.0490934
0.0490881
0.049086
0.0490855
0.0490866
0.0490894
0.0490944
0.0491018
0.0491117
0.0491242
0.0491393
0.0491567
0.0491751
0.0491912
0.0492043
0.049214
0.0492202
0.0492224
0.0492208
0.0492145
0.0492052
0.0491937
0.0491804
0.0491651
0.0491476
0.0491284
0.0491083
0.0490884
0.0490697
0.0490531
0.0490391
0.0490281
0.0490201
0.0490154
0.0490137
0.0490149
0.0490188
0.049025
0.0490328
0.0490406
0.0490458
0.0490452
0.0490369
0.0490211
0.0490001
0.0489771
0.0489549
0.0489352
0.0489189
0.048906
0.0488963
0.0488894
0.0488858
0.0488879
0.0488959
0.0489086
0.0489246
0.0489425
0.0489611
0.0489797
0.0489975
0.0490138
0.0490285
0.0490413
0.0490519
0.0490603
0.0490664
0.0490702
0.0490716
0.0490707
0.0490675
0.0490619
0.0490521
0.0490337
0.0490013
0.0489554
0.0489053
0.0488646
0.0488429
0.0488424
0.0488586
0.0488831
0.0489082
0.0489288
0.0489451
0.0489643
0.0490006
0.0490517
0.0490111
0.0488779
0.0488556
0.0489429
0.048869
0.0490598
0.0492623
0.0492261
0.0491706
0.0491333
0.0491106
0.0490965
0.0490884
0.0490847
0.049083
0.049083
0.049085
0.0490893
0.0490963
0.0491062
0.0491191
0.049135
0.0491539
0.0491748
0.0491939
0.0492098
0.0492222
0.0492303
0.049234
0.0492332
0.0492277
0.0492171
0.049204
0.049189
0.0491725
0.049154
0.0491336
0.0491118
0.0490899
0.049069
0.0490502
0.0490343
0.0490215
0.0490122
0.0490062
0.0490037
0.0490044
0.0490083
0.0490151
0.0490243
0.0490349
0.0490446
0.0490494
0.0490454
0.0490312
0.0490083
0.0489811
0.0489539
0.0489302
0.0489116
0.048898
0.048888
0.0488801
0.0488735
0.0488684
0.048867
0.0488721
0.048883
0.0488983
0.0489166
0.0489363
0.0489564
0.048976
0.0489943
0.0490111
0.0490259
0.0490387
0.0490493
0.0490576
0.0490635
0.0490669
0.0490679
0.0490666
0.0490628
0.0490554
0.0490407
0.0490137
0.0489729
0.0489252
0.0488831
0.0488575
0.0488523
0.0488648
0.0488875
0.0489123
0.0489337
0.0489513
0.0489721
0.0490121
0.0490675
0.0490188
0.0488759
0.0488384
0.0489209
0.0488551
0.0490597
0.0492706
0.0492213
0.0491635
0.0491268
0.0491051
0.0490924
0.0490861
0.0490827
0.0490813
0.0490821
0.0490854
0.0490914
0.0491007
0.0491134
0.0491297
0.0491496
0.0491727
0.049195
0.0492143
0.0492295
0.04924
0.0492454
0.0492457
0.0492411
0.0492315
0.0492166
0.0491996
0.0491813
0.0491616
0.0491402
0.049117
0.0490933
0.0490703
0.0490494
0.0490314
0.0490169
0.0490061
0.0489988
0.0489952
0.0489951
0.0489983
0.0490049
0.0490146
0.0490267
0.0490398
0.0490503
0.0490531
0.049044
0.0490224
0.0489922
0.0489599
0.0489315
0.0489105
0.0488972
0.0488894
0.0488842
0.0488792
0.0488734
0.0488672
0.0488625
0.0488627
0.0488694
0.0488817
0.048898
0.0489168
0.0489368
0.0489568
0.048976
0.048994
0.0490104
0.0490248
0.0490371
0.0490473
0.0490551
0.0490605
0.0490635
0.0490642
0.0490623
0.0490572
0.0490459
0.0490236
0.0489877
0.0489428
0.0489
0.0488711
0.0488617
0.0488705
0.0488909
0.0489149
0.0489365
0.0489549
0.048977
0.0490209
0.0490821
0.0490303
0.0488914
0.0488205
0.0488949
0.0488386
0.0490592
0.0492774
0.0492186
0.0491592
0.0491224
0.0491014
0.0490903
0.0490844
0.0490813
0.0490806
0.0490823
0.0490871
0.0490952
0.0491072
0.0491232
0.0491435
0.0491678
0.0491936
0.0492164
0.0492348
0.049248
0.0492557
0.0492577
0.0492542
0.0492455
0.0492319
0.049213
0.0491922
0.0491708
0.0491482
0.049124
0.0490987
0.0490737
0.0490506
0.0490307
0.0490144
0.0490021
0.0489936
0.0489888
0.0489875
0.0489897
0.0489953
0.0490044
0.0490167
0.0490314
0.0490461
0.0490562
0.0490555
0.0490401
0.0490106
0.0489743
0.0489402
0.0489149
0.0489006
0.0488945
0.0488927
0.0488913
0.0488882
0.0488828
0.0488759
0.0488692
0.0488654
0.0488675
0.0488756
0.0488884
0.0489047
0.0489228
0.0489418
0.0489606
0.0489787
0.0489955
0.0490108
0.0490244
0.0490359
0.0490454
0.0490526
0.0490575
0.04906
0.0490602
0.0490573
0.049049
0.0490309
0.0489995
0.0489573
0.0489145
0.0488827
0.0488696
0.0488749
0.0488929
0.0489155
0.0489365
0.0489549
0.0489778
0.0490252
0.0490922
0.0490528
0.0489212
0.0488022
0.0488646
0.0488173
0.0490577
0.0492827
0.0492175
0.0491562
0.049119
0.0490989
0.0490884
0.0490827
0.0490801
0.0490801
0.0490832
0.0490898
0.0491004
0.0491156
0.0491357
0.0491603
0.0491885
0.0492149
0.0492369
0.0492534
0.0492639
0.0492683
0.0492667
0.0492595
0.0492468
0.0492293
0.0492068
0.0491824
0.0491581
0.0491328
0.0491063
0.0490795
0.0490542
0.0490321
0.0490142
0.0490005
0.0489908
0.0489848
0.0489823
0.0489831
0.0489873
0.048995
0.0490062
0.0490206
0.0490371
0.0490524
0.0490609
0.0490557
0.0490337
0.0489977
0.0489583
0.0489265
0.0489078
0.0489007
0.0489001
0.0489014
0.0489017
0.0488993
0.048894
0.048887
0.0488798
0.0488743
0.0488736
0.0488782
0.0488874
0.0489001
0.0489152
0.0489318
0.0489488
0.0489657
0.048982
0.0489973
0.0490113
0.0490237
0.0490343
0.0490429
0.0490495
0.049054
0.0490562
0.0490555
0.04905
0.0490356
0.0490081
0.0489686
0.0489258
0.0488918
0.0488752
0.0488774
0.048893
0.0489139
0.0489335
0.0489513
0.0489741
0.0490237
0.0490972
0.0490817
0.04897
0.0487915
0.0488306
0.0487899
0.0490554
0.0492866
0.0492177
0.0491543
0.0491162
0.0490965
0.0490861
0.0490807
0.0490786
0.0490797
0.0490844
0.0490932
0.0491068
0.0491258
0.0491501
0.0491788
0.0492089
0.0492348
0.0492549
0.0492688
0.0492764
0.0492776
0.0492727
0.0492619
0.0492454
0.0492241
0.0491988
0.0491709
0.0491439
0.0491162
0.0490879
0.0490605
0.0490361
0.0490161
0.049001
0.0489902
0.0489833
0.0489797
0.0489791
0.0489816
0.0489873
0.0489965
0.0490092
0.0490251
0.0490423
0.0490571
0.0490633
0.0490536
0.0490263
0.0489869
0.0489483
0.0489217
0.0489091
0.0489062
0.0489075
0.0489095
0.0489099
0.0489079
0.0489033
0.0488974
0.0488915
0.0488865
0.0488846
0.0488869
0.0488928
0.0489017
0.048913
0.0489261
0.0489402
0.0489549
0.0489696
0.0489839
0.0489975
0.0490101
0.0490214
0.0490312
0.0490393
0.0490455
0.0490497
0.0490514
0.0490486
0.0490375
0.0490135
0.0489762
0.0489334
0.0488975
0.0488782
0.0488778
0.0488912
0.04891
0.0489278
0.0489443
0.0489665
0.0490144
0.049094
0.0491105
0.0490374
0.0488122
0.0487938
0.0487558
0.0490519
0.0492904
0.0492189
0.0491532
0.0491141
0.0490938
0.0490832
0.049078
0.0490767
0.0490791
0.0490857
0.0490971
0.0491141
0.0491371
0.0491655
0.0491973
0.0492272
0.0492514
0.0492692
0.0492806
0.0492855
0.0492841
0.0492764
0.0492623
0.0492422
0.0492172
0.0491892
0.0491587
0.0491289
0.0490993
0.04907
0.049043
0.0490205
0.0490036
0.0489918
0.0489842
0.0489797
0.0489779
0.0489788
0.0489824
0.048989
0.0489991
0.0490125
0.0490288
0.0490458
0.0490594
0.049063
0.0490498
0.0490202
0.0489815
0.0489465
0.0489246
0.0489146
0.0489121
0.048913
0.0489142
0.0489142
0.0489125
0.0489093
0.0489057
0.0489025
0.0489
0.0488979
0.0488981
0.0489008
0.0489057
0.0489127
0.0489217
0.0489323
0.0489439
0.0489562
0.0489689
0.0489814
0.0489936
0.0490052
0.049016
0.0490256
0.0490338
0.0490403
0.0490445
0.0490445
0.0490364
0.0490153
0.0489799
0.048937
0.0488996
0.0488783
0.0488759
0.0488874
0.0489042
0.0489198
0.0489349
0.0489561
0.0489936
0.0490792
0.0491274
0.0491073
0.0489123
0.0487556
0.0487153
0.0490476
0.0492942
0.0492212
0.0491527
0.0491119
0.0490905
0.0490796
0.0490747
0.0490743
0.0490781
0.0490867
0.049101
0.0491217
0.0491486
0.0491803
0.0492133
0.0492419
0.0492639
0.0492794
0.0492888
0.0492919
0.0492886
0.0492786
0.0492616
0.049238
0.0492095
0.0491784
0.0491464
0.0491142
0.049083
0.0490535
0.049028
0.0490086
0.0489953
0.0489869
0.048982
0.0489795
0.048979
0.0489807
0.0489848
0.0489917
0.0490018
0.0490151
0.0490308
0.0490467
0.0490584
0.0490601
0.0490458
0.0490171
0.0489827
0.0489521
0.0489314
0.0489205
0.0489163
0.0489154
0.048915
0.048914
0.0489121
0.0489096
0.0489071
0.0489053
0.0489043
0.048904
0.0489032
0.0489031
0.0489045
0.0489077
0.0489128
0.0489197
0.0489279
0.0489373
0.0489476
0.0489589
0.0489709
0.0489831
0.0489954
0.0490072
0.0490181
0.0490275
0.0490347
0.0490377
0.0490325
0.0490138
0.0489794
0.0489363
0.0488978
0.0488754
0.0488721
0.0488821
0.0488967
0.0489103
0.048924
0.0489442
0.0489772
0.0490505
0.0491235
0.0491451
0.0490396
0.0487142
0.0486706
0.0490424
0.0492981
0.0492244
0.0491533
0.0491098
0.0490868
0.0490753
0.0490707
0.0490711
0.0490764
0.0490872
0.0491044
0.0491285
0.0491588
0.0491927
0.0492255
0.049252
0.0492718
0.0492855
0.0492938
0.0492963
0.0492918
0.04928
0.0492605
0.0492336
0.0492017
0.0491677
0.0491338
0.0491004
0.0490682
0.0490394
0.0490166
0.0490009
0.0489914
0.048986
0.0489831
0.0489819
0.0489821
0.0489841
0.0489882
0.0489947
0.0490041
0.0490162
0.0490303
0.0490443
0.0490542
0.0490549
0.0490429
0.0490189
0.0489887
0.04896
0.0489384
0.0489252
0.0489182
0.0489147
0.048912
0.0489089
0.0489049
0.0489003
0.0488955
0.0488911
0.0488877
0.0488864
0.0488888
0.0488885
0.0488874
0.0488876
0.0488888
0.048891
0.048895
0.0489017
0.0489113
0.0489233
0.0489371
0.0489522
0.0489678
0.0489833
0.0489981
0.0490115
0.0490224
0.0490286
0.049026
0.0490087
0.0489747
0.0489311
0.0488923
0.0488701
0.0488667
0.0488756
0.0488881
0.0488995
0.048912
0.0489316
0.0489631
0.0490204
0.0491061
0.0491473
0.0490435
0.0486781
0.0486264
0.0490367
0.0493019
0.0492287
0.0491553
0.0491082
0.0490829
0.0490705
0.0490659
0.0490671
0.0490738
0.0490867
0.0491066
0.0491337
0.0491666
0.0492016
0.049233
0.0492571
0.0492747
0.0492876
0.0492963
0.0492991
0.0492945
0.0492815
0.0492597
0.0492297
0.0491944
0.0491577
0.0491219
0.0490877
0.0490557
0.0490287
0.0490092
0.0489974
0.0489911
0.048988
0.0489865
0.048986
0.0489866
0.0489884
0.0489919
0.0489975
0.0490054
0.0490155
0.0490273
0.049039
0.0490476
0.0490493
0.0490409
0.0490222
0.0489963
0.0489691
0.048946
0.0489295
0.0489188
0.0489115
0.0489053
0.0488985
0.0488903
0.0488805
0.0488694
0.0488575
0.0488455
0.0488351
0.0488289
0.0488324
0.0488314
0.0488269
0.0488241
0.0488238
0.0488288
0.0488395
0.0488545
0.0488723
0.0488922
0.0489132
0.0489347
0.0489558
0.0489758
0.0489938
0.0490087
0.0490181
0.0490171
0.0490001
0.0489655
0.0489217
0.0488839
0.0488631
0.0488602
0.0488681
0.0488785
0.048888
0.0488997
0.0489191
0.0489507
0.0490006
0.0490883
0.049147
0.0490316
0.0486518
0.0485872
0.0490305
0.0493059
0.049234
0.0491586
0.0491074
0.0490792
0.0490655
0.0490606
0.0490623
0.0490702
0.0490848
0.0491069
0.0491363
0.0491708
0.0492058
0.0492353
0.0492567
0.0492727
0.0492859
0.0492964
0.049301
0.0492971
0.0492835
0.0492598
0.0492269
0.0491885
0.0491492
0.0491119
0.049077
0.049046
0.0490215
0.0490056
0.0489971
0.0489935
0.0489921
0.0489916
0.0489915
0.048992
0.0489934
0.0489958
0.0489999
0.0490057
0.0490132
0.0490222
0.0490315
0.049039
0.049042
0.0490376
0.0490244
0.0490035
0.0489787
0.0489546
0.0489348
0.0489197
0.0489079
0.0488972
0.0488855
0.0488716
0.0488549
0.0488352
0.0488126
0.0487877
0.048762
0.048738
0.04872
0.0487167
0.0487157
0.0487191
0.0487281
0.0487431
0.0487639
0.0487885
0.0488154
0.0488438
0.0488728
0.0489014
0.0489287
0.0489542
0.0489768
0.0489951
0.0490062
0.0490047
0.048986
0.0489511
0.0489094
0.0488748
0.0488564
0.0488538
0.04886
0.0488681
0.0488761
0.0488875
0.0489074
0.0489402
0.0489897
0.0490739
0.0491521
0.0490459
0.0486369
0.0485555
0.049024
0.04931
0.0492403
0.0491635
0.0491079
0.0490761
0.0490605
0.0490549
0.0490567
0.0490653
0.049081
0.0491046
0.0491354
0.0491707
0.049205
0.0492321
0.0492507
0.0492655
0.0492802
0.0492943
0.0493023
0.0493002
0.0492867
0.0492614
0.0492257
0.0491844
0.0491428
0.0491042
0.0490692
0.0490394
0.0490176
0.0490049
0.0489993
0.0489978
0.0489978
0.048998
0.0489982
0.0489984
0.0489989
0.049
0.0490021
0.0490054
0.04901
0.0490158
0.0490223
0.0490283
0.0490319
0.0490309
0.0490231
0.0490081
0.0489875
0.0489645
0.0489427
0.0489238
0.0489075
0.0488922
0.0488758
0.0488568
0.0488341
0.0488073
0.0487763
0.0487419
0.0487057
0.0486707
0.0486414
0.0486245
0.0486228
0.0486308
0.0486473
0.0486708
0.0486999
0.0487327
0.0487674
0.0488031
0.0488387
0.0488733
0.0489059
0.0489356
0.0489612
0.0489809
0.0489913
0.0489881
0.0489682
0.0489345
0.0488964
0.0488658
0.04885
0.0488476
0.0488517
0.0488575
0.0488643
0.048876
0.0488973
0.0489324
0.0489857
0.0490665
0.0491615
0.0490801
0.0486352
0.048532
0.0490174
0.0493144
0.0492474
0.0491702
0.0491103
0.0490742
0.049056
0.0490492
0.0490506
0.0490592
0.0490754
0.0490995
0.0491307
0.0491658
0.0491987
0.0492233
0.049239
0.0492528
0.0492704
0.04929
0.0493032
0.049304
0.0492914
0.0492651
0.0492268
0.0491826
0.049139
0.0490993
0.0490644
0.049036
0.0490166
0.0490066
0.0490035
0.0490037
0.0490048
0.0490056
0.0490058
0.0490056
0.0490051
0.0490046
0.0490046
0.0490052
0.0490066
0.0490091
0.0490124
0.0490161
0.0490191
0.0490198
0.0490165
0.0490077
0.0489931
0.0489742
0.0489534
0.048933
0.0489138
0.0488951
0.0488754
0.0488532
0.0488272
0.0487966
0.0487612
0.0487219
0.0486807
0.048641
0.0486075
0.0485853
0.0485786
0.0485853
0.0486029
0.0486293
0.048662
0.0486987
0.0487374
0.048777
0.0488161
0.0488538
0.0488889
0.0489203
0.0489465
0.0489653
0.0489737
0.0489684
0.0489483
0.0489171
0.0488835
0.0488572
0.0488437
0.0488411
0.0488433
0.0488471
0.0488537
0.0488665
0.0488901
0.0489285
0.0489857
0.0490659
0.0491723
0.0491291
0.04865
0.0485169
0.0490108
0.0493192
0.0492554
0.0491787
0.0491151
0.0490742
0.0490526
0.0490439
0.0490443
0.0490523
0.0490679
0.0490915
0.049122
0.0491559
0.049187
0.0492093
0.0492219
0.0492346
0.0492562
0.0492835
0.0493038
0.0493088
0.0492979
0.049271
0.0492306
0.0491836
0.049138
0.0490974
0.0490626
0.0490354
0.049018
0.0490102
0.0490091
0.0490108
0.0490128
0.049014
0.0490141
0.0490134
0.0490119
0.0490099
0.0490079
0.0490059
0.0490043
0.0490033
0.0490032
0.0490038
0.0490048
0.0490054
0.0490044
0.0490004
0.0489922
0.0489798
0.0489638
0.0489457
0.0489268
0.0489072
0.0488864
0.048863
0.0488358
0.0488038
0.0487667
0.0487252
0.0486816
0.0486396
0.0486041
0.0485796
0.0485695
0.0485735
0.0485897
0.0486155
0.0486481
0.0486851
0.0487243
0.0487642
0.0488036
0.0488412
0.048876
0.0489066
0.0489312
0.0489477
0.0489536
0.0489469
0.0489277
0.0488999
0.0488712
0.048849
0.0488374
0.0488343
0.0488349
0.0488379
0.0488452
0.0488605
0.0488875
0.0489301
0.0489915
0.049074
0.0491815
0.0491869
0.0486851
0.0485106
0.0490043
0.0493247
0.0492644
0.0491892
0.0491226
0.0490766
0.049051
0.0490397
0.0490384
0.0490451
0.0490593
0.0490812
0.0491097
0.0491414
0.0491704
0.0491906
0.0492
0.0492112
0.049238
0.0492749
0.049304
0.0493146
0.0493063
0.0492795
0.0492372
0.0491877
0.0491402
0.0490986
0.0490638
0.0490373
0.0490214
0.0490153
0.0490158
0.0490186
0.0490214
0.0490229
0.0490229
0.0490217
0.0490193
0.049016
0.0490122
0.049008
0.0490038
0.0489999
0.0489964
0.0489936
0.0489916
0.0489902
0.0489889
0.0489867
0.0489828
0.0489762
0.0489665
0.0489539
0.0489388
0.0489215
0.0489018
0.0488792
0.0488526
0.0488211
0.0487843
0.0487428
0.0486988
0.0486559
0.0486188
0.0485921
0.0485789
0.0485796
0.048593
0.0486165
0.0486472
0.0486823
0.0487197
0.0487578
0.0487953
0.048831
0.0488636
0.0488918
0.0489138
0.0489277
0.0489317
0.0489247
0.0489074
0.0488836
0.0488595
0.0488411
0.048831
0.0488275
0.0488275
0.0488311
0.048841
0.0488601
0.0488919
0.0489394
0.0490049
0.0490891
0.0491934
0.049246
0.0487441
0.0485138
0.0489981
0.0493312
0.0492748
0.0492018
0.0491331
0.0490823
0.0490519
0.0490375
0.0490339
0.0490385
0.0490506
0.0490697
0.0490948
0.0491234
0.0491497
0.0491677
0.0491748
0.0491847
0.0492171
0.0492645
0.0493039
0.0493214
0.0493165
0.0492906
0.0492468
0.049195
0.0491456
0.0491029
0.0490678
0.0490416
0.0490264
0.0490215
0.0490231
0.0490269
0.0490303
0.049032
0.0490319
0.0490302
0.049027
0.0490227
0.0490174
0.0490116
0.0490054
0.0489992
0.0489931
0.0489874
0.0489824
0.0489781
0.0489744
0.0489711
0.0489676
0.0489632
0.0489572
0.048949
0.0489383
0.0489248
0.0489083
0.0488882
0.0488641
0.0488352
0.0488013
0.0487628
0.0487213
0.0486798
0.0486426
0.048614
0.0485971
0.0485935
0.0486025
0.0486219
0.048649
0.0486808
0.0487153
0.0487506
0.0487854
0.0488184
0.0488483
0.0488738
0.0488934
0.0489054
0.0489085
0.0489022
0.0488877
0.0488681
0.0488485
0.0488334
0.0488249
0.0488217
0.0488228
0.0488292
0.0488436
0.0488682
0.048906
0.0489588
0.0490274
0.0491116
0.0492118
0.0492934
0.0488257
0.0485283
0.0489924
0.0493386
0.0492861
0.0492163
0.0491468
0.0490914
0.0490563
0.0490382
0.0490318
0.049034
0.0490434
0.0490592
0.0490803
0.0491039
0.0491252
0.0491393
0.0491482
0.0491594
0.0491966
0.0492533
0.0493035
0.0493288
0.0493283
0.049304
0.0492594
0.0492055
0.0491541
0.0491103
0.0490744
0.0490479
0.0490328
0.0490284
0.0490308
0.0490353
0.0490392
0.049041
0.0490408
0.0490386
0.0490346
0.0490294
0.049023
0.0490159
0.0490083
0.0490004
0.0489926
0.048985
0.0489778
0.0489711
0.0489651
0.0489595
0.0489543
0.0489489
0.0489429
0.0489358
0.048927
0.048916
0.0489024
0.0488856
0.0488651
0.0488407
0.0488119
0.0487789
0.0487428
0.0487056
0.0486706
0.0486415
0.0486214
0.0486127
0.0486156
0.0486288
0.0486502
0.0486772
0.0487076
0.0487394
0.0487711
0.0488014
0.0488289
0.0488522
0.0488701
0.0488811
0.0488845
0.04888
0.0488687
0.0488535
0.0488383
0.0488267
0.0488204
0.0488193
0.048824
0.0488359
0.0488568
0.0488885
0.0489328
0.0489903
0.0490605
0.0491424
0.0492364
0.0493301
0.0489246
0.0485545
0.0489871
0.0493471
0.0492992
0.0492323
0.0491637
0.0491049
0.0490646
0.0490425
0.0490328
0.0490321
0.0490386
0.0490509
0.0490678
0.0490867
0.0491039
0.0491159
0.0491259
0.0491424
0.0491812
0.0492434
0.0493027
0.0493365
0.0493411
0.0493193
0.0492747
0.049219
0.0491658
0.0491206
0.0490838
0.0490562
0.0490403
0.0490358
0.0490385
0.0490436
0.0490478
0.0490497
0.0490492
0.0490465
0.0490418
0.0490355
0.0490281
0.0490198
0.0490109
0.0490018
0.0489927
0.0489838
0.0489753
0.0489673
0.0489599
0.0489529
0.0489464
0.0489399
0.0489333
0.048926
0.0489177
0.048908
0.0488965
0.0488827
0.0488663
0.0488468
0.0488239
0.0487975
0.0487678
0.0487359
0.048704
0.0486754
0.0486532
0.0486394
0.0486352
0.0486406
0.0486544
0.0486746
0.0486992
0.0487263
0.0487543
0.0487815
0.0488067
0.0488284
0.0488453
0.0488564
0.048861
0.048859
0.0488516
0.048841
0.0488306
0.0488233
0.0488211
0.0488249
0.0488363
0.0488563
0.0488853
0.0489248
0.0489751
0.0490355
0.0491045
0.0491812
0.0492662
0.0493561
0.0490326
0.0485897
0.048983
0.0493561
0.0493132
0.0492502
0.0491841
0.0491236
0.0490779
0.0490513
0.0490379
0.0490339
0.0490371
0.0490458
0.0490586
0.0490734
0.0490875
0.0490989
0.0491117
0.0491348
0.0491787
0.0492404
0.0493021
0.0493438
0.0493541
0.0493358
0.0492921
0.0492353
0.0491803
0.0491337
0.0490956
0.0490665
0.049049
0.0490435
0.0490461
0.0490515
0.0490559
0.0490579
0.0490572
0.0490538
0.0490483
0.0490409
0.0490322
0.0490224
0.049012
0.0490013
0.0489906
0.0489801
0.0489701
0.0489608
0.0489521
0.0489441
0.0489366
0.0489295
0.0489224
0.0489153
0.0489077
0.0488995
0.0488903
0.0488801
0.0488685
0.0488552
0.0488396
0.0488214
0.0487999
0.0487752
0.048748
0.0487204
0.0486964
0.0486781
0.0486671
0.048664
0.0486688
0.0486803
0.0486973
0.0487179
0.0487408
0.0487641
0.0487865
0.0488065
0.0488228
0.0488345
0.048841
0.0488423
0.0488393
0.0488342
0.0488298
0.0488287
0.0488332
0.0488457
0.0488666
0.048896
0.0489337
0.04898
0.049034
0.049094
0.0491584
0.0492267
0.0493009
0.0493795
0.0491338
0.0486294
0.0489804
0.0493656
0.0493285
0.0492712
0.0492088
0.0491489
0.0490977
0.049066
0.0490484
0.0490407
0.0490403
0.0490454
0.0490545
0.0490659
0.0490778
0.04909
0.0491062
0.0491359
0.0491849
0.0492475
0.0493075
0.0493501
0.0493663
0.0493523
0.0493108
0.0492537
0.0491974
0.0491496
0.0491101
0.0490789
0.0490589
0.0490516
0.0490534
0.0490587
0.0490634
0.0490655
0.0490646
0.0490607
0.0490543
0.0490458
0.0490356
0.0490241
0.0490117
0.0489988
0.0489857
0.0489728
0.0489602
0.0489482
0.0489369
0.0489264
0.0489166
0.0489075
0.0488989
0.0488908
0.048883
0.0488756
0.0488684
0.0488615
0.0488546
0.0488477
0.0488402
0.0488315
0.0488209
0.0488074
0.0487905
0.0487702
0.048748
0.0487284
0.048713
0.0487032
0.0486997
0.0487023
0.0487106
0.0487234
0.0487396
0.0487577
0.0487763
0.048794
0.0488095
0.0488219
0.0488307
0.0488359
0.0488385
0.0488402
0.0488436
0.0488514
0.0488661
0.0488899
0.0489214
0.0489597
0.0490044
0.0490544
0.0491079
0.0491632
0.0492193
0.049277
0.049339
0.0494044
0.0492159
0.0486702
0.0489797
0.0493758
0.0493461
0.0492965
0.0492396
0.0491821
0.0491276
0.0490891
0.0490665
0.0490546
0.0490503
0.0490518
0.0490576
0.0490664
0.0490776
0.0490917
0.0491123
0.0491485
0.0492013
0.0492627
0.0493187
0.0493583
0.0493768
0.0493678
0.0493297
0.0492736
0.0492166
0.0491678
0.0491273
0.0490938
0.0490705
0.0490601
0.0490603
0.0490653
0.04907
0.0490723
0.0490714
0.0490672
0.0490602
0.0490506
0.0490391
0.0490259
0.0490115
0.0489962
0.0489805
0.0489645
0.0489487
0.0489332
0.0489182
0.0489039
0.0488905
0.0488781
0.0488667
0.0488564
0.0488473
0.0488396
0.0488332
0.0488282
0.0488247
0.0488223
0.0488208
0.0488195
0.0488179
0.0488149
0.0488097
0.0488014
0.0487899
0.0487763
0.0487633
0.0487526
0.0487452
0.0487422
0.0487437
0.0487495
0.0487591
0.0487715
0.0487858
0.0488006
0.0488151
0.0488283
0.0488398
0.0488496
0.0488588
0.0488689
0.0488822
0.0489013
0.0489281
0.0489631
0.0490032
0.0490475
0.0490947
0.0491432
0.0491913
0.0492381
0.0492835
0.0493294
0.049379
0.0494311
0.0492784
0.0487093
0.0489811
0.0493863
0.0493657
0.0493263
0.0492779
0.049225
0.0491716
0.0491248
0.0490963
0.0490794
0.049071
0.0490689
0.0490719
0.0490791
0.0490907
0.0491082
0.0491348
0.0491756
0.049229
0.0492856
0.0493346
0.0493685
0.0493853
0.0493808
0.0493476
0.0492941
0.0492373
0.0491883
0.0491471
0.0491115
0.0490841
0.0490695
0.049067
0.0490708
0.0490755
0.049078
0.0490773
0.0490731
0.0490658
0.0490556
0.0490431
0.0490286
0.0490126
0.0489954
0.0489773
0.0489588
0.0489402
0.0489216
0.0489035
0.0488861
0.0488696
0.0488542
0.0488402
0.0488277
0.0488171
0.0488084
0.048802
0.0487979
0.0487961
0.0487966
0.048799
0.0488028
0.0488074
0.0488119
0.0488154
0.0488171
0.0488164
0.0488129
0.0488074
0.0488016
0.0487965
0.0487934
0.048793
0.0487957
0.0488015
0.0488102
0.0488214
0.0488343
0.0488483
0.0488628
0.0488777
0.048893
0.0489098
0.0489293
0.0489534
0.0489835
0.04902
0.0490627
0.0491068
0.0491515
0.0491957
0.0492378
0.0492769
0.049313
0.0493472
0.0493817
0.0494198
0.049459
0.0493257
0.048745
0.0489838
0.0493963
0.0493856
0.0493585
0.0493223
0.0492787
0.0492309
0.0491794
0.0491434
0.049121
0.0491081
0.0491026
0.0491033
0.0491099
0.049123
0.0491441
0.0491757
0.0492178
0.0492669
0.0493145
0.0493534
0.0493796
0.049392
0.0493897
0.0493626
0.0493138
0.0492588
0.0492103
0.0491694
0.0491324
0.0491007
0.0490805
0.0490737
0.0490753
0.0490793
0.0490819
0.0490815
0.0490776
0.0490704
0.04906
0.049047
0.0490316
0.0490143
0.0489955
0.0489755
0.0489546
0.0489333
0.0489118
0.0488905
0.0488697
0.0488497
0.048831
0.0488138
0.0487986
0.0487857
0.0487755
0.0487683
0.0487644
0.0487638
0.0487664
0.0487719
0.0487797
0.0487891
0.0487993
0.0488096
0.0488192
0.0488275
0.048834
0.0488384
0.0488413
0.0488434
0.0488457
0.0488489
0.0488538
0.0488607
0.0488699
0.0488815
0.0488952
0.0489109
0.0489284
0.0489478
0.0489694
0.0489938
0.049022
0.0490547
0.049092
0.0491328
0.0491756
0.0492173
0.0492582
0.0492954
0.0493285
0.0493576
0.0493835
0.0494077
0.0494325
0.0494607
0.0494877
0.0493621
0.0487759
0.0489867
0.0494046
0.0494032
0.0493886
0.0493669
0.0493374
0.0493006
0.049254
0.0492127
0.0491855
0.0491684
0.0491596
0.0491583
0.0491644
0.0491784
0.0492011
0.0492333
0.0492711
0.0493103
0.0493453
0.0493724
0.0493899
0.0493968
0.0493922
0.0493726
0.0493307
0.0492796
0.049233
0.0491938
0.0491569
0.0491214
0.0490944
0.0490812
0.049079
0.0490813
0.0490835
0.0490832
0.0490798
0.0490729
0.0490627
0.0490495
0.0490336
0.0490153
0.048995
0.0489731
0.0489499
0.0489259
0.0489013
0.0488768
0.0488525
0.0488291
0.048807
0.0487867
0.0487688
0.0487536
0.0487417
0.0487336
0.0487296
0.0487298
0.0487342
0.0487422
0.0487534
0.048767
0.0487822
0.0487981
0.048814
0.0488295
0.048844
0.0488573
0.0488695
0.0488808
0.0488916
0.0489025
0.0489139
0.0489265
0.0489406
0.0489566
0.0489746
0.0489947
0.0490172
0.0490422
0.0490699
0.0491005
0.0491343
0.049171
0.0492095
0.0492486
0.0492866
0.049322
0.0493545
0.0493831
0.0494075
0.0494283
0.0494463
0.0494632
0.0494808
0.0495007
0.0495161
0.0493895
0.0487998
0.0489864
0.0494105
0.0494165
0.0494117
0.0494028
0.0493885
0.0493669
0.0493338
0.0492986
0.0492711
0.0492517
0.0492404
0.0492368
0.0492409
0.0492528
0.0492722
0.049298
0.0493257
0.0493514
0.0493727
0.0493883
0.049397
0.0493979
0.0493897
0.0493716
0.049342
0.0492979
0.049255
0.0492193
0.0491848
0.0491474
0.0491131
0.0490914
0.049083
0.0490818
0.0490825
0.0490819
0.0490787
0.0490723
0.0490627
0.0490498
0.049034
0.0490154
0.0489944
0.0489714
0.0489466
0.0489206
0.0488938
0.0488667
0.0488397
0.0488134
0.0487883
0.048765
0.0487441
0.0487261
0.0487118
0.0487018
0.0486966
0.0486965
0.0487016
0.0487114
0.0487255
0.0487428
0.0487626
0.0487838
0.0488057
0.0488278
0.0488494
0.0488705
0.0488908
0.0489106
0.0489301
0.0489496
0.0489693
0.0489898
0.0490113
0.0490342
0.0490587
0.049085
0.0491132
0.0491434
0.0491756
0.0492096
0.0492449
0.0492807
0.049316
0.0493498
0.049381
0.0494091
0.0494338
0.0494549
0.0494727
0.0494877
0.0495006
0.0495124
0.0495244
0.0495368
0.0495396
0.0493996
0.0488176
0.0489835
0.0493912
0.0494248
0.0494258
0.0494245
0.0494203
0.0494117
0.0493969
0.0493766
0.0493565
0.0493398
0.0493282
0.0493224
0.0493227
0.0493288
0.04934
0.0493547
0.0493696
0.0493821
0.0493913
0.0493967
0.0493971
0.0493918
0.0493799
0.0493615
0.0493376
0.0493104
0.0492739
0.0492437
0.0492147
0.0491793
0.0491394
0.0491074
0.0490898
0.0490827
0.04908
0.0490777
0.0490741
0.049068
0.0490592
0.0490473
0.0490325
0.0490147
0.0489943
0.0489714
0.0489465
0.0489199
0.048892
0.0488635
0.0488346
0.048806
0.0487782
0.0487517
0.0487272
0.0487054
0.0486871
0.0486733
0.0486649
0.0486624
0.048666
0.0486756
0.0486906
0.0487102
0.0487333
0.048759
0.0487863
0.0488147
0.0488434
0.048872
0.0489004
0.0489285
0.0489562
0.0489838
0.0490117
0.0490401
0.0490693
0.0490993
0.0491304
0.0491624
0.0491955
0.0492295
0.0492639
0.0492984
0.0493324
0.049365
0.0493957
0.0494237
0.0494489
0.0494709
0.04949
0.0495061
0.0495196
0.049531
0.0495404
0.0495483
0.0495542
0.0495548
0.0495305
0.0493759
0.0488415
0.0489866
0.049321
0.0494023
0.0494207
0.0494264
0.0494285
0.0494282
0.0494251
0.0494186
0.0494096
0.0494
0.0493915
0.0493853
0.049382
0.0493818
0.0493842
0.0493883
0.0493924
0.0493941
0.0493933
0.0493894
0.0493822
0.0493713
0.049357
0.0493401
0.0493217
0.0493032
0.0492861
0.049264
0.0492433
0.0492162
0.0491766
0.0491347
0.0491049
0.0490884
0.0490796
0.0490735
0.0490678
0.049061
0.0490524
0.0490415
0.0490282
0.0490122
0.0489937
0.0489727
0.0489493
0.0489239
0.0488968
0.0488684
0.048839
0.0488091
0.0487792
0.0487496
0.0487209
0.0486939
0.0486698
0.0486498
0.048635
0.0486266
0.048625
0.0486304
0.0486423
0.04866
0.0486825
0.0487089
0.0487382
0.0487698
0.0488029
0.0488371
0.048872
0.0489074
0.0489432
0.048979
0.0490146
0.0490506
0.049087
0.0491238
0.0491608
0.0491979
0.0492349
0.0492714
0.0493069
0.049341
0.0493731
0.0494027
0.0494294
0.0494532
0.049474
0.0494917
0.0495067
0.049519
0.049529
0.0495366
0.0495415
0.0495431
0.0495387
0.049522
0.0494727
0.0493219
0.0488779
0.0490012
0.0492299
0.049308
0.0493425
0.0493619
0.0493745
0.0493833
0.0493895
0.0493932
0.0493944
0.0493934
0.0493908
0.0493873
0.0493837
0.0493805
0.0493776
0.049375
0.0493707
0.049364
0.0493554
0.0493453
0.0493344
0.0493231
0.049312
0.0493016
0.0492924
0.0492848
0.0492788
0.0492741
0.0492657
0.0492535
0.0492272
0.0491828
0.0491394
0.0491098
0.0490916
0.0490786
0.0490679
0.0490577
0.0490473
0.049036
0.0490233
0.049009
0.0489929
0.0489749
0.0489548
0.0489329
0.048909
0.0488834
0.0488561
0.0488272
0.0487968
0.048765
0.0487321
0.0486989
0.0486668
0.0486374
0.0486124
0.0485935
0.0485816
0.0485769
0.0485794
0.0485884
0.0486032
0.0486229
0.0486469
0.0486744
0.048705
0.0487381
0.0487734
0.0488108
0.04885
0.0488908
0.0489328
0.0489747
0.0490171
0.0490596
0.0491019
0.0491436
0.0491842
0.0492232
0.04926
0.0492943
0.0493256
0.0493534
0.0493778
0.0493986
0.049416
0.0494301
0.0494411
0.0494492
0.0494545
0.0494568
0.0494557
0.0494499
0.0494372
0.049413
0.0493645
0.0492484
0.0489319
0.0490297
0.0491416
0.0491779
0.0491968
0.0492112
0.0492228
0.0492325
0.049241
0.0492485
0.0492547
0.0492591
0.0492617
0.0492623
0.0492612
0.0492587
0.0492549
0.0492495
0.0492439
0.0492396
0.0492366
0.0492352
0.0492355
0.0492374
0.0492409
0.0492459
0.049252
0.0492588
0.0492657
0.049272
0.0492762
0.0492813
0.0492881
0.049267
0.0492187
0.049172
0.0491422
0.0491202
0.0491018
0.0490854
0.04907
0.049055
0.04904
0.0490249
0.0490093
0.0489933
0.0489768
0.0489596
0.0489415
0.048922
0.0489005
0.0488762
0.0488483
0.0488159
0.0487792
0.0487388
0.0486965
0.0486547
0.0486158
0.0485819
0.0485543
0.0485336
0.0485196
0.048512
0.0485104
0.0485141
0.0485228
0.048536
0.0485535
0.048575
0.0486002
0.048629
0.0486612
0.0486967
0.0487351
0.0487764
0.048819
0.0488623
0.0489058
0.0489489
0.0489909
0.0490311
0.0490689
0.0491036
0.0491347
0.049162
0.0491854
0.0492049
0.0492206
0.0492329
0.049242
0.0492483
0.049252
0.0492534
0.0492526
0.049249
0.0492425
0.0492331
0.0492169
0.0491684
0.0490028
0.0490868
0.0491101
0.0491031
0.0490998
0.0491041
0.0491114
0.049119
0.0491263
0.0491331
0.0491391
0.049144
0.0491477
0.0491503
0.0491521
0.0491535
0.0491549
0.0491569
0.0491604
0.0491656
0.0491726
0.0491815
0.0491922
0.0492046
0.0492185
0.0492336
0.0492494
0.0492655
0.0492812
0.0492961
0.0493101
0.0493232
0.0493364
0.0493991
0.0494116
0.0493555
0.0493159
0.0492877
0.0492651
0.0492457
0.0492281
0.0492116
0.049196
0.049181
0.0491663
0.0491519
0.0491375
0.0491225
0.0491065
0.0490885
0.0490671
0.0490409
0.0490082
0.048968
0.0489204
0.0488669
0.0488105
0.0487546
0.0487025
0.0486564
0.0486173
0.048585
0.0485591
0.0485388
0.0485234
0.0485124
0.0485053
0.0485019
0.0485022
0.0485061
0.0485135
0.0485244
0.0485387
0.0485565
0.0485777
0.048602
0.0486294
0.0486593
0.048691
0.0487238
0.0487571
0.04879
0.0488219
0.0488521
0.0488799
0.048905
0.0489272
0.0489464
0.0489627
0.0489765
0.0489879
0.0489976
0.049006
0.0490139
0.0490219
0.0490306
0.0490422
0.0490621
0.0490949
0.0491252
0.0490934
)
;

boundaryField
{
    floor
    {
        type            fixedFluxPressure;
        gradient        uniform 0;
        value           nonuniform List<scalar> 
100
(
0.0492074
0.0492188
0.0492243
0.0492176
0.049211
0.0492041
0.0491975
0.0491913
0.0491855
0.0491803
0.0491758
0.0491718
0.0491683
0.0491652
0.0491624
0.0491597
0.049157
0.0491542
0.0491514
0.0491484
0.0491454
0.0491422
0.0491389
0.0491354
0.0491319
0.0491283
0.0491248
0.0491213
0.0491181
0.0491154
0.0491132
0.0491117
0.0491108
0.0491106
0.0491107
0.049111
0.0491112
0.0491111
0.0491106
0.0491094
0.0491076
0.049105
0.0491017
0.0490976
0.0490928
0.0490873
0.0490811
0.0490744
0.0490672
0.0490597
0.0490518
0.0490438
0.0490356
0.0490274
0.0490192
0.0490111
0.0490031
0.0489953
0.0489879
0.0489809
0.0489744
0.0489684
0.0489629
0.048958
0.0489538
0.0489503
0.0489476
0.0489459
0.0489451
0.0489454
0.0489467
0.0489491
0.0489524
0.0489565
0.0489613
0.0489665
0.0489727
0.0489867
0.0490178
0.0490168
0.0490204
0.0490243
0.0490274
0.04903
0.0490324
0.0490352
0.049039
0.0490445
0.0490525
0.0490636
0.0490779
0.0490929
0.0491038
0.049108
0.0491036
0.0490947
0.0490856
0.0490789
0.0490756
0.0490774
)
;
    }
    ceiling
    {
        type            fixedFluxPressure;
        gradient        nonuniform List<scalar> 
100
(
0.816318
0.80622
0.800665
0.796912
0.794039
0.791666
0.78958
0.787657
0.785839
0.784109
0.782479
0.78097
0.779608
0.778415
0.777408
0.77659
0.775889
0.775205
0.774528
0.77385
0.773162
0.772453
0.771712
0.770924
0.770069
0.769121
0.768042
0.766777
0.765248
0.763354
0.761018
0.758138
0.744941
0.741533
0.751572
0.757992
0.761903
0.764486
0.766313
0.767679
0.768749
0.769626
0.770384
0.771085
0.771796
0.772599
0.773612
0.774999
0.776987
0.779874
0.783997
0.789678
0.797106
0.806216
0.816613
0.827622
0.838451
0.848402
0.857023
0.864141
0.869807
0.874201
0.877548
0.880059
0.881909
0.88323
0.884115
0.884627
0.884807
0.884683
0.884271
0.883583
0.882628
0.88141
0.879937
0.878215
0.876255
0.874154
0.871966
0.869748
0.867557
0.865447
0.863469
0.861664
0.860063
0.858688
0.857552
0.856663
0.856026
0.855647
0.855536
0.855713
0.856216
0.857117
0.858547
0.860731
0.864048
0.869166
0.877551
0.892931
)
;
        value           nonuniform List<scalar> 
100
(
0.0531684
0.0531412
0.0531065
0.0530844
0.0530743
0.0530697
0.0530669
0.0530646
0.0530623
0.0530596
0.0530564
0.0530525
0.0530484
0.0530442
0.0530406
0.0530378
0.0530364
0.0530364
0.0530382
0.0530419
0.0530473
0.0530544
0.0530631
0.0530731
0.0530839
0.053095
0.0531057
0.0531151
0.0531223
0.0531268
0.0531283
0.0531271
0.0531238
0.0531193
0.0531133
0.0531059
0.0530972
0.0530876
0.0530773
0.0530665
0.0530554
0.0530441
0.0530329
0.0530217
0.0530109
0.0530004
0.0529906
0.0529815
0.0529734
0.0529665
0.0529609
0.0529566
0.0529536
0.0529515
0.05295
0.0529486
0.0529469
0.0529445
0.0529415
0.052938
0.0529341
0.0529301
0.0529266
0.0529237
0.0529219
0.0529214
0.0529225
0.0529254
0.0529301
0.0529369
0.0529457
0.0529567
0.0529697
0.0529847
0.0530017
0.0530204
0.0530405
0.0530617
0.0530836
0.0531058
0.0531278
0.0531491
0.0531694
0.0531882
0.0532053
0.0532206
0.0532341
0.053246
0.0532566
0.0532661
0.0532752
0.0532846
0.053295
0.0533074
0.0533233
0.0533459
0.0533823
0.0534407
0.053513
0.053558
)
;
    }
    fixedWalls
    {
        type            fixedFluxPressure;
        gradient        uniform 0;
        value           nonuniform List<scalar> 
100
(
0.0492074
0.0492049
0.0491952
0.0491861
0.0491778
0.04917
0.0491624
0.0491547
0.0491468
0.0491386
0.04913
0.0491212
0.0491124
0.0491041
0.0490962
0.0490886
0.0490811
0.0490739
0.0490675
0.0490629
0.0490605
0.0490598
0.0490597
0.0490592
0.0490577
0.0490554
0.0490519
0.0490476
0.0490424
0.0490367
0.0490305
0.049024
0.0490174
0.0490108
0.0490043
0.0489981
0.0489924
0.0489871
0.048983
0.0489804
0.0489797
0.0489811
0.0489838
0.0489867
0.0489864
0.0489835
0.0489866
0.0490012
0.0490297
0.0490868
0.0490774
0.0490751
0.0490593
0.0490408
0.0490237
0.0490079
0.0489933
0.0489802
0.0489691
0.04896
0.048953
0.048948
0.0489448
0.0489427
0.0489403
0.0489355
0.0489267
0.0489137
0.0488982
0.048883
0.048869
0.0488551
0.0488386
0.0488173
0.0487899
0.0487558
0.0487153
0.0486706
0.0486264
0.0485872
0.0485555
0.048532
0.0485169
0.0485106
0.0485138
0.0485283
0.0485545
0.0485897
0.0486294
0.0486702
0.0487093
0.048745
0.0487759
0.0487998
0.0488176
0.0488415
0.0488779
0.0489319
0.0490028
0.0490934
)
;
    }
    frontAndBack
    {
        type            empty;
    }
}


// ************************************************************************* //
