/*--------------------------------*- C++ -*----------------------------------*\
| =========                 |                                                 |
| \\      /  F ield         | OpenFOAM: The Open Source CFD Toolbox           |
|  \\    /   O peration     | Version:  4.1                                   |
|   \\  /    A nd           | Web:      www.OpenFOAM.org                      |
|    \\/     M anipulation  |                                                 |
\*---------------------------------------------------------------------------*/
FoamFile
{
    version     2.0;
    format      ascii;
    class       volScalarField;
    location    "1560";
    object      p;
}
// * * * * * * * * * * * * * * * * * * * * * * * * * * * * * * * * * * * * * //

dimensions      [0 2 -2 0 0 0 0];

internalField   nonuniform List<scalar> 
5000
(
0
8.76575e-06
9.95159e-06
3.75695e-06
-8.96111e-06
-2.49101e-05
-4.16539e-05
-5.70674e-05
-6.89906e-05
-7.60033e-05
-7.78111e-05
-7.48797e-05
-6.78603e-05
-5.69865e-05
-4.70233e-05
-4.99662e-05
-6.9319e-05
-8.71105e-05
-0.00010076
-0.000107626
-0.000105675
-9.45851e-05
-7.61658e-05
-5.42414e-05
-3.23379e-05
-1.2701e-05
3.61886e-06
1.63133e-05
2.54714e-05
3.18356e-05
3.5874e-05
3.71543e-05
3.59193e-05
3.28094e-05
2.82709e-05
2.26236e-05
1.61501e-05
9.10491e-06
1.70564e-06
-5.86568e-06
-1.34581e-05
-2.09484e-05
-2.8237e-05
-3.52419e-05
-4.18954e-05
-4.81432e-05
-5.39435e-05
-5.92649e-05
-6.40829e-05
-6.83779e-05
-7.21354e-05
-7.53456e-05
-7.80037e-05
-8.01109e-05
-8.16652e-05
-8.2652e-05
-8.30638e-05
-8.29024e-05
-8.21711e-05
-8.08756e-05
-7.90233e-05
-7.66232e-05
-7.3686e-05
-7.02235e-05
-6.62482e-05
-6.17736e-05
-5.68149e-05
-5.139e-05
-4.55209e-05
-3.9234e-05
-3.25593e-05
-2.55301e-05
-1.81827e-05
-1.05556e-05
-2.69061e-06
5.36708e-06
1.35683e-05
2.18597e-05
3.01845e-05
3.84827e-05
4.66921e-05
5.47488e-05
6.25872e-05
7.01399e-05
7.73378e-05
8.41087e-05
9.03759e-05
9.60565e-05
0.000101059
0.000105285
0.000108629
0.000110987
0.000112279
0.00011249
0.000111749
0.000110451
0.000109301
0.000108717
0.000107968
0.000107817
-0.0984247
-0.0984202
-0.0984203
-0.098426
-0.0984361
-0.0984493
-0.0984638
-0.0984772
-0.098487
-0.0984915
-0.0984903
-0.0984842
-0.0984743
-0.0984618
-0.0984489
-0.0984571
-0.098483
-0.0985051
-0.0985225
-0.0985326
-0.0985328
-0.0985227
-0.0985042
-0.0984816
-0.0984588
-0.0984384
-0.0984215
-0.0984084
-0.0983986
-0.0983909
-0.0983857
-0.0983835
-0.0983837
-0.0983859
-0.0983896
-0.0983945
-0.0984002
-0.0984065
-0.0984132
-0.0984201
-0.098427
-0.0984339
-0.0984406
-0.0984469
-0.098453
-0.0984586
-0.0984638
-0.0984685
-0.0984727
-0.0984763
-0.0984794
-0.098482
-0.0984839
-0.0984853
-0.0984861
-0.0984864
-0.0984861
-0.0984852
-0.0984838
-0.0984819
-0.0984793
-0.0984763
-0.0984727
-0.0984687
-0.0984641
-0.098459
-0.0984534
-0.0984473
-0.0984408
-0.0984338
-0.0984264
-0.0984187
-0.0984105
-0.098402
-0.0983932
-0.0983841
-0.0983748
-0.0983653
-0.0983557
-0.098346
-0.0983363
-0.0983266
-0.0983171
-0.0983077
-0.0982985
-0.0982896
-0.0982812
-0.0982731
-0.0982656
-0.0982587
-0.0982524
-0.0982469
-0.0982421
-0.0982381
-0.0982349
-0.0982323
-0.0982298
-0.0982266
-0.0982228
-0.0982183
-0.196856
-0.196855
-0.196855
-0.196861
-0.196871
-0.196884
-0.196898
-0.196912
-0.196923
-0.196928
-0.196926
-0.196918
-0.196908
-0.196896
-0.196883
-0.196893
-0.19692
-0.196944
-0.196963
-0.196976
-0.196977
-0.196967
-0.196946
-0.196922
-0.196898
-0.196876
-0.196859
-0.196845
-0.196834
-0.196825
-0.19682
-0.196817
-0.196817
-0.196819
-0.196823
-0.196827
-0.196833
-0.196839
-0.196846
-0.196853
-0.19686
-0.196867
-0.196873
-0.19688
-0.196886
-0.196892
-0.196897
-0.196902
-0.196906
-0.19691
-0.196913
-0.196915
-0.196917
-0.196919
-0.19692
-0.19692
-0.19692
-0.196919
-0.196917
-0.196915
-0.196913
-0.196909
-0.196906
-0.196902
-0.196897
-0.196892
-0.196886
-0.19688
-0.196873
-0.196866
-0.196858
-0.19685
-0.196841
-0.196833
-0.196823
-0.196814
-0.196804
-0.196794
-0.196783
-0.196773
-0.196762
-0.196751
-0.196741
-0.19673
-0.196719
-0.196709
-0.196699
-0.196689
-0.196679
-0.19667
-0.196661
-0.196653
-0.196645
-0.196638
-0.196631
-0.196625
-0.196619
-0.196612
-0.196605
-0.196594
-0.295286
-0.295286
-0.295286
-0.295293
-0.295303
-0.295316
-0.295331
-0.295346
-0.295358
-0.295364
-0.295363
-0.295356
-0.295347
-0.295339
-0.29533
-0.295341
-0.295366
-0.295389
-0.29541
-0.295424
-0.295426
-0.295415
-0.295393
-0.295366
-0.295339
-0.295316
-0.295297
-0.295282
-0.29527
-0.295261
-0.295255
-0.295252
-0.295252
-0.295254
-0.295257
-0.295261
-0.295267
-0.295273
-0.29528
-0.295287
-0.295293
-0.2953
-0.295307
-0.295313
-0.29532
-0.295325
-0.295331
-0.295335
-0.29534
-0.295343
-0.295347
-0.295349
-0.295351
-0.295353
-0.295354
-0.295354
-0.295354
-0.295353
-0.295352
-0.29535
-0.295347
-0.295344
-0.295341
-0.295337
-0.295332
-0.295327
-0.295321
-0.295315
-0.295308
-0.295301
-0.295293
-0.295285
-0.295277
-0.295268
-0.295259
-0.295249
-0.295239
-0.295228
-0.295218
-0.295207
-0.295196
-0.295185
-0.295173
-0.295162
-0.295151
-0.295139
-0.295128
-0.295117
-0.295106
-0.295096
-0.295086
-0.295076
-0.295066
-0.295056
-0.295047
-0.295039
-0.29503
-0.295022
-0.295013
-0.295001
-0.39371
-0.393713
-0.393713
-0.393721
-0.39373
-0.393743
-0.393758
-0.393774
-0.393788
-0.393796
-0.393796
-0.393791
-0.393784
-0.393779
-0.393775
-0.393788
-0.393813
-0.393836
-0.393857
-0.393873
-0.393877
-0.393865
-0.39384
-0.39381
-0.393782
-0.393757
-0.393737
-0.39372
-0.393707
-0.393698
-0.393691
-0.393688
-0.393687
-0.393689
-0.393692
-0.393696
-0.393702
-0.393708
-0.393714
-0.393721
-0.393728
-0.393734
-0.393741
-0.393747
-0.393754
-0.393759
-0.393765
-0.393769
-0.393774
-0.393778
-0.393781
-0.393784
-0.393786
-0.393787
-0.393789
-0.393789
-0.393789
-0.393788
-0.393787
-0.393785
-0.393783
-0.39378
-0.393776
-0.393772
-0.393768
-0.393763
-0.393757
-0.393751
-0.393744
-0.393737
-0.39373
-0.393722
-0.393713
-0.393704
-0.393695
-0.393685
-0.393675
-0.393665
-0.393654
-0.393643
-0.393632
-0.39362
-0.393609
-0.393597
-0.393585
-0.393574
-0.393562
-0.39355
-0.393539
-0.393527
-0.393516
-0.393505
-0.393494
-0.393484
-0.393473
-0.393463
-0.393454
-0.393445
-0.393436
-0.393424
-0.492131
-0.492136
-0.492137
-0.492144
-0.492153
-0.492165
-0.492179
-0.492194
-0.492209
-0.492217
-0.49222
-0.492218
-0.492214
-0.492213
-0.492213
-0.492228
-0.492255
-0.492278
-0.492299
-0.492317
-0.492323
-0.49231
-0.492283
-0.492252
-0.492223
-0.492197
-0.492175
-0.492158
-0.492145
-0.492135
-0.492129
-0.492125
-0.492124
-0.492125
-0.492128
-0.492132
-0.492137
-0.492143
-0.492149
-0.492156
-0.492163
-0.492169
-0.492176
-0.492182
-0.492188
-0.492194
-0.492199
-0.492204
-0.492208
-0.492212
-0.492216
-0.492218
-0.492221
-0.492222
-0.492224
-0.492224
-0.492224
-0.492224
-0.492222
-0.492221
-0.492218
-0.492216
-0.492212
-0.492208
-0.492204
-0.492199
-0.492194
-0.492188
-0.492181
-0.492174
-0.492167
-0.492159
-0.492151
-0.492142
-0.492133
-0.492123
-0.492113
-0.492102
-0.492092
-0.49208
-0.492069
-0.492058
-0.492046
-0.492034
-0.492022
-0.49201
-0.491998
-0.491985
-0.491973
-0.491961
-0.49195
-0.491938
-0.491927
-0.491916
-0.491905
-0.491895
-0.491885
-0.491875
-0.491867
-0.491856
-0.590551
-0.590556
-0.590558
-0.590563
-0.590572
-0.590582
-0.590595
-0.590609
-0.590622
-0.590631
-0.590636
-0.590637
-0.590636
-0.590638
-0.590642
-0.590657
-0.590685
-0.590709
-0.590729
-0.590747
-0.590754
-0.590745
-0.590719
-0.590689
-0.59066
-0.590634
-0.590613
-0.590596
-0.590582
-0.590573
-0.590566
-0.590563
-0.590561
-0.590562
-0.590565
-0.590569
-0.590574
-0.590579
-0.590585
-0.590592
-0.590598
-0.590605
-0.590611
-0.590618
-0.590624
-0.590629
-0.590635
-0.590639
-0.590644
-0.590648
-0.590651
-0.590654
-0.590656
-0.590658
-0.590659
-0.59066
-0.59066
-0.590659
-0.590658
-0.590657
-0.590655
-0.590652
-0.590649
-0.590645
-0.590641
-0.590636
-0.590631
-0.590625
-0.590619
-0.590612
-0.590605
-0.590597
-0.590589
-0.59058
-0.590571
-0.590561
-0.590551
-0.590541
-0.59053
-0.590519
-0.590507
-0.590496
-0.590484
-0.590472
-0.590459
-0.590447
-0.590435
-0.590422
-0.59041
-0.590398
-0.590386
-0.590374
-0.590362
-0.590351
-0.59034
-0.59033
-0.59032
-0.59031
-0.590303
-0.590293
-0.688971
-0.688975
-0.688977
-0.688982
-0.688988
-0.688997
-0.689008
-0.68902
-0.689031
-0.68904
-0.689046
-0.689049
-0.689052
-0.689056
-0.68906
-0.689075
-0.689102
-0.689128
-0.689149
-0.689165
-0.689171
-0.689166
-0.689145
-0.689119
-0.689092
-0.689068
-0.689048
-0.689032
-0.689019
-0.68901
-0.689004
-0.689
-0.688999
-0.689
-0.689002
-0.689006
-0.689011
-0.689016
-0.689022
-0.689029
-0.689035
-0.689041
-0.689048
-0.689054
-0.68906
-0.689065
-0.68907
-0.689075
-0.68908
-0.689083
-0.689087
-0.68909
-0.689092
-0.689094
-0.689095
-0.689096
-0.689096
-0.689095
-0.689094
-0.689093
-0.689091
-0.689089
-0.689086
-0.689082
-0.689078
-0.689074
-0.689069
-0.689063
-0.689057
-0.68905
-0.689043
-0.689036
-0.689028
-0.689019
-0.68901
-0.689
-0.688991
-0.68898
-0.688969
-0.688958
-0.688947
-0.688935
-0.688923
-0.688911
-0.688898
-0.688886
-0.688873
-0.688861
-0.688848
-0.688836
-0.688823
-0.688811
-0.6888
-0.688788
-0.688777
-0.688767
-0.688758
-0.688749
-0.688742
-0.688733
-0.787393
-0.787395
-0.787398
-0.787401
-0.787405
-0.787412
-0.78742
-0.787429
-0.787438
-0.787446
-0.787452
-0.787457
-0.787461
-0.787466
-0.78747
-0.787483
-0.787506
-0.787534
-0.787555
-0.787572
-0.78758
-0.787576
-0.78756
-0.787539
-0.787517
-0.787497
-0.78748
-0.787466
-0.787455
-0.787447
-0.787441
-0.787438
-0.787437
-0.787438
-0.787441
-0.787444
-0.787449
-0.787454
-0.78746
-0.787466
-0.787472
-0.787478
-0.787485
-0.787491
-0.787496
-0.787502
-0.787507
-0.787512
-0.787516
-0.78752
-0.787523
-0.787526
-0.787528
-0.78753
-0.787531
-0.787532
-0.787532
-0.787532
-0.787531
-0.78753
-0.787528
-0.787526
-0.787523
-0.78752
-0.787516
-0.787512
-0.787507
-0.787501
-0.787496
-0.787489
-0.787482
-0.787475
-0.787467
-0.787459
-0.78745
-0.78744
-0.787431
-0.78742
-0.78741
-0.787399
-0.787387
-0.787375
-0.787363
-0.787351
-0.787338
-0.787326
-0.787313
-0.7873
-0.787288
-0.787275
-0.787263
-0.787251
-0.787239
-0.787228
-0.787217
-0.787207
-0.787198
-0.78719
-0.787183
-0.787175
-0.885816
-0.885818
-0.885819
-0.885821
-0.885824
-0.885828
-0.885833
-0.885838
-0.885845
-0.88585
-0.885855
-0.88586
-0.885865
-0.885869
-0.885873
-0.885881
-0.8859
-0.885927
-0.88595
-0.885968
-0.885977
-0.885977
-0.885967
-0.885953
-0.885938
-0.885923
-0.88591
-0.885898
-0.885889
-0.885882
-0.885878
-0.885875
-0.885875
-0.885876
-0.885879
-0.885883
-0.885887
-0.885892
-0.885898
-0.885904
-0.88591
-0.885916
-0.885922
-0.885928
-0.885934
-0.885939
-0.885944
-0.885949
-0.885953
-0.885956
-0.88596
-0.885962
-0.885965
-0.885967
-0.885968
-0.885969
-0.885969
-0.885969
-0.885968
-0.885967
-0.885965
-0.885963
-0.885961
-0.885957
-0.885954
-0.88595
-0.885945
-0.88594
-0.885935
-0.885929
-0.885922
-0.885915
-0.885907
-0.885899
-0.88589
-0.885881
-0.885871
-0.885861
-0.885851
-0.88584
-0.885828
-0.885817
-0.885804
-0.885792
-0.88578
-0.885767
-0.885754
-0.885741
-0.885729
-0.885716
-0.885704
-0.885691
-0.88568
-0.885669
-0.885658
-0.885649
-0.88564
-0.885632
-0.885626
-0.885619
-0.98424
-0.984241
-0.984242
-0.984244
-0.984245
-0.984247
-0.984249
-0.984251
-0.984254
-0.984257
-0.984259
-0.984262
-0.984264
-0.984267
-0.984271
-0.984272
-0.984288
-0.984312
-0.984337
-0.984356
-0.984368
-0.984373
-0.984371
-0.984364
-0.984356
-0.984346
-0.984337
-0.984329
-0.984322
-0.984317
-0.984314
-0.984312
-0.984313
-0.984314
-0.984317
-0.984321
-0.984326
-0.984331
-0.984336
-0.984342
-0.984348
-0.984354
-0.98436
-0.984366
-0.984371
-0.984376
-0.984381
-0.984386
-0.98439
-0.984394
-0.984397
-0.984399
-0.984402
-0.984403
-0.984405
-0.984406
-0.984406
-0.984406
-0.984405
-0.984404
-0.984403
-0.984401
-0.984398
-0.984395
-0.984392
-0.984388
-0.984384
-0.984379
-0.984374
-0.984368
-0.984362
-0.984355
-0.984348
-0.98434
-0.984331
-0.984322
-0.984313
-0.984303
-0.984293
-0.984282
-0.98427
-0.984259
-0.984247
-0.984234
-0.984222
-0.984209
-0.984196
-0.984184
-0.984171
-0.984158
-0.984146
-0.984134
-0.984122
-0.984111
-0.984101
-0.984092
-0.984083
-0.984076
-0.98407
-0.984064
-1.08267
-1.08267
-1.08267
-1.08267
-1.08267
-1.08267
-1.08267
-1.08267
-1.08267
-1.08267
-1.08267
-1.08267
-1.08266
-1.08266
-1.08266
-1.08266
-1.08268
-1.0827
-1.08272
-1.08274
-1.08276
-1.08277
-1.08278
-1.08278
-1.08277
-1.08277
-1.08276
-1.08276
-1.08275
-1.08275
-1.08275
-1.08275
-1.08275
-1.08275
-1.08276
-1.08276
-1.08276
-1.08277
-1.08277
-1.08278
-1.08279
-1.08279
-1.0828
-1.0828
-1.08281
-1.08281
-1.08282
-1.08282
-1.08283
-1.08283
-1.08283
-1.08284
-1.08284
-1.08284
-1.08284
-1.08284
-1.08284
-1.08284
-1.08284
-1.08284
-1.08284
-1.08284
-1.08284
-1.08283
-1.08283
-1.08283
-1.08282
-1.08282
-1.08281
-1.08281
-1.0828
-1.0828
-1.08279
-1.08278
-1.08277
-1.08276
-1.08275
-1.08275
-1.08273
-1.08272
-1.08271
-1.0827
-1.08269
-1.08268
-1.08267
-1.08265
-1.08264
-1.08263
-1.08261
-1.0826
-1.08259
-1.08258
-1.08257
-1.08256
-1.08255
-1.08254
-1.08253
-1.08252
-1.08252
-1.08251
-1.18109
-1.18109
-1.18109
-1.18109
-1.18109
-1.18109
-1.18109
-1.18109
-1.18109
-1.18109
-1.18108
-1.18108
-1.18107
-1.18107
-1.18106
-1.18106
-1.18107
-1.18109
-1.18111
-1.18114
-1.18116
-1.18117
-1.18118
-1.18119
-1.18119
-1.18119
-1.18119
-1.18119
-1.18118
-1.18118
-1.18118
-1.18118
-1.18119
-1.18119
-1.18119
-1.1812
-1.1812
-1.18121
-1.18121
-1.18122
-1.18122
-1.18123
-1.18124
-1.18124
-1.18125
-1.18125
-1.18126
-1.18126
-1.18126
-1.18127
-1.18127
-1.18127
-1.18128
-1.18128
-1.18128
-1.18128
-1.18128
-1.18128
-1.18128
-1.18128
-1.18128
-1.18128
-1.18127
-1.18127
-1.18127
-1.18127
-1.18126
-1.18126
-1.18125
-1.18125
-1.18124
-1.18124
-1.18123
-1.18122
-1.18121
-1.18121
-1.1812
-1.18119
-1.18118
-1.18117
-1.18116
-1.18115
-1.18113
-1.18112
-1.18111
-1.1811
-1.18108
-1.18107
-1.18106
-1.18105
-1.18103
-1.18102
-1.18101
-1.181
-1.18099
-1.18098
-1.18097
-1.18097
-1.18096
-1.18096
-1.27952
-1.27952
-1.27952
-1.27952
-1.27952
-1.27952
-1.27951
-1.27951
-1.27951
-1.27951
-1.2795
-1.2795
-1.27949
-1.27948
-1.27948
-1.27947
-1.27948
-1.27949
-1.27952
-1.27955
-1.27957
-1.27959
-1.2796
-1.27961
-1.27961
-1.27961
-1.27961
-1.27961
-1.27961
-1.27962
-1.27962
-1.27962
-1.27962
-1.27963
-1.27963
-1.27963
-1.27964
-1.27965
-1.27965
-1.27966
-1.27966
-1.27967
-1.27967
-1.27968
-1.27968
-1.27969
-1.27969
-1.2797
-1.2797
-1.27971
-1.27971
-1.27971
-1.27971
-1.27971
-1.27972
-1.27972
-1.27972
-1.27972
-1.27972
-1.27972
-1.27972
-1.27971
-1.27971
-1.27971
-1.27971
-1.2797
-1.2797
-1.2797
-1.27969
-1.27969
-1.27968
-1.27968
-1.27967
-1.27966
-1.27966
-1.27965
-1.27964
-1.27963
-1.27962
-1.27961
-1.2796
-1.27959
-1.27958
-1.27957
-1.27955
-1.27954
-1.27953
-1.27952
-1.2795
-1.27949
-1.27948
-1.27947
-1.27946
-1.27945
-1.27944
-1.27943
-1.27942
-1.27941
-1.27941
-1.2794
-1.37794
-1.37794
-1.37794
-1.37794
-1.37794
-1.37794
-1.37794
-1.37794
-1.37793
-1.37793
-1.37793
-1.37792
-1.37792
-1.37791
-1.3779
-1.3779
-1.3779
-1.37792
-1.37794
-1.37797
-1.37799
-1.378
-1.37801
-1.37802
-1.37803
-1.37804
-1.37804
-1.37804
-1.37804
-1.37805
-1.37805
-1.37805
-1.37806
-1.37806
-1.37807
-1.37807
-1.37808
-1.37808
-1.37809
-1.37809
-1.3781
-1.37811
-1.37811
-1.37812
-1.37812
-1.37813
-1.37813
-1.37814
-1.37814
-1.37814
-1.37815
-1.37815
-1.37815
-1.37815
-1.37815
-1.37815
-1.37815
-1.37815
-1.37815
-1.37815
-1.37815
-1.37815
-1.37815
-1.37815
-1.37815
-1.37814
-1.37814
-1.37814
-1.37813
-1.37813
-1.37812
-1.37812
-1.37811
-1.37811
-1.3781
-1.37809
-1.37808
-1.37807
-1.37806
-1.37805
-1.37804
-1.37803
-1.37802
-1.37801
-1.378
-1.37799
-1.37797
-1.37796
-1.37795
-1.37794
-1.37793
-1.37791
-1.3779
-1.37789
-1.37788
-1.37787
-1.37787
-1.37786
-1.37786
-1.37785
-1.47637
-1.47637
-1.47637
-1.47637
-1.47636
-1.47636
-1.47636
-1.47636
-1.47636
-1.47636
-1.47635
-1.47635
-1.47635
-1.47634
-1.47634
-1.47634
-1.47634
-1.47635
-1.47637
-1.47639
-1.47641
-1.47642
-1.47643
-1.47645
-1.47645
-1.47646
-1.47647
-1.47647
-1.47647
-1.47648
-1.47648
-1.47649
-1.47649
-1.4765
-1.4765
-1.47651
-1.47651
-1.47652
-1.47653
-1.47653
-1.47654
-1.47654
-1.47655
-1.47655
-1.47656
-1.47656
-1.47657
-1.47657
-1.47658
-1.47658
-1.47658
-1.47658
-1.47659
-1.47659
-1.47659
-1.47659
-1.47659
-1.47659
-1.47659
-1.47659
-1.47659
-1.47659
-1.47659
-1.47659
-1.47658
-1.47658
-1.47658
-1.47658
-1.47657
-1.47657
-1.47656
-1.47656
-1.47655
-1.47655
-1.47654
-1.47653
-1.47652
-1.47652
-1.47651
-1.4765
-1.47649
-1.47648
-1.47647
-1.47646
-1.47644
-1.47643
-1.47642
-1.47641
-1.4764
-1.47638
-1.47637
-1.47636
-1.47635
-1.47634
-1.47633
-1.47632
-1.47632
-1.47631
-1.4763
-1.4763
-1.57479
-1.57479
-1.57479
-1.57479
-1.57479
-1.57479
-1.57479
-1.57479
-1.57478
-1.57478
-1.57478
-1.57478
-1.57477
-1.57477
-1.57477
-1.57477
-1.57478
-1.57479
-1.5748
-1.57482
-1.57483
-1.57485
-1.57486
-1.57487
-1.57488
-1.57489
-1.57489
-1.5749
-1.5749
-1.57491
-1.57491
-1.57492
-1.57493
-1.57493
-1.57494
-1.57494
-1.57495
-1.57496
-1.57496
-1.57497
-1.57497
-1.57498
-1.57499
-1.57499
-1.575
-1.575
-1.57501
-1.57501
-1.57501
-1.57502
-1.57502
-1.57502
-1.57502
-1.57502
-1.57503
-1.57503
-1.57503
-1.57503
-1.57503
-1.57503
-1.57503
-1.57503
-1.57503
-1.57502
-1.57502
-1.57502
-1.57502
-1.57502
-1.57501
-1.57501
-1.575
-1.575
-1.57499
-1.57499
-1.57498
-1.57497
-1.57497
-1.57496
-1.57495
-1.57494
-1.57493
-1.57492
-1.57491
-1.5749
-1.57489
-1.57488
-1.57487
-1.57485
-1.57484
-1.57483
-1.57482
-1.57481
-1.5748
-1.57479
-1.57478
-1.57477
-1.57476
-1.57476
-1.57475
-1.57475
-1.67322
-1.67322
-1.67322
-1.67322
-1.67321
-1.67321
-1.67321
-1.67321
-1.67321
-1.67321
-1.6732
-1.6732
-1.6732
-1.6732
-1.6732
-1.67321
-1.67321
-1.67322
-1.67323
-1.67324
-1.67326
-1.67327
-1.67328
-1.67329
-1.6733
-1.67331
-1.67332
-1.67333
-1.67333
-1.67334
-1.67335
-1.67335
-1.67336
-1.67336
-1.67337
-1.67338
-1.67338
-1.67339
-1.6734
-1.6734
-1.67341
-1.67342
-1.67342
-1.67343
-1.67343
-1.67344
-1.67344
-1.67345
-1.67345
-1.67345
-1.67346
-1.67346
-1.67346
-1.67346
-1.67346
-1.67346
-1.67346
-1.67347
-1.67347
-1.67347
-1.67347
-1.67346
-1.67346
-1.67346
-1.67346
-1.67346
-1.67346
-1.67345
-1.67345
-1.67345
-1.67344
-1.67344
-1.67344
-1.67343
-1.67342
-1.67342
-1.67341
-1.6734
-1.67339
-1.67339
-1.67338
-1.67337
-1.67336
-1.67334
-1.67333
-1.67332
-1.67331
-1.6733
-1.67329
-1.67328
-1.67327
-1.67325
-1.67324
-1.67323
-1.67323
-1.67322
-1.67321
-1.67321
-1.6732
-1.6732
-1.77164
-1.77164
-1.77164
-1.77164
-1.77164
-1.77164
-1.77164
-1.77163
-1.77163
-1.77163
-1.77163
-1.77163
-1.77163
-1.77163
-1.77163
-1.77164
-1.77164
-1.77165
-1.77166
-1.77167
-1.77169
-1.7717
-1.77171
-1.77172
-1.77173
-1.77174
-1.77175
-1.77176
-1.77176
-1.77177
-1.77178
-1.77178
-1.77179
-1.7718
-1.77181
-1.77181
-1.77182
-1.77183
-1.77183
-1.77184
-1.77185
-1.77185
-1.77186
-1.77186
-1.77187
-1.77187
-1.77188
-1.77188
-1.77189
-1.77189
-1.77189
-1.77189
-1.7719
-1.7719
-1.7719
-1.7719
-1.7719
-1.7719
-1.7719
-1.7719
-1.7719
-1.7719
-1.7719
-1.7719
-1.7719
-1.7719
-1.7719
-1.77189
-1.77189
-1.77189
-1.77188
-1.77188
-1.77188
-1.77187
-1.77187
-1.77186
-1.77185
-1.77184
-1.77184
-1.77183
-1.77182
-1.77181
-1.7718
-1.77179
-1.77178
-1.77177
-1.77176
-1.77175
-1.77173
-1.77172
-1.77171
-1.7717
-1.77169
-1.77168
-1.77167
-1.77167
-1.77166
-1.77165
-1.77165
-1.77165
-1.87007
-1.87007
-1.87007
-1.87007
-1.87006
-1.87006
-1.87006
-1.87006
-1.87006
-1.87006
-1.87006
-1.87006
-1.87006
-1.87006
-1.87006
-1.87007
-1.87007
-1.87008
-1.87009
-1.8701
-1.87011
-1.87013
-1.87014
-1.87015
-1.87016
-1.87017
-1.87018
-1.87018
-1.87019
-1.8702
-1.87021
-1.87022
-1.87022
-1.87023
-1.87024
-1.87025
-1.87025
-1.87026
-1.87027
-1.87027
-1.87028
-1.87029
-1.87029
-1.8703
-1.87031
-1.87031
-1.87031
-1.87032
-1.87032
-1.87033
-1.87033
-1.87033
-1.87033
-1.87033
-1.87034
-1.87034
-1.87034
-1.87034
-1.87034
-1.87034
-1.87034
-1.87034
-1.87034
-1.87034
-1.87034
-1.87034
-1.87034
-1.87033
-1.87033
-1.87033
-1.87033
-1.87032
-1.87032
-1.87031
-1.87031
-1.8703
-1.87029
-1.87029
-1.87028
-1.87027
-1.87026
-1.87025
-1.87024
-1.87023
-1.87022
-1.87021
-1.8702
-1.87019
-1.87018
-1.87017
-1.87016
-1.87015
-1.87014
-1.87013
-1.87012
-1.87011
-1.87011
-1.8701
-1.8701
-1.87009
-1.96849
-1.96849
-1.96849
-1.96849
-1.96849
-1.96849
-1.96849
-1.96848
-1.96848
-1.96848
-1.96848
-1.96848
-1.96849
-1.96849
-1.96849
-1.9685
-1.96851
-1.96851
-1.96852
-1.96853
-1.96854
-1.96855
-1.96857
-1.96858
-1.96859
-1.9686
-1.9686
-1.96861
-1.96862
-1.96863
-1.96864
-1.96865
-1.96866
-1.96866
-1.96867
-1.96868
-1.96869
-1.96869
-1.9687
-1.96871
-1.96872
-1.96872
-1.96873
-1.96874
-1.96874
-1.96875
-1.96875
-1.96876
-1.96876
-1.96876
-1.96877
-1.96877
-1.96877
-1.96877
-1.96877
-1.96878
-1.96878
-1.96878
-1.96878
-1.96878
-1.96878
-1.96878
-1.96878
-1.96878
-1.96878
-1.96878
-1.96878
-1.96877
-1.96877
-1.96877
-1.96877
-1.96876
-1.96876
-1.96875
-1.96875
-1.96874
-1.96874
-1.96873
-1.96872
-1.96871
-1.96871
-1.9687
-1.96869
-1.96868
-1.96867
-1.96866
-1.96865
-1.96864
-1.96863
-1.96862
-1.96861
-1.9686
-1.96859
-1.96858
-1.96857
-1.96856
-1.96855
-1.96855
-1.96855
-1.96854
-2.06692
-2.06692
-2.06692
-2.06692
-2.06692
-2.06691
-2.06691
-2.06691
-2.06691
-2.06691
-2.06691
-2.06691
-2.06691
-2.06692
-2.06692
-2.06693
-2.06694
-2.06694
-2.06695
-2.06696
-2.06697
-2.06698
-2.06699
-2.067
-2.06701
-2.06702
-2.06703
-2.06704
-2.06705
-2.06706
-2.06707
-2.06708
-2.06709
-2.0671
-2.0671
-2.06711
-2.06712
-2.06713
-2.06714
-2.06714
-2.06715
-2.06716
-2.06717
-2.06717
-2.06718
-2.06718
-2.06719
-2.06719
-2.0672
-2.0672
-2.0672
-2.0672
-2.06721
-2.06721
-2.06721
-2.06721
-2.06721
-2.06722
-2.06722
-2.06722
-2.06722
-2.06722
-2.06722
-2.06722
-2.06722
-2.06722
-2.06722
-2.06722
-2.06721
-2.06721
-2.06721
-2.0672
-2.0672
-2.0672
-2.06719
-2.06718
-2.06718
-2.06717
-2.06716
-2.06716
-2.06715
-2.06714
-2.06713
-2.06712
-2.06711
-2.0671
-2.06709
-2.06708
-2.06707
-2.06706
-2.06705
-2.06704
-2.06703
-2.06702
-2.06702
-2.06701
-2.067
-2.067
-2.06699
-2.06699
-2.16535
-2.16535
-2.16535
-2.16535
-2.16534
-2.16534
-2.16534
-2.16533
-2.16533
-2.16533
-2.16534
-2.16534
-2.16534
-2.16535
-2.16535
-2.16536
-2.16537
-2.16537
-2.16538
-2.16539
-2.1654
-2.16541
-2.16542
-2.16543
-2.16544
-2.16545
-2.16546
-2.16547
-2.16548
-2.16549
-2.1655
-2.16551
-2.16552
-2.16553
-2.16554
-2.16555
-2.16556
-2.16556
-2.16557
-2.16558
-2.16559
-2.1656
-2.1656
-2.16561
-2.16561
-2.16562
-2.16562
-2.16563
-2.16563
-2.16564
-2.16564
-2.16564
-2.16564
-2.16565
-2.16565
-2.16565
-2.16565
-2.16566
-2.16566
-2.16566
-2.16566
-2.16566
-2.16566
-2.16566
-2.16566
-2.16566
-2.16566
-2.16566
-2.16566
-2.16565
-2.16565
-2.16565
-2.16564
-2.16564
-2.16563
-2.16563
-2.16562
-2.16561
-2.16561
-2.1656
-2.16559
-2.16558
-2.16557
-2.16557
-2.16556
-2.16555
-2.16554
-2.16553
-2.16552
-2.16551
-2.1655
-2.16549
-2.16548
-2.16547
-2.16546
-2.16545
-2.16545
-2.16544
-2.16544
-2.16544
-2.26377
-2.26377
-2.26377
-2.26377
-2.26377
-2.26376
-2.26376
-2.26376
-2.26376
-2.26376
-2.26376
-2.26377
-2.26377
-2.26377
-2.26378
-2.26379
-2.2638
-2.2638
-2.26381
-2.26382
-2.26383
-2.26384
-2.26385
-2.26386
-2.26387
-2.26388
-2.26389
-2.2639
-2.26391
-2.26392
-2.26393
-2.26394
-2.26395
-2.26396
-2.26397
-2.26398
-2.26399
-2.264
-2.26401
-2.26402
-2.26402
-2.26403
-2.26404
-2.26404
-2.26405
-2.26406
-2.26406
-2.26407
-2.26407
-2.26407
-2.26408
-2.26408
-2.26408
-2.26409
-2.26409
-2.26409
-2.26409
-2.2641
-2.2641
-2.2641
-2.2641
-2.2641
-2.2641
-2.2641
-2.2641
-2.2641
-2.2641
-2.2641
-2.2641
-2.26409
-2.26409
-2.26409
-2.26408
-2.26408
-2.26407
-2.26407
-2.26406
-2.26406
-2.26405
-2.26404
-2.26403
-2.26403
-2.26402
-2.26401
-2.264
-2.26399
-2.26398
-2.26397
-2.26396
-2.26395
-2.26394
-2.26393
-2.26392
-2.26391
-2.26391
-2.2639
-2.26389
-2.26389
-2.26389
-2.26388
-2.3622
-2.3622
-2.3622
-2.3622
-2.36219
-2.36219
-2.36219
-2.36218
-2.36218
-2.36219
-2.36219
-2.36219
-2.3622
-2.3622
-2.36221
-2.36222
-2.36223
-2.36223
-2.36224
-2.36225
-2.36226
-2.36227
-2.36228
-2.36229
-2.3623
-2.36231
-2.36232
-2.36233
-2.36234
-2.36235
-2.36236
-2.36237
-2.36238
-2.36239
-2.3624
-2.36241
-2.36242
-2.36243
-2.36244
-2.36245
-2.36246
-2.36247
-2.36247
-2.36248
-2.36249
-2.36249
-2.3625
-2.3625
-2.36251
-2.36251
-2.36252
-2.36252
-2.36252
-2.36252
-2.36253
-2.36253
-2.36253
-2.36253
-2.36254
-2.36254
-2.36254
-2.36254
-2.36254
-2.36254
-2.36254
-2.36254
-2.36254
-2.36254
-2.36254
-2.36254
-2.36253
-2.36253
-2.36253
-2.36252
-2.36252
-2.36251
-2.3625
-2.3625
-2.36249
-2.36248
-2.36248
-2.36247
-2.36246
-2.36245
-2.36244
-2.36243
-2.36242
-2.36241
-2.3624
-2.36239
-2.36238
-2.36238
-2.36237
-2.36236
-2.36235
-2.36234
-2.36234
-2.36233
-2.36233
-2.36233
-2.46062
-2.46062
-2.46062
-2.46062
-2.46061
-2.46061
-2.46061
-2.46061
-2.46061
-2.46061
-2.46061
-2.46062
-2.46062
-2.46063
-2.46064
-2.46065
-2.46065
-2.46066
-2.46067
-2.46068
-2.46069
-2.4607
-2.46071
-2.46072
-2.46073
-2.46074
-2.46075
-2.46076
-2.46077
-2.46078
-2.46079
-2.4608
-2.46081
-2.46082
-2.46084
-2.46085
-2.46086
-2.46087
-2.46088
-2.46089
-2.46089
-2.4609
-2.46091
-2.46092
-2.46092
-2.46093
-2.46094
-2.46094
-2.46095
-2.46095
-2.46095
-2.46096
-2.46096
-2.46096
-2.46097
-2.46097
-2.46097
-2.46097
-2.46098
-2.46098
-2.46098
-2.46098
-2.46098
-2.46098
-2.46098
-2.46098
-2.46098
-2.46098
-2.46098
-2.46098
-2.46097
-2.46097
-2.46097
-2.46096
-2.46096
-2.46095
-2.46095
-2.46094
-2.46093
-2.46093
-2.46092
-2.46091
-2.4609
-2.46089
-2.46088
-2.46087
-2.46086
-2.46086
-2.46085
-2.46084
-2.46083
-2.46082
-2.46081
-2.4608
-2.46079
-2.46079
-2.46078
-2.46078
-2.46077
-2.46077
-2.55902
-2.55903
-2.55904
-2.55903
-2.55903
-2.55903
-2.55903
-2.55903
-2.55903
-2.55904
-2.55904
-2.55905
-2.55905
-2.55906
-2.55907
-2.55908
-2.55908
-2.55909
-2.5591
-2.55911
-2.55912
-2.55913
-2.55914
-2.55915
-2.55916
-2.55917
-2.55918
-2.55919
-2.5592
-2.55921
-2.55922
-2.55923
-2.55925
-2.55926
-2.55927
-2.55928
-2.55929
-2.5593
-2.55931
-2.55932
-2.55933
-2.55934
-2.55935
-2.55935
-2.55936
-2.55937
-2.55937
-2.55938
-2.55938
-2.55939
-2.55939
-2.5594
-2.5594
-2.5594
-2.55941
-2.55941
-2.55941
-2.55941
-2.55942
-2.55942
-2.55942
-2.55942
-2.55942
-2.55942
-2.55942
-2.55942
-2.55942
-2.55942
-2.55942
-2.55942
-2.55941
-2.55941
-2.55941
-2.5594
-2.5594
-2.55939
-2.55939
-2.55938
-2.55937
-2.55937
-2.55936
-2.55935
-2.55934
-2.55933
-2.55932
-2.55932
-2.55931
-2.5593
-2.55929
-2.55928
-2.55927
-2.55926
-2.55925
-2.55924
-2.55924
-2.55923
-2.55923
-2.55922
-2.55922
-2.55921
-2.65743
-2.65743
-2.65744
-2.65744
-2.65744
-2.65744
-2.65745
-2.65745
-2.65745
-2.65746
-2.65746
-2.65747
-2.65748
-2.65749
-2.6575
-2.6575
-2.65751
-2.65752
-2.65753
-2.65754
-2.65755
-2.65756
-2.65757
-2.65758
-2.65759
-2.6576
-2.65761
-2.65762
-2.65763
-2.65764
-2.65765
-2.65766
-2.65768
-2.65769
-2.6577
-2.65771
-2.65772
-2.65773
-2.65774
-2.65775
-2.65776
-2.65777
-2.65778
-2.65779
-2.6578
-2.6578
-2.65781
-2.65781
-2.65782
-2.65782
-2.65783
-2.65783
-2.65784
-2.65784
-2.65784
-2.65785
-2.65785
-2.65785
-2.65785
-2.65786
-2.65786
-2.65786
-2.65786
-2.65786
-2.65786
-2.65786
-2.65786
-2.65786
-2.65786
-2.65786
-2.65785
-2.65785
-2.65785
-2.65784
-2.65784
-2.65783
-2.65783
-2.65782
-2.65781
-2.65781
-2.6578
-2.65779
-2.65778
-2.65777
-2.65777
-2.65776
-2.65775
-2.65774
-2.65773
-2.65772
-2.65771
-2.6577
-2.65769
-2.65769
-2.65768
-2.65767
-2.65767
-2.65766
-2.65766
-2.65766
-2.75583
-2.75584
-2.75585
-2.75585
-2.75586
-2.75586
-2.75587
-2.75587
-2.75588
-2.75588
-2.75589
-2.7559
-2.75591
-2.75591
-2.75592
-2.75593
-2.75594
-2.75595
-2.75596
-2.75597
-2.75598
-2.75598
-2.75599
-2.756
-2.75601
-2.75602
-2.75604
-2.75605
-2.75606
-2.75607
-2.75608
-2.75609
-2.75611
-2.75612
-2.75613
-2.75614
-2.75616
-2.75617
-2.75618
-2.75619
-2.7562
-2.75621
-2.75622
-2.75622
-2.75623
-2.75624
-2.75625
-2.75625
-2.75626
-2.75626
-2.75627
-2.75627
-2.75627
-2.75628
-2.75628
-2.75628
-2.75629
-2.75629
-2.75629
-2.75629
-2.7563
-2.7563
-2.7563
-2.7563
-2.7563
-2.7563
-2.7563
-2.7563
-2.7563
-2.7563
-2.75629
-2.75629
-2.75629
-2.75628
-2.75628
-2.75627
-2.75627
-2.75626
-2.75625
-2.75625
-2.75624
-2.75623
-2.75622
-2.75621
-2.75621
-2.7562
-2.75619
-2.75618
-2.75617
-2.75616
-2.75615
-2.75614
-2.75613
-2.75613
-2.75612
-2.75611
-2.75611
-2.7561
-2.7561
-2.7561
-2.85425
-2.85425
-2.85427
-2.85427
-2.85428
-2.85428
-2.85429
-2.85429
-2.8543
-2.85431
-2.85431
-2.85432
-2.85433
-2.85434
-2.85435
-2.85436
-2.85437
-2.85438
-2.85439
-2.85439
-2.8544
-2.85441
-2.85442
-2.85443
-2.85444
-2.85445
-2.85446
-2.85447
-2.85449
-2.8545
-2.85451
-2.85452
-2.85454
-2.85455
-2.85456
-2.85458
-2.85459
-2.8546
-2.85461
-2.85462
-2.85463
-2.85464
-2.85465
-2.85466
-2.85467
-2.85467
-2.85468
-2.85469
-2.85469
-2.8547
-2.8547
-2.85471
-2.85471
-2.85471
-2.85472
-2.85472
-2.85472
-2.85473
-2.85473
-2.85473
-2.85473
-2.85473
-2.85474
-2.85474
-2.85474
-2.85474
-2.85474
-2.85474
-2.85474
-2.85474
-2.85473
-2.85473
-2.85473
-2.85472
-2.85472
-2.85471
-2.85471
-2.8547
-2.85469
-2.85469
-2.85468
-2.85467
-2.85466
-2.85465
-2.85464
-2.85463
-2.85463
-2.85462
-2.85461
-2.8546
-2.85459
-2.85458
-2.85457
-2.85457
-2.85456
-2.85455
-2.85455
-2.85454
-2.85454
-2.85454
-2.95268
-2.95268
-2.95269
-2.9527
-2.9527
-2.95271
-2.95271
-2.95272
-2.95272
-2.95273
-2.95274
-2.95275
-2.95276
-2.95277
-2.95278
-2.95279
-2.95279
-2.9528
-2.95281
-2.95282
-2.95283
-2.95284
-2.95285
-2.95286
-2.95287
-2.95288
-2.95289
-2.9529
-2.95291
-2.95293
-2.95294
-2.95295
-2.95297
-2.95298
-2.95299
-2.95301
-2.95302
-2.95303
-2.95304
-2.95306
-2.95307
-2.95308
-2.95309
-2.95309
-2.9531
-2.95311
-2.95312
-2.95312
-2.95313
-2.95313
-2.95314
-2.95314
-2.95315
-2.95315
-2.95315
-2.95316
-2.95316
-2.95316
-2.95316
-2.95317
-2.95317
-2.95317
-2.95317
-2.95317
-2.95318
-2.95318
-2.95318
-2.95318
-2.95318
-2.95317
-2.95317
-2.95317
-2.95317
-2.95316
-2.95316
-2.95315
-2.95315
-2.95314
-2.95313
-2.95312
-2.95312
-2.95311
-2.9531
-2.95309
-2.95308
-2.95307
-2.95306
-2.95305
-2.95304
-2.95304
-2.95303
-2.95302
-2.95301
-2.953
-2.953
-2.95299
-2.95299
-2.95298
-2.95298
-2.95298
-3.05111
-3.05111
-3.05112
-3.05112
-3.05113
-3.05113
-3.05114
-3.05114
-3.05115
-3.05116
-3.05117
-3.05117
-3.05118
-3.05119
-3.0512
-3.05121
-3.05122
-3.05123
-3.05124
-3.05125
-3.05125
-3.05126
-3.05127
-3.05128
-3.05129
-3.0513
-3.05132
-3.05133
-3.05134
-3.05135
-3.05137
-3.05138
-3.0514
-3.05141
-3.05142
-3.05144
-3.05145
-3.05146
-3.05148
-3.05149
-3.0515
-3.05151
-3.05152
-3.05153
-3.05154
-3.05154
-3.05155
-3.05156
-3.05156
-3.05157
-3.05157
-3.05158
-3.05158
-3.05158
-3.05159
-3.05159
-3.05159
-3.0516
-3.0516
-3.0516
-3.05161
-3.05161
-3.05161
-3.05161
-3.05161
-3.05161
-3.05161
-3.05161
-3.05161
-3.05161
-3.05161
-3.05161
-3.0516
-3.0516
-3.05159
-3.05159
-3.05158
-3.05158
-3.05157
-3.05156
-3.05155
-3.05155
-3.05154
-3.05153
-3.05152
-3.05151
-3.0515
-3.05149
-3.05148
-3.05147
-3.05146
-3.05146
-3.05145
-3.05144
-3.05143
-3.05143
-3.05142
-3.05142
-3.05142
-3.05141
-3.14954
-3.14954
-3.14954
-3.14955
-3.14955
-3.14956
-3.14956
-3.14957
-3.14957
-3.14958
-3.14959
-3.1496
-3.14961
-3.14962
-3.14963
-3.14964
-3.14964
-3.14965
-3.14966
-3.14967
-3.14968
-3.14969
-3.1497
-3.14971
-3.14972
-3.14973
-3.14974
-3.14975
-3.14977
-3.14978
-3.14979
-3.14981
-3.14982
-3.14984
-3.14985
-3.14987
-3.14988
-3.14989
-3.14991
-3.14992
-3.14993
-3.14994
-3.14995
-3.14996
-3.14997
-3.14998
-3.14998
-3.14999
-3.15
-3.15
-3.15001
-3.15001
-3.15001
-3.15002
-3.15002
-3.15003
-3.15003
-3.15003
-3.15004
-3.15004
-3.15004
-3.15004
-3.15005
-3.15005
-3.15005
-3.15005
-3.15005
-3.15005
-3.15005
-3.15005
-3.15005
-3.15004
-3.15004
-3.15004
-3.15003
-3.15003
-3.15002
-3.15001
-3.15001
-3.15
-3.14999
-3.14998
-3.14997
-3.14997
-3.14996
-3.14995
-3.14994
-3.14993
-3.14992
-3.14991
-3.1499
-3.14989
-3.14988
-3.14987
-3.14987
-3.14986
-3.14986
-3.14985
-3.14985
-3.14985
-3.24797
-3.24797
-3.24797
-3.24797
-3.24798
-3.24798
-3.24799
-3.24799
-3.248
-3.24801
-3.24802
-3.24802
-3.24803
-3.24804
-3.24805
-3.24806
-3.24807
-3.24808
-3.24808
-3.24809
-3.2481
-3.24811
-3.24812
-3.24813
-3.24814
-3.24815
-3.24817
-3.24818
-3.24819
-3.24821
-3.24822
-3.24823
-3.24825
-3.24826
-3.24828
-3.24829
-3.24831
-3.24832
-3.24834
-3.24835
-3.24836
-3.24837
-3.24838
-3.24839
-3.2484
-3.24841
-3.24842
-3.24842
-3.24843
-3.24843
-3.24844
-3.24844
-3.24845
-3.24845
-3.24846
-3.24846
-3.24846
-3.24847
-3.24847
-3.24847
-3.24848
-3.24848
-3.24848
-3.24848
-3.24848
-3.24849
-3.24849
-3.24849
-3.24849
-3.24849
-3.24848
-3.24848
-3.24848
-3.24847
-3.24847
-3.24846
-3.24846
-3.24845
-3.24844
-3.24844
-3.24843
-3.24842
-3.24841
-3.2484
-3.24839
-3.24838
-3.24837
-3.24836
-3.24835
-3.24834
-3.24833
-3.24832
-3.24832
-3.24831
-3.2483
-3.2483
-3.24829
-3.24829
-3.24828
-3.24828
-3.34639
-3.3464
-3.3464
-3.3464
-3.3464
-3.34641
-3.34641
-3.34642
-3.34642
-3.34643
-3.34644
-3.34645
-3.34646
-3.34647
-3.34648
-3.34648
-3.34649
-3.3465
-3.34651
-3.34652
-3.34652
-3.34653
-3.34654
-3.34655
-3.34657
-3.34658
-3.34659
-3.3466
-3.34662
-3.34663
-3.34664
-3.34666
-3.34668
-3.34669
-3.34671
-3.34672
-3.34674
-3.34675
-3.34676
-3.34678
-3.34679
-3.3468
-3.34681
-3.34682
-3.34683
-3.34684
-3.34685
-3.34685
-3.34686
-3.34687
-3.34687
-3.34688
-3.34688
-3.34689
-3.34689
-3.34689
-3.3469
-3.3469
-3.3469
-3.34691
-3.34691
-3.34691
-3.34692
-3.34692
-3.34692
-3.34692
-3.34692
-3.34692
-3.34692
-3.34692
-3.34692
-3.34692
-3.34691
-3.34691
-3.34691
-3.3469
-3.34689
-3.34689
-3.34688
-3.34687
-3.34686
-3.34686
-3.34685
-3.34684
-3.34683
-3.34682
-3.34681
-3.3468
-3.34679
-3.34678
-3.34677
-3.34676
-3.34675
-3.34674
-3.34673
-3.34673
-3.34672
-3.34672
-3.34672
-3.34671
-3.44482
-3.44482
-3.44482
-3.44483
-3.44483
-3.44483
-3.44483
-3.44484
-3.44485
-3.44485
-3.44486
-3.44487
-3.44488
-3.44489
-3.4449
-3.44491
-3.44491
-3.44492
-3.44493
-3.44494
-3.44495
-3.44496
-3.44497
-3.44498
-3.44499
-3.445
-3.44501
-3.44503
-3.44504
-3.44505
-3.44507
-3.44508
-3.4451
-3.44511
-3.44513
-3.44515
-3.44516
-3.44518
-3.44519
-3.4452
-3.44522
-3.44523
-3.44524
-3.44525
-3.44526
-3.44527
-3.44528
-3.44529
-3.44529
-3.4453
-3.4453
-3.44531
-3.44531
-3.44532
-3.44532
-3.44533
-3.44533
-3.44534
-3.44534
-3.44534
-3.44535
-3.44535
-3.44535
-3.44535
-3.44535
-3.44536
-3.44536
-3.44536
-3.44536
-3.44536
-3.44535
-3.44535
-3.44535
-3.44535
-3.44534
-3.44534
-3.44533
-3.44532
-3.44532
-3.44531
-3.4453
-3.44529
-3.44528
-3.44527
-3.44526
-3.44525
-3.44524
-3.44523
-3.44522
-3.44521
-3.4452
-3.44519
-3.44518
-3.44517
-3.44516
-3.44516
-3.44515
-3.44515
-3.44514
-3.44514
-3.54325
-3.54325
-3.54325
-3.54325
-3.54325
-3.54326
-3.54326
-3.54326
-3.54327
-3.54328
-3.54329
-3.54329
-3.5433
-3.54331
-3.54332
-3.54333
-3.54333
-3.54334
-3.54335
-3.54336
-3.54337
-3.54338
-3.54339
-3.5434
-3.54341
-3.54342
-3.54343
-3.54345
-3.54346
-3.54348
-3.54349
-3.54351
-3.54352
-3.54354
-3.54355
-3.54357
-3.54359
-3.5436
-3.54362
-3.54363
-3.54364
-3.54366
-3.54367
-3.54368
-3.54369
-3.5437
-3.54371
-3.54372
-3.54372
-3.54373
-3.54374
-3.54374
-3.54375
-3.54375
-3.54376
-3.54376
-3.54376
-3.54377
-3.54377
-3.54378
-3.54378
-3.54378
-3.54378
-3.54379
-3.54379
-3.54379
-3.54379
-3.54379
-3.54379
-3.54379
-3.54379
-3.54379
-3.54378
-3.54378
-3.54378
-3.54377
-3.54376
-3.54376
-3.54375
-3.54374
-3.54373
-3.54373
-3.54372
-3.54371
-3.54369
-3.54368
-3.54367
-3.54366
-3.54365
-3.54364
-3.54363
-3.54362
-3.54361
-3.5436
-3.54359
-3.54359
-3.54358
-3.54358
-3.54357
-3.54357
-3.64167
-3.64167
-3.64167
-3.64168
-3.64168
-3.64168
-3.64168
-3.64169
-3.64169
-3.6417
-3.64171
-3.64172
-3.64172
-3.64173
-3.64174
-3.64175
-3.64175
-3.64176
-3.64177
-3.64178
-3.64179
-3.6418
-3.64181
-3.64182
-3.64183
-3.64184
-3.64185
-3.64187
-3.64188
-3.6419
-3.64191
-3.64193
-3.64194
-3.64196
-3.64197
-3.64199
-3.64201
-3.64202
-3.64204
-3.64205
-3.64207
-3.64208
-3.6421
-3.64211
-3.64212
-3.64213
-3.64214
-3.64215
-3.64215
-3.64216
-3.64217
-3.64217
-3.64218
-3.64218
-3.64219
-3.64219
-3.6422
-3.6422
-3.64221
-3.64221
-3.64221
-3.64221
-3.64222
-3.64222
-3.64222
-3.64222
-3.64222
-3.64222
-3.64222
-3.64222
-3.64222
-3.64222
-3.64222
-3.64221
-3.64221
-3.6422
-3.6422
-3.64219
-3.64219
-3.64218
-3.64217
-3.64216
-3.64215
-3.64214
-3.64213
-3.64212
-3.6421
-3.64209
-3.64208
-3.64207
-3.64206
-3.64205
-3.64204
-3.64203
-3.64202
-3.64201
-3.642
-3.642
-3.642
-3.64199
-3.7401
-3.7401
-3.7401
-3.7401
-3.7401
-3.7401
-3.74011
-3.74011
-3.74012
-3.74012
-3.74013
-3.74014
-3.74015
-3.74015
-3.74016
-3.74017
-3.74017
-3.74018
-3.74019
-3.7402
-3.74021
-3.74022
-3.74023
-3.74024
-3.74025
-3.74026
-3.74027
-3.74028
-3.7403
-3.74031
-3.74033
-3.74034
-3.74036
-3.74038
-3.74039
-3.74041
-3.74043
-3.74044
-3.74046
-3.74048
-3.74049
-3.74051
-3.74052
-3.74053
-3.74055
-3.74056
-3.74057
-3.74058
-3.74058
-3.74059
-3.7406
-3.7406
-3.74061
-3.74062
-3.74062
-3.74062
-3.74063
-3.74063
-3.74064
-3.74064
-3.74064
-3.74065
-3.74065
-3.74065
-3.74065
-3.74066
-3.74066
-3.74066
-3.74066
-3.74066
-3.74066
-3.74065
-3.74065
-3.74065
-3.74064
-3.74064
-3.74063
-3.74063
-3.74062
-3.74061
-3.7406
-3.74059
-3.74058
-3.74057
-3.74056
-3.74055
-3.74054
-3.74052
-3.74051
-3.7405
-3.74049
-3.74047
-3.74046
-3.74045
-3.74044
-3.74043
-3.74043
-3.74042
-3.74042
-3.74041
-3.83853
-3.83853
-3.83853
-3.83853
-3.83853
-3.83853
-3.83853
-3.83853
-3.83854
-3.83855
-3.83855
-3.83856
-3.83857
-3.83857
-3.83858
-3.83859
-3.83859
-3.8386
-3.83861
-3.83862
-3.83862
-3.83863
-3.83864
-3.83865
-3.83866
-3.83868
-3.83869
-3.8387
-3.83872
-3.83873
-3.83875
-3.83876
-3.83878
-3.83879
-3.83881
-3.83883
-3.83885
-3.83886
-3.83888
-3.8389
-3.83891
-3.83893
-3.83894
-3.83896
-3.83897
-3.83898
-3.83899
-3.839
-3.83901
-3.83902
-3.83903
-3.83903
-3.83904
-3.83905
-3.83905
-3.83906
-3.83906
-3.83907
-3.83907
-3.83907
-3.83908
-3.83908
-3.83908
-3.83908
-3.83909
-3.83909
-3.83909
-3.83909
-3.83909
-3.83909
-3.83909
-3.83909
-3.83908
-3.83908
-3.83908
-3.83907
-3.83907
-3.83906
-3.83905
-3.83904
-3.83903
-3.83902
-3.83901
-3.839
-3.83899
-3.83898
-3.83897
-3.83895
-3.83894
-3.83893
-3.83891
-3.8389
-3.83889
-3.83888
-3.83886
-3.83885
-3.83885
-3.83884
-3.83883
-3.83882
-3.93695
-3.93695
-3.93695
-3.93695
-3.93695
-3.93695
-3.93696
-3.93696
-3.93696
-3.93697
-3.93697
-3.93698
-3.93699
-3.93699
-3.937
-3.937
-3.93701
-3.93702
-3.93703
-3.93703
-3.93704
-3.93705
-3.93706
-3.93707
-3.93708
-3.93709
-3.9371
-3.93712
-3.93713
-3.93715
-3.93716
-3.93718
-3.93719
-3.93721
-3.93723
-3.93724
-3.93726
-3.93728
-3.9373
-3.93731
-3.93733
-3.93735
-3.93736
-3.93738
-3.93739
-3.9374
-3.93741
-3.93743
-3.93744
-3.93744
-3.93745
-3.93746
-3.93747
-3.93747
-3.93748
-3.93749
-3.93749
-3.9375
-3.9375
-3.9375
-3.93751
-3.93751
-3.93751
-3.93752
-3.93752
-3.93752
-3.93752
-3.93752
-3.93752
-3.93752
-3.93752
-3.93752
-3.93752
-3.93751
-3.93751
-3.9375
-3.9375
-3.93749
-3.93748
-3.93748
-3.93747
-3.93746
-3.93745
-3.93743
-3.93742
-3.93741
-3.9374
-3.93738
-3.93737
-3.93735
-3.93734
-3.93732
-3.93731
-3.9373
-3.93728
-3.93727
-3.93726
-3.93725
-3.93724
-3.93722
-4.03538
-4.03538
-4.03538
-4.03538
-4.03538
-4.03538
-4.03538
-4.03538
-4.03539
-4.03539
-4.03539
-4.0354
-4.0354
-4.03541
-4.03542
-4.03542
-4.03543
-4.03544
-4.03544
-4.03545
-4.03546
-4.03547
-4.03548
-4.03549
-4.0355
-4.03551
-4.03552
-4.03553
-4.03555
-4.03556
-4.03557
-4.03559
-4.03561
-4.03562
-4.03564
-4.03566
-4.03567
-4.03569
-4.03571
-4.03573
-4.03574
-4.03576
-4.03578
-4.03579
-4.03581
-4.03582
-4.03583
-4.03585
-4.03586
-4.03587
-4.03588
-4.03588
-4.03589
-4.0359
-4.03591
-4.03591
-4.03592
-4.03592
-4.03593
-4.03593
-4.03594
-4.03594
-4.03594
-4.03595
-4.03595
-4.03595
-4.03595
-4.03595
-4.03595
-4.03595
-4.03595
-4.03595
-4.03595
-4.03594
-4.03594
-4.03593
-4.03593
-4.03592
-4.03592
-4.03591
-4.0359
-4.03589
-4.03588
-4.03586
-4.03585
-4.03584
-4.03582
-4.03581
-4.03579
-4.03578
-4.03576
-4.03575
-4.03573
-4.03571
-4.0357
-4.03568
-4.03567
-4.03565
-4.03563
-4.03561
-4.13381
-4.13381
-4.13381
-4.13381
-4.13381
-4.13381
-4.13381
-4.13381
-4.13381
-4.13381
-4.13382
-4.13382
-4.13382
-4.13383
-4.13383
-4.13384
-4.13385
-4.13385
-4.13386
-4.13387
-4.13388
-4.13388
-4.13389
-4.1339
-4.13391
-4.13392
-4.13393
-4.13395
-4.13396
-4.13397
-4.13399
-4.134
-4.13402
-4.13403
-4.13405
-4.13407
-4.13408
-4.1341
-4.13412
-4.13414
-4.13416
-4.13417
-4.13419
-4.13421
-4.13422
-4.13424
-4.13425
-4.13426
-4.13427
-4.13429
-4.1343
-4.1343
-4.13431
-4.13432
-4.13433
-4.13434
-4.13434
-4.13435
-4.13435
-4.13436
-4.13436
-4.13437
-4.13437
-4.13437
-4.13438
-4.13438
-4.13438
-4.13438
-4.13438
-4.13438
-4.13438
-4.13438
-4.13438
-4.13437
-4.13437
-4.13437
-4.13436
-4.13435
-4.13435
-4.13434
-4.13433
-4.13432
-4.13431
-4.1343
-4.13428
-4.13427
-4.13425
-4.13424
-4.13422
-4.1342
-4.13418
-4.13417
-4.13415
-4.13413
-4.13411
-4.13409
-4.13406
-4.13404
-4.134
-4.13398
-4.23223
-4.23223
-4.23223
-4.23223
-4.23224
-4.23224
-4.23224
-4.23224
-4.23224
-4.23224
-4.23224
-4.23224
-4.23224
-4.23225
-4.23225
-4.23226
-4.23226
-4.23227
-4.23228
-4.23228
-4.23229
-4.2323
-4.23231
-4.23232
-4.23233
-4.23234
-4.23235
-4.23236
-4.23237
-4.23238
-4.2324
-4.23241
-4.23243
-4.23244
-4.23246
-4.23248
-4.23249
-4.23251
-4.23253
-4.23255
-4.23257
-4.23258
-4.2326
-4.23262
-4.23263
-4.23265
-4.23266
-4.23268
-4.23269
-4.2327
-4.23271
-4.23272
-4.23273
-4.23274
-4.23275
-4.23276
-4.23276
-4.23277
-4.23278
-4.23278
-4.23279
-4.23279
-4.2328
-4.2328
-4.2328
-4.23281
-4.23281
-4.23281
-4.23281
-4.23281
-4.23281
-4.23281
-4.23281
-4.2328
-4.2328
-4.2328
-4.23279
-4.23278
-4.23278
-4.23277
-4.23276
-4.23275
-4.23274
-4.23273
-4.23271
-4.2327
-4.23268
-4.23266
-4.23265
-4.23263
-4.23261
-4.23258
-4.23256
-4.23254
-4.23251
-4.23248
-4.23244
-4.2324
-4.23235
-4.23232
-4.33066
-4.33066
-4.33066
-4.33066
-4.33066
-4.33066
-4.33066
-4.33066
-4.33066
-4.33066
-4.33066
-4.33066
-4.33066
-4.33067
-4.33067
-4.33068
-4.33068
-4.33069
-4.3307
-4.3307
-4.33071
-4.33072
-4.33072
-4.33073
-4.33074
-4.33075
-4.33076
-4.33077
-4.33078
-4.33079
-4.3308
-4.33082
-4.33083
-4.33085
-4.33086
-4.33088
-4.3309
-4.33092
-4.33093
-4.33095
-4.33097
-4.33099
-4.33101
-4.33102
-4.33104
-4.33106
-4.33107
-4.33109
-4.3311
-4.33111
-4.33112
-4.33114
-4.33115
-4.33116
-4.33117
-4.33117
-4.33118
-4.33119
-4.3312
-4.3312
-4.33121
-4.33122
-4.33122
-4.33122
-4.33123
-4.33123
-4.33123
-4.33124
-4.33124
-4.33124
-4.33124
-4.33124
-4.33123
-4.33123
-4.33123
-4.33122
-4.33122
-4.33121
-4.33121
-4.3312
-4.33119
-4.33118
-4.33117
-4.33115
-4.33114
-4.33112
-4.33111
-4.33109
-4.33107
-4.33105
-4.33102
-4.331
-4.33097
-4.33093
-4.3309
-4.33085
-4.3308
-4.33074
-4.33068
-4.33064
-4.42909
-4.42909
-4.42909
-4.42909
-4.42909
-4.42909
-4.42909
-4.42909
-4.42909
-4.42909
-4.42909
-4.42909
-4.42909
-4.42909
-4.42909
-4.4291
-4.4291
-4.42911
-4.42911
-4.42912
-4.42913
-4.42913
-4.42914
-4.42915
-4.42915
-4.42916
-4.42917
-4.42918
-4.42919
-4.4292
-4.42921
-4.42923
-4.42924
-4.42925
-4.42927
-4.42929
-4.4293
-4.42932
-4.42934
-4.42936
-4.42938
-4.42939
-4.42941
-4.42943
-4.42945
-4.42946
-4.42948
-4.42949
-4.42951
-4.42952
-4.42954
-4.42955
-4.42956
-4.42957
-4.42958
-4.42959
-4.4296
-4.42961
-4.42962
-4.42962
-4.42963
-4.42964
-4.42964
-4.42965
-4.42965
-4.42965
-4.42966
-4.42966
-4.42966
-4.42966
-4.42966
-4.42966
-4.42966
-4.42966
-4.42966
-4.42965
-4.42965
-4.42964
-4.42963
-4.42963
-4.42962
-4.42961
-4.42959
-4.42958
-4.42957
-4.42955
-4.42953
-4.42951
-4.42949
-4.42946
-4.42943
-4.4294
-4.42937
-4.42932
-4.42927
-4.42921
-4.42914
-4.42905
-4.42897
-4.42893
-4.52752
-4.52752
-4.52752
-4.52752
-4.52752
-4.52752
-4.52752
-4.52752
-4.52752
-4.52751
-4.52751
-4.52751
-4.52751
-4.52751
-4.52752
-4.52752
-4.52752
-4.52753
-4.52753
-4.52754
-4.52755
-4.52755
-4.52756
-4.52756
-4.52757
-4.52757
-4.52758
-4.52759
-4.5276
-4.52761
-4.52762
-4.52763
-4.52764
-4.52766
-4.52767
-4.52769
-4.52771
-4.52772
-4.52774
-4.52776
-4.52778
-4.5278
-4.52782
-4.52783
-4.52785
-4.52787
-4.52788
-4.5279
-4.52792
-4.52793
-4.52794
-4.52796
-4.52797
-4.52798
-4.52799
-4.528
-4.52801
-4.52802
-4.52803
-4.52804
-4.52805
-4.52805
-4.52806
-4.52807
-4.52807
-4.52808
-4.52808
-4.52808
-4.52808
-4.52809
-4.52809
-4.52809
-4.52809
-4.52808
-4.52808
-4.52808
-4.52807
-4.52807
-4.52806
-4.52805
-4.52804
-4.52803
-4.52802
-4.52801
-4.52799
-4.52797
-4.52795
-4.52793
-4.5279
-4.52787
-4.52784
-4.5278
-4.52775
-4.5277
-4.52763
-4.52755
-4.52745
-4.52734
-4.52724
-4.52719
-4.62594
-4.62594
-4.62594
-4.62594
-4.62594
-4.62594
-4.62594
-4.62594
-4.62594
-4.62594
-4.62594
-4.62594
-4.62594
-4.62594
-4.62594
-4.62595
-4.62595
-4.62595
-4.62596
-4.62596
-4.62597
-4.62597
-4.62597
-4.62598
-4.62598
-4.62599
-4.62599
-4.626
-4.62601
-4.62602
-4.62603
-4.62604
-4.62605
-4.62607
-4.62608
-4.6261
-4.62611
-4.62613
-4.62615
-4.62616
-4.62618
-4.6262
-4.62622
-4.62624
-4.62625
-4.62627
-4.62629
-4.62631
-4.62632
-4.62634
-4.62635
-4.62636
-4.62638
-4.62639
-4.6264
-4.62641
-4.62642
-4.62643
-4.62644
-4.62645
-4.62646
-4.62647
-4.62648
-4.62648
-4.62649
-4.62649
-4.6265
-4.6265
-4.6265
-4.62651
-4.62651
-4.62651
-4.62651
-4.6265
-4.6265
-4.6265
-4.62649
-4.62649
-4.62648
-4.62647
-4.62646
-4.62645
-4.62644
-4.62643
-4.62641
-4.62639
-4.62637
-4.62634
-4.62631
-4.62628
-4.62624
-4.62619
-4.62613
-4.62606
-4.62598
-4.62588
-4.62575
-4.62562
-4.6255
-4.62545
-4.72437
-4.72437
-4.72437
-4.72437
-4.72437
-4.72437
-4.72437
-4.72437
-4.72437
-4.72437
-4.72437
-4.72437
-4.72437
-4.72437
-4.72437
-4.72438
-4.72438
-4.72438
-4.72439
-4.72439
-4.72439
-4.72439
-4.7244
-4.7244
-4.7244
-4.72441
-4.72441
-4.72442
-4.72442
-4.72443
-4.72444
-4.72445
-4.72446
-4.72447
-4.72449
-4.7245
-4.72452
-4.72453
-4.72455
-4.72457
-4.72459
-4.7246
-4.72462
-4.72464
-4.72466
-4.72468
-4.72469
-4.72471
-4.72473
-4.72474
-4.72476
-4.72477
-4.72478
-4.7248
-4.72481
-4.72482
-4.72483
-4.72484
-4.72485
-4.72486
-4.72487
-4.72488
-4.72489
-4.72489
-4.7249
-4.72491
-4.72491
-4.72491
-4.72492
-4.72492
-4.72492
-4.72492
-4.72492
-4.72492
-4.72492
-4.72491
-4.72491
-4.7249
-4.7249
-4.72489
-4.72488
-4.72487
-4.72486
-4.72484
-4.72482
-4.7248
-4.72478
-4.72475
-4.72472
-4.72469
-4.72464
-4.72459
-4.72452
-4.72444
-4.72434
-4.72421
-4.72407
-4.7239
-4.72376
-4.7237
-4.8228
-4.8228
-4.8228
-4.8228
-4.8228
-4.8228
-4.8228
-4.8228
-4.8228
-4.8228
-4.8228
-4.8228
-4.8228
-4.8228
-4.82281
-4.82281
-4.82281
-4.82282
-4.82282
-4.82282
-4.82282
-4.82282
-4.82283
-4.82283
-4.82283
-4.82283
-4.82284
-4.82284
-4.82284
-4.82285
-4.82286
-4.82287
-4.82288
-4.82289
-4.8229
-4.82291
-4.82293
-4.82294
-4.82296
-4.82298
-4.82299
-4.82301
-4.82303
-4.82305
-4.82307
-4.82308
-4.8231
-4.82312
-4.82313
-4.82315
-4.82316
-4.82318
-4.82319
-4.8232
-4.82322
-4.82323
-4.82324
-4.82325
-4.82326
-4.82327
-4.82328
-4.82329
-4.8233
-4.8233
-4.82331
-4.82331
-4.82332
-4.82332
-4.82333
-4.82333
-4.82333
-4.82333
-4.82333
-4.82333
-4.82333
-4.82332
-4.82332
-4.82331
-4.82331
-4.8233
-4.82329
-4.82328
-4.82327
-4.82325
-4.82323
-4.82321
-4.82319
-4.82316
-4.82313
-4.82309
-4.82304
-4.82298
-4.8229
-4.82281
-4.8227
-4.82256
-4.82239
-4.8222
-4.82204
-4.82198
)
;

boundaryField
{
    floor
    {
        type            calculated;
        value           nonuniform List<scalar> 
100
(
0.0492011
0.0492168
0.0492189
0.0492113
0.0491971
0.0491796
0.0491612
0.0491439
0.0491298
0.0491206
0.0491169
0.049118
0.0491233
0.0491323
0.0491407
0.0491445
0.0491291
0.0491131
0.0491008
0.049095
0.049098
0.04911
0.049129
0.0491511
0.049173
0.0491925
0.0492087
0.0492213
0.0492306
0.0492362
0.0492394
0.04924
0.049238
0.0492342
0.049229
0.0492227
0.0492156
0.0492079
0.0491999
0.0491917
0.0491835
0.0491754
0.0491675
0.0491599
0.0491526
0.0491457
0.0491393
0.0491334
0.0491279
0.049123
0.0491185
0.0491146
0.0491113
0.0491085
0.0491062
0.0491045
0.0491035
0.049103
0.0491032
0.0491039
0.0491052
0.0491071
0.0491096
0.0491126
0.0491161
0.0491201
0.0491247
0.0491296
0.0491351
0.0491409
0.0491471
0.0491536
0.0491605
0.0491676
0.0491749
0.0491823
0.0491899
0.0491975
0.0492051
0.0492127
0.0492201
0.0492273
0.0492342
0.0492408
0.049247
0.0492527
0.0492579
0.0492624
0.0492662
0.0492691
0.0492711
0.049272
0.0492717
0.0492703
0.0492678
0.0492645
0.0492613
0.0492587
0.0492563
0.0492568
)
;
    }
    ceiling
    {
        type            calculated;
        value           nonuniform List<scalar> 
100
(
-4.87202
-4.87202
-4.87201
-4.87201
-4.87201
-4.87201
-4.87201
-4.87201
-4.87201
-4.87201
-4.87201
-4.87202
-4.87202
-4.87202
-4.87202
-4.87203
-4.87203
-4.87203
-4.87204
-4.87204
-4.87204
-4.87204
-4.87204
-4.87205
-4.87205
-4.87205
-4.87205
-4.87205
-4.87206
-4.87206
-4.87207
-4.87208
-4.87209
-4.8721
-4.87211
-4.87212
-4.87214
-4.87215
-4.87217
-4.87218
-4.8722
-4.87222
-4.87223
-4.87225
-4.87227
-4.87229
-4.8723
-4.87232
-4.87234
-4.87235
-4.87237
-4.87238
-4.87239
-4.87241
-4.87242
-4.87243
-4.87244
-4.87245
-4.87246
-4.87247
-4.87248
-4.87249
-4.8725
-4.87251
-4.87251
-4.87252
-4.87252
-4.87253
-4.87253
-4.87253
-4.87253
-4.87253
-4.87253
-4.87253
-4.87253
-4.87253
-4.87252
-4.87252
-4.87251
-4.8725
-4.87249
-4.87248
-4.87247
-4.87245
-4.87244
-4.87242
-4.87239
-4.87236
-4.87233
-4.87229
-4.87224
-4.87218
-4.87211
-4.87202
-4.8719
-4.87176
-4.87159
-4.8714
-4.87124
-4.87118
)
;
    }
    fixedWalls
    {
        type            calculated;
        value           nonuniform List<scalar> 
100
(
6.93889e-18
-0.0984247
-0.196856
-0.295286
-0.39371
-0.492131
-0.590551
-0.688971
-0.787393
-0.885816
-0.98424
-1.08267
-1.18109
-1.27952
-1.37794
-1.47637
-1.57479
-1.67322
-1.77164
-1.87007
-1.96849
-2.06692
-2.16535
-2.26377
-2.3622
-2.46062
-2.55902
-2.65743
-2.75583
-2.85425
-2.95268
-3.05111
-3.14954
-3.24797
-3.34639
-3.44482
-3.54325
-3.64167
-3.7401
-3.83853
-3.93695
-4.03538
-4.13381
-4.23223
-4.33066
-4.42909
-4.52752
-4.62594
-4.72437
-4.8228
0.000107817
-0.0982183
-0.196594
-0.295001
-0.393424
-0.491856
-0.590293
-0.688733
-0.787175
-0.885619
-0.984064
-1.08251
-1.18096
-1.2794
-1.37785
-1.4763
-1.57475
-1.6732
-1.77165
-1.87009
-1.96854
-2.06699
-2.16544
-2.26388
-2.36233
-2.46077
-2.55921
-2.65766
-2.7561
-2.85454
-2.95298
-3.05141
-3.14985
-3.24828
-3.34671
-3.44514
-3.54357
-3.64199
-3.74041
-3.83882
-3.93722
-4.03561
-4.13398
-4.23232
-4.33064
-4.42893
-4.52719
-4.62545
-4.7237
-4.82198
)
;
    }
    frontAndBack
    {
        type            empty;
    }
}


// ************************************************************************* //
