/*--------------------------------*- C++ -*----------------------------------*\
| =========                 |                                                 |
| \\      /  F ield         | OpenFOAM: The Open Source CFD Toolbox           |
|  \\    /   O peration     | Version:  4.1                                   |
|   \\  /    A nd           | Web:      www.OpenFOAM.org                      |
|    \\/     M anipulation  |                                                 |
\*---------------------------------------------------------------------------*/
FoamFile
{
    version     2.0;
    format      ascii;
    class       volScalarField;
    location    "1300";
    object      mag(U);
}
// * * * * * * * * * * * * * * * * * * * * * * * * * * * * * * * * * * * * * //

dimensions      [0 1 -1 0 0 0 0];

internalField   nonuniform List<scalar> 
5000
(
0.00456099
0.00422593
0.0037345
0.00292624
0.00214792
0.00138761
0.000716145
0.000633652
0.00126414
0.001909
0.00250249
0.003032
0.0035016
0.00392264
0.00430735
0.00466687
0.00501094
0.00534767
0.00568361
0.00602382
0.00637199
0.00673038
0.00709975
0.00747923
0.00786641
0.0082574
0.00864709
0.00902951
0.00939851
0.00974833
0.0100742
0.0103728
0.0106421
0.0108815
0.0110917
0.0112739
0.0114299
0.0115618
0.0116715
0.0117608
0.0118314
0.0118847
0.0119219
0.0119444
0.0119534
0.0119502
0.0119353
0.0119094
0.0118731
0.0118271
0.0117723
0.0117098
0.0116415
0.0115698
0.0114977
0.0114287
0.0113652
0.0113076
0.0112514
0.0111833
0.0110762
0.0108844
0.0105409
0.00996035
0.00905261
0.00775191
0.0060698
0.00417864
0.00249232
0.0017509
0.00217849
0.00296781
0.0038928
0.00481969
0.00567379
0.00643908
0.00712436
0.00774393
0.00831187
0.00884254
0.00935308
0.00986529
0.0104028
0.0109767
0.0115531
0.0120024
0.0120348
0.0111782
0.00956264
0.00469086
0.00485359
0.00632016
0.00674043
0.00651432
0.00628066
0.00589648
0.00510819
0.00382466
0.00362315
0.00275109
0.00596609
0.00273569
0.00288626
0.00241617
0.00186161
0.00142693
0.00124602
0.00139579
0.00172134
0.00211778
0.00253278
0.00294036
0.00332932
0.00369926
0.00405469
0.00440132
0.00474463
0.00508944
0.0054397
0.00579854
0.00616821
0.00654997
0.00694393
0.0073489
0.00776239
0.00818056
0.00859844
0.00901018
0.00940974
0.00979153
0.010151
0.010485
0.0107918
0.011071
0.0113234
0.0115503
0.0117534
0.0119347
0.0120959
0.0122387
0.0123643
0.0124739
0.0125684
0.0126487
0.0127149
0.012766
0.0128002
0.0128165
0.0128155
0.0127979
0.0127642
0.0127151
0.0126518
0.0125756
0.0124878
0.0123893
0.01228
0.0121576
0.0120161
0.0118443
0.0116239
0.0113297
0.0109332
0.0104118
0.00976546
0.00903057
0.0082785
0.00761024
0.0071935
0.00711728
0.00717906
0.00736503
0.00763967
0.00797451
0.00834451
0.00873134
0.00912326
0.00951114
0.00988689
0.0102434
0.010575
0.0108788
0.011155
0.0114068
0.0116339
0.0118053
0.0117887
0.0115655
0.0118022
0.0109885
0.00871369
0.00431381
0.00378289
0.00475022
0.00476675
0.00446835
0.00403978
0.00402153
0.00610559
0.00352983
0.00792002
0.0015941
0.00237626
0.00226961
0.002073
0.00194197
0.00190698
0.0019386
0.00202181
0.00217608
0.00238327
0.00262042
0.00287083
0.00312633
0.00338488
0.00364766
0.00391721
0.00419647
0.00448825
0.00479503
0.00511879
0.00546068
0.0058208
0.00619777
0.00658877
0.00698937
0.00739359
0.00779433
0.00818427
0.00855679
0.00890678
0.00923096
0.0095279
0.00979773
0.0100417
0.0102619
0.0104606
0.01064
0.0108023
0.0109491
0.0110817
0.0112007
0.0113062
0.0113974
0.0114734
0.0115336
0.0115778
0.011603
0.0116075
0.0115915
0.0115545
0.0114964
0.0114169
0.011316
0.0111932
0.011048
0.0108793
0.0106857
0.0104658
0.0102191
0.00994782
0.00965928
0.00937028
0.00910998
0.00891479
0.00880681
0.00877036
0.00877415
0.00881901
0.00885475
0.00875373
0.00858448
0.00844763
0.00839984
0.00845651
0.00860685
0.0088285
0.00909567
0.00938305
0.0096669
0.00992433
0.0101317
0.0102637
0.010295
0.01021
0.0100346
0.00996553
0.0103573
0.0119845
0.0134317
0.013249
0.0109304
0.00741552
0.00103708
0.00281471
0.00307466
0.00340101
0.00488403
0.00809162
0.00397831
0.00942289
0.00122111
0.00216927
0.00233989
0.0024171
0.00244452
0.00241113
0.00231235
0.00220681
0.00214837
0.00215004
0.00220568
0.00230311
0.00243134
0.00258352
0.0027566
0.00295
0.00316453
0.00340166
0.00366302
0.00395015
0.00426391
0.00460397
0.00496813
0.00535254
0.00575121
0.00615595
0.00655711
0.00694516
0.0073121
0.00765231
0.00796286
0.00824324
0.0084948
0.00872012
0.00892237
0.00910483
0.0092705
0.00942187
0.00956084
0.00968858
0.00980561
0.0099117
0.010006
0.0100873
0.0101543
0.0102061
0.0102415
0.0102564
0.0102499
0.0102204
0.0101666
0.0100872
0.00998111
0.00984714
0.00968406
0.00949079
0.00926691
0.00901376
0.00873647
0.0084473
0.00817007
0.00794319
0.00781431
0.00781687
0.00793459
0.00809392
0.00821115
0.00823297
0.00813235
0.00790916
0.0076629
0.00750308
0.00747707
0.00758138
0.00778766
0.00806076
0.00836767
0.00867996
0.00897316
0.00922479
0.00941179
0.00950871
0.00948891
0.00933513
0.00908075
0.00892267
0.00928788
0.0110559
0.0134658
0.0148101
0.0142468
0.0121279
0.00854658
0.00419107
0.00112191
0.00284712
0.00534068
0.00873623
0.00381571
0.0105493
0.00103763
0.00210205
0.00250626
0.00275783
0.00283898
0.00275148
0.00254346
0.00230308
0.00209006
0.00192924
0.00182697
0.00178115
0.00178557
0.00183402
0.00192204
0.00204688
0.00220718
0.00240267
0.0026334
0.00290041
0.00320404
0.00354231
0.00391172
0.00430677
0.00471847
0.0051347
0.0055422
0.00592907
0.00628651
0.0066095
0.00689661
0.00714933
0.00737114
0.00756659
0.00774053
0.00789755
0.00804156
0.00817557
0.00830159
0.0084206
0.0085326
0.00863669
0.00873129
0.00881441
0.00888406
0.00893852
0.00897691
0.0089958
0.0089932
0.00896741
0.00891652
0.00883877
0.00873252
0.00859619
0.00842841
0.00822848
0.00799704
0.0077374
0.00745773
0.00717406
0.00691354
0.00671419
0.00661448
0.00662785
0.00671701
0.00680273
0.00681137
0.00671754
0.00656081
0.00642779
0.00638854
0.00647951
0.00668817
0.00698058
0.00732169
0.0076819
0.00803755
0.00836942
0.00866099
0.00889675
0.00906075
0.00913612
0.00910694
0.00896624
0.00874431
0.00856086
0.00872634
0.0100012
0.0124133
0.0146047
0.0154026
0.0146236
0.0123292
0.00892057
0.00512791
0.00191506
0.00491147
0.00828631
0.00296963
0.0114768
0.000949098
0.00210639
0.00269163
0.00303253
0.00310018
0.00294231
0.00266155
0.00235133
0.00206762
0.00183322
0.00165397
0.0015286
0.00145381
0.00142651
0.00144479
0.00150777
0.00161537
0.00176822
0.00196627
0.00221339
0.00250789
0.00284433
0.00322023
0.00362678
0.00404902
0.00446872
0.00486882
0.00523632
0.00556362
0.00584824
0.00609173
0.00629845
0.0064744
0.00662626
0.00676059
0.00688328
0.00699912
0.00711159
0.00722272
0.00733309
0.00744184
0.00754686
0.00764512
0.00773316
0.00780751
0.00786516
0.0079041
0.00792203
0.00791662
0.00788649
0.00783004
0.00774576
0.00763226
0.00748818
0.00731259
0.0071054
0.00686835
0.00660627
0.00632898
0.00605324
0.00580369
0.00560965
0.00549361
0.00545298
0.0054504
0.00543302
0.0053738
0.0053005
0.00528207
0.00539821
0.00565284
0.0060044
0.00641159
0.00684029
0.00726579
0.0076706
0.00804169
0.00836854
0.00864184
0.0088527
0.00899227
0.00905219
0.00902661
0.00891912
0.00875539
0.00860798
0.00865866
0.00939277
0.0112466
0.0135986
0.015262
0.0155985
0.0144001
0.0118327
0.00838427
0.00451177
0.00367404
0.00706506
0.00210115
0.0122749
0.000932064
0.00213812
0.0028485
0.00321188
0.0032305
0.00301376
0.00270245
0.00239396
0.00213381
0.00193415
0.00179181
0.00169707
0.00164028
0.00161361
0.00161276
0.00163743
0.00169123
0.00178126
0.00191748
0.00211374
0.00236368
0.00266717
0.00302483
0.00341863
0.00382341
0.00421333
0.00456879
0.00487863
0.00513961
0.00535408
0.00552765
0.00566761
0.00578194
0.00587867
0.00596537
0.00604862
0.00613374
0.00622443
0.00632259
0.00642815
0.00653905
0.00665144
0.00676017
0.00685963
0.00694438
0.00700973
0.00705221
0.00706917
0.00705837
0.00701892
0.0069501
0.00685141
0.00672254
0.00656326
0.00637382
0.00615554
0.00591177
0.00564914
0.00537891
0.00511766
0.00488604
0.00470371
0.00457962
0.00450333
0.00444887
0.00439774
0.00436815
0.00441768
0.00461158
0.00497137
0.00543331
0.0059427
0.00646138
0.00696265
0.0074293
0.00785048
0.00821913
0.00853032
0.00878019
0.00896544
0.00908338
0.00913273
0.00911513
0.00904091
0.00893195
0.00883646
0.00885512
0.00924028
0.0104274
0.0124434
0.0144715
0.0156206
0.0153703
0.0136153
0.0106447
0.00700959
0.00348146
0.00521166
0.00164507
0.0129738
0.000956988
0.00216474
0.00294623
0.00328567
0.00324766
0.00300487
0.00271793
0.00247478
0.00230379
0.00220113
0.00215036
0.00213338
0.00213561
0.00214717
0.002163
0.00218291
0.00221195
0.00226095
0.00234562
0.00248054
0.00267695
0.00294599
0.00327284
0.0036321
0.00398803
0.00430797
0.00457361
0.00478066
0.00493471
0.00504576
0.00512443
0.0051806
0.00522316
0.00526011
0.00529867
0.00534519
0.00540478
0.00548097
0.00557522
0.00568645
0.00581077
0.00594159
0.00607079
0.00619006
0.00629202
0.00637056
0.00642099
0.00644033
0.00642574
0.00637664
0.00629354
0.00617761
0.0060305
0.00585422
0.00565141
0.00542597
0.00518389
0.00493414
0.00468907
0.00446349
0.00427146
0.00412094
0.00400879
0.00392217
0.00385153
0.00381167
0.00385269
0.00404029
0.00440642
0.00490919
0.00548435
0.00608216
0.00666557
0.0072092
0.00769784
0.00812348
0.00848269
0.00877469
0.00900015
0.00916065
0.00925867
0.00929841
0.00928673
0.00923698
0.00916866
0.0091144
0.00912966
0.00933332
0.0100152
0.011496
0.0134885
0.0151376
0.0156568
0.0146691
0.0122624
0.00887539
0.00497481
0.00313586
0.00171402
0.0135958
0.00101164
0.00216204
0.00296744
0.00325855
0.00317894
0.00295197
0.0027378
0.00260185
0.00254768
0.00255326
0.0025927
0.0026452
0.00269659
0.00273842
0.00276745
0.00278587
0.00280215
0.00283164
0.00289521
0.00301388
0.00320146
0.00345634
0.00377169
0.0041011
0.00439325
0.0046144
0.00475385
0.00482028
0.00483285
0.00481242
0.00477621
0.00473687
0.00470335
0.00468227
0.00467919
0.0046991
0.00474638
0.00482411
0.00493311
0.00507099
0.00523073
0.00540087
0.00556795
0.0057197
0.00584687
0.00594334
0.00600505
0.00602974
0.0060145
0.00595888
0.00586469
0.00573507
0.00557429
0.0053875
0.0051808
0.00496143
0.00473816
0.00452114
0.0043209
0.00414589
0.0039993
0.00387704
0.00377002
0.00367315
0.00359932
0.0035893
0.0037037
0.00399196
0.00445029
0.00503087
0.00567666
0.00633434
0.00696229
0.00753324
0.00803242
0.00845407
0.00879803
0.00906729
0.00926652
0.00940141
0.00947861
0.00950625
0.00949451
0.00945792
0.00941365
0.00938348
0.00939706
0.00950788
0.00988015
0.0108667
0.0125927
0.0144675
0.0155729
0.0152744
0.0134535
0.0104276
0.00668999
0.00223326
0.00210914
0.0141592
0.00109764
0.002113
0.0029066
0.00314621
0.00305527
0.00288664
0.00278006
0.00276733
0.00282634
0.00292329
0.00303024
0.00312833
0.00320619
0.00325855
0.00328617
0.00329668
0.00330534
0.00333446
0.0034096
0.00355192
0.00376947
0.00405176
0.00437338
0.00467763
0.00489462
0.00499642
0.00498426
0.0048833
0.00472923
0.00455632
0.00439004
0.00424672
0.00413521
0.00405986
0.00402349
0.00402905
0.00407995
0.00417925
0.0043278
0.00452249
0.0047522
0.00499697
0.00523366
0.00544232
0.00561013
0.00573174
0.00580657
0.00583714
0.00582314
0.0057648
0.00566526
0.00552962
0.00536472
0.00517886
0.00498138
0.00478214
0.00459066
0.00441488
0.00425928
0.00412316
0.00400049
0.00388306
0.00376717
0.00366232
0.00359734
0.00361881
0.00378044
0.00411957
0.00462909
0.00526762
0.00597086
0.00667625
0.00733661
0.007923
0.00842178
0.00882993
0.00915088
0.00939152
0.0095603
0.00966651
0.00972005
0.00973172
0.00971337
0.00967947
0.00964498
0.00962441
0.00963234
0.00969077
0.00988847
0.0105151
0.0119075
0.013812
0.015333
0.0156313
0.0143841
0.0117904
0.00832288
0.00386571
0.0030028
0.0146777
0.00122135
0.00200821
0.00276862
0.00297128
0.00290683
0.00283248
0.00284985
0.00295366
0.00310399
0.00326429
0.0034097
0.00352551
0.00360484
0.00364785
0.00366247
0.00366507
0.0036799
0.00373566
0.00385807
0.00406046
0.00433694
0.00466168
0.00499485
0.00526342
0.00538994
0.00535559
0.0051751
0.00489092
0.00455583
0.00421845
0.00391319
0.00366084
0.0034704
0.00334365
0.00328017
0.00328056
0.00334745
0.00348456
0.00369384
0.00397469
0.0043117
0.00467324
0.00502299
0.0053292
0.00557025
0.00573769
0.00583421
0.0058715
0.00585808
0.00579795
0.00569689
0.00556184
0.00540134
0.00522554
0.00504526
0.00487057
0.00470896
0.00456366
0.0044326
0.00430926
0.00418588
0.00405872
0.00393326
0.00382717
0.00377024
0.00380416
0.00398402
0.00434972
0.0049056
0.00560068
0.00635697
0.00710176
0.00778358
0.00837352
0.00886038
0.00924461
0.00953352
0.00973789
0.00986992
0.00994219
0.00996738
0.00995825
0.00992742
0.00988851
0.00985417
0.0098343
0.00983482
0.00986209
0.0099643
0.0103605
0.0114536
0.0132775
0.0150741
0.0158723
0.0151602
0.0130127
0.00986322
0.00580693
0.00437334
0.0151625
0.00138949
0.0018478
0.0025672
0.00276029
0.00276101
0.00280421
0.00294216
0.00313941
0.00334999
0.00354144
0.00369483
0.00380149
0.00386141
0.0038834
0.00388557
0.0038947
0.00394253
0.00405838
0.00425952
0.00454384
0.00488829
0.00525209
0.00558275
0.00579361
0.00581256
0.00562923
0.00527257
0.00480233
0.00428685
0.00378845
0.00334855
0.00299204
0.00272787
0.00255565
0.00247231
0.00247641
0.00256964
0.00275575
0.00303726
0.00342254
0.00388685
0.00438444
0.00487172
0.005311
0.00567006
0.00592685
0.00607704
0.00613612
0.00612628
0.00606263
0.00595832
0.00582397
0.00566938
0.00550467
0.00533964
0.00518217
0.00503632
0.00490115
0.00477138
0.00464021
0.00450343
0.00436311
0.00422885
0.00411715
0.00405354
0.00408065
0.00426454
0.00465903
0.00526717
0.00602137
0.00682741
0.00760352
0.00829597
0.00887774
0.00934131
0.00969135
0.0099392
0.0100994
0.0101877
0.0102197
0.0102107
0.0101753
0.0101267
0.0100775
0.0100383
0.0100157
0.0100108
0.0100222
0.0100765
0.0103385
0.0112049
0.0129066
0.0148748
0.0160824
0.0158531
0.0141407
0.0113392
0.00761546
0.00599304
0.0156223
0.00160674
0.0016412
0.00232316
0.00254202
0.00264093
0.00280746
0.00304511
0.00330294
0.00353918
0.00372969
0.0038636
0.00394074
0.00397106
0.00397474
0.00398126
0.00402547
0.00413979
0.00434436
0.00463996
0.00500687
0.00540798
0.00579185
0.00609482
0.00622418
0.00612048
0.0057814
0.00525273
0.00461192
0.00393971
0.00331078
0.0027687
0.00233945
0.00202927
0.0018362
0.00175566
0.00178473
0.0019222
0.00216859
0.00252615
0.00302902
0.00360834
0.00420286
0.00478172
0.00532574
0.00580953
0.00619784
0.00645915
0.00658613
0.00660647
0.00654858
0.0064396
0.00629986
0.00614365
0.00598138
0.00582062
0.0056659
0.00551795
0.00537375
0.00522822
0.00507728
0.00492079
0.00476342
0.00461372
0.00448483
0.00440132
0.00441454
0.00460431
0.00503652
0.00570416
0.00651924
0.00737083
0.00816988
0.0088625
0.00942523
0.00985529
0.010162
0.0103608
0.0104698
0.0105079
0.0104936
0.0104446
0.0103773
0.010306
0.0102427
0.0101965
0.010172
0.0101672
0.0101766
0.0102152
0.0104102
0.0111252
0.0127064
0.0147767
0.0163144
0.0165098
0.0152016
0.0127387
0.00928664
0.00765701
0.0160641
0.00187441
0.0014108
0.00206453
0.00234657
0.00256366
0.00283984
0.00314411
0.0034258
0.00365415
0.00381606
0.00391108
0.00395034
0.00395625
0.00396117
0.00400306
0.00411704
0.00432506
0.00462927
0.00501238
0.00544216
0.00587408
0.00625022
0.00649739
0.00652563
0.00628918
0.00579826
0.00511854
0.00434732
0.00357564
0.00289106
0.00233046
0.00191452
0.00163829
0.00149077
0.00145818
0.00153327
0.00171491
0.00200708
0.00242886
0.00307069
0.00372762
0.00433827
0.00489916
0.00543112
0.00594792
0.00643226
0.00683438
0.00709649
0.00720951
0.00719914
0.00710399
0.00695957
0.00679197
0.00661729
0.00644381
0.00627403
0.00610657
0.00593786
0.00576449
0.00558537
0.00540272
0.00522119
0.00504718
0.00489228
0.00478422
0.00478557
0.00498975
0.00547072
0.00620504
0.0070815
0.00797336
0.00878657
0.00946932
0.0100032
0.0103908
0.0106467
0.0107902
0.0108427
0.0108256
0.0107602
0.0106662
0.0105623
0.010464
0.010384
0.0103306
0.0103073
0.0103102
0.0103312
0.0103788
0.0105543
0.0111825
0.0126672
0.014798
0.0165998
0.0171598
0.0162101
0.0140507
0.0107983
0.00926125
0.0164928
0.00218944
0.00120087
0.00182772
0.00220454
0.0025399
0.00289498
0.00322657
0.00349614
0.00368804
0.00380248
0.00385177
0.00386053
0.00386428
0.00390436
0.00401841
0.00422925
0.00453854
0.00492911
0.00537215
0.00583165
0.0062617
0.00660003
0.00676682
0.00668095
0.00631054
0.00568689
0.00490109
0.00407033
0.00329154
0.00266961
0.00221518
0.00192138
0.00175516
0.00168467
0.00169028
0.00177338
0.00195149
0.00224951
0.00274137
0.00356981
0.00429025
0.00488591
0.00536582
0.00577836
0.0061866
0.00663143
0.00709775
0.00750887
0.00777814
0.00788737
0.00786038
0.00773965
0.00756621
0.00736964
0.0071666
0.00696318
0.00675914
0.00655202
0.00634029
0.00612494
0.00590908
0.00569657
0.00549251
0.00530896
0.00517831
0.00517554
0.00540709
0.0059498
0.0067579
0.00769497
0.00862051
0.00943848
0.0101014
0.0105972
0.010935
0.0111342
0.0112181
0.0112108
0.0111359
0.0110164
0.0108745
0.0107307
0.0106027
0.0105043
0.0104446
0.0104267
0.0104455
0.010491
0.0105676
0.0107584
0.0113521
0.0127734
0.0149448
0.0169581
0.0178235
0.0171771
0.0152706
0.0121294
0.0107513
0.0169113
0.00254698
0.00109116
0.00166098
0.00214544
0.00257551
0.00296688
0.00328393
0.00350959
0.00364566
0.00370645
0.00371875
0.00372126
0.00375934
0.00387377
0.00408794
0.00440146
0.00479451
0.00523802
0.00570157
0.00615303
0.00654858
0.00682207
0.00689068
0.00668578
0.00619355
0.0054744
0.00465304
0.00386537
0.00321195
0.00273483
0.00242239
0.00223349
0.00212425
0.0020685
0.00206293
0.00212639
0.00229347
0.00261363
0.00321106
0.00428052
0.005087
0.00570402
0.00613135
0.00641749
0.0066488
0.00692184
0.00729704
0.00775344
0.00817367
0.00845668
0.00856829
0.00852997
0.0083857
0.00817886
0.00794137
0.00769118
0.00743559
0.00717677
0.00691618
0.00665651
0.00640119
0.00615338
0.00591769
0.0057077
0.0055617
0.0055663
0.00584325
0.00646331
0.00735206
0.00834718
0.00929802
0.0101102
0.010743
0.0111923
0.0114737
0.011612
0.011634
0.0115659
0.0114329
0.0112591
0.0110684
0.0108837
0.0107252
0.0106086
0.0105447
0.010537
0.0105796
0.010661
0.0107826
0.0110151
0.0116158
0.0130098
0.0152181
0.0174028
0.0185159
0.0181103
0.0163929
0.01325
0.0120967
0.0173222
0.00294551
0.00119821
0.00163112
0.00217708
0.00264859
0.00302475
0.00329408
0.00346113
0.00354041
0.00355831
0.00355882
0.00359284
0.00370619
0.00392402
0.00424361
0.00464053
0.00508152
0.00553558
0.0059785
0.00638671
0.00671979
0.00690792
0.0068687
0.00655076
0.00597423
0.00523597
0.00447588
0.00381642
0.00331912
0.00298029
0.0027549
0.0025955
0.00247346
0.00238403
0.00234434
0.00239024
0.00257359
0.0029751
0.0037701
0.00504263
0.0059523
0.00662807
0.00705206
0.00725898
0.00733376
0.00739541
0.00756343
0.00790448
0.00836875
0.00880626
0.00909623
0.00920107
0.00914129
0.00896109
0.00870587
0.00841037
0.00809643
0.00777643
0.00745805
0.007147
0.00684745
0.00656228
0.00629614
0.00606487
0.00591421
0.00594397
0.00628903
0.00700415
0.00797881
0.00902643
0.0099915
0.0107857
0.0113777
0.011772
0.0119918
0.0120666
0.0120264
0.0118989
0.0117098
0.011484
0.0112466
0.0110227
0.0108353
0.0107027
0.0106382
0.0106461
0.0107198
0.0108465
0.0110258
0.0113197
0.011961
0.0133645
0.0156187
0.0179458
0.0192495
0.0190148
0.0174088
0.0141193
0.0132809
0.0177303
0.003388
0.0014919
0.00175683
0.00227108
0.00271252
0.0030442
0.00325827
0.00336694
0.00339901
0.0033981
0.00342327
0.00352972
0.00374794
0.00407463
0.00448051
0.00492599
0.005374
0.00579812
0.00618469
0.00652123
0.00677106
0.00686225
0.00671967
0.00631955
0.00571913
0.00503968
0.00441189
0.00391595
0.00355931
0.00330123
0.00309357
0.00290708
0.00273721
0.00260152
0.00253608
0.00259218
0.00283875
0.00338893
0.00447251
0.0058243
0.00683608
0.00757967
0.00802511
0.00819024
0.00815029
0.00802583
0.00795998
0.00808028
0.00843816
0.00893048
0.00937638
0.00965361
0.00972793
0.00962258
0.0093849
0.00906387
0.0086988
0.00831734
0.00793773
0.0075716
0.00722555
0.00690306
0.00660961
0.00636447
0.00622274
0.00630079
0.00674145
0.00756912
0.00863086
0.00972069
0.0106854
0.0114475
0.0119873
0.012319
0.0124729
0.0124834
0.0123829
0.0121998
0.0119593
0.0116864
0.011407
0.0111483
0.0109365
0.0107923
0.0107323
0.0107617
0.0108731
0.0110528
0.0112996
0.0116708
0.0123812
0.0138317
0.0161512
0.0185994
0.0200338
0.0198905
0.0183025
0.0146849
0.014297
0.0181391
0.00387027
0.00190192
0.00200429
0.00243582
0.00281243
0.00307504
0.00321808
0.00326436
0.00325922
0.00326689
0.00335393
0.00356198
0.00389127
0.00430915
0.00476955
0.00522728
0.00564653
0.00600813
0.00631138
0.00655647
0.00671127
0.00670586
0.00648174
0.00604925
0.00549626
0.00494422
0.00448397
0.00413729
0.0038707
0.00363736
0.00340719
0.00317526
0.00295924
0.00279557
0.00273548
0.0028403
0.00319591
0.00397439
0.00529262
0.00663786
0.00772712
0.00852673
0.00899411
0.00913085
0.00900138
0.00872347
0.00844608
0.00832254
0.00847114
0.00889063
0.00941297
0.00984554
0.0100772
0.0100869
0.00990727
0.00959267
0.00919739
0.00876588
0.00833024
0.00791122
0.00752021
0.00716292
0.00684706
0.00659742
0.00648243
0.00663774
0.00720422
0.00815769
0.00930043
0.0104161
0.011362
0.0120761
0.0125519
0.0128139
0.0128994
0.0128468
0.0126902
0.0124575
0.0121728
0.01186
0.0115458
0.0112592
0.0110305
0.0108821
0.0108335
0.0108905
0.0110453
0.0112842
0.0116073
0.0120702
0.0128768
0.0144142
0.0168259
0.0193767
0.0208721
0.020727
0.0190437
0.0148881
0.0151489
0.0185499
0.00438307
0.00237444
0.00233659
0.00265786
0.00294285
0.00311849
0.00318239
0.00317021
0.00314657
0.00319309
0.00336972
0.0036873
0.00411263
0.00459384
0.0050782
0.00551911
0.00588285
0.00615878
0.00636135
0.00650479
0.00656358
0.00647675
0.00621093
0.00580881
0.00536891
0.00498222
0.0046817
0.00444253
0.00421982
0.00398216
0.00372286
0.00345794
0.00322177
0.00306357
0.00304155
0.00321943
0.00371971
0.00476464
0.00614174
0.00748454
0.00861276
0.00944426
0.00991978
0.0100242
0.00981115
0.00939671
0.00893363
0.00858433
0.00849546
0.00875157
0.00925241
0.0097857
0.0101667
0.0103123
0.0102238
0.00994934
0.00955193
0.00909083
0.00861281
0.0081497
0.0077199
0.00733338
0.00700237
0.00676054
0.00669569
0.00696394
0.00768548
0.00876886
0.00997666
0.0110948
0.0119999
0.0126486
0.0130492
0.0132358
0.0132521
0.0131399
0.0129336
0.0126597
0.0123399
0.0119965
0.0116563
0.011351
0.011115
0.010971
0.0109416
0.0110329
0.0112369
0.0115418
0.0119514
0.0125236
0.0134568
0.0151256
0.0176614
0.020289
0.0217565
0.021502
0.0195774
0.0146751
0.0158485
0.0189637
0.00491963
0.0028814
0.00271945
0.00291764
0.00309405
0.00317125
0.00315335
0.0030924
0.00307401
0.00318642
0.00346422
0.00388049
0.00437825
0.00489775
0.00538371
0.00578768
0.0060778
0.00625398
0.00634835
0.0063906
0.00636532
0.00622821
0.00597397
0.00566359
0.00537747
0.0051546
0.0049777
0.00480382
0.0045994
0.00435476
0.00408273
0.00381329
0.00358981
0.00346562
0.00349784
0.00375293
0.00443898
0.00562303
0.00700816
0.00833868
0.00946899
0.0103031
0.0107658
0.0108242
0.0105204
0.00997061
0.00933463
0.00878213
0.00847095
0.00852703
0.00893224
0.0095044
0.0100074
0.0102912
0.010314
0.0101072
0.00973543
0.00926866
0.0087669
0.00827346
0.00781505
0.00740802
0.00707228
0.00685555
0.00687206
0.00729526
0.0081941
0.00939742
0.010643
0.011734
0.0125733
0.0131393
0.0134542
0.0135616
0.0135104
0.0133444
0.0130972
0.0127921
0.0124471
0.0120825
0.0117251
0.0114099
0.0111759
0.0110457
0.0110436
0.0111761
0.011437
0.0118199
0.0123345
0.0130428
0.0141422
0.0159939
0.0186833
0.0213369
0.0226571
0.0221312
0.0198055
0.014092
0.0164141
0.019381
0.005475
0.00340795
0.00313095
0.00320044
0.00325758
0.00322904
0.00313033
0.00303429
0.0030453
0.00324042
0.00361502
0.00411093
0.00466055
0.00520164
0.00567521
0.00602916
0.00623468
0.0063058
0.006295
0.00624858
0.00616528
0.0060221
0.00583454
0.00565742
0.00552894
0.00543763
0.00534187
0.00520498
0.00501314
0.00477515
0.00451591
0.00427127
0.00408567
0.00400966
0.00409721
0.00443242
0.0052677
0.0065028
0.00787071
0.00916603
0.0102651
0.0110718
0.0114974
0.0114906
0.0110813
0.0103869
0.00957782
0.00883449
0.00832237
0.00818656
0.0084659
0.00903002
0.00962502
0.010039
0.0101818
0.0100612
0.00973749
0.00928717
0.008781
0.00827287
0.00779832
0.00738207
0.00705588
0.00688903
0.00702998
0.00765219
0.0087346
0.01003
0.0112748
0.0123042
0.0130523
0.0135189
0.01374
0.0137669
0.0136523
0.0134406
0.0131625
0.0128362
0.0124748
0.0120954
0.0117247
0.0114042
0.0111783
0.0110681
0.0111003
0.0112838
0.011619
0.0121074
0.0127639
0.0136525
0.0149703
0.0170602
0.0199157
0.0225171
0.0234579
0.0225228
0.0196723
0.0131774
0.0168669
0.0198025
0.00604468
0.00394465
0.00355673
0.00349508
0.00342648
0.00328816
0.00311268
0.00299728
0.00305712
0.00333876
0.00379647
0.0043546
0.00494316
0.00549665
0.00594934
0.00624508
0.0063615
0.00633137
0.00622962
0.00611975
0.00601653
0.0059153
0.00583452
0.00579894
0.00579981
0.00579656
0.00574845
0.00563627
0.0054642
0.00525246
0.00503017
0.00483208
0.00469829
0.00467455
0.00481394
0.00522558
0.00614402
0.00738411
0.00870588
0.00993589
0.0109713
0.011721
0.0120842
0.0119904
0.0114569
0.0106031
0.00961248
0.00867994
0.0079816
0.00767509
0.00783382
0.00837503
0.00904542
0.00958198
0.00984716
0.00982305
0.00956244
0.00914555
0.00865144
0.00814316
0.00766521
0.00725308
0.00695601
0.00687558
0.00719769
0.00805411
0.00930104
0.0106416
0.0118388
0.0127702
0.0134026
0.0137563
0.0138784
0.0138265
0.0136552
0.0134072
0.0131078
0.0127677
0.0123927
0.0119954
0.0116034
0.0112712
0.0110507
0.0109615
0.0110368
0.0112945
0.0117476
0.012402
0.013266
0.0143973
0.0159934
0.0183957
0.0214518
0.0236489
0.0240362
0.0225872
0.0191336
0.0119836
0.0172349
0.0202283
0.00662397
0.00448428
0.00398696
0.00379373
0.00359668
0.00334821
0.00310302
0.00298351
0.00310229
0.00346288
0.00398812
0.0045968
0.00521781
0.00577874
0.00620503
0.00643841
0.00646798
0.00634978
0.00618208
0.0060442
0.00596362
0.00594178
0.00597959
0.00606245
0.00614991
0.00619684
0.00617727
0.00608994
0.00595096
0.0057845
0.00561751
0.00547921
0.00540368
0.00543316
0.00562255
0.00609399
0.00704677
0.00825314
0.00949329
0.0106235
0.011563
0.0122268
0.0125024
0.0122996
0.0116225
0.0105939
0.00941103
0.00828413
0.00740282
0.00694261
0.00700496
0.00754038
0.00829235
0.00895198
0.00933992
0.00941568
0.0092254
0.00885194
0.00838107
0.0078838
0.00741404
0.0070216
0.00678137
0.00684101
0.00741139
0.00851003
0.00987094
0.0111943
0.0122931
0.013092
0.0135884
0.0138195
0.0138416
0.0137156
0.0134963
0.0132214
0.0129072
0.0125531
0.0121551
0.0117181
0.0112733
0.010907
0.0106726
0.0105918
0.0107284
0.0111303
0.0118099
0.0127409
0.0138999
0.0153425
0.0173497
0.0202039
0.0230001
0.0245593
0.0242993
0.0222455
0.0181282
0.010652
0.0175581
0.020658
0.0072079
0.00502078
0.00441477
0.00409171
0.00376771
0.00341307
0.00310742
0.00299475
0.00317115
0.00359652
0.00417603
0.00482858
0.00547883
0.0060439
0.00644048
0.00661187
0.00656391
0.00637912
0.00617796
0.00605078
0.00602782
0.00610027
0.00624019
0.00640247
0.00653692
0.0066097
0.00661285
0.00655842
0.00646748
0.00636201
0.00626271
0.00619168
0.0061777
0.00626166
0.00650118
0.00701372
0.0079633
0.00909665
0.0102162
0.0112107
0.0120224
0.0125733
0.0127373
0.0124054
0.0115686
0.0103549
0.00897468
0.00764828
0.006576
0.00596259
0.00595648
0.00653012
0.00739462
0.0081881
0.00869808
0.00887027
0.0087488
0.00842042
0.00797705
0.00749709
0.00704546
0.00669252
0.00655237
0.00683012
0.0077032
0.00900615
0.0104022
0.011638
0.01259
0.0132277
0.013574
0.0136789
0.0136041
0.0134121
0.0131543
0.0128593
0.0125293
0.0121479
0.0116964
0.0111694
0.01061
0.0101664
0.00984682
0.00976817
0.0100723
0.0108127
0.0119049
0.013232
0.0147801
0.0167432
0.0192741
0.0221096
0.0243428
0.0251341
0.024168
0.0214375
0.0165728
0.00938968
0.017883
0.021091
0.00779143
0.00554896
0.00483549
0.00438712
0.00394246
0.00349047
0.00313441
0.00303187
0.00325398
0.00372718
0.00435033
0.00504249
0.00571964
0.00628658
0.00665297
0.00676784
0.0066579
0.00643308
0.0062321
0.00614767
0.00619954
0.00635724
0.00656697
0.00677061
0.00692491
0.00701335
0.00704323
0.00703379
0.00700504
0.00697263
0.00694917
0.00695
0.00700025
0.00714074
0.00743026
0.00796716
0.00888124
0.00990223
0.0108622
0.0116862
0.0123402
0.0127532
0.0127847
0.0123088
0.0113046
0.0099092
0.00834302
0.00682285
0.00554243
0.00474625
0.00468844
0.0053697
0.00640024
0.00734361
0.00796943
0.0082249
0.00816016
0.00786869
0.00744877
0.00698673
0.00656246
0.00627804
0.00630922
0.00690745
0.00808377
0.00949975
0.0108347
0.011915
0.0126805
0.0131377
0.0133282
0.0133095
0.0131463
0.012899
0.0126116
0.0122977
0.0119388
0.0114956
0.0109273
0.0102165
0.00946103
0.00893154
0.00835342
0.00838219
0.00923449
0.0106223
0.012282
0.0141391
0.0162882
0.0187075
0.021398
0.0238434
0.0253333
0.025297
0.0235845
0.0201382
0.0143897
0.00838638
0.0182676
0.0215259
0.00836971
0.0060646
0.00524624
0.00468024
0.00412622
0.00359041
0.00319365
0.00309579
0.00334305
0.00384534
0.00450245
0.00523021
0.00593204
0.00650016
0.00683962
0.00690841
0.00675595
0.0065176
0.00634389
0.00631948
0.00644345
0.00666236
0.00690831
0.00712578
0.00728685
0.00739193
0.00745863
0.00750761
0.00755343
0.00760319
0.00766138
0.00773776
0.00785513
0.00805411
0.00839137
0.00893837
0.00978546
0.0106587
0.0114236
0.0120459
0.0125157
0.012769
0.0126518
0.0120269
0.0108636
0.00931543
0.00760633
0.00592792
0.00442399
0.00335547
0.00323284
0.00413388
0.00539749
0.00649525
0.00721428
0.00752455
0.00749101
0.00721651
0.00680651
0.00635764
0.00597409
0.00581203
0.00613092
0.00712944
0.00852126
0.00991857
0.0110962
0.0119661
0.0125197
0.0127896
0.012828
0.0126959
0.0124576
0.0121684
0.0118581
0.0115176
0.0110984
0.0105305
0.00973732
0.00868754
0.00761982
0.00625819
0.00596127
0.00712847
0.0089963
0.0111483
0.0134151
0.0157682
0.0182992
0.0209149
0.0233795
0.025221
0.0258786
0.0249961
0.0225064
0.0183309
0.0116165
0.00773956
0.018755
0.0219615
0.00893836
0.00656436
0.0056454
0.00497242
0.00432428
0.00372086
0.00329021
0.00318348
0.00343072
0.00394197
0.00462293
0.00538185
0.0061067
0.00667781
0.00699766
0.00703455
0.0068595
0.00662874
0.00649705
0.00653307
0.00671223
0.00696464
0.00722081
0.0074373
0.00760355
0.00773358
0.00785009
0.00797055
0.0081014
0.00824062
0.00838539
0.00854108
0.00872866
0.0089871
0.00936673
0.00991059
0.0106606
0.0113573
0.0118982
0.0122928
0.0125558
0.0126322
0.0123579
0.0115945
0.0103054
0.00867153
0.00690951
0.00516534
0.00348312
0.00197459
0.00166304
0.00300643
0.00453719
0.0057459
0.00650365
0.00681948
0.00677555
0.00648439
0.0060605
0.00561782
0.00530625
0.00538097
0.00615472
0.00749379
0.00892589
0.0101684
0.0111125
0.011739
0.0120736
0.0121631
0.0120634
0.0118362
0.0115427
0.0112273
0.010897
0.0105093
0.00997244
0.00917868
0.00800271
0.00644755
0.00479703
0.00320762
0.00518217
0.00754257
0.0100228
0.0125938
0.0152087
0.0178668
0.0205092
0.0229852
0.0249971
0.0261169
0.0259374
0.0242154
0.0209167
0.0160005
0.00866329
0.00736799
0.019307
0.0223961
0.00949331
0.00704535
0.00603166
0.00526427
0.00453868
0.00388205
0.00341684
0.00327905
0.00350038
0.00400353
0.00469963
0.00548578
0.00623344
0.00681236
0.00712352
0.00714455
0.00696401
0.00675283
0.00666408
0.00674781
0.00695947
0.00722169
0.00747227
0.00768365
0.00786122
0.00802835
0.00820826
0.00841208
0.00863693
0.00887208
0.00910843
0.00934767
0.00960845
0.00992588
0.0103397
0.0108667
0.0114914
0.0119925
0.0122889
0.012436
0.0124747
0.0123626
0.0119324
0.0110588
0.00970534
0.00809277
0.00640866
0.00475156
0.00311227
0.00137181
0.000624986
0.00248143
0.00406569
0.0052267
0.00591571
0.00616105
0.00604786
0.00569042
0.00521914
0.00478538
0.0046407
0.00516974
0.00644071
0.00789075
0.00916785
0.0101515
0.0108204
0.011198
0.0113258
0.011256
0.0110436
0.0107499
0.0104289
0.010106
0.00975226
0.00928207
0.00854282
0.00738618
0.00558035
0.00302381
0.00190112
0.00427793
0.0067925
0.00931619
0.0119367
0.014638
0.0173546
0.0200259
0.0225304
0.024656
0.0260963
0.0264899
0.0255137
0.0229812
0.0188546
0.0131858
0.0061376
0.00721181
0.019745
0.0228276
0.0100306
0.00750444
0.00640278
0.00555394
0.00476606
0.00406527
0.00355686
0.0033606
0.00352956
0.00401323
0.00471851
0.00552903
0.00630101
0.00689532
0.00721131
0.00723259
0.00705886
0.00686933
0.00681304
0.00692465
0.00714676
0.00740211
0.00764024
0.00784971
0.0080489
0.00826646
0.00852265
0.00882035
0.00914726
0.00948474
0.00981822
0.0101458
0.0104826
0.0108574
0.0112958
0.01179
0.0122672
0.0125616
0.0126025
0.01249
0.012292
0.0119854
0.0114096
0.0104672
0.00912664
0.00765136
0.00617456
0.0047724
0.00346206
0.00230628
0.00193528
0.00285614
0.00403357
0.00495366
0.00547678
0.00558389
0.00532907
0.00483917
0.00428374
0.0039183
0.00420158
0.00538886
0.00684754
0.00812804
0.00911243
0.00978914
0.0101823
0.0103327
0.0102846
0.0100913
0.00980518
0.00948718
0.00917621
0.008867
0.00848043
0.0078821
0.00684369
0.00519825
0.00251961
0.00208391
0.00457596
0.00683246
0.00919554
0.0116136
0.0141526
0.0167765
0.0193958
0.0218908
0.0240916
0.0257697
0.0266289
0.0263489
0.0246524
0.0213686
0.016458
0.010158
0.00443219
0.00717834
0.0197489
0.0232539
0.0105458
0.00793761
0.00675481
0.00583633
0.00499815
0.0042574
0.00369505
0.00341647
0.0035069
0.00395887
0.00466637
0.00549784
0.00629653
0.00691562
0.0072514
0.00728819
0.00712878
0.00695503
0.00691363
0.00703134
0.00724565
0.00748412
0.00770922
0.00792395
0.00815647
0.00843729
0.0087813
0.00918227
0.00961887
0.0100655
0.0105023
0.0109234
0.0113388
0.0117688
0.0122217
0.0126623
0.012989
0.0130637
0.012849
0.0124722
0.0120313
0.0115299
0.0108238
0.00986038
0.00868688
0.00743336
0.00622893
0.00515158
0.0042439
0.00358647
0.0033718
0.00374721
0.00439257
0.00492898
0.00517361
0.00507513
0.00460192
0.00388758
0.00325703
0.0032654
0.00437222
0.00582863
0.00707481
0.00801701
0.00866403
0.00904574
0.00919905
0.00916793
0.00899197
0.00872859
0.00842712
0.00814635
0.00789263
0.00761715
0.00718303
0.00642479
0.0050764
0.00337886
0.003072
0.00512703
0.00719617
0.00932358
0.0115145
0.0137887
0.0161756
0.0186241
0.0210264
0.0232373
0.0250696
0.0262866
0.0266086
0.0257417
0.0234278
0.0195028
0.0139847
0.00751559
0.00352897
0.00692038
0.0192784
0.0236722
0.0110343
0.00833983
0.00708197
0.00610373
0.00522419
0.00444569
0.00382218
0.00344482
0.0034321
0.0038327
0.00453119
0.00537748
0.00620465
0.0068584
0.00722945
0.00729632
0.00715606
0.00698812
0.00694122
0.0070442
0.00723662
0.00745304
0.00766796
0.00789643
0.00817352
0.00852906
0.00897095
0.00948367
0.0100376
0.0106006
0.0111477
0.0116677
0.0121645
0.012647
0.0131054
0.0134781
0.0136482
0.0135018
0.0130399
0.0124026
0.0117196
0.0110302
0.0102591
0.00934594
0.00832428
0.00730214
0.0063822
0.00562825
0.00506241
0.00469076
0.00452891
0.00462541
0.00486533
0.00502132
0.00494048
0.00455169
0.00375908
0.0027213
0.00236888
0.003422
0.00485303
0.00601317
0.00686918
0.00745276
0.0077999
0.00794441
0.00792108
0.00777478
0.00754056
0.0072881
0.00705695
0.00688964
0.00673955
0.00651453
0.00605033
0.0052619
0.00433363
0.00414693
0.005555
0.00741907
0.00940786
0.0114168
0.0134581
0.0155718
0.0177683
0.0199882
0.0221177
0.0240035
0.0254541
0.0262384
0.0260911
0.024737
0.0219306
0.0175315
0.0117112
0.0057445
0.00319784
0.00630927
0.0184151
0.0240794
0.011491
0.00870518
0.00737721
0.00634704
0.00543294
0.00461965
0.00393397
0.00344985
0.00330929
0.00362741
0.00430098
0.00515167
0.00600691
0.00670416
0.00712579
0.00723788
0.00712245
0.00695092
0.00687875
0.00694804
0.00710741
0.0072991
0.00750763
0.00775771
0.00808908
0.00852899
0.00907742
0.00970967
0.0103884
0.0110756
0.0117405
0.0123655
0.0129462
0.0134796
0.0139364
0.0142324
0.0142423
0.0138787
0.0131819
0.0123051
0.01141
0.0105662
0.0097341
0.00886891
0.00799142
0.0071747
0.0064914
0.00598094
0.00563793
0.00542286
0.00528534
0.00521602
0.00517181
0.00500137
0.00457816
0.00381384
0.00245744
0.00150146
0.00257805
0.00391731
0.00492685
0.00565489
0.00615368
0.00645386
0.00658645
0.00657892
0.00646578
0.00629823
0.00611143
0.00598695
0.00593102
0.00594662
0.00593893
0.00581958
0.00553516
0.00517095
0.0051275
0.00594717
0.00755343
0.00931949
0.0111969
0.0130719
0.014959
0.0168931
0.0188726
0.020835
0.0226676
0.0242192
0.0253033
0.0256987
0.0251556
0.0234151
0.0202499
0.0155704
0.00977221
0.00476943
0.00312972
0.00541611
0.0172362
0.0244724
0.0119106
0.00902724
0.00763279
0.00655666
0.0056137
0.00477054
0.00402815
0.00343829
0.00314744
0.00333456
0.00396379
0.00480287
0.00568152
0.00642838
0.00691505
0.00708942
0.00700942
0.00683068
0.00671726
0.00673562
0.00685177
0.00701622
0.00722114
0.00749882
0.00789203
0.00842407
0.00908629
0.00984507
0.0106562
0.0114755
0.012266
0.0130023
0.0136704
0.014254
0.0147049
0.0149201
0.0147738
0.0142076
0.0132961
0.012211
0.0111304
0.0101521
0.00926715
0.00843652
0.00766193
0.00698364
0.00644291
0.00605625
0.00580585
0.00564212
0.0054953
0.00529708
0.00502924
0.00456019
0.00374796
0.00237113
0.000584098
0.00190285
0.00297693
0.00377236
0.00435546
0.00476935
0.00503257
0.00516318
0.00519096
0.00514382
0.00506811
0.00501972
0.00503555
0.00516188
0.00534992
0.00556094
0.00573893
0.00584294
0.00589747
0.00606121
0.00662437
0.0077851
0.00922165
0.0108785
0.012607
0.0143264
0.0160415
0.0177753
0.0195178
0.0212075
0.022737
0.0239622
0.024706
0.0247605
0.0238922
0.0218597
0.0184612
0.013672
0.00810858
0.00413727
0.00308779
0.00437762
0.0158426
0.0248478
0.0122882
0.00929952
0.00784087
0.00672325
0.00575655
0.0048906
0.00410291
0.00341873
0.00296578
0.00297032
0.00350715
0.00431424
0.00520436
0.00600192
0.00656585
0.00682199
0.00679627
0.00661805
0.00645539
0.00640758
0.00646927
0.00660199
0.00680356
0.00711207
0.00757218
0.00820209
0.00898376
0.00987496
0.0108252
0.0117847
0.0127089
0.0135632
0.0143231
0.014958
0.0154018
0.0155366
0.0152432
0.0144945
0.0133959
0.0121357
0.0109041
0.00981739
0.0088864
0.00807245
0.00735424
0.00673882
0.0062372
0.00584559
0.00554214
0.00528748
0.00502157
0.00467402
0.00416533
0.00335927
0.00202489
0.000432409
0.00133443
0.00199004
0.00255069
0.00301211
0.00336279
0.00361638
0.00378093
0.00388203
0.00395521
0.00404057
0.00418853
0.00440943
0.00470962
0.00507118
0.00546021
0.0058496
0.00621503
0.00655205
0.0069065
0.00739654
0.00817516
0.00929569
0.0106157
0.0121225
0.0136822
0.0152284
0.0167548
0.0182725
0.0197667
0.021179
0.0224097
0.0233249
0.0237597
0.0235203
0.0223912
0.02015
0.0166224
0.0118405
0.00657328
0.00347473
0.00291711
0.00334507
0.0143524
0.0252025
0.0126192
0.00951576
0.00799386
0.00683801
0.00585244
0.00497246
0.00415543
0.00339825
0.00278874
0.00255592
0.00291668
0.00367126
0.0045512
0.00539272
0.00604126
0.0063994
0.00645604
0.0063023
0.00609697
0.00597276
0.00596661
0.00605918
0.00625366
0.00659273
0.007122
0.00785315
0.00875784
0.00978553
0.0108804
0.0119872
0.0130531
0.0140327
0.0148897
0.0155791
0.0160177
0.0160765
0.0156496
0.0147423
0.013488
0.0120892
0.0107445
0.00958056
0.00861913
0.00781814
0.00713365
0.00654213
0.00602814
0.00556927
0.00513127
0.00467151
0.00414932
0.0035566
0.00279543
0.00179702
0.000989062
0.00105729
0.00127304
0.00158609
0.00191692
0.00222237
0.00249182
0.00273575
0.00298808
0.00324387
0.00353426
0.00387563
0.00427272
0.00471334
0.00518491
0.00567997
0.00618673
0.00669311
0.00719022
0.00768348
0.00820683
0.00883246
0.00964911
0.0106068
0.0117793
0.0130996
0.0144701
0.0158275
0.0171531
0.0184461
0.0196885
0.0208266
0.0217701
0.0223968
0.0225554
0.0220674
0.0207345
0.0183548
0.0147767
0.0100633
0.00507814
0.00265595
0.00256124
0.00244155
0.0128922
0.0255337
0.0128998
0.00967024
0.00808473
0.00689296
0.00589347
0.00500953
0.00418277
0.00338354
0.00264917
0.00215078
0.00220255
0.00286542
0.00370378
0.00457054
0.00530148
0.00577768
0.00595055
0.00586306
0.00564456
0.00544715
0.00535992
0.00539864
0.00557682
0.00594172
0.00653904
0.00737187
0.0084001
0.00956537
0.0108079
0.0120675
0.0132822
0.0143941
0.0153546
0.0161038
0.0165422
0.016533
0.0159894
0.01495
0.0135728
0.012073
0.0106543
0.00944808
0.00848088
0.00770687
0.00706522
0.00651035
0.00601066
0.00553849
0.00506368
0.00455256
0.00397443
0.00331998
0.00263546
0.00206145
0.00180897
0.00178897
0.00183982
0.00196273
0.00215419
0.00240111
0.00269134
0.00301776
0.00338683
0.00379491
0.00423303
0.00469604
0.00518128
0.00568623
0.00620917
0.00674852
0.00730033
0.00785846
0.00841725
0.0089772
0.00955417
0.010184
0.0109155
0.0117451
0.012741
0.013855
0.0150186
0.016173
0.0172888
0.0183539
0.0193473
0.0202203
0.0208928
0.0212553
0.0211708
0.0204769
0.0189907
0.0165284
0.0129527
0.00832239
0.00367363
0.0017113
0.00202219
0.001714
0.0115785
0.0258391
0.013127
0.0097579
0.00810715
0.00688127
0.00587443
0.00499888
0.00418489
0.00338233
0.00258371
0.00186311
0.001483
0.00187662
0.00266185
0.00351747
0.00431156
0.004909
0.00522832
0.00526051
0.00508601
0.00484662
0.00467558
0.00464347
0.00478942
0.00516975
0.00582971
0.00676054
0.00790826
0.00920752
0.0105964
0.0120112
0.0133796
0.0146301
0.0157009
0.0165171
0.0169628
0.0168964
0.0162558
0.0151125
0.0136464
0.0120828
0.0106285
0.00941558
0.00847156
0.00774751
0.00717243
0.00668794
0.00625395
0.00584253
0.00543205
0.00500602
0.00455772
0.00410009
0.0036764
0.00335603
0.00319252
0.00315081
0.00318699
0.00329056
0.00346093
0.00369524
0.00398667
0.00432669
0.00470791
0.00512143
0.00555944
0.00601738
0.0064939
0.0069894
0.00750478
0.00803996
0.00859246
0.00915693
0.00972631
0.0102949
0.010866
0.0114586
0.0120519
0.0127401
0.0135402
0.0144336
0.0153746
0.0163123
0.0172105
0.0180472
0.0187977
0.019418
0.0198382
0.0199617
0.0196668
0.0188066
0.017212
0.0147091
0.0111605
0.00663148
0.00255504
0.000749568
0.00132784
0.0011243
0.0105028
0.0261168
0.0132988
0.00977441
0.00805622
0.00680094
0.00579177
0.00493438
0.00416025
0.00340498
0.00263652
0.00184583
0.0010983
0.000738012
0.00144771
0.00224596
0.00306045
0.0037568
0.00423222
0.00443159
0.00437745
0.00416691
0.00394139
0.00383097
0.00392454
0.00430362
0.00501529
0.00603417
0.0072901
0.00871236
0.0102393
0.0118058
0.0133291
0.0147218
0.0159093
0.0168012
0.0172642
0.0171542
0.0164388
0.0152223
0.0137024
0.0121121
0.0106593
0.00947429
0.00858286
0.0079329
0.00744738
0.00706089
0.00672907
0.00642409
0.00612868
0.00583382
0.00553958
0.00525876
0.00501783
0.00484821
0.00476753
0.00476794
0.00483538
0.00496208
0.00514388
0.00537655
0.00565445
0.00597117
0.00632042
0.00669644
0.00709494
0.00751399
0.0079537
0.00841527
0.00889975
0.00940684
0.00993357
0.0104735
0.0110167
0.0115521
0.0120732
0.0125743
0.0130687
0.0136084
0.0142113
0.014878
0.0155842
0.0162916
0.0169634
0.0175707
0.0180849
0.0184654
0.0186519
0.0185611
0.0180865
0.0170973
0.0154348
0.012921
0.00938059
0.00511009
0.00208019
0.000350279
0.000606133
0.000644215
0.0097268
0.0263649
0.0134143
0.00971596
0.00792804
0.00662832
0.00563739
0.00482769
0.00412006
0.0034502
0.00278196
0.00209387
0.00139553
0.000730006
2.62025e-05
0.000855399
0.00162678
0.00233881
0.00293148
0.00330943
0.00344096
0.00335851
0.00315841
0.00300267
0.00303681
0.00339652
0.00414241
0.005229
0.00656993
0.00809279
0.0097381
0.0114433
0.0131152
0.0146488
0.0159574
0.0169344
0.0174274
0.0172898
0.0165255
0.0152701
0.0137344
0.0121559
0.0107414
0.00961804
0.00880769
0.00825452
0.00787707
0.00760561
0.00739291
0.00721041
0.0070421
0.00688097
0.00672769
0.00659087
0.00648529
0.00642648
0.00642318
0.00647471
0.00657618
0.00672271
0.00691014
0.00713442
0.00739141
0.00767709
0.00798791
0.00832109
0.0086751
0.00904977
0.00944599
0.00986504
0.0103075
0.0107725
0.0112561
0.0117508
0.0122445
0.0127255
0.0131828
0.0135878
0.0139789
0.0143715
0.0147839
0.0152262
0.0156916
0.016157
0.016592
0.0169658
0.0172473
0.0173986
0.0173676
0.0170839
0.0164565
0.0153727
0.0136813
0.0111567
0.00755785
0.00421165
0.00217866
0.00106721
0.000517341
0.000622185
0.00926833
0.0265801
0.0134742
0.00957963
0.00768472
0.0063884
0.00543429
0.00469403
0.00408527
0.00354577
0.00303793
0.00254123
0.00205987
0.00162015
0.00125043
0.000858707
0.000762106
0.000996097
0.00148153
0.00192284
0.0022217
0.00234489
0.00227934
0.00218043
0.00220338
0.00254581
0.0033025
0.00441775
0.00580045
0.00738374
0.00910993
0.0109247
0.0127264
0.0143898
0.0158186
0.0168898
0.0174278
0.0172824
0.0165001
0.015246
0.0137383
0.0122145
0.0108774
0.00984904
0.00914661
0.00871003
0.00845431
0.00830691
0.0082187
0.00816018
0.00811529
0.00807701
0.00804486
0.00802383
0.00802233
0.0080489
0.00810878
0.00820304
0.00833008
0.00848737
0.00867228
0.00888227
0.00911506
0.00936871
0.00964177
0.00993349
0.0102439
0.0105737
0.0109241
0.011296
0.0116895
0.0121027
0.0125313
0.0129667
0.0133984
0.0138127
0.0141777
0.0145034
0.0147905
0.0150453
0.0152811
0.0155103
0.0157376
0.0159548
0.0161426
0.016275
0.0163222
0.0162492
0.0160114
0.0155506
0.0147911
0.0136408
0.0119639
0.0093611
0.00606033
0.00381451
0.00249177
0.0017038
0.00111947
0.00127485
0.00908609
0.0267521
0.0134825
0.00932903
0.00736076
0.00607923
0.00518696
0.00455134
0.00408424
0.00371965
0.00341255
0.00313401
0.00287073
0.00261939
0.00238454
0.00212364
0.00182681
0.00157214
0.00134248
0.001187
0.00117744
0.00130969
0.00138614
0.00144893
0.0015748
0.00194426
0.00267056
0.00373326
0.00507517
0.0066545
0.00839813
0.0102678
0.0121584
0.0139241
0.0154619
0.0166336
0.0172345
0.0171053
0.0163434
0.0151406
0.0137149
0.0122972
0.0110817
0.0101828
0.00961246
0.00930722
0.00918037
0.00915831
0.00919123
0.00924934
0.00931644
0.00938505
0.00945362
0.00952474
0.00960323
0.0096942
0.00980127
0.00992611
0.0100689
0.0102289
0.0104055
0.0105977
0.010805
0.0110271
0.0112639
0.0115158
0.0117837
0.0120686
0.0123715
0.0126929
0.0130322
0.0133871
0.013752
0.0141197
0.0144787
0.0148048
0.0150923
0.0153326
0.0155173
0.0156449
0.0157211
0.0157556
0.0157574
0.015729
0.0156639
0.0155459
0.0153518
0.015052
0.01461
0.0139794
0.0130999
0.0118989
0.0102785
0.00758698
0.0050987
0.00363145
0.00277189
0.00217714
0.00170819
0.00207502
0.00919003
0.0268668
0.0134184
0.00895304
0.00694892
0.0057041
0.00491602
0.00443569
0.00415797
0.00400158
0.00390673
0.00383231
0.00375318
0.00365614
0.00353674
0.00339906
0.00319011
0.00295045
0.00269423
0.0024225
0.00215072
0.00190295
0.00171914
0.00164665
0.0017247
0.00201521
0.00256028
0.00339622
0.00454134
0.00601967
0.00767988
0.00951384
0.0114206
0.0132332
0.014851
0.0161228
0.0168076
0.0167247
0.0160322
0.0149458
0.0136721
0.0124263
0.0113859
0.0106532
0.010235
0.0100684
0.0100692
0.0101655
0.0103087
0.0104696
0.0106322
0.0107889
0.0109375
0.0110792
0.0112171
0.0113547
0.0114949
0.01164
0.0117912
0.0119493
0.0121148
0.0122881
0.01247
0.0126612
0.0128627
0.0130757
0.0133012
0.0135404
0.013794
0.0140621
0.0143434
0.0146344
0.0149308
0.0152243
0.0154968
0.0157415
0.0159462
0.0160964
0.01618
0.0161892
0.0161224
0.0159837
0.0157808
0.0155209
0.0152068
0.0148341
0.0143903
0.0138554
0.0132029
0.0123995
0.011402
0.0101562
0.00860502
0.00611771
0.00440658
0.00346184
0.00289764
0.00247776
0.00220611
0.00285988
0.00956766
0.026824
0.0133417
0.00848931
0.00643621
0.00528239
0.00466896
0.00440886
0.00436237
0.00442578
0.00452878
0.00462761
0.00469737
0.00472603
0.00471004
0.0046513
0.0045536
0.00439156
0.00420402
0.00399486
0.00377336
0.00354737
0.00332588
0.00313118
0.00300874
0.00302496
0.00324573
0.00373415
0.0045372
0.00566439
0.00707981
0.00873645
0.0105424
0.0123069
0.0139431
0.015302
0.0160953
0.0160976
0.0155384
0.0146555
0.013628
0.0126417
0.0118437
0.0113177
0.0110671
0.0110369
0.0111529
0.0113505
0.0115845
0.0118273
0.0120637
0.0122864
0.012493
0.0126841
0.0128619
0.0130293
0.0131892
0.0133442
0.0134963
0.0136473
0.0137987
0.0139521
0.0141089
0.0142706
0.0144386
0.0146142
0.0147985
0.0149926
0.015197
0.0154112
0.0156331
0.01586
0.0160846
0.0162961
0.016489
0.0166513
0.0167689
0.0168265
0.01681
0.0167076
0.0165121
0.0162216
0.0158392
0.0153716
0.0148258
0.014206
0.0135111
0.0127334
0.0118599
0.0108724
0.00974815
0.00845829
0.00697528
0.00496243
0.00378142
0.00316819
0.00282045
0.0025991
0.00258027
0.0035696
0.0101362
0.026461
0.0133066
0.00798426
0.0058595
0.00489041
0.0045534
0.00457567
0.00477425
0.00503731
0.00530209
0.00553509
0.00571966
0.00584948
0.0059252
0.00595225
0.00593966
0.00588686
0.00576818
0.0056258
0.0054649
0.00528986
0.00510865
0.00493064
0.00477122
0.00465988
0.0046466
0.00480341
0.00521084
0.00592414
0.00693723
0.00819148
0.00960046
0.0111495
0.012692
0.0140956
0.0150271
0.0151686
0.0148289
0.0142679
0.0136143
0.0130029
0.0125336
0.0122626
0.0121931
0.0122885
0.0124959
0.0127656
0.0130604
0.0133561
0.0136387
0.0139016
0.0141424
0.0143614
0.0145608
0.0147431
0.0149112
0.0150677
0.0152152
0.0153557
0.0154915
0.0156245
0.0157564
0.0158892
0.0160244
0.0161636
0.0163075
0.0164569
0.0166123
0.0167732
0.016936
0.0170949
0.0172458
0.0173828
0.0174962
0.0175741
0.0176026
0.0175667
0.0174514
0.0172428
0.0169303
0.0165073
0.015972
0.0153274
0.0145802
0.0137384
0.0128087
0.011795
0.0106984
0.00951841
0.00825442
0.00690996
0.00549921
0.00397961
0.00310831
0.00269723
0.00252908
0.00252555
0.00279441
0.00416264
0.0107814
0.0255329
0.0132419
0.00767362
0.00552564
0.00485403
0.00486417
0.00516383
0.00556013
0.00596379
0.006334
0.00665236
0.00691132
0.00710917
0.00724804
0.00733268
0.00736978
0.00736809
0.00734166
0.0072896
0.00720961
0.00710857
0.00699761
0.00688332
0.00677164
0.00667326
0.0066079
0.00660751
0.00671569
0.00698009
0.00743694
0.0080971
0.00893664
0.00990851
0.0110652
0.0124064
0.0135043
0.0138652
0.0138644
0.0137874
0.013675
0.0135851
0.0135527
0.0136013
0.0137371
0.0139501
0.0142197
0.0145217
0.0148342
0.0151407
0.0154306
0.0156984
0.015942
0.0161617
0.0163591
0.0165367
0.0166969
0.0168424
0.0169756
0.0170988
0.017214
0.0173233
0.0174287
0.0175319
0.0176348
0.0177386
0.0178433
0.0179497
0.018058
0.0181655
0.0182699
0.0183683
0.0184544
0.0185211
0.0185588
0.0185561
0.0184996
0.0183747
0.0181664
0.0178603
0.0174439
0.0169079
0.0162471
0.0154609
0.0145537
0.0135338
0.0124114
0.0111984
0.00990736
0.00855374
0.00715804
0.00575245
0.00439272
0.00317669
0.00244702
0.00209523
0.00203315
0.00220571
0.0027415
0.00452116
0.0113757
0.0236836
0.0129831
0.00809407
0.00644444
0.00616666
0.00639604
0.00679928
0.00724226
0.00766741
0.0080512
0.00838515
0.00866694
0.00889713
0.00907831
0.00921473
0.00931143
0.00937298
0.00940078
0.00940047
0.00939527
0.00939192
0.009387
0.00937855
0.00936419
0.0093387
0.00929439
0.00922356
0.00912252
0.00899637
0.00886339
0.0087589
0.00873687
0.00886857
0.00924575
0.0101473
0.0114027
0.0121029
0.0126072
0.0132262
0.013855
0.0144524
0.0149858
0.0154502
0.0158564
0.0162202
0.0165554
0.0168696
0.0171648
0.0174397
0.0176922
0.0179208
0.0181253
0.0183066
0.0184666
0.0186075
0.0187318
0.0188421
0.0189407
0.0190297
0.0191112
0.0191869
0.0192583
0.0193268
0.019394
0.0194604
0.0195247
0.0195865
0.0196451
0.0196995
0.0197479
0.0197858
0.0198071
0.0198042
0.0197677
0.0196864
0.0195477
0.0193375
0.0190412
0.0186449
0.0181358
0.0175039
0.0167423
0.0158488
0.0148261
0.0136822
0.0124295
0.0110843
0.00966788
0.00820707
0.00673719
0.00530667
0.0039858
0.00287705
0.00209846
0.00162108
0.0014662
0.00165897
0.00243606
0.00493704
0.0115938
0.0204877
0.0124512
0.00988879
0.00962683
0.009873
0.0102207
0.0105997
0.0109736
0.0113197
0.0116297
0.0119027
0.0121396
0.0123414
0.01251
0.0126495
0.0127651
0.0128699
0.0129712
0.0130664
0.0131469
0.0132123
0.013262
0.0132902
0.0132852
0.0132295
0.0130991
0.0128649
0.0124957
0.011964
0.0112537
0.0103729
0.00937072
0.00836537
0.00758602
0.00747574
0.00863425
0.00983946
0.0110575
0.0125987
0.0141434
0.0155634
0.0167871
0.0177967
0.0186062
0.019246
0.0197513
0.0201544
0.0204808
0.0207486
0.0209702
0.0211538
0.0213052
0.0214287
0.0215283
0.0216074
0.0216691
0.0217165
0.0217522
0.0217787
0.0217981
0.0218124
0.021823
0.021831
0.0218359
0.0218386
0.0218417
0.0218432
0.0218398
0.0218289
0.0218075
0.0217714
0.0217146
0.0216299
0.0215083
0.0213394
0.0211111
0.0208107
0.0204249
0.0199407
0.0193466
0.0186333
0.0177948
0.0168294
0.0157411
0.0145398
0.0132416
0.0118685
0.0104499
0.00902403
0.00763803
0.00634913
0.00522314
0.00432221
0.00366685
0.00323858
0.00303872
0.00309307
0.00359601
0.00553165
0.0108289
0.0154728
0.0118134
0.012976
0.0144504
0.0153807
0.0160041
0.0164941
0.0169005
0.0172388
0.0175241
0.017769
0.017981
0.0181642
0.0183285
0.0184765
0.0186082
0.0187179
0.0188039
0.018868
0.0189059
0.0189111
0.0188749
0.0187831
0.0186154
0.0183447
0.0179378
0.0173574
0.0165653
0.0155275
0.0142197
0.012635
0.0107929
0.00875748
0.00668435
0.00511238
0.00527506
0.00721928
0.00930116
0.0118232
0.0142575
0.0164708
0.018402
0.0200361
0.0213849
0.0224762
0.0233462
0.0240329
0.0245719
0.0249935
0.0253228
0.0255792
0.0257775
0.0259292
0.0260427
0.0261248
0.0261806
0.0262143
0.0262292
0.0262281
0.0262133
0.0261867
0.02615
0.0261044
0.0260511
0.0259902
0.0259214
0.0258454
0.0257611
0.0256664
0.0255576
0.0254284
0.0252737
0.0250865
0.0248587
0.024581
0.0242432
0.0238344
0.0233436
0.0227605
0.0220764
0.0212853
0.0203847
0.019377
0.0182702
0.0170789
0.0158254
0.0145389
0.0132559
0.0120204
0.0108787
0.00987525
0.00904272
0.00838855
0.00788315
0.00748505
0.00715077
0.00678595
0.00624226
0.00594473
0.0085751
0.0119764
0.0141463
0.017875
0.0202962
0.0215695
0.0222918
0.0227701
0.0231029
0.0233289
0.0234779
0.0235725
0.0236266
0.0236478
0.0236335
0.0235865
0.0235087
0.0234037
0.0232746
0.0231208
0.0229376
0.0227177
0.0224504
0.0221201
0.0217055
0.0211794
0.0205093
0.0196595
0.0185938
0.0172793
0.0156909
0.0138159
0.0116588
0.00924764
0.00664641
0.00407948
0.00243181
0.00455502
0.00718155
0.0100859
0.0127575
0.0151459
0.0172317
0.0190162
0.0205167
0.0217614
0.0227853
0.0236247
0.0243142
0.0248839
0.0253593
0.0257604
0.0261029
0.0263987
0.0266567
0.0268839
0.0270853
0.027265
0.0274259
0.0275706
0.0277007
0.0278178
0.0279228
0.0280167
0.0280999
0.0281726
0.0282338
0.0282818
0.0283144
0.0283284
0.0283208
0.0282888
0.0282261
0.0281258
0.0279801
0.0277801
0.0275166
0.0271796
0.02676
0.0262494
0.025642
0.0249345
0.0241275
0.0232265
0.0222426
0.0211935
0.0201033
0.0189995
0.0179133
0.0168787
0.0159268
0.0150793
0.0143441
0.0137118
0.0131521
0.0126253
0.0120744
0.0113387
0.0100731
0.00810884
0.00701859
)
;

boundaryField
{
    floor
    {
        type            calculated;
        value           uniform 0;
    }
    ceiling
    {
        type            calculated;
        value           uniform 0;
    }
    fixedWalls
    {
        type            calculated;
        value           uniform 0;
    }
    frontAndBack
    {
        type            empty;
    }
}


// ************************************************************************* //
