/*--------------------------------*- C++ -*----------------------------------*\
| =========                 |                                                 |
| \\      /  F ield         | OpenFOAM: The Open Source CFD Toolbox           |
|  \\    /   O peration     | Version:  4.1                                   |
|   \\  /    A nd           | Web:      www.OpenFOAM.org                      |
|    \\/     M anipulation  |                                                 |
\*---------------------------------------------------------------------------*/
FoamFile
{
    version     2.0;
    format      ascii;
    class       volScalarField;
    location    "860";
    object      mag(U);
}
// * * * * * * * * * * * * * * * * * * * * * * * * * * * * * * * * * * * * * //

dimensions      [0 1 -1 0 0 0 0];

internalField   nonuniform List<scalar> 
5000
(
0.00648041
0.00670551
0.00661279
0.0052917
0.00382998
0.00271022
0.00229481
0.00224343
0.00214014
0.00191122
0.00158283
0.00119416
0.000769263
0.000388062
0.0005172
0.000953689
0.00108134
0.00130762
0.00226781
0.00323802
0.00424899
0.00524441
0.00619406
0.00709612
0.00795465
0.00877089
0.00954325
0.0102686
0.010943
0.0115618
0.01212
0.0126121
0.0130325
0.0133756
0.013636
0.0138094
0.0138926
0.0138867
0.0137947
0.0136175
0.0133577
0.0130192
0.0126067
0.012126
0.0115829
0.0109838
0.010334
0.00963791
0.00889735
0.00811014
0.00726744
0.00634877
0.00531263
0.00408186
0.00274322
0.00245005
0.00633731
0.00910923
0.0105448
0.0112198
0.0114138
0.0113659
0.0112145
0.0110176
0.0107943
0.0105487
0.010282
0.00999525
0.00969036
0.00936801
0.00902722
0.00866615
0.00828325
0.00787735
0.00744828
0.00699801
0.00653141
0.0060564
0.00558421
0.00512949
0.00471016
0.00434642
0.00405847
0.00386433
0.0037797
0.0038098
0.00394018
0.0041521
0.0043935
0.00460936
0.0047636
0.00483016
0.00478534
0.00460345
0.00421701
0.00356045
0.00264943
0.00206465
0.00227998
0.00276932
0.00825245
0.00460707
0.00458215
0.00433328
0.00374139
0.00295163
0.00225284
0.00172463
0.00136773
0.00113254
0.000941433
0.000770391
0.000685764
0.000791749
0.00105365
0.00139384
0.00213054
0.00311767
0.0039367
0.00461973
0.00533795
0.0061219
0.00694277
0.00777535
0.00860372
0.00941598
0.0102021
0.0109534
0.0116628
0.0123236
0.0129298
0.0134756
0.0139551
0.0143628
0.0146937
0.0149431
0.0151076
0.0151832
0.0151654
0.0150552
0.0148542
0.0145653
0.014193
0.0137422
0.0132186
0.0126278
0.0119749
0.0112634
0.0104948
0.0096668
0.00877217
0.00779729
0.00672629
0.00557824
0.00464653
0.00536917
0.0071833
0.00833698
0.00975078
0.0108502
0.0114023
0.0115998
0.0115995
0.0115022
0.0113476
0.0111484
0.0109105
0.0106369
0.0103293
0.00998864
0.00961505
0.00920736
0.00876445
0.00828582
0.0077719
0.00722445
0.00664695
0.00604485
0.00542627
0.00480284
0.00419107
0.00361377
0.00310122
0.0026904
0.00242561
0.00236084
0.00241869
0.00255793
0.00274646
0.00294635
0.00312179
0.00324629
0.00328764
0.0032153
0.00300866
0.00269823
0.00251689
0.00297553
0.00294627
0.00372213
0.0108954
0.0034713
0.00217558
0.00298184
0.00290635
0.00244182
0.00202812
0.00170321
0.00146097
0.00128518
0.00115001
0.00105631
0.00104502
0.00116576
0.00144663
0.00187413
0.00252633
0.0033729
0.00419809
0.00494287
0.00567441
0.00643215
0.00721339
0.00800392
0.00879099
0.00956389
0.0103132
0.0110305
0.0117088
0.0123415
0.0129228
0.0134467
0.0139074
0.0142991
0.014616
0.0148528
0.0150043
0.0150674
0.0150398
0.0149217
0.0147144
0.014421
0.0140455
0.0135927
0.0130683
0.0124778
0.0118268
0.01112
0.0103615
0.00955438
0.00870308
0.00781903
0.00694332
0.00622527
0.00611795
0.00784358
0.0101871
0.00900892
0.00838433
0.00909045
0.00979381
0.0102686
0.0105477
0.0106701
0.0106842
0.0106237
0.0105036
0.0103324
0.0101151
0.00985368
0.00954816
0.00919754
0.00880119
0.00835864
0.0078695
0.00733379
0.0067522
0.00612598
0.00545681
0.0047467
0.00399815
0.00321446
0.00240092
0.00156912
0.00074692
7.1413e-05
0.000468336
0.000558048
0.000735968
0.00102704
0.00137412
0.00169641
0.00192641
0.00201944
0.00212652
0.00236266
0.00290213
0.00382404
0.00416468
0.00475494
0.0128614
0.00238808
0.00172268
0.00220968
0.00226808
0.00208781
0.00191595
0.00175878
0.00162289
0.00151266
0.00143028
0.00139203
0.00143639
0.00160689
0.00195935
0.00246345
0.00310254
0.00385044
0.00462137
0.00536383
0.00608848
0.0068173
0.00755556
0.00829724
0.00903355
0.0097558
0.0104559
0.0111267
0.0117618
0.0123555
0.0129025
0.0133973
0.013834
0.0142064
0.014508
0.0147321
0.0148727
0.0149251
0.0148864
0.0147563
0.0145359
0.0142283
0.0138377
0.0133695
0.0128298
0.0122255
0.0115637
0.0108521
0.0100996
0.00931846
0.00852932
0.00777332
0.00714273
0.00685265
0.00734269
0.00954041
0.013025
0.011492
0.0084198
0.00800193
0.0086001
0.00923373
0.00970335
0.0100133
0.0101864
0.0102629
0.010268
0.0102122
0.0101006
0.00993589
0.0097193
0.00945087
0.00913083
0.00875964
0.00833781
0.00786611
0.00734558
0.00677736
0.00616247
0.00550184
0.00479658
0.00404841
0.00326055
0.00244356
0.00163494
0.000891195
0.00124988
0.0019841
0.00225159
0.00213989
0.00172147
0.00107612
0.000169587
0.00068001
0.00129175
0.00210346
0.00309778
0.00428849
0.00483076
0.00540188
0.0142957
0.000980644
0.00173225
0.00181784
0.00189109
0.00189239
0.00186711
0.00182286
0.00177203
0.0017266
0.00170274
0.00173101
0.00185557
0.00211866
0.00257748
0.00315081
0.00379181
0.00448088
0.00518577
0.00588097
0.00656464
0.00724596
0.00792903
0.00861067
0.00928432
0.00994291
0.01058
0.0111902
0.0117688
0.012312
0.0128157
0.0132757
0.0136866
0.0140421
0.0143344
0.0145555
0.0146969
0.0147523
0.0147155
0.0145861
0.0143651
0.0140559
0.0136633
0.0131935
0.012654
0.0120529
0.0113994
0.0107044
0.00998194
0.00925268
0.00855056
0.00793623
0.00752277
0.0075209
0.00830104
0.0105933
0.0148324
0.0145746
0.00978209
0.0077403
0.00782268
0.00842579
0.00899409
0.00942885
0.00973948
0.00993713
0.0100515
0.0100973
0.0100798
0.0100027
0.00986781
0.00967652
0.00943042
0.00913141
0.00878134
0.00838192
0.0079347
0.0074409
0.00690123
0.00631599
0.0056855
0.00501069
0.00429444
0.00354587
0.00278837
0.00205146
0.00125062
0.00137094
0.00234711
0.00281989
0.00287816
0.00266937
0.00229743
0.00166558
0.00112248
0.00190891
0.00305848
0.00441923
0.00507576
0.00579207
0.0154942
0.000358741
0.00166577
0.00161791
0.0017125
0.00179695
0.00185863
0.00189336
0.00190964
0.00192411
0.00196685
0.00208241
0.00231468
0.00269528
0.00325829
0.00387382
0.00450362
0.00514156
0.00578052
0.00641342
0.00703911
0.00766026
0.0082772
0.00888633
0.00948209
0.0100593
0.010614
0.0111437
0.0116472
0.0121234
0.0125711
0.012988
0.0133701
0.0137113
0.0140033
0.0142359
0.0143974
0.014478
0.014466
0.0143596
0.0141598
0.0138701
0.0134961
0.0130459
0.0125286
0.0119546
0.0113357
0.0106859
0.0100234
0.00937429
0.00877902
0.00830298
0.00805402
0.00820959
0.00907654
0.0112636
0.0157874
0.017429
0.0120309
0.00831426
0.00750382
0.00785107
0.00840997
0.00891155
0.00931047
0.00961044
0.00981379
0.00994256
0.0100035
0.0100004
0.00993647
0.00981441
0.00963742
0.0094089
0.00913188
0.00880874
0.00844119
0.00803006
0.00757517
0.00707534
0.00652879
0.0059337
0.00528933
0.00459838
0.00386899
0.00310994
0.00231282
0.00131085
0.00112163
0.00212873
0.00259839
0.00269452
0.00253134
0.0021801
0.00173677
0.00181392
0.00279145
0.0043137
0.00501305
0.00607653
0.0165087
0.000317871
0.00163298
0.00151099
0.0016274
0.00176065
0.00187903
0.00196871
0.00203687
0.00211026
0.00223527
0.0024624
0.00281935
0.00331793
0.00395354
0.00458026
0.00518391
0.00577059
0.00634647
0.00691438
0.00747458
0.00802539
0.00856279
0.00908147
0.00957691
0.0100469
0.0104916
0.0109137
0.0113164
0.0117032
0.0120768
0.0124379
0.0127847
0.0131124
0.0134125
0.0136729
0.0138784
0.0140141
0.0140602
0.0140099
0.0138632
0.0136235
0.0132972
0.012894
0.0124255
0.0119048
0.0113467
0.0107681
0.01019
0.00964075
0.0091606
0.00880948
0.00867824
0.00890856
0.00975652
0.0117508
0.0162028
0.019545
0.0148834
0.00956844
0.00767434
0.00754653
0.00796973
0.00846896
0.00891364
0.00927614
0.00955288
0.00974569
0.00986911
0.00992741
0.0099248
0.00986558
0.00975441
0.00959586
0.00939376
0.00915074
0.00886825
0.0085463
0.00818325
0.00777575
0.00731898
0.00680718
0.00623474
0.0055979
0.00489595
0.0041305
0.00330206
0.00239815
0.00119233
0.000634393
0.00152202
0.00186721
0.00189633
0.00166446
0.00132004
0.00151795
0.00244268
0.00417023
0.00479798
0.00634169
0.0173654
0.000274494
0.001552
0.0014269
0.00158458
0.0017598
0.00191716
0.00204373
0.0021553
0.00229612
0.00252482
0.00288028
0.00335988
0.00395325
0.0046212
0.00523556
0.00580321
0.00633908
0.00685593
0.00735998
0.00784955
0.00831776
0.00875605
0.00915801
0.00952176
0.00985039
0.0101509
0.0104324
0.0107048
0.010977
0.0112559
0.0115459
0.011848
0.012159
0.0124713
0.0127723
0.0130446
0.0132677
0.0134148
0.0134642
0.0134137
0.0132651
0.0130247
0.0127034
0.0123152
0.0118763
0.0114044
0.0109189
0.0104425
0.0100031
0.00963728
0.00939511
0.00934882
0.00961011
0.0103926
0.0121639
0.0163118
0.0209138
0.0178559
0.0113449
0.00832518
0.007548
0.00770063
0.00811824
0.00855983
0.00895129
0.00927296
0.00951477
0.00968573
0.00979436
0.00984538
0.00984431
0.0097968
0.00970813
0.00958241
0.00942216
0.00922823
0.00899947
0.00873245
0.00842118
0.00805719
0.00763011
0.007129
0.00654445
0.00587132
0.00511125
0.00427371
0.00337047
0.00239894
0.00123089
0.000480908
0.00103398
0.00118779
0.000988295
0.000610556
0.00107158
0.00212193
0.00417824
0.00457078
0.00661096
0.0180951
0.000212461
0.00142507
0.00135364
0.00157016
0.00178138
0.00196248
0.00211345
0.00226988
0.00249539
0.00284593
0.00333024
0.0039129
0.00456481
0.00523297
0.00582108
0.00634904
0.00683708
0.00729944
0.00773998
0.00815076
0.00851821
0.00883007
0.00908143
0.00927652
0.00942709
0.00954946
0.00966139
0.00977971
0.00991882
0.0100895
0.0102985
0.0105483
0.010837
0.0111579
0.0114998
0.0118464
0.0121749
0.0124639
0.0126594
0.0127543
0.0127457
0.0126372
0.0124394
0.0121681
0.0118417
0.0114809
0.0111072
0.0107443
0.0104185
0.0101617
0.0100142
0.0100323
0.0103044
0.0110072
0.0125546
0.0162726
0.0216799
0.0205789
0.0135495
0.00937907
0.00786185
0.00762537
0.00787717
0.00826245
0.00864736
0.00898482
0.00926084
0.00946685
0.00961661
0.00971526
0.00976878
0.00978318
0.0097638
0.00971458
0.00963763
0.00953302
0.0093984
0.00922844
0.00901429
0.00874358
0.00840105
0.00797036
0.00743738
0.00679492
0.00604806
0.00521735
0.00433578
0.00343834
0.00254745
0.00165981
0.00114458
0.00111652
0.000758539
0.000163687
0.000853836
0.00206905
0.00444688
0.0044033
0.00687665
0.0187146
0.000309603
0.00128008
0.001305
0.00158286
0.00181661
0.00200637
0.00217622
0.00238868
0.00271794
0.00319618
0.00379336
0.00445006
0.00512466
0.00577428
0.00633064
0.0068203
0.00726531
0.00767642
0.00804985
0.00836778
0.0086099
0.00876334
0.00882959
0.00882381
0.00877033
0.00869711
0.0086312
0.00859584
0.008609
0.00868192
0.00882036
0.00902411
0.00928878
0.00960691
0.00996952
0.0103663
0.0107785
0.0112162
0.0115844
0.011862
0.0120373
0.0121065
0.0120755
0.0119588
0.0117762
0.0115502
0.0113045
0.0110632
0.0108517
0.0106976
0.0106339
0.0107047
0.0109808
0.0116076
0.0129475
0.0161944
0.0219978
0.0227557
0.0161555
0.0107368
0.00846203
0.00775579
0.00776196
0.00803539
0.00837706
0.00870656
0.00899493
0.00922782
0.00941104
0.00955273
0.00965803
0.00973247
0.00978082
0.00980645
0.00981091
0.00979356
0.00975098
0.00967604
0.00955713
0.00937796
0.0091184
0.00875691
0.00827523
0.00766532
0.00693691
0.00612193
0.00527055
0.00443685
0.00365733
0.00293127
0.00222694
0.00173109
0.0013331
0.00102228
0.00122552
0.00238795
0.00491854
0.00430079
0.00713102
0.0192357
0.000561533
0.00116032
0.00130599
0.00162624
0.00186057
0.00204461
0.00223498
0.00251973
0.00296481
0.00356167
0.00424563
0.00494637
0.0056181
0.00624057
0.00676653
0.00722293
0.00762965
0.0079894
0.00828672
0.00849261
0.00858329
0.00855147
0.00841208
0.00819701
0.00794659
0.00770121
0.00749537
0.00735465
0.0072949
0.00732033
0.00742939
0.00761198
0.00785682
0.00815265
0.00849256
0.008875
0.0093003
0.00977118
0.0102934
0.0107619
0.0111462
0.0114279
0.0116004
0.0116721
0.0116612
0.0115908
0.0114861
0.0113723
0.0112743
0.0112177
0.0112304
0.0113486
0.0116298
0.0121935
0.0133527
0.0161447
0.0220031
0.0243685
0.018898
0.0123423
0.00931519
0.00809227
0.00778502
0.00789211
0.00815336
0.00845005
0.00873233
0.00898348
0.00919448
0.00937562
0.00953017
0.00966235
0.00977572
0.0098728
0.00995457
0.0100199
0.0100646
0.01008
0.0100521
0.0099609
0.00978154
0.00948759
0.00905708
0.00848141
0.00777483
0.00697923
0.00615756
0.00537382
0.00466605
0.00402697
0.00340952
0.0027713
0.00225603
0.00191561
0.00192748
0.00301721
0.00552336
0.00423858
0.00737321
0.0196687
0.000889907
0.00112844
0.00137921
0.00170615
0.00191434
0.0020794
0.002296
0.00266731
0.00322811
0.00392326
0.00466559
0.00538555
0.00604367
0.00663232
0.0071355
0.00756558
0.00793739
0.00824139
0.00844963
0.008525
0.00844775
0.00822557
0.00789516
0.00751028
0.00712847
0.00679822
0.00655229
0.00640696
0.00636469
0.00641321
0.0065401
0.00672126
0.00693939
0.00717894
0.00743576
0.00771871
0.00805077
0.00844979
0.00899387
0.0095763
0.010141
0.0106352
0.0110269
0.0113077
0.0114875
0.0115873
0.0116323
0.0116492
0.0116637
0.0117008
0.011786
0.0119505
0.0122424
0.0127601
0.0137704
0.0161552
0.0218035
0.0255005
0.0215454
0.0141724
0.0103821
0.00862163
0.00795193
0.00784289
0.00798694
0.00822742
0.00849092
0.00874793
0.00898272
0.00919989
0.00940116
0.00958822
0.00976288
0.00992656
0.0100798
0.0102213
0.0103464
0.0104455
0.0105024
0.0104939
0.010391
0.0101625
0.0097829
0.00924273
0.0085595
0.00778232
0.00698248
0.00622842
0.00555618
0.00495465
0.00437861
0.00378693
0.00319094
0.0026991
0.00269963
0.00384177
0.0062063
0.00418848
0.0076062
0.0200237
0.00127111
0.00123279
0.0015375
0.00182888
0.00198252
0.00211654
0.00236548
0.00283002
0.00349458
0.00426287
0.00503887
0.00576158
0.00640444
0.00696196
0.00744478
0.00785594
0.00819344
0.00843498
0.00854261
0.00847976
0.00824216
0.00786394
0.00741076
0.0069579
0.00656989
0.00628538
0.00611669
0.00605713
0.00609022
0.00618962
0.00633895
0.00650534
0.00667157
0.00681754
0.00693961
0.0070526
0.0071986
0.00743021
0.00786072
0.0084539
0.00912897
0.00979938
0.0103971
0.0108858
0.0112599
0.0115334
0.0117302
0.0118775
0.0120024
0.0121305
0.0122869
0.0124998
0.0128103
0.0133003
0.0141944
0.0162326
0.0214884
0.0262337
0.0239475
0.0162167
0.0116156
0.00931894
0.0082601
0.00789464
0.0078873
0.00804794
0.008278
0.00853195
0.00878825
0.00903858
0.00928398
0.00952259
0.00975402
0.00997849
0.0101962
0.0104059
0.0106031
0.0107775
0.0109117
0.0109796
0.0109483
0.0107828
0.0104537
0.00994986
0.00928993
0.00852673
0.00773577
0.00698682
0.00631299
0.00569926
0.00509969
0.0044743
0.00384082
0.00337039
0.00353174
0.00477818
0.00689226
0.00412942
0.00783486
0.0203104
0.00169669
0.00147717
0.00177698
0.00199524
0.00206902
0.00216146
0.00244669
0.0030015
0.00375022
0.00456747
0.00535922
0.00607659
0.00670451
0.00724698
0.00771128
0.00809995
0.00840329
0.00857864
0.00858425
0.00839882
0.00804604
0.00759311
0.00712956
0.00673593
0.00645656
0.00629712
0.00624325
0.00627367
0.00636617
0.00649354
0.00663831
0.00676647
0.00686203
0.00689871
0.00686749
0.00677865
0.00668273
0.00667549
0.00687818
0.00740928
0.00814344
0.00895951
0.00974437
0.0104288
0.0109884
0.011429
0.0117721
0.0120453
0.0122772
0.0124945
0.0127224
0.0129875
0.013326
0.0138063
0.0146159
0.0163706
0.021133
0.0266511
0.0259577
0.0184776
0.0129769
0.0101574
0.00870095
0.00805049
0.00786244
0.00792201
0.00810594
0.008349
0.00862108
0.00890199
0.00918847
0.00947481
0.00975803
0.010037
0.0103117
0.010581
0.010841
0.0110815
0.011284
0.0114207
0.0114558
0.0113502
0.0110711
0.0106044
0.00996724
0.00921242
0.0084163
0.0076492
0.00694431
0.00628833
0.00564272
0.00498617
0.00437738
0.00405388
0.00444711
0.00577494
0.00752399
0.00405018
0.00806251
0.0205389
0.00216209
0.00183083
0.00208447
0.00220378
0.00217785
0.00221972
0.0025403
0.00317349
0.00398401
0.0048305
0.00562736
0.00633805
0.00695636
0.00749003
0.00794593
0.00831735
0.0085777
0.00868535
0.00860621
0.00834237
0.00795189
0.0075284
0.00716017
0.00689641
0.00674525
0.00669187
0.00671602
0.00679727
0.00691424
0.00704695
0.00717029
0.00725126
0.0072727
0.00720459
0.00702581
0.00673269
0.00636922
0.00606154
0.00601131
0.00642143
0.00718423
0.00813121
0.0090897
0.00995391
0.0106826
0.0112757
0.0117536
0.0121448
0.0124789
0.0127835
0.0130843
0.0134067
0.013783
0.0142708
0.0150257
0.0165574
0.0207951
0.0268263
0.0275568
0.0208364
0.0144481
0.0111187
0.00926431
0.00831022
0.00791696
0.00785526
0.00798058
0.00820703
0.00848887
0.00879738
0.00912124
0.00945114
0.00978104
0.0101082
0.0104322
0.0107525
0.0110657
0.0113621
0.0116233
0.0118205
0.0119156
0.0118666
0.0116371
0.0112086
0.0105945
0.00984403
0.00903198
0.00823
0.0074766
0.00676869
0.00608552
0.00543671
0.00492805
0.00482263
0.00544038
0.00680948
0.00806092
0.00394572
0.00829066
0.0207197
0.00266446
0.00226247
0.00244695
0.00245237
0.00231368
0.00229688
0.00264505
0.00333868
0.00418983
0.0050516
0.00584906
0.00655588
0.00717135
0.00770332
0.00815359
0.00850704
0.0087302
0.00878453
0.00865554
0.00837746
0.00803028
0.00770327
0.007456
0.00730673
0.00724746
0.00726189
0.00733278
0.00744135
0.00756699
0.00768824
0.00778155
0.00781943
0.00777269
0.00761145
0.00730103
0.00681629
0.00617757
0.00550734
0.00510255
0.0053742
0.00619921
0.00730604
0.00844245
0.00947261
0.0103497
0.0110752
0.0116723
0.0121707
0.012601
0.0129912
0.0133669
0.0137523
0.0141763
0.0146875
0.0154148
0.0167786
0.0205109
0.0268186
0.0288027
0.023157
0.0160202
0.0121896
0.00993988
0.00867165
0.00805429
0.00785305
0.00790663
0.00810866
0.00839586
0.00872885
0.00908593
0.00945504
0.00982659
0.010196
0.0105621
0.0109248
0.0112815
0.0116235
0.0119332
0.0121816
0.0123297
0.0123334
0.0121527
0.0117644
0.0111754
0.010429
0.00959634
0.00875192
0.00794537
0.00719214
0.00649708
0.00590408
0.0055525
0.00568458
0.0064907
0.00786094
0.00848593
0.00381567
0.00851941
0.0208638
0.00320163
0.00275137
0.00285464
0.00273888
0.0024805
0.00239767
0.0027601
0.00349299
0.00436687
0.0052353
0.00603304
0.00674059
0.00735945
0.00789503
0.00834316
0.00868248
0.00887913
0.00890687
0.00877419
0.00853573
0.00827197
0.00805075
0.00790496
0.00783857
0.00784295
0.00790527
0.00800886
0.00813308
0.00825586
0.00835668
0.00841611
0.00841135
0.00830884
0.00807011
0.00764801
0.00699719
0.00610283
0.005033
0.0041079
0.00417047
0.00514139
0.00647952
0.00781181
0.00899344
0.00999385
0.0108283
0.0115264
0.0121201
0.0126402
0.0131143
0.0135669
0.0140211
0.0145023
0.0150516
0.0157753
0.0170197
0.020297
0.0266756
0.0297534
0.0253609
0.0176772
0.0133551
0.0107162
0.00913033
0.00827611
0.00792054
0.00789065
0.00805983
0.00834535
0.00869735
0.00908368
0.00948754
0.00989586
0.0103019
0.0107036
0.0111008
0.0114918
0.0118692
0.0122166
0.0125063
0.0126996
0.0127513
0.0126184
0.0122727
0.0117136
0.0109756
0.0101247
0.00923843
0.00838205
0.00759662
0.00691813
0.00642177
0.00625854
0.0066171
0.00756915
0.00889391
0.00880212
0.00366228
0.00874815
0.0209821
0.00377182
0.00328517
0.00330095
0.00306198
0.0026825
0.00252712
0.00288567
0.00363635
0.0045189
0.00538931
0.00618903
0.0069019
0.00752897
0.00807207
0.00852209
0.00885534
0.00904328
0.00907448
0.00897436
0.00880293
0.00862778
0.00849588
0.00842684
0.00842302
0.00847849
0.00858059
0.00870973
0.0088425
0.00895653
0.00903334
0.00905691
0.00900838
0.00885839
0.00856451
0.00805257
0.00727386
0.00617593
0.0047357
0.00314588
0.00277784
0.00404048
0.00569748
0.00722608
0.00852754
0.00961815
0.0105352
0.0113156
0.0119926
0.0125961
0.0131522
0.0136839
0.0142121
0.0147593
0.0153598
0.0161009
0.0172682
0.0201568
0.026439
0.0304609
0.027401
0.0193981
0.0145987
0.0115808
0.00967946
0.00858138
0.00806008
0.00793558
0.0080626
0.00833968
0.0087033
0.00911414
0.00954756
0.00998774
0.0104254
0.0108569
0.0112816
0.0116985
0.0121015
0.0124761
0.0127968
0.0130264
0.0131203
0.0130339
0.0127342
0.0122124
0.0114932
0.0106346
0.00971637
0.00882016
0.00801727
0.00737853
0.0070042
0.00703547
0.00759263
0.00864799
0.00986633
0.00902187
0.00348662
0.00897648
0.0210849
0.00437338
0.00385634
0.00378169
0.00342099
0.00292323
0.00269001
0.00302436
0.00377258
0.00465282
0.00552257
0.00632625
0.00704786
0.00768635
0.00824001
0.00869689
0.00903452
0.00923217
0.00929041
0.00924216
0.00914269
0.00904552
0.00898561
0.00897919
0.00903021
0.00913277
0.0092709
0.00942104
0.00955795
0.00966039
0.00971306
0.00970347
0.00961501
0.00941884
0.00907012
0.00850575
0.00765204
0.00642303
0.00472517
0.00257671
0.00110197
0.00321743
0.00511227
0.00673511
0.00808604
0.00922467
0.010197
0.0110419
0.0117909
0.0124715
0.0131075
0.0137197
0.0143266
0.0149474
0.0156105
0.0163874
0.0175139
0.0200849
0.026146
0.0309716
0.0292484
0.021163
0.0159051
0.0125218
0.0103108
0.00896614
0.00827065
0.00804107
0.00811635
0.00837749
0.00874659
0.0091746
0.00963152
0.0100985
0.0105631
0.0110195
0.0114661
0.0119017
0.0123216
0.0127136
0.0130549
0.0133116
0.0134411
0.013399
0.0131489
0.0126749
0.011991
0.0111459
0.0102175
0.00930113
0.00849767
0.00791276
0.00766504
0.00787289
0.00858973
0.00970607
0.0107416
0.00916422
0.00328599
0.00920536
0.0211821
0.00500455
0.0044599
0.0042941
0.00381568
0.00320546
0.00289082
0.00318102
0.00390817
0.00477693
0.00564372
0.00645226
0.00718432
0.00783581
0.00840225
0.00887093
0.00922265
0.00944391
0.0095423
0.00955129
0.00951867
0.00948843
0.0094908
0.00954216
0.00964651
0.00979505
0.0099672
0.0101359
0.0102753
0.010366
0.010396
0.0103567
0.0102339
0.0100003
0.00960917
0.00899439
0.00807966
0.00678614
0.00504699
0.00285426
0.000761785
0.00275855
0.00474466
0.00636535
0.00768116
0.00881908
0.00981811
0.0107108
0.011521
0.0122723
0.0129856
0.0136789
0.0143678
0.0150684
0.0158039
0.0166322
0.0177492
0.020072
0.0258299
0.0313271
0.0308878
0.0229545
0.017261
0.0135288
0.0110157
0.00942526
0.00855061
0.0082076
0.00822161
0.00845642
0.0088213
0.00925769
0.00973255
0.0102212
0.0107084
0.011186
0.0116503
0.0120995
0.0125295
0.0129304
0.0132829
0.0135573
0.0137151
0.0137141
0.013517
0.0131024
0.0124753
0.0116735
0.0107694
0.00986486
0.00908233
0.00855621
0.00841858
0.00876509
0.00959523
0.0107291
0.0115008
0.00925131
0.00305767
0.00943722
0.0212826
0.00566312
0.005092
0.00483616
0.00424592
0.00353089
0.00313298
0.00336179
0.0040506
0.0048991
0.00575964
0.00657221
0.00731444
0.00797884
0.00855903
0.00904296
0.00941519
0.00966752
0.00981044
0.00987499
0.00990281
0.00993292
0.00999419
0.0101029
0.0102612
0.0104558
0.0106617
0.0108492
0.0109922
0.0110734
0.0110838
0.0110181
0.0108655
0.010601
0.01018
0.00953946
0.00860685
0.00731395
0.00562785
0.00365098
0.00211576
0.00284504
0.00455585
0.00600053
0.00724931
0.00839571
0.00940884
0.0103311
0.0111916
0.0120069
0.0127938
0.0135673
0.0143401
0.0151252
0.015941
0.0168342
0.0179684
0.0201075
0.0255203
0.0315655
0.0323041
0.0247675
0.0186555
0.0145926
0.011786
0.00995225
0.00889557
0.0084315
0.00837314
0.00856852
0.00891751
0.00935568
0.00984107
0.010345
0.0108506
0.0113464
0.0118261
0.0122861
0.0127223
0.0131264
0.0134827
0.0137667
0.0139454
0.0139811
0.0138385
0.0134939
0.0129452
0.0122202
0.0113822
0.0105305
0.00979629
0.00933007
0.00927358
0.00971022
0.0106042
0.0117104
0.0121499
0.00930526
0.00279856
0.00967542
0.0213944
0.0063462
0.00574906
0.00540601
0.00471137
0.00390036
0.00341907
0.00357324
0.00420584
0.00502515
0.00587456
0.00668831
0.00743849
0.00811397
0.00870707
0.00920712
0.00960214
0.00988739
0.0100741
0.0101904
0.010274
0.0103615
0.0104812
0.0106483
0.0108615
0.0111033
0.0113448
0.0115541
0.011705
0.0117813
0.0117765
0.0116883
0.0115098
0.0112198
0.0107779
0.0101263
0.00920068
0.00795003
0.00637326
0.00461276
0.00322797
0.00327513
0.00447528
0.00569709
0.00684035
0.0079262
0.00894304
0.00991345
0.0108125
0.0116844
0.0125404
0.013392
0.014249
0.0151213
0.0160234
0.0169928
0.0181671
0.0201813
0.0252416
0.0317211
0.0335267
0.026557
0.0200798
0.0157055
0.0126135
0.0105394
0.00929901
0.00870717
0.00856583
0.00870981
0.00903078
0.00945858
0.00994172
0.0104537
0.010973
0.0114848
0.0119795
0.0124506
0.0128928
0.0132985
0.0136552
0.0139434
0.0141368
0.0142042
0.0141152
0.0138468
0.0133932
0.0127741
0.0120417
0.0112854
0.0106307
0.0102293
0.0102268
0.0107067
0.0116165
0.0126467
0.0127146
0.00935393
0.00251274
0.00991994
0.0215241
0.00704995
0.00642723
0.00600141
0.00521083
0.00431274
0.00374844
0.00381592
0.00437663
0.00515758
0.00598944
0.00679964
0.0075538
0.00823684
0.00884001
0.00935425
0.00977064
0.0100868
0.010314
0.0104781
0.0106142
0.0107576
0.0109358
0.011162
0.0114316
0.0117231
0.0120041
0.0122411
0.0124067
0.0124851
0.0124712
0.0123656
0.0121656
0.0118554
0.0114002
0.0107487
0.00984442
0.00864691
0.00716642
0.00553363
0.0041536
0.00375112
0.00444986
0.00542805
0.00644158
0.00745263
0.00844457
0.00942932
0.0103923
0.011314
0.0122335
0.0131598
0.0140996
0.0150601
0.0160524
0.0171072
0.0183415
0.0202842
0.0250131
0.0318259
0.0346024
0.0282795
0.0215236
0.0168594
0.0134893
0.0111772
0.00975144
0.00902533
0.00878991
0.00886791
0.0091425
0.00954163
0.0100139
0.0105249
0.011052
0.0115777
0.0120884
0.012574
0.0130265
0.0134378
0.013797
0.0140892
0.0142947
0.01439
0.0143513
0.0141601
0.0138102
0.0133154
0.0127173
0.0120907
0.0115458
0.0112214
0.0112589
0.0117474
0.0126308
0.0135349
0.013228
0.00943142
0.00221589
0.0101574
0.0216766
0.00776937
0.00712195
0.00661933
0.0057418
0.00476459
0.00411708
0.00408525
0.00456417
0.00529589
0.00610201
0.00690228
0.00765507
0.00834074
0.00894939
0.00947357
0.00990718
0.01025
0.0105131
0.0107208
0.0109063
0.0111038
0.0113397
0.0116251
0.0119524
0.0122969
0.0126235
0.0128961
0.0130859
0.0131759
0.0131613
0.013045
0.012829
0.0125042
0.0120432
0.0114017
0.0105293
0.00938987
0.00799098
0.00643318
0.00500066
0.0042252
0.00446356
0.00517832
0.00604452
0.00697181
0.00792713
0.00890677
0.00991209
0.0109014
0.0118798
0.0128765
0.0138963
0.014944
0.0160288
0.0171759
0.0184877
0.0204077
0.0248502
0.0319138
0.0355716
0.0299119
0.0229709
0.0180431
0.0144025
0.0118539
0.0102401
0.00937215
0.0090296
0.00902347
0.00923221
0.00958507
0.0100315
0.0105285
0.0110549
0.0115919
0.0121207
0.012627
0.0130988
0.0135257
0.013897
0.0142005
0.0144219
0.0145451
0.0145541
0.014437
0.0141903
0.0138255
0.0133752
0.0128989
0.0124864
0.0122553
0.0123338
0.012813
0.0136371
0.01437
0.0137143
0.00957394
0.00195224
0.010353
0.0218549
0.0084981
0.00782753
0.00725561
0.00630061
0.00525142
0.00452112
0.00438254
0.00476814
0.00543575
0.00620662
0.00698948
0.00773474
0.00841735
0.00902581
0.0095541
0.00999898
0.0103624
0.0106558
0.0109022
0.0111332
0.0113818
0.011673
0.0120165
0.0124026
0.012804
0.0131831
0.0135012
0.0137267
0.0138402
0.0138357
0.0137178
0.0134929
0.0131598
0.0127002
0.0120781
0.0112484
0.0101751
0.00885614
0.00735871
0.00587548
0.00479266
0.00454546
0.00496127
0.00565245
0.00648379
0.0073932
0.0083601
0.00937716
0.0104429
0.0114832
0.0125458
0.0136416
0.0147742
0.0159514
0.0171963
0.0186004
0.0205435
0.0247668
0.0320232
0.0364659
0.0314372
0.0244006
0.019242
0.01534
0.0125554
0.0107492
0.00973062
0.00926713
0.00915824
0.00927933
0.0095611
0.00995674
0.0104268
0.0109404
0.0114838
0.0120328
0.0125679
0.013072
0.0135309
0.0139317
0.0142629
0.014513
0.0146717
0.0147303
0.014684
0.0145344
0.0142939
0.0139895
0.0136677
0.0133981
0.0132737
0.0134024
0.0138682
0.0146108
0.0151415
0.014162
0.00979266
0.00178434
0.0104732
0.0220596
0.00922818
0.00853687
0.00790469
0.00688199
0.00576681
0.0049531
0.00469999
0.00497869
0.00556714
0.00629421
0.00705195
0.00778344
0.00845734
0.00905972
0.00958564
0.0100348
0.0104117
0.0107286
0.0110075
0.0112786
0.0115731
0.0119155
0.0123143
0.012759
0.0132207
0.0136597
0.0140342
0.0143087
0.01446
0.0144792
0.014371
0.014146
0.0138113
0.0133598
0.0127657
0.0119899
0.0109957
0.00976945
0.00834593
0.00684397
0.00552433
0.00478726
0.00483461
0.00529685
0.00600212
0.00684996
0.00779473
0.00881618
0.00991855
0.0110423
0.0121681
0.0133354
0.0145491
0.0158175
0.0171635
0.0186736
0.0206835
0.0247758
0.0321941
0.0373005
0.0328383
0.025788
0.0204393
0.0162874
0.0132664
0.0112613
0.0100819
0.00948291
0.00925096
0.00925741
0.0094378
0.00975457
0.0101761
0.01066
0.0112004
0.0117705
0.0123436
0.0128963
0.0134085
0.0138634
0.0142472
0.0145491
0.0147612
0.0148796
0.0149055
0.0148465
0.0147181
0.0145458
0.0143679
0.0142371
0.0142233
0.0144104
0.0148651
0.0155139
0.0158319
0.0145338
0.0100385
0.00158054
0.0103156
0.0222892
0.00994978
0.00924112
0.00855915
0.00747873
0.00630223
0.00540302
0.00502576
0.00517842
0.00568248
0.00635424
0.00707822
0.00779011
0.00845053
0.00904177
0.00955919
0.0100053
0.0103877
0.0107201
0.0110239
0.0113276
0.0116611
0.0120481
0.0124975
0.0129986
0.0135224
0.0140276
0.0144693
0.0148071
0.0150123
0.0150717
0.0149874
0.0147731
0.014444
0.0140056
0.0134451
0.0127323
0.0118315
0.0107196
0.00940605
0.00795595
0.00651943
0.00537435
0.00492717
0.00506949
0.00557572
0.00632162
0.00722251
0.00823524
0.00934407
0.0105397
0.0117379
0.0129728
0.0142634
0.0156207
0.0170707
0.0186997
0.0208209
0.0248885
0.0324579
0.0380653
0.0340907
0.0271054
0.0216168
0.017231
0.0139725
0.0117595
0.0104066
0.00965699
0.00928069
0.00914266
0.00918584
0.00938493
0.00971923
0.0101594
0.0106822
0.0112733
0.0118942
0.0125138
0.013104
0.0136421
0.0141103
0.0144954
0.014789
0.0149882
0.0150972
0.0151277
0.0150992
0.0150392
0.0149829
0.014973
0.015061
0.0153065
0.0157522
0.0163038
0.0164229
0.0148847
0.0102682
0.00191392
0.0098189
0.0225395
0.0106511
0.00992936
0.00920958
0.00808195
0.00684871
0.00586281
0.00535635
0.00536926
0.0057685
0.00637104
0.00705383
0.0077415
0.00838548
0.00896247
0.0094668
0.00990334
0.0102831
0.010622
0.0109416
0.0112688
0.0116322
0.0120551
0.0125473
0.0130998
0.0136848
0.0142602
0.0147781
0.0151932
0.01547
0.0155882
0.0155455
0.0153554
0.0150399
0.0146178
0.0140919
0.013445
0.0126461
0.0116666
0.0104974
0.00916516
0.00774842
0.00640928
0.00542898
0.00514678
0.00532881
0.00587817
0.00667797
0.00764875
0.00874752
0.00995538
0.0112366
0.0125418
0.0139065
0.0153514
0.0169087
0.0186711
0.0209516
0.0251112
0.0328199
0.0387159
0.0351588
0.0283226
0.0227569
0.0181604
0.0146636
0.0122304
0.0106889
0.0097732
0.00923292
0.0089205
0.00878469
0.00881769
0.00902021
0.00938641
0.00987297
0.0104841
0.0111643
0.0118703
0.0125643
0.0132158
0.0138019
0.0143057
0.0147155
0.015026
0.0152397
0.0153688
0.0154349
0.0154684
0.0155064
0.015589
0.0157572
0.0160503
0.0164847
0.0169446
0.016901
0.0152236
0.0106425
0.00263165
0.00900339
0.022804
0.0113184
0.0105886
0.00984449
0.00868107
0.007396
0.00632157
0.00567778
0.00553241
0.00580289
0.00632888
0.00696214
0.00762147
0.00824832
0.008811
0.00930061
0.00972311
0.0100929
0.0104292
0.0107546
0.0110949
0.0114774
0.0119251
0.0124496
0.013045
0.0136859
0.0143314
0.0149315
0.0154359
0.0158016
0.0159994
0.0160192
0.0158707
0.0155793
0.0151755
0.0146802
0.0140935
0.0133947
0.0125551
0.0115537
0.0103919
0.009105
0.00777145
0.00654068
0.00572891
0.00547985
0.00567917
0.00625536
0.00710322
0.00814468
0.00933123
0.0106318
0.0120196
0.0134628
0.0149965
0.016668
0.0185841
0.0210765
0.0254382
0.0332304
0.0391773
0.0359937
0.0294077
0.0238443
0.0190725
0.0153385
0.0126696
0.0109203
0.0098235
0.00910456
0.00859227
0.00823402
0.00804376
0.00805787
0.00830542
0.00873168
0.00936484
0.01012
0.0109345
0.0117565
0.0125478
0.0132806
0.0139348
0.0144951
0.0149508
0.0152988
0.0155464
0.015713
0.0158297
0.015937
0.0160794
0.0162965
0.016616
0.017032
0.0174125
0.0172586
0.0155521
0.0111545
0.0035585
0.00789597
0.023074
0.0119361
0.0112037
0.0104502
0.00926374
0.00793319
0.00677024
0.00598302
0.00566268
0.00577974
0.00620773
0.00678317
0.00740922
0.00802084
0.00857314
0.00905092
0.00945898
0.00981436
0.01014
0.010461
0.0108034
0.0111933
0.0116534
0.0121971
0.0128226
0.0135092
0.0142189
0.0149017
0.0155032
0.0159729
0.0162714
0.0163777
0.016293
0.0160411
0.0156601
0.0151884
0.0146474
0.0140336
0.0133241
0.0124923
0.011523
0.0104218
0.00922207
0.00799148
0.00686251
0.00620481
0.00595558
0.00614654
0.00672454
0.00760363
0.00870685
0.00997767
0.0113815
0.01291
0.0145469
0.0163454
0.0184412
0.021201
0.0258377
0.0335782
0.0393582
0.0365024
0.0303809
0.0248541
0.0199647
0.0160095
0.0130879
0.0111066
0.00981217
0.00890726
0.00818198
0.00756536
0.00708795
0.00683289
0.00688965
0.00724977
0.00791684
0.00877581
0.00972483
0.0106949
0.0116419
0.0125366
0.0133589
0.0140924
0.0147212
0.0152332
0.0156257
0.01591
0.0161123
0.016274
0.0164464
0.0166771
0.0169941
0.0173792
0.0176937
0.0174847
0.0158509
0.0117599
0.00465293
0.00652167
0.0233391
0.0124874
0.0117576
0.0110111
0.00981585
0.00844851
0.00720021
0.00626645
0.0057547
0.00568487
0.00597719
0.0064913
0.0070788
0.00767851
0.00822841
0.00870304
0.0091025
0.00944418
0.00975457
0.0100627
0.0103967
0.0107824
0.0112419
0.0117902
0.01243
0.0131467
0.013908
0.0146663
0.0153656
0.0159491
0.016367
0.0165851
0.0165917
0.0164019
0.016055
0.0156022
0.0150881
0.0145327
0.013928
0.0132489
0.0124709
0.011582
0.0105887
0.0095178
0.00842691
0.00743276
0.00681618
0.00656068
0.00672385
0.00728593
0.0081836
0.00934539
0.0107142
0.0122642
0.0139873
0.0159472
0.0182556
0.0213246
0.0262113
0.0337173
0.0391867
0.0366535
0.0310747
0.0258828
0.0208848
0.0166867
0.0135089
0.0112724
0.00975968
0.00866971
0.00774202
0.00685953
0.00604205
0.00541598
0.00517687
0.00545604
0.00620982
0.00722782
0.00834404
0.00947264
0.0105715
0.0116184
0.0125999
0.0135042
0.0143143
0.0150087
0.01557
0.0159946
0.016297
0.0165126
0.0166963
0.0169086
0.0171904
0.0175261
0.0177829
0.0175637
0.016083
0.0123938
0.00585767
0.00490206
0.023588
0.012955
0.0122318
0.0115096
0.010322
0.00893002
0.00760454
0.00652639
0.00580962
0.00551993
0.00564304
0.0060668
0.00660145
0.00718828
0.00774687
0.00823346
0.00863839
0.00897546
0.00927272
0.0095637
0.00988085
0.0102519
0.010699
0.0112379
0.0118748
0.0126022
0.0133953
0.0142129
0.0150009
0.0156989
0.0162484
0.0166014
0.0167297
0.0166332
0.0163428
0.0159141
0.0154108
0.0148809
0.0143404
0.0137752
0.0131568
0.0124599
0.0116715
0.0107947
0.00984957
0.00887988
0.0080625
0.0074906
0.00724301
0.0073897
0.00794489
0.0088727
0.0101172
0.0116335
0.0134106
0.0154985
0.0180375
0.0214161
0.0264299
0.0334666
0.0386235
0.0364292
0.0314488
0.0267069
0.021922
0.0175709
0.0140031
0.0114508
0.00969204
0.00842309
0.00733142
0.00622602
0.00506367
0.00395709
0.00326182
0.00344453
0.00442293
0.00569518
0.00700973
0.00828488
0.00950045
0.0106548
0.0117483
0.0127825
0.0137474
0.014616
0.0153545
0.0159375
0.0163606
0.016643
0.0168352
0.017008
0.0172239
0.0174866
0.0176836
0.0174794
0.016203
0.0129809
0.00709142
0.00309488
0.0238094
0.0133223
0.0126074
0.0119271
0.0107656
0.00936515
0.00797694
0.0067652
0.00583664
0.0052834
0.00516289
0.00542851
0.00593659
0.00650661
0.00708814
0.00760749
0.00804049
0.00839271
0.0086894
0.00896678
0.00926335
0.00961211
0.0100373
0.0105552
0.011174
0.0118917
0.0126924
0.0135444
0.0144
0.0152006
0.0158823
0.0163853
0.0166641
0.0166979
0.0164997
0.0161174
0.0156232
0.0150911
0.0145698
0.0140689
0.0135664
0.0130296
0.0124315
0.0117579
0.0110088
0.0101973
0.00936041
0.00866481
0.00816205
0.00795545
0.00812899
0.00872465
0.00973539
0.0111313
0.0128968
0.0150693
0.0177847
0.0213588
0.0263143
0.032783
0.0376593
0.035818
0.0314854
0.0272705
0.0228756
0.0186117
0.014873
0.0119181
0.00974338
0.00822907
0.00700816
0.00579528
0.00446188
0.00299667
0.00143331
0.00142357
0.00296784
0.00456642
0.00605148
0.00741095
0.00866497
0.00984124
0.0109619
0.0120423
0.0130922
0.0140881
0.0149834
0.0157248
0.0162836
0.0166533
0.0168669
0.0169955
0.017124
0.0172885
0.0174119
0.0172251
0.0161709
0.0134462
0.00824864
0.00147825
0.0239933
0.0135755
0.0128661
0.0122441
0.0111287
0.00974055
0.00831126
0.00698927
0.00586325
0.00502559
0.0045946
0.00463192
0.00505232
0.00559376
0.00620627
0.00678129
0.00727108
0.00766842
0.00799005
0.00826962
0.00855044
0.00887406
0.00927081
0.0097599
0.01035
0.0110418
0.0118263
0.0126826
0.0135741
0.0144499
0.0152476
0.0159007
0.0163487
0.0165487
0.0164885
0.0161946
0.0157322
0.0151893
0.014648
0.0141549
0.0137106
0.013284
0.0128365
0.0123385
0.0117738
0.0111399
0.0104483
0.00976494
0.00918241
0.0087808
0.00866608
0.00893608
0.00965406
0.0108409
0.0125008
0.0146653
0.0174368
0.021036
0.0257761
0.031689
0.0363048
0.0348279
0.0311705
0.0275476
0.0236573
0.0197061
0.0160113
0.0128328
0.0102979
0.00840602
0.00695271
0.00565759
0.00433001
0.00291831
0.00152144
0.00136792
0.00279337
0.00435362
0.00580267
0.00710862
0.00828852
0.00938197
0.0104284
0.0114463
0.0124738
0.0135045
0.0144964
0.0153695
0.0160627
0.016536
0.0167926
0.0168899
0.0169253
0.0169718
0.017001
0.0168148
0.0159704
0.0137442
0.00928215
0.00199446
0.0241323
0.0137051
0.0129933
0.0124427
0.0113931
0.0100409
0.00860005
0.00720619
0.00592555
0.00481812
0.00400406
0.00367739
0.00391425
0.00441334
0.005056
0.00571253
0.00628953
0.00676654
0.00714918
0.00746094
0.00774364
0.00804772
0.00841348
0.00886879
0.00942482
0.010082
0.010834
0.0116672
0.0125579
0.0134684
0.0143463
0.0151275
0.0157434
0.0161327
0.0162555
0.0161071
0.0157276
0.0151985
0.0146225
0.0140881
0.0136377
0.0132609
0.0129163
0.0125595
0.0121586
0.0116966
0.0111698
0.0105936
0.010045
0.00958899
0.00932152
0.00935549
0.00979961
0.0107327
0.0122
0.0142399
0.0169247
0.0203916
0.0248158
0.0302169
0.0345825
0.0334806
0.0305131
0.0275098
0.0242212
0.0207414
0.017329
0.0142047
0.0115179
0.0093469
0.00764508
0.00625916
0.00505138
0.00401183
0.00334429
0.00345261
0.00422972
0.00530652
0.00644303
0.00752436
0.00851407
0.00942161
0.0102807
0.0111376
0.0120319
0.0129832
0.0139763
0.0149186
0.0157168
0.0162951
0.0166157
0.0167066
0.0166614
0.016583
0.0164989
0.0162873
0.0156186
0.0138802
0.0102101
0.00392287
0.0242217
0.0137097
0.0129766
0.0125015
0.0115434
0.0102655
0.00884595
0.00742349
0.00605406
0.00475828
0.00358197
0.00267145
0.00236099
0.00293784
0.00361965
0.00438981
0.00507902
0.0056621
0.00614122
0.00652364
0.00683853
0.00714106
0.00747973
0.00789779
0.00841633
0.00903712
0.00975144
0.0105465
0.0114063
0.0123073
0.013214
0.0140758
0.0148288
0.0154036
0.0157373
0.0157911
0.0155662
0.0151142
0.0145322
0.0139366
0.0134214
0.013023
0.0127187
0.0124569
0.0121877
0.0118771
0.0115072
0.0110769
0.0106184
0.0101927
0.00987537
0.00977133
0.0100026
0.010685
0.0119064
0.013727
0.0162049
0.0194223
0.0234734
0.0284253
0.0325328
0.0318195
0.0295354
0.0271598
0.0245108
0.021619
0.0186719
0.0158535
0.0133117
0.0111455
0.00938715
0.00800324
0.006942
0.00619611
0.00582954
0.00590884
0.00636522
0.00704189
0.00780923
0.00857667
0.00929681
0.00996083
0.0105887
0.01122
0.011903
0.0126757
0.0135415
0.0144479
0.0152909
0.0159509
0.0163439
0.0164552
0.016357
0.0161649
0.0159581
0.0156943
0.0151525
0.0138664
0.0110088
0.00558404
0.0242627
0.0135875
0.012816
0.0124022
0.0115448
0.0103685
0.00903221
0.00765441
0.0062901
0.00495055
0.00363817
0.00235769
0.00117978
0.00116079
0.00198908
0.00289347
0.00370851
0.00439446
0.00497901
0.00545806
0.00583459
0.00616334
0.00648849
0.00686769
0.00734211
0.00792384
0.00860314
0.00936107
0.0101789
0.0110394
0.0119228
0.0127997
0.0136262
0.0143424
0.014878
0.015167
0.0151676
0.0148833
0.0143751
0.0137545
0.0131511
0.0126633
0.012321
0.0120896
0.011908
0.0117214
0.0114935
0.0112073
0.0108674
0.0105146
0.0102082
0.0100365
0.010116
0.0105758
0.0115338
0.0130777
0.015269
0.0181639
0.0218172
0.0263858
0.0302098
0.0298964
0.0282746
0.026514
0.0245081
0.0222508
0.0198749
0.017533
0.0153558
0.0134433
0.0118533
0.0106015
0.00967669
0.00906234
0.00875807
0.00871891
0.00891976
0.00926811
0.00969007
0.0101282
0.0105456
0.0109291
0.0112899
0.0116606
0.0120894
0.0126263
0.0132988
0.0140801
0.0148782
0.0155591
0.0160002
0.0161448
0.0160256
0.0157465
0.0154207
0.0150842
0.01461
0.0136962
0.0116012
0.00692308
0.0242419
0.0133779
0.0125115
0.0121449
0.0113956
0.0103444
0.0091288
0.00785373
0.00657638
0.00531687
0.00408584
0.002895
0.00184303
0.000997213
0.00090289
0.00168781
0.00252252
0.00320045
0.00380923
0.00434944
0.00477848
0.00514615
0.00547456
0.00581618
0.00623363
0.00676247
0.00740277
0.00813086
0.00891649
0.00973362
0.0105652
0.0113977
0.0122145
0.0129857
0.0136597
0.0141657
0.0144294
0.0144005
0.0140801
0.0135363
0.0128931
0.0122918
0.0118348
0.0115466
0.0113829
0.0112746
0.011162
0.0110074
0.0107959
0.0105394
0.0102805
0.0100879
0.0100637
0.0103353
0.0110361
0.0122786
0.0141404
0.0166738
0.0199221
0.0241716
0.0276786
0.0277687
0.0267729
0.0256016
0.0242132
0.02259
0.0208226
0.0190318
0.0173295
0.015803
0.0145095
0.0134751
0.0126996
0.0121654
0.0118574
0.0116974
0.0116837
0.0117595
0.0118808
0.012013
0.0121328
0.0122316
0.0123178
0.0124185
0.0125777
0.0128495
0.0132787
0.0138679
0.0145488
0.0151885
0.0156391
0.0158028
0.015673
0.0153328
0.0149122
0.0144895
0.0140249
0.0133643
0.0119145
0.00792647
0.0241611
0.0131018
0.012068
0.0117311
0.0110937
0.0101897
0.00913408
0.00802151
0.00691025
0.00583264
0.00481524
0.00389142
0.00313052
0.00261309
0.00226023
0.0022242
0.00241208
0.002727
0.00309671
0.00351035
0.00387643
0.00421592
0.00452612
0.0048223
0.00516172
0.00560522
0.00617798
0.00686602
0.00763073
0.00842525
0.00921617
0.00998479
0.0107268
0.0114479
0.0121415
0.0127719
0.0132658
0.0135331
0.0135069
0.0131815
0.0126292
0.0119828
0.0113921
0.0109632
0.0107194
0.0106111
0.0105624
0.0105107
0.010418
0.0102704
0.0100858
0.00990963
0.00982365
0.00994378
0.0104074
0.0113466
0.0128615
0.0150169
0.0178612
0.021849
0.0250117
0.0254915
0.0250747
0.0244558
0.0236433
0.0226219
0.0214513
0.0202231
0.0190255
0.017929
0.0169803
0.0162024
0.0155971
0.0151486
0.0148416
0.0146022
0.0144346
0.0143047
0.0141861
0.0140587
0.0139125
0.013747
0.0135732
0.0134156
0.0133137
0.0133208
0.013491
0.0138498
0.0143569
0.0148944
0.0153047
0.0154598
0.0153158
0.0149282
0.0144217
0.0139141
0.0134234
0.0128828
0.0119158
0.00858298
0.0240244
0.0127754
0.0114965
0.0111661
0.0106399
0.00990237
0.00904393
0.00814581
0.00726332
0.00643207
0.00567938
0.00502891
0.00450336
0.00412604
0.00380409
0.00360466
0.00349507
0.00344766
0.00345016
0.00349687
0.00358629
0.00371495
0.00387875
0.0040654
0.00428057
0.00458088
0.00502029
0.00561256
0.0063331
0.007115
0.00789736
0.0086348
0.00930046
0.00990782
0.0104901
0.0110808
0.0116689
0.012176
0.0124855
0.0125042
0.0122159
0.0116914
0.0110667
0.0104937
0.010084
0.009866
0.0097902
0.00977815
0.00976694
0.00971932
0.00962379
0.0094969
0.00939262
0.00940532
0.00966487
0.0103156
0.0114835
0.0132575
0.0156981
0.0194752
0.0222814
0.0231184
0.0232236
0.0231124
0.0228256
0.0223562
0.021743
0.0210501
0.0203424
0.0196717
0.0190724
0.0185615
0.0181402
0.0177964
0.0175169
0.0172532
0.016994
0.016725
0.0164282
0.0160975
0.0157332
0.0153436
0.0149436
0.0145575
0.0142219
0.013987
0.0139096
0.01403
0.0143324
0.0147204
0.0150405
0.0151474
0.0149681
0.0145296
0.0139452
0.013347
0.0127934
0.0122824
0.0116031
0.00888688
0.0238339
0.0124226
0.010812
0.0104588
0.0100402
0.00948548
0.00885614
0.00821396
0.00760212
0.00704685
0.00656264
0.00615461
0.00582039
0.00555389
0.00533993
0.0051136
0.00490986
0.00471382
0.00452313
0.00434168
0.0041735
0.00402907
0.00392421
0.00387113
0.00387276
0.00394645
0.00415361
0.00453426
0.00511072
0.00582928
0.00660051
0.00734994
0.00799679
0.00852215
0.00894475
0.00933802
0.00979309
0.0103385
0.0108909
0.0112909
0.0114094
0.0112097
0.0107593
0.0101875
0.00964173
0.00923897
0.0090198
0.00894438
0.00893671
0.00893816
0.00891347
0.00884927
0.00876505
0.0087219
0.00882656
0.00922177
0.0100569
0.0114562
0.0135228
0.0170532
0.0195558
0.0206996
0.0212621
0.0216088
0.0217943
0.0218203
0.0217103
0.0215059
0.0212499
0.0209768
0.0207094
0.0204589
0.0202256
0.0200012
0.0197726
0.019535
0.0192257
0.0188655
0.0184485
0.0179751
0.0174525
0.0168935
0.0163165
0.0157465
0.0152184
0.0147797
0.0144867
0.0143861
0.014479
0.01469
0.0148781
0.0148942
0.0146465
0.0141386
0.0134675
0.0127714
0.0121365
0.0115688
0.0110017
0.00884579
0.023586
0.0120719
0.0100322
0.00962169
0.00930656
0.00895106
0.00857892
0.00822316
0.0079048
0.00763186
0.00740258
0.00720869
0.0070386
0.00688035
0.00673098
0.00654285
0.00633682
0.00610525
0.00584856
0.00557162
0.00528036
0.00498293
0.00469108
0.00441961
0.00418664
0.00401459
0.00393197
0.00398105
0.00423496
0.00473993
0.00539552
0.00612883
0.006795
0.00732218
0.0076683
0.00785799
0.00800737
0.00827558
0.00876762
0.00939777
0.00994673
0.0102244
0.0101763
0.00985575
0.00937633
0.00887504
0.00846962
0.00821985
0.0081078
0.00806517
0.00804389
0.00800944
0.00795091
0.0078911
0.00789827
0.00809116
0.00862663
0.00966807
0.0113931
0.014605
0.016885
0.0182796
0.0192315
0.0199832
0.0205875
0.0210501
0.0213835
0.0216108
0.0217564
0.02184
0.0218746
0.0218664
0.0218149
0.0217145
0.0215565
0.0213394
0.0210251
0.0206275
0.0201478
0.0195913
0.0189692
0.0182979
0.0175977
0.016895
0.0162239
0.0156295
0.0151656
0.0148793
0.0147793
0.0148056
0.0148331
0.0147188
0.0143646
0.0137584
0.0129817
0.0121711
0.0114299
0.01077
0.0101597
0.00846477
0.0232606
0.0117536
0.00918086
0.00867211
0.00846006
0.00832371
0.00823432
0.00818457
0.00816583
0.00816593
0.00817088
0.00816702
0.0081427
0.00808915
0.00800596
0.00786923
0.00769071
0.00746954
0.00720757
0.00690951
0.00658118
0.00622887
0.00585994
0.00548348
0.00511221
0.0047649
0.00446724
0.0042516
0.00416334
0.00425992
0.00458101
0.00512958
0.00573799
0.00627344
0.00663872
0.00676992
0.00670189
0.00655297
0.00655574
0.00693821
0.00767381
0.00843248
0.00893551
0.00909818
0.00896324
0.00862704
0.00820024
0.00779589
0.00749684
0.00731191
0.00719669
0.00711207
0.00703078
0.00694754
0.00689117
0.00693939
0.00722859
0.00794472
0.00936214
0.012165
0.0143014
0.0158949
0.0171699
0.0182723
0.0192413
0.0200809
0.020795
0.0213922
0.0218823
0.0222738
0.0225721
0.0227793
0.0228947
0.0229151
0.0228364
0.0226594
0.0223708
0.021972
0.0214723
0.0208802
0.0202103
0.0194801
0.0187114
0.0179305
0.0171709
0.0164753
0.0158932
0.015467
0.0152044
0.015053
0.014903
0.0146257
0.0141272
0.0133896
0.0124829
0.0115384
0.0106665
0.00988221
0.00915948
0.00772415
0.0228071
0.0114916
0.00829896
0.00764128
0.00754096
0.00765051
0.00786535
0.00812722
0.00839707
0.00864772
0.0088604
0.0090228
0.00912783
0.00917254
0.00915896
0.00908643
0.00895066
0.00876102
0.00852121
0.00823693
0.00791455
0.00756044
0.00718063
0.00678133
0.00636994
0.00595677
0.00555695
0.00519255
0.00489526
0.0047055
0.00466586
0.00480893
0.00511966
0.00550736
0.00584159
0.00598311
0.00588472
0.00556529
0.00511543
0.00472394
0.00486466
0.00568433
0.00667396
0.00745097
0.00788895
0.0080048
0.00786286
0.00755512
0.00718314
0.00683995
0.00656527
0.00635045
0.00616931
0.00600766
0.00587093
0.00580049
0.00589613
0.00633895
0.00748665
0.00980318
0.0118378
0.0135796
0.0151123
0.016507
0.0177825
0.0189368
0.0199654
0.0208665
0.0216397
0.0222853
0.0228034
0.0231935
0.0234551
0.0235874
0.0235906
0.0234676
0.0232248
0.0228529
0.022369
0.0217863
0.021119
0.0203849
0.0196044
0.0188033
0.0180137
0.0172754
0.0166315
0.0161142
0.0157229
0.0154064
0.0150689
0.0146015
0.0139247
0.0130236
0.0119631
0.0108682
0.00984847
0.00891319
0.00802618
0.0066785
0.0221216
0.0112844
0.00747511
0.00661074
0.00664302
0.00702706
0.0075521
0.00810759
0.00863352
0.0090979
0.00948461
0.00978682
0.0100035
0.0101374
0.0101939
0.0101817
0.0100956
0.00994916
0.00974831
0.00949966
0.00921032
0.00888696
0.00853542
0.00816094
0.00776875
0.00736498
0.00695788
0.00655921
0.00618555
0.00585858
0.00560459
0.00545065
0.00540698
0.00545329
0.00553152
0.00555591
0.00542253
0.00507586
0.00454157
0.00389896
0.0031855
0.00263801
0.00320931
0.00455843
0.00565617
0.00635945
0.00673671
0.00684271
0.0067301
0.00646752
0.0061267
0.00579302
0.00548457
0.00520095
0.00494637
0.00474571
0.00467172
0.00489505
0.00580476
0.00763807
0.00955244
0.0113765
0.0130925
0.0147102
0.0162247
0.0176242
0.0188969
0.0200333
0.0210261
0.0218705
0.0225632
0.023103
0.0234897
0.023725
0.0238127
0.023759
0.023574
0.0232644
0.0228376
0.0223091
0.0216931
0.0210064
0.0202686
0.0195042
0.0187435
0.0180211
0.0173689
0.016803
0.0163083
0.0158324
0.0152946
0.0146116
0.0137261
0.0126344
0.0114024
0.0101502
0.00898011
0.00788309
0.00679542
0.00539582
0.0210234
0.0110691
0.00691815
0.0058567
0.00603335
0.00667755
0.00746518
0.00825083
0.00896868
0.00959028
0.0101055
0.0105132
0.0108173
0.0110244
0.0111424
0.0111824
0.011151
0.0110574
0.0109096
0.0107154
0.0104816
0.0102147
0.00992013
0.00960262
0.00926647
0.00891595
0.00855579
0.00819161
0.00783012
0.00747867
0.00714463
0.00683437
0.00655092
0.00629139
0.00604259
0.00577482
0.00544012
0.00498338
0.00438856
0.00372022
0.00302927
0.00223871
0.00142256
0.000888694
0.00157269
0.00294186
0.00402795
0.00473198
0.00513002
0.00527453
0.00520944
0.00499476
0.00470586
0.00438294
0.00405351
0.00374854
0.00353412
0.00359611
0.00430847
0.00575715
0.00750934
0.00933546
0.0111471
0.0129039
0.0145776
0.0161453
0.017588
0.0188905
0.0200413
0.0210324
0.0218593
0.0225205
0.023017
0.0233526
0.0235336
0.0235687
0.0234694
0.0232486
0.0229165
0.0224841
0.0219667
0.021379
0.0207399
0.0200717
0.0193996
0.0187472
0.0181275
0.0175343
0.0169374
0.0162864
0.0155224
0.0145933
0.0134705
0.0121676
0.0107563
0.00935482
0.00805413
0.006814
0.00552224
0.00397357
0.0192445
0.0107122
0.00702722
0.00613281
0.00642387
0.00715434
0.00801808
0.0088756
0.00966099
0.0103458
0.0109207
0.0113855
0.011745
0.012007
0.0121815
0.0122731
0.0122968
0.0122643
0.0121829
0.0120584
0.0118971
0.0117046
0.0114857
0.0112448
0.0109851
0.0107093
0.0104193
0.0101158
0.00979788
0.00946183
0.00910116
0.00870719
0.00827109
0.0077868
0.00725308
0.0066728
0.00604843
0.00537461
0.00464339
0.00388197
0.00316161
0.00250051
0.00186777
0.00136837
0.000990002
0.000451985
0.00031601
0.00116812
0.00188013
0.00240698
0.00276194
0.00292765
0.0029253
0.00279977
0.0025997
0.00238236
0.0022405
0.00240093
0.00307925
0.00430508
0.00587529
0.00761437
0.00941297
0.011203
0.0129386
0.014586
0.0161193
0.0175182
0.0187682
0.0198595
0.0207867
0.0215485
0.0221468
0.0225867
0.0228756
0.0230232
0.0230414
0.0229429
0.0227412
0.0224478
0.0220756
0.0216392
0.0211549
0.0206387
0.0201023
0.0195471
0.0189599
0.0183125
0.0175684
0.0166913
0.0156532
0.0144389
0.013052
0.0115257
0.00993999
0.00841371
0.00702562
0.00569811
0.00425999
0.00253688
0.0164636
0.0101531
0.00826137
0.00826565
0.0087522
0.00939593
0.0101079
0.0108221
0.0114915
0.0120901
0.0126064
0.0130361
0.013379
0.0136396
0.0138272
0.0139625
0.0140381
0.0140576
0.014032
0.0139672
0.0138684
0.0137401
0.013586
0.013409
0.0132107
0.012991
0.0127475
0.0124752
0.0121657
0.0118069
0.0113835
0.0108796
0.0102822
0.00958479
0.00879163
0.00791899
0.0069937
0.00604674
0.00510576
0.00420321
0.00339475
0.00272542
0.00218007
0.0018118
0.00166653
0.00153166
0.00131426
0.00104058
0.000758459
0.000527877
0.000425416
0.00047346
0.000606513
0.000794433
0.00105562
0.00141161
0.00187211
0.00247267
0.00326532
0.0043123
0.00560559
0.00708393
0.00867476
0.0103136
0.0119475
0.0135334
0.0150371
0.016432
0.0176989
0.018825
0.0198033
0.0206315
0.0213112
0.0218472
0.0222469
0.0225196
0.0226761
0.0227279
0.0226869
0.0225649
0.0223766
0.0221303
0.0218306
0.0214746
0.0210487
0.0205277
0.0198784
0.019067
0.0180688
0.016875
0.0154951
0.0139537
0.012286
0.0105434
0.00880948
0.00719942
0.00577934
0.00443941
0.00296871
0.00113588
0.0123115
0.00953787
0.0105506
0.0118293
0.0127189
0.0134101
0.0140291
0.0145979
0.0151105
0.015563
0.0159542
0.0162834
0.0165481
0.0167546
0.0169069
0.0169967
0.0170337
0.0170231
0.0169694
0.0168785
0.0167552
0.0166035
0.0164259
0.0162233
0.0159941
0.015734
0.0154356
0.0150878
0.0146765
0.0141852
0.0135968
0.0128964
0.0120746
0.0111307
0.0100752
0.00893115
0.00773371
0.00652762
0.00536317
0.00429286
0.00336436
0.0026019
0.00202054
0.00168045
0.0015929
0.00166213
0.001764
0.00185767
0.00194415
0.00203574
0.00215024
0.00230423
0.00251244
0.00278793
0.00314002
0.00357329
0.00408805
0.00469059
0.00540726
0.00627495
0.00731273
0.00850697
0.00982154
0.0112117
0.0126323
0.0140419
0.0154047
0.0166915
0.0178806
0.0189567
0.0199112
0.0207405
0.0214453
0.0220298
0.0225003
0.0228651
0.0231332
0.0233138
0.0234144
0.0234392
0.0233838
0.0232425
0.0230007
0.022637
0.0221227
0.0214261
0.0205174
0.019377
0.0180022
0.0164119
0.0146471
0.012766
0.010837
0.00893273
0.00713089
0.00551247
0.00410869
0.0028107
0.00128931
0.000398427
0.00932483
0.0111616
0.0141664
0.0161259
0.0171945
0.0178527
0.0183402
0.0187246
0.0190239
0.0192495
0.0194093
0.0195075
0.0195478
0.0195273
0.0194447
0.0193083
0.0191275
0.0189082
0.0186554
0.0183741
0.0180691
0.0177435
0.0173993
0.0170364
0.0166524
0.0162425
0.0157985
0.0153097
0.0147624
0.0141416
0.0134323
0.0126221
0.0117037
0.0106776
0.0095533
0.00834954
0.00709301
0.00581838
0.0045765
0.00344989
0.00251974
0.00173925
0.000991589
0.000430199
0.000465949
0.000740821
0.00104847
0.00136797
0.00166725
0.00194533
0.00222249
0.00252077
0.00285727
0.00324451
0.00369077
0.00420125
0.00478114
0.00544121
0.00620114
0.00708298
0.00809723
0.00923446
0.0104682
0.0117629
0.0130803
0.0143837
0.0156409
0.0168253
0.0179166
0.0189009
0.0197702
0.0205214
0.0211553
0.0216756
0.0220878
0.0223981
0.0226127
0.0227362
0.022772
0.0227203
0.0225758
0.022328
0.0219605
0.0214504
0.02077
0.0198909
0.0187882
0.017447
0.0158679
0.0140719
0.0121042
0.0100393
0.00798779
0.00609046
0.00445713
0.0030523
0.00169925
0.000369488
0.000355966
0.00048764
)
;

boundaryField
{
    floor
    {
        type            calculated;
        value           uniform 0;
    }
    ceiling
    {
        type            calculated;
        value           uniform 0;
    }
    fixedWalls
    {
        type            calculated;
        value           uniform 0;
    }
    frontAndBack
    {
        type            empty;
    }
}


// ************************************************************************* //
