/*--------------------------------*- C++ -*----------------------------------*\
| =========                 |                                                 |
| \\      /  F ield         | OpenFOAM: The Open Source CFD Toolbox           |
|  \\    /   O peration     | Version:  4.1                                   |
|   \\  /    A nd           | Web:      www.OpenFOAM.org                      |
|    \\/     M anipulation  |                                                 |
\*---------------------------------------------------------------------------*/
FoamFile
{
    version     2.0;
    format      ascii;
    class       volScalarField;
    location    "620";
    object      p;
}
// * * * * * * * * * * * * * * * * * * * * * * * * * * * * * * * * * * * * * //

dimensions      [0 2 -2 0 0 0 0];

internalField   nonuniform List<scalar> 
5000
(
0
1.50985e-05
1.4618e-05
8.9709e-06
9.06513e-06
1.71431e-05
1.63827e-05
2.2405e-06
-1.76307e-06
8.55898e-06
3.09276e-05
5.70661e-05
7.89369e-05
9.39561e-05
0.000103174
0.000108635
0.000110288
0.000107288
0.000100882
9.22041e-05
8.20411e-05
7.10387e-05
5.97727e-05
4.87337e-05
3.83223e-05
2.88606e-05
2.06023e-05
1.37358e-05
8.38729e-06
4.62188e-06
2.44891e-06
1.84152e-06
2.73041e-06
4.99345e-06
8.47784e-06
1.30029e-05
1.83599e-05
2.43181e-05
3.06346e-05
3.70671e-05
4.33856e-05
4.93804e-05
5.48852e-05
5.99212e-05
6.51548e-05
7.11928e-05
7.77485e-05
8.04962e-05
7.67094e-05
7.009e-05
6.16392e-05
5.44968e-05
4.76464e-05
4.07394e-05
3.37041e-05
2.65976e-05
1.95367e-05
1.26634e-05
6.11929e-06
3.2197e-08
-5.48493e-06
-1.03332e-05
-1.44303e-05
-1.77149e-05
-2.0154e-05
-2.17481e-05
-2.25012e-05
-2.24191e-05
-2.15365e-05
-1.99117e-05
-1.76198e-05
-1.47477e-05
-1.13916e-05
-7.65569e-06
-3.6519e-06
5.01774e-07
4.68333e-06
8.76834e-06
1.26306e-05
1.61415e-05
1.917e-05
2.15824e-05
2.32456e-05
2.40321e-05
2.38132e-05
2.24537e-05
1.99808e-05
1.67612e-05
1.28516e-05
8.09798e-06
2.84557e-06
-2.48068e-06
-7.4465e-06
-1.16709e-05
-1.4909e-05
-1.71306e-05
-1.84552e-05
-1.93118e-05
-1.99375e-05
-1.71025e-05
-0.0984796
-0.0984742
-0.0984716
-0.0984755
-0.0984727
-0.09846
-0.0984625
-0.0984827
-0.098491
-0.0984836
-0.0984619
-0.0984353
-0.0984125
-0.0983961
-0.0983848
-0.0983777
-0.0983754
-0.0983774
-0.0983828
-0.0983905
-0.0983997
-0.0984098
-0.0984201
-0.0984301
-0.0984396
-0.098448
-0.0984553
-0.0984611
-0.0984653
-0.0984679
-0.0984687
-0.0984679
-0.0984654
-0.0984615
-0.0984561
-0.0984496
-0.0984421
-0.0984337
-0.0984249
-0.0984157
-0.0984064
-0.0983973
-0.0983883
-0.0983795
-0.0983707
-0.0983637
-0.0983583
-0.0983555
-0.0983533
-0.0983573
-0.0983681
-0.098379
-0.0983896
-0.0984
-0.0984102
-0.0984202
-0.0984299
-0.098439
-0.0984477
-0.0984556
-0.0984628
-0.0984691
-0.0984745
-0.098479
-0.0984825
-0.0984851
-0.0984867
-0.0984873
-0.0984871
-0.098486
-0.0984842
-0.0984818
-0.0984789
-0.0984756
-0.0984719
-0.0984681
-0.0984642
-0.0984604
-0.0984567
-0.0984535
-0.0984506
-0.0984484
-0.0984468
-0.0984462
-0.0984464
-0.0984478
-0.0984503
-0.0984535
-0.098457
-0.0984613
-0.098466
-0.0984708
-0.098475
-0.0984782
-0.0984802
-0.0984808
-0.0984803
-0.098479
-0.0984771
-0.0984712
-0.196954
-0.196958
-0.19696
-0.196966
-0.196966
-0.196955
-0.196962
-0.196984
-0.196994
-0.196988
-0.196964
-0.196936
-0.196912
-0.196895
-0.196882
-0.196874
-0.196872
-0.196873
-0.196878
-0.196885
-0.196894
-0.196903
-0.196913
-0.196923
-0.196932
-0.19694
-0.196947
-0.196953
-0.196957
-0.196959
-0.19696
-0.196958
-0.196956
-0.196951
-0.196945
-0.196937
-0.196929
-0.196919
-0.196908
-0.196897
-0.196885
-0.196874
-0.196862
-0.19685
-0.196837
-0.196824
-0.19681
-0.196806
-0.196809
-0.196819
-0.196832
-0.196846
-0.19686
-0.196873
-0.196885
-0.196898
-0.196909
-0.19692
-0.19693
-0.196938
-0.196946
-0.196953
-0.196959
-0.196964
-0.196967
-0.19697
-0.196971
-0.196972
-0.196972
-0.196971
-0.196969
-0.196967
-0.196964
-0.19696
-0.196957
-0.196953
-0.196949
-0.196945
-0.196941
-0.196938
-0.196935
-0.196933
-0.196932
-0.196931
-0.196931
-0.196933
-0.196935
-0.196938
-0.196942
-0.196946
-0.196951
-0.196956
-0.19696
-0.196963
-0.196965
-0.196965
-0.196964
-0.196962
-0.196958
-0.196951
-0.295422
-0.29543
-0.295441
-0.295451
-0.295455
-0.295449
-0.295461
-0.295483
-0.295496
-0.295489
-0.295465
-0.295435
-0.295411
-0.295393
-0.29538
-0.295372
-0.295369
-0.295371
-0.295375
-0.295381
-0.295389
-0.295398
-0.295408
-0.295417
-0.295426
-0.295433
-0.29544
-0.295445
-0.295449
-0.295451
-0.295452
-0.295451
-0.295447
-0.295443
-0.295436
-0.295428
-0.295419
-0.295409
-0.295397
-0.295385
-0.295372
-0.295359
-0.295346
-0.295332
-0.295318
-0.295301
-0.295283
-0.295277
-0.295286
-0.295298
-0.295312
-0.295327
-0.295341
-0.295355
-0.295369
-0.295382
-0.295394
-0.295405
-0.295415
-0.295424
-0.295432
-0.295439
-0.295445
-0.29545
-0.295453
-0.295456
-0.295458
-0.295458
-0.295458
-0.295457
-0.295455
-0.295453
-0.29545
-0.295446
-0.295443
-0.295439
-0.295435
-0.295431
-0.295427
-0.295424
-0.295421
-0.295419
-0.295417
-0.295417
-0.295417
-0.295418
-0.295421
-0.295424
-0.295428
-0.295432
-0.295437
-0.295441
-0.295446
-0.295449
-0.295451
-0.295451
-0.29545
-0.295447
-0.295444
-0.295438
-0.39389
-0.393899
-0.393916
-0.393928
-0.393934
-0.393932
-0.393946
-0.393969
-0.393983
-0.393977
-0.393954
-0.393928
-0.393906
-0.393889
-0.393877
-0.39387
-0.393867
-0.393868
-0.393872
-0.393879
-0.393886
-0.393895
-0.393904
-0.393912
-0.393921
-0.393928
-0.393934
-0.393939
-0.393943
-0.393945
-0.393945
-0.393943
-0.39394
-0.393935
-0.393929
-0.393921
-0.393911
-0.3939
-0.393888
-0.393875
-0.393862
-0.393848
-0.393835
-0.393821
-0.393805
-0.393787
-0.39377
-0.393765
-0.393774
-0.393786
-0.3938
-0.393814
-0.393828
-0.393842
-0.393856
-0.393869
-0.393881
-0.393892
-0.393903
-0.393912
-0.39392
-0.393926
-0.393932
-0.393937
-0.393941
-0.393943
-0.393945
-0.393945
-0.393945
-0.393944
-0.393942
-0.39394
-0.393937
-0.393933
-0.393929
-0.393926
-0.393922
-0.393918
-0.393914
-0.393911
-0.393908
-0.393906
-0.393904
-0.393903
-0.393904
-0.393905
-0.393907
-0.393911
-0.393915
-0.393919
-0.393924
-0.393929
-0.393933
-0.393936
-0.393938
-0.393938
-0.393937
-0.393934
-0.393932
-0.393927
-0.492361
-0.49237
-0.492384
-0.492396
-0.492402
-0.492403
-0.492415
-0.492436
-0.492451
-0.492449
-0.492432
-0.492412
-0.492394
-0.492381
-0.492372
-0.492367
-0.492365
-0.492366
-0.49237
-0.492376
-0.492384
-0.492392
-0.4924
-0.492408
-0.492416
-0.492423
-0.492429
-0.492434
-0.492437
-0.492439
-0.492439
-0.492437
-0.492434
-0.492429
-0.492422
-0.492414
-0.492404
-0.492393
-0.492381
-0.492368
-0.492354
-0.49234
-0.492326
-0.492313
-0.492298
-0.49228
-0.492266
-0.492262
-0.492269
-0.492279
-0.492292
-0.492305
-0.492319
-0.492333
-0.492346
-0.492359
-0.492371
-0.492382
-0.492391
-0.4924
-0.492408
-0.492415
-0.492421
-0.492426
-0.492429
-0.492432
-0.492433
-0.492434
-0.492434
-0.492432
-0.49243
-0.492428
-0.492425
-0.492421
-0.492417
-0.492413
-0.492409
-0.492406
-0.492402
-0.492399
-0.492396
-0.492393
-0.492392
-0.492391
-0.492391
-0.492393
-0.492395
-0.492398
-0.492402
-0.492407
-0.492412
-0.492417
-0.492421
-0.492424
-0.492426
-0.492426
-0.492425
-0.492422
-0.49242
-0.492416
-0.590835
-0.590841
-0.590852
-0.590861
-0.590865
-0.590866
-0.590872
-0.590889
-0.590901
-0.590905
-0.590899
-0.590888
-0.590878
-0.59087
-0.590864
-0.590862
-0.590861
-0.590864
-0.590868
-0.590874
-0.590881
-0.590889
-0.590897
-0.590905
-0.590912
-0.590919
-0.590925
-0.590929
-0.590932
-0.590934
-0.590934
-0.590932
-0.590928
-0.590923
-0.590916
-0.590908
-0.590898
-0.590887
-0.590874
-0.590861
-0.590848
-0.590834
-0.59082
-0.590807
-0.590793
-0.590777
-0.590764
-0.590762
-0.590767
-0.590776
-0.590787
-0.590799
-0.590812
-0.590825
-0.590838
-0.59085
-0.590862
-0.590872
-0.590882
-0.590891
-0.590899
-0.590905
-0.590911
-0.590916
-0.590919
-0.590922
-0.590923
-0.590924
-0.590923
-0.590922
-0.59092
-0.590917
-0.590914
-0.59091
-0.590906
-0.590902
-0.590898
-0.590894
-0.590891
-0.590887
-0.590884
-0.590882
-0.59088
-0.59088
-0.59088
-0.590881
-0.590883
-0.590886
-0.590891
-0.590895
-0.5909
-0.590905
-0.59091
-0.590914
-0.590915
-0.590916
-0.590914
-0.590912
-0.59091
-0.590906
-0.689312
-0.689317
-0.689322
-0.689326
-0.689326
-0.689324
-0.689322
-0.689334
-0.689346
-0.689357
-0.689361
-0.689361
-0.689359
-0.689357
-0.689355
-0.689355
-0.689357
-0.68936
-0.689365
-0.689371
-0.689378
-0.689386
-0.689394
-0.689401
-0.689409
-0.689415
-0.689421
-0.689425
-0.689428
-0.689429
-0.689429
-0.689427
-0.689424
-0.689418
-0.689411
-0.689403
-0.689393
-0.689382
-0.689369
-0.689356
-0.689343
-0.689329
-0.689316
-0.689303
-0.689291
-0.689277
-0.689265
-0.689263
-0.689267
-0.689275
-0.689285
-0.689296
-0.689308
-0.68932
-0.689332
-0.689343
-0.689354
-0.689365
-0.689374
-0.689383
-0.68939
-0.689397
-0.689402
-0.689407
-0.68941
-0.689413
-0.689414
-0.689414
-0.689414
-0.689413
-0.68941
-0.689408
-0.689404
-0.6894
-0.689396
-0.689392
-0.689388
-0.689384
-0.68938
-0.689377
-0.689374
-0.689371
-0.68937
-0.689369
-0.689369
-0.68937
-0.689372
-0.689375
-0.68938
-0.689384
-0.68939
-0.689395
-0.6894
-0.689403
-0.689405
-0.689406
-0.689404
-0.689402
-0.6894
-0.689397
-0.787794
-0.787797
-0.787799
-0.787799
-0.787794
-0.787785
-0.787779
-0.787785
-0.787798
-0.787816
-0.787829
-0.787836
-0.78784
-0.787843
-0.787845
-0.787847
-0.787851
-0.787856
-0.787862
-0.787868
-0.787876
-0.787883
-0.787891
-0.787898
-0.787905
-0.787912
-0.787917
-0.787921
-0.787924
-0.787926
-0.787925
-0.787923
-0.78792
-0.787915
-0.787908
-0.787899
-0.787889
-0.787878
-0.787865
-0.787852
-0.787839
-0.787826
-0.787813
-0.787801
-0.78779
-0.787777
-0.787767
-0.787765
-0.787768
-0.787775
-0.787784
-0.787794
-0.787805
-0.787816
-0.787827
-0.787838
-0.787849
-0.787858
-0.787867
-0.787876
-0.787883
-0.78789
-0.787895
-0.787899
-0.787903
-0.787905
-0.787906
-0.787907
-0.787906
-0.787904
-0.787902
-0.787899
-0.787895
-0.787891
-0.787887
-0.787883
-0.787878
-0.787874
-0.78787
-0.787867
-0.787864
-0.787861
-0.787859
-0.787859
-0.787858
-0.78786
-0.787862
-0.787865
-0.787869
-0.787874
-0.787879
-0.787885
-0.78789
-0.787894
-0.787896
-0.787896
-0.787895
-0.787893
-0.787891
-0.787888
-0.88628
-0.886282
-0.886282
-0.88628
-0.886272
-0.886261
-0.886253
-0.886253
-0.886268
-0.886288
-0.886305
-0.886316
-0.886323
-0.886329
-0.886334
-0.886339
-0.886345
-0.886351
-0.886357
-0.886365
-0.886372
-0.88638
-0.886388
-0.886395
-0.886402
-0.886409
-0.886414
-0.886418
-0.886421
-0.886423
-0.886423
-0.886421
-0.886417
-0.886412
-0.886405
-0.886396
-0.886386
-0.886375
-0.886363
-0.88635
-0.886337
-0.886324
-0.886312
-0.886301
-0.88629
-0.886278
-0.88627
-0.886268
-0.88627
-0.886276
-0.886284
-0.886293
-0.886303
-0.886313
-0.886324
-0.886334
-0.886344
-0.886354
-0.886362
-0.88637
-0.886377
-0.886384
-0.886389
-0.886393
-0.886396
-0.886398
-0.8864
-0.8864
-0.886399
-0.886397
-0.886395
-0.886392
-0.886388
-0.886384
-0.886379
-0.886374
-0.88637
-0.886365
-0.886361
-0.886358
-0.886354
-0.886352
-0.88635
-0.886349
-0.886349
-0.88635
-0.886351
-0.886355
-0.886359
-0.886364
-0.886369
-0.886375
-0.88638
-0.886384
-0.886386
-0.886387
-0.886386
-0.886384
-0.886382
-0.88638
-0.984769
-0.98477
-0.98477
-0.984767
-0.984761
-0.984752
-0.984744
-0.984745
-0.984756
-0.984773
-0.984787
-0.984799
-0.984809
-0.984817
-0.984824
-0.984831
-0.984838
-0.984845
-0.984853
-0.984861
-0.984869
-0.984877
-0.984885
-0.984893
-0.9849
-0.984906
-0.984912
-0.984916
-0.984919
-0.984921
-0.984921
-0.984919
-0.984915
-0.98491
-0.984903
-0.984894
-0.984884
-0.984873
-0.984861
-0.984849
-0.984836
-0.984824
-0.984812
-0.984801
-0.984792
-0.98478
-0.984773
-0.984771
-0.984773
-0.984778
-0.984785
-0.984794
-0.984803
-0.984812
-0.984822
-0.984832
-0.984841
-0.98485
-0.984858
-0.984866
-0.984873
-0.984879
-0.984884
-0.984888
-0.984891
-0.984893
-0.984894
-0.984894
-0.984893
-0.984891
-0.984889
-0.984885
-0.984881
-0.984877
-0.984872
-0.984867
-0.984862
-0.984857
-0.984853
-0.984849
-0.984845
-0.984843
-0.984841
-0.984839
-0.984839
-0.98484
-0.984842
-0.984845
-0.984849
-0.984853
-0.984859
-0.984865
-0.98487
-0.984874
-0.984877
-0.984878
-0.984876
-0.984874
-0.984873
-0.984871
-1.08326
-1.08326
-1.08326
-1.08326
-1.08325
-1.08325
-1.08324
-1.08324
-1.08325
-1.08326
-1.08327
-1.08329
-1.0833
-1.08331
-1.08331
-1.08332
-1.08333
-1.08334
-1.08335
-1.08336
-1.08337
-1.08337
-1.08338
-1.08339
-1.0834
-1.0834
-1.08341
-1.08341
-1.08342
-1.08342
-1.08342
-1.08342
-1.08341
-1.08341
-1.0834
-1.08339
-1.08338
-1.08337
-1.08336
-1.08335
-1.08334
-1.08332
-1.08331
-1.0833
-1.08329
-1.08328
-1.08328
-1.08327
-1.08328
-1.08328
-1.08329
-1.08329
-1.0833
-1.08331
-1.08332
-1.08333
-1.08334
-1.08335
-1.08336
-1.08336
-1.08337
-1.08337
-1.08338
-1.08338
-1.08339
-1.08339
-1.08339
-1.08339
-1.08339
-1.08339
-1.08338
-1.08338
-1.08338
-1.08337
-1.08337
-1.08336
-1.08335
-1.08335
-1.08334
-1.08334
-1.08334
-1.08333
-1.08333
-1.08333
-1.08333
-1.08333
-1.08333
-1.08333
-1.08334
-1.08334
-1.08335
-1.08335
-1.08336
-1.08336
-1.08337
-1.08337
-1.08337
-1.08336
-1.08336
-1.08336
-1.18175
-1.18175
-1.18175
-1.18175
-1.18174
-1.18174
-1.18174
-1.18174
-1.18174
-1.18175
-1.18176
-1.18177
-1.18179
-1.1818
-1.18181
-1.18182
-1.18182
-1.18183
-1.18184
-1.18185
-1.18186
-1.18187
-1.18188
-1.18189
-1.1819
-1.1819
-1.18191
-1.18191
-1.18192
-1.18192
-1.18192
-1.18192
-1.18192
-1.18191
-1.1819
-1.18189
-1.18188
-1.18187
-1.18186
-1.18185
-1.18184
-1.18183
-1.18181
-1.18181
-1.1818
-1.18179
-1.18178
-1.18178
-1.18178
-1.18178
-1.18179
-1.1818
-1.1818
-1.18181
-1.18182
-1.18183
-1.18184
-1.18185
-1.18185
-1.18186
-1.18187
-1.18187
-1.18188
-1.18188
-1.18188
-1.18189
-1.18189
-1.18189
-1.18188
-1.18188
-1.18188
-1.18188
-1.18187
-1.18187
-1.18186
-1.18185
-1.18185
-1.18184
-1.18184
-1.18183
-1.18183
-1.18183
-1.18182
-1.18182
-1.18182
-1.18182
-1.18182
-1.18182
-1.18183
-1.18183
-1.18184
-1.18184
-1.18185
-1.18185
-1.18186
-1.18186
-1.18186
-1.18185
-1.18185
-1.18185
-1.28024
-1.28024
-1.28024
-1.28024
-1.28024
-1.28023
-1.28023
-1.28023
-1.28024
-1.28025
-1.28025
-1.28026
-1.28028
-1.28029
-1.2803
-1.28031
-1.28032
-1.28033
-1.28034
-1.28035
-1.28036
-1.28037
-1.28038
-1.28039
-1.28039
-1.2804
-1.28041
-1.28041
-1.28042
-1.28042
-1.28042
-1.28042
-1.28042
-1.28041
-1.2804
-1.2804
-1.28039
-1.28038
-1.28036
-1.28035
-1.28034
-1.28033
-1.28032
-1.28031
-1.2803
-1.28029
-1.28028
-1.28028
-1.28028
-1.28029
-1.28029
-1.2803
-1.2803
-1.28031
-1.28032
-1.28033
-1.28034
-1.28034
-1.28035
-1.28036
-1.28036
-1.28037
-1.28037
-1.28038
-1.28038
-1.28038
-1.28038
-1.28038
-1.28038
-1.28038
-1.28038
-1.28037
-1.28037
-1.28036
-1.28035
-1.28035
-1.28034
-1.28034
-1.28033
-1.28033
-1.28032
-1.28032
-1.28031
-1.28031
-1.28031
-1.28031
-1.28031
-1.28031
-1.28032
-1.28032
-1.28033
-1.28033
-1.28034
-1.28034
-1.28034
-1.28034
-1.28034
-1.28034
-1.28034
-1.28034
-1.37873
-1.37873
-1.37873
-1.37873
-1.37873
-1.37872
-1.37872
-1.37873
-1.37873
-1.37874
-1.37875
-1.37876
-1.37877
-1.37878
-1.37879
-1.3788
-1.37881
-1.37882
-1.37883
-1.37884
-1.37885
-1.37886
-1.37887
-1.37888
-1.37889
-1.3789
-1.37891
-1.37892
-1.37892
-1.37892
-1.37892
-1.37892
-1.37892
-1.37891
-1.37891
-1.3789
-1.37889
-1.37888
-1.37887
-1.37885
-1.37884
-1.37883
-1.37882
-1.37881
-1.3788
-1.37879
-1.37879
-1.37878
-1.37878
-1.37879
-1.37879
-1.3788
-1.37881
-1.37881
-1.37882
-1.37883
-1.37884
-1.37884
-1.37885
-1.37886
-1.37886
-1.37887
-1.37887
-1.37888
-1.37888
-1.37888
-1.37888
-1.37888
-1.37888
-1.37888
-1.37887
-1.37887
-1.37886
-1.37886
-1.37885
-1.37884
-1.37884
-1.37883
-1.37882
-1.37882
-1.37881
-1.37881
-1.37881
-1.3788
-1.3788
-1.3788
-1.3788
-1.3788
-1.37881
-1.37881
-1.37881
-1.37882
-1.37882
-1.37883
-1.37883
-1.37883
-1.37883
-1.37883
-1.37883
-1.37883
-1.47722
-1.47722
-1.47722
-1.47722
-1.47722
-1.47721
-1.47722
-1.47722
-1.47722
-1.47723
-1.47724
-1.47725
-1.47726
-1.47727
-1.47728
-1.47729
-1.4773
-1.47731
-1.47733
-1.47734
-1.47735
-1.47736
-1.47737
-1.47738
-1.47739
-1.4774
-1.47741
-1.47742
-1.47742
-1.47743
-1.47743
-1.47743
-1.47742
-1.47742
-1.47741
-1.4774
-1.47739
-1.47738
-1.47737
-1.47736
-1.47735
-1.47733
-1.47733
-1.47731
-1.4773
-1.47729
-1.47729
-1.47729
-1.47729
-1.47729
-1.47729
-1.4773
-1.47731
-1.47731
-1.47732
-1.47733
-1.47734
-1.47734
-1.47735
-1.47736
-1.47736
-1.47737
-1.47737
-1.47737
-1.47738
-1.47738
-1.47738
-1.47738
-1.47738
-1.47737
-1.47737
-1.47737
-1.47736
-1.47735
-1.47735
-1.47734
-1.47733
-1.47732
-1.47732
-1.47731
-1.47731
-1.4773
-1.4773
-1.47729
-1.47729
-1.47729
-1.47729
-1.47729
-1.47729
-1.4773
-1.4773
-1.47731
-1.47731
-1.47732
-1.47732
-1.47732
-1.47732
-1.47732
-1.47732
-1.47731
-1.5757
-1.5757
-1.5757
-1.5757
-1.5757
-1.5757
-1.57571
-1.57571
-1.57571
-1.57572
-1.57573
-1.57574
-1.57575
-1.57576
-1.57577
-1.57578
-1.5758
-1.57581
-1.57582
-1.57583
-1.57584
-1.57586
-1.57587
-1.57588
-1.57589
-1.5759
-1.57591
-1.57592
-1.57593
-1.57593
-1.57593
-1.57593
-1.57593
-1.57592
-1.57591
-1.57591
-1.5759
-1.57588
-1.57587
-1.57586
-1.57585
-1.57584
-1.57583
-1.57582
-1.5758
-1.57579
-1.57579
-1.57579
-1.57579
-1.57579
-1.57579
-1.5758
-1.57581
-1.57581
-1.57582
-1.57583
-1.57583
-1.57584
-1.57585
-1.57585
-1.57586
-1.57586
-1.57587
-1.57587
-1.57587
-1.57588
-1.57588
-1.57588
-1.57587
-1.57587
-1.57587
-1.57586
-1.57586
-1.57585
-1.57584
-1.57583
-1.57583
-1.57582
-1.57581
-1.5758
-1.5758
-1.57579
-1.57579
-1.57578
-1.57578
-1.57578
-1.57578
-1.57578
-1.57578
-1.57578
-1.57579
-1.57579
-1.5758
-1.5758
-1.5758
-1.57581
-1.5758
-1.5758
-1.5758
-1.5758
-1.67419
-1.67419
-1.67419
-1.67419
-1.67419
-1.67419
-1.67419
-1.6742
-1.6742
-1.67421
-1.67422
-1.67423
-1.67424
-1.67425
-1.67426
-1.67427
-1.67429
-1.6743
-1.67431
-1.67432
-1.67434
-1.67435
-1.67436
-1.67438
-1.67439
-1.6744
-1.67441
-1.67442
-1.67443
-1.67443
-1.67444
-1.67443
-1.67443
-1.67443
-1.67442
-1.67441
-1.6744
-1.67439
-1.67437
-1.67436
-1.67435
-1.67434
-1.67433
-1.67432
-1.6743
-1.67429
-1.67429
-1.67429
-1.67429
-1.67429
-1.67429
-1.6743
-1.6743
-1.67431
-1.67432
-1.67433
-1.67433
-1.67434
-1.67435
-1.67435
-1.67436
-1.67436
-1.67437
-1.67437
-1.67437
-1.67437
-1.67437
-1.67437
-1.67437
-1.67437
-1.67436
-1.67436
-1.67435
-1.67435
-1.67434
-1.67433
-1.67432
-1.67431
-1.6743
-1.6743
-1.67429
-1.67428
-1.67428
-1.67427
-1.67427
-1.67427
-1.67427
-1.67427
-1.67427
-1.67427
-1.67427
-1.67428
-1.67428
-1.67429
-1.67429
-1.67429
-1.67429
-1.67429
-1.67429
-1.67429
-1.77268
-1.77268
-1.77268
-1.77268
-1.77268
-1.77268
-1.77268
-1.77269
-1.77269
-1.7727
-1.77271
-1.77272
-1.77273
-1.77274
-1.77275
-1.77276
-1.77278
-1.77279
-1.7728
-1.77282
-1.77283
-1.77285
-1.77286
-1.77287
-1.77289
-1.7729
-1.77291
-1.77292
-1.77293
-1.77294
-1.77294
-1.77294
-1.77294
-1.77293
-1.77292
-1.77291
-1.7729
-1.77289
-1.77288
-1.77286
-1.77285
-1.77284
-1.77283
-1.77281
-1.7728
-1.77279
-1.77279
-1.77278
-1.77278
-1.77279
-1.77279
-1.7728
-1.7728
-1.77281
-1.77282
-1.77282
-1.77283
-1.77284
-1.77284
-1.77285
-1.77285
-1.77286
-1.77286
-1.77287
-1.77287
-1.77287
-1.77287
-1.77287
-1.77287
-1.77286
-1.77286
-1.77285
-1.77285
-1.77284
-1.77283
-1.77282
-1.77281
-1.77281
-1.7728
-1.77279
-1.77278
-1.77277
-1.77277
-1.77276
-1.77276
-1.77276
-1.77275
-1.77275
-1.77275
-1.77275
-1.77276
-1.77276
-1.77277
-1.77277
-1.77277
-1.77277
-1.77277
-1.77277
-1.77277
-1.77277
-1.87116
-1.87116
-1.87116
-1.87116
-1.87116
-1.87117
-1.87117
-1.87117
-1.87118
-1.87119
-1.8712
-1.87121
-1.87122
-1.87123
-1.87124
-1.87125
-1.87127
-1.87128
-1.8713
-1.87131
-1.87132
-1.87134
-1.87136
-1.87137
-1.87139
-1.8714
-1.87141
-1.87143
-1.87143
-1.87144
-1.87144
-1.87144
-1.87144
-1.87143
-1.87142
-1.87141
-1.8714
-1.87139
-1.87137
-1.87136
-1.87135
-1.87134
-1.87132
-1.87131
-1.8713
-1.87129
-1.87128
-1.87128
-1.87128
-1.87128
-1.87129
-1.87129
-1.8713
-1.8713
-1.87131
-1.87132
-1.87133
-1.87133
-1.87134
-1.87134
-1.87135
-1.87135
-1.87136
-1.87136
-1.87136
-1.87136
-1.87137
-1.87136
-1.87136
-1.87136
-1.87135
-1.87135
-1.87134
-1.87133
-1.87133
-1.87132
-1.87131
-1.8713
-1.87129
-1.87128
-1.87127
-1.87126
-1.87126
-1.87125
-1.87125
-1.87124
-1.87124
-1.87124
-1.87124
-1.87124
-1.87124
-1.87124
-1.87125
-1.87125
-1.87126
-1.87126
-1.87126
-1.87126
-1.87126
-1.87126
-1.96965
-1.96965
-1.96965
-1.96965
-1.96965
-1.96965
-1.96965
-1.96966
-1.96967
-1.96967
-1.96968
-1.96969
-1.96971
-1.96972
-1.96973
-1.96974
-1.96976
-1.96977
-1.96979
-1.9698
-1.96982
-1.96983
-1.96985
-1.96987
-1.96988
-1.9699
-1.96991
-1.96993
-1.96993
-1.96994
-1.96994
-1.96994
-1.96994
-1.96993
-1.96992
-1.96991
-1.9699
-1.96988
-1.96987
-1.96986
-1.96984
-1.96983
-1.96982
-1.9698
-1.96979
-1.96978
-1.96978
-1.96977
-1.96978
-1.96978
-1.96978
-1.96979
-1.96979
-1.9698
-1.96981
-1.96981
-1.96982
-1.96983
-1.96983
-1.96984
-1.96984
-1.96985
-1.96985
-1.96986
-1.96986
-1.96986
-1.96986
-1.96986
-1.96986
-1.96985
-1.96985
-1.96984
-1.96983
-1.96983
-1.96982
-1.96981
-1.9698
-1.96979
-1.96978
-1.96977
-1.96976
-1.96975
-1.96974
-1.96974
-1.96973
-1.96973
-1.96972
-1.96972
-1.96972
-1.96972
-1.96972
-1.96972
-1.96973
-1.96973
-1.96974
-1.96974
-1.96974
-1.96974
-1.96974
-1.96974
-2.06813
-2.06813
-2.06813
-2.06813
-2.06813
-2.06814
-2.06814
-2.06815
-2.06815
-2.06816
-2.06817
-2.06818
-2.06819
-2.06821
-2.06822
-2.06823
-2.06825
-2.06826
-2.06828
-2.06829
-2.06831
-2.06832
-2.06834
-2.06836
-2.06838
-2.06839
-2.06841
-2.06842
-2.06843
-2.06844
-2.06844
-2.06844
-2.06843
-2.06842
-2.06841
-2.0684
-2.06839
-2.06837
-2.06836
-2.06835
-2.06833
-2.06832
-2.0683
-2.06829
-2.06828
-2.06827
-2.06827
-2.06827
-2.06827
-2.06827
-2.06827
-2.06828
-2.06828
-2.06829
-2.0683
-2.06831
-2.06831
-2.06832
-2.06833
-2.06833
-2.06834
-2.06834
-2.06835
-2.06835
-2.06835
-2.06835
-2.06835
-2.06835
-2.06835
-2.06834
-2.06834
-2.06833
-2.06832
-2.06832
-2.06831
-2.0683
-2.06829
-2.06828
-2.06827
-2.06826
-2.06825
-2.06824
-2.06823
-2.06823
-2.06822
-2.06821
-2.06821
-2.06821
-2.0682
-2.0682
-2.0682
-2.0682
-2.06821
-2.06821
-2.06822
-2.06822
-2.06822
-2.06822
-2.06822
-2.06822
-2.16662
-2.16662
-2.16662
-2.16662
-2.16662
-2.16662
-2.16663
-2.16663
-2.16664
-2.16665
-2.16666
-2.16667
-2.16668
-2.16669
-2.16671
-2.16672
-2.16673
-2.16675
-2.16676
-2.16678
-2.1668
-2.16681
-2.16683
-2.16685
-2.16687
-2.16688
-2.1669
-2.16691
-2.16692
-2.16692
-2.16693
-2.16692
-2.16692
-2.16691
-2.1669
-2.16689
-2.16687
-2.16686
-2.16685
-2.16683
-2.16682
-2.1668
-2.16679
-2.16678
-2.16677
-2.16676
-2.16676
-2.16676
-2.16676
-2.16676
-2.16676
-2.16677
-2.16677
-2.16678
-2.16679
-2.1668
-2.1668
-2.16681
-2.16682
-2.16682
-2.16683
-2.16683
-2.16684
-2.16684
-2.16684
-2.16684
-2.16684
-2.16684
-2.16684
-2.16683
-2.16683
-2.16682
-2.16681
-2.16681
-2.1668
-2.16679
-2.16678
-2.16677
-2.16676
-2.16675
-2.16674
-2.16673
-2.16672
-2.16671
-2.1667
-2.1667
-2.16669
-2.16669
-2.16668
-2.16668
-2.16668
-2.16668
-2.16668
-2.16669
-2.16669
-2.1667
-2.1667
-2.1667
-2.1667
-2.16669
-2.2651
-2.2651
-2.2651
-2.2651
-2.2651
-2.26511
-2.26511
-2.26512
-2.26512
-2.26513
-2.26514
-2.26515
-2.26517
-2.26518
-2.26519
-2.2652
-2.26522
-2.26523
-2.26525
-2.26527
-2.26528
-2.2653
-2.26532
-2.26534
-2.26535
-2.26537
-2.26538
-2.26539
-2.2654
-2.2654
-2.26541
-2.2654
-2.2654
-2.26539
-2.26538
-2.26537
-2.26535
-2.26534
-2.26533
-2.26531
-2.2653
-2.26528
-2.26527
-2.26526
-2.26525
-2.26525
-2.26525
-2.26525
-2.26525
-2.26525
-2.26525
-2.26526
-2.26526
-2.26527
-2.26528
-2.26528
-2.26529
-2.2653
-2.26531
-2.26531
-2.26532
-2.26532
-2.26533
-2.26533
-2.26533
-2.26533
-2.26533
-2.26533
-2.26533
-2.26532
-2.26531
-2.26531
-2.2653
-2.26529
-2.26528
-2.26527
-2.26526
-2.26525
-2.26524
-2.26523
-2.26522
-2.26521
-2.2652
-2.2652
-2.26519
-2.26518
-2.26517
-2.26517
-2.26516
-2.26516
-2.26516
-2.26515
-2.26515
-2.26516
-2.26516
-2.26517
-2.26517
-2.26517
-2.26516
-2.26515
-2.36358
-2.36358
-2.36358
-2.36358
-2.36359
-2.36359
-2.36359
-2.3636
-2.36361
-2.36362
-2.36363
-2.36364
-2.36365
-2.36366
-2.36368
-2.36369
-2.3637
-2.36372
-2.36373
-2.36375
-2.36377
-2.36378
-2.3638
-2.36382
-2.36384
-2.36385
-2.36386
-2.36387
-2.36387
-2.36388
-2.36388
-2.36388
-2.36387
-2.36386
-2.36385
-2.36384
-2.36383
-2.36381
-2.3638
-2.36378
-2.36377
-2.36376
-2.36375
-2.36374
-2.36373
-2.36373
-2.36373
-2.36373
-2.36373
-2.36374
-2.36374
-2.36374
-2.36375
-2.36376
-2.36376
-2.36377
-2.36378
-2.36379
-2.36379
-2.3638
-2.36381
-2.36381
-2.36381
-2.36382
-2.36382
-2.36382
-2.36382
-2.36382
-2.36381
-2.36381
-2.3638
-2.36379
-2.36378
-2.36378
-2.36377
-2.36376
-2.36375
-2.36374
-2.36373
-2.36372
-2.36371
-2.3637
-2.36369
-2.36368
-2.36367
-2.36366
-2.36365
-2.36365
-2.36364
-2.36364
-2.36363
-2.36363
-2.36363
-2.36362
-2.36362
-2.36363
-2.36363
-2.36363
-2.36362
-2.3636
-2.46206
-2.46206
-2.46206
-2.46207
-2.46207
-2.46207
-2.46208
-2.46208
-2.46209
-2.4621
-2.46211
-2.46212
-2.46213
-2.46215
-2.46216
-2.46217
-2.46219
-2.4622
-2.46222
-2.46223
-2.46225
-2.46227
-2.46228
-2.4623
-2.46231
-2.46233
-2.46233
-2.46234
-2.46235
-2.46235
-2.46235
-2.46234
-2.46234
-2.46233
-2.46232
-2.46231
-2.46229
-2.46228
-2.46227
-2.46225
-2.46224
-2.46223
-2.46222
-2.46222
-2.46222
-2.46222
-2.46222
-2.46222
-2.46222
-2.46222
-2.46222
-2.46223
-2.46223
-2.46224
-2.46225
-2.46225
-2.46226
-2.46227
-2.46228
-2.46228
-2.46229
-2.46229
-2.4623
-2.4623
-2.4623
-2.4623
-2.4623
-2.4623
-2.4623
-2.46229
-2.46228
-2.46228
-2.46227
-2.46226
-2.46225
-2.46224
-2.46223
-2.46222
-2.46221
-2.4622
-2.46219
-2.46218
-2.46217
-2.46216
-2.46215
-2.46214
-2.46214
-2.46213
-2.46212
-2.46211
-2.46211
-2.4621
-2.46209
-2.46209
-2.46209
-2.46208
-2.46208
-2.46207
-2.46206
-2.46205
-2.56055
-2.56055
-2.56055
-2.56055
-2.56055
-2.56055
-2.56056
-2.56057
-2.56057
-2.56058
-2.56059
-2.5606
-2.56062
-2.56063
-2.56064
-2.56065
-2.56067
-2.56068
-2.5607
-2.56071
-2.56073
-2.56075
-2.56076
-2.56078
-2.56079
-2.5608
-2.5608
-2.56081
-2.56081
-2.56081
-2.56081
-2.56081
-2.5608
-2.56079
-2.56078
-2.56077
-2.56076
-2.56075
-2.56073
-2.56072
-2.56071
-2.5607
-2.56069
-2.56069
-2.56069
-2.5607
-2.5607
-2.5607
-2.5607
-2.5607
-2.56071
-2.56071
-2.56072
-2.56072
-2.56073
-2.56074
-2.56074
-2.56075
-2.56076
-2.56077
-2.56077
-2.56078
-2.56078
-2.56078
-2.56079
-2.56079
-2.56078
-2.56078
-2.56078
-2.56077
-2.56077
-2.56076
-2.56075
-2.56074
-2.56073
-2.56072
-2.56072
-2.56071
-2.5607
-2.56069
-2.56068
-2.56067
-2.56066
-2.56065
-2.56064
-2.56063
-2.56062
-2.56061
-2.5606
-2.56059
-2.56058
-2.56057
-2.56056
-2.56056
-2.56055
-2.56054
-2.56053
-2.56052
-2.5605
-2.56049
-2.65903
-2.65903
-2.65903
-2.65903
-2.65903
-2.65904
-2.65904
-2.65905
-2.65906
-2.65906
-2.65908
-2.65909
-2.6591
-2.65911
-2.65912
-2.65914
-2.65915
-2.65916
-2.65918
-2.65919
-2.65921
-2.65922
-2.65924
-2.65925
-2.65926
-2.65927
-2.65927
-2.65928
-2.65928
-2.65928
-2.65928
-2.65927
-2.65926
-2.65926
-2.65925
-2.65923
-2.65922
-2.65921
-2.65919
-2.65918
-2.65917
-2.65916
-2.65916
-2.65916
-2.65917
-2.65918
-2.65918
-2.65918
-2.65919
-2.65919
-2.65919
-2.65919
-2.6592
-2.6592
-2.65921
-2.65922
-2.65923
-2.65923
-2.65924
-2.65925
-2.65925
-2.65926
-2.65926
-2.65926
-2.65927
-2.65927
-2.65926
-2.65926
-2.65926
-2.65925
-2.65924
-2.65924
-2.65923
-2.65922
-2.65921
-2.65921
-2.6592
-2.65919
-2.65918
-2.65917
-2.65916
-2.65915
-2.65914
-2.65913
-2.65912
-2.65911
-2.6591
-2.65909
-2.65907
-2.65906
-2.65905
-2.65904
-2.65903
-2.65902
-2.65901
-2.659
-2.65899
-2.65897
-2.65894
-2.65893
-2.75751
-2.75751
-2.75751
-2.75751
-2.75751
-2.75752
-2.75752
-2.75753
-2.75754
-2.75755
-2.75756
-2.75757
-2.75758
-2.75759
-2.7576
-2.75762
-2.75763
-2.75764
-2.75766
-2.75767
-2.75769
-2.7577
-2.75771
-2.75772
-2.75773
-2.75774
-2.75774
-2.75774
-2.75774
-2.75774
-2.75774
-2.75773
-2.75772
-2.75772
-2.75771
-2.75769
-2.75768
-2.75767
-2.75765
-2.75764
-2.75763
-2.75762
-2.75762
-2.75763
-2.75764
-2.75765
-2.75766
-2.75767
-2.75767
-2.75767
-2.75767
-2.75768
-2.75768
-2.75769
-2.75769
-2.7577
-2.75771
-2.75771
-2.75772
-2.75773
-2.75773
-2.75774
-2.75774
-2.75774
-2.75774
-2.75774
-2.75774
-2.75774
-2.75773
-2.75773
-2.75772
-2.75772
-2.75771
-2.7577
-2.75769
-2.75768
-2.75768
-2.75767
-2.75766
-2.75765
-2.75764
-2.75763
-2.75762
-2.75761
-2.7576
-2.75759
-2.75758
-2.75756
-2.75755
-2.75754
-2.75753
-2.75752
-2.75751
-2.7575
-2.75748
-2.75747
-2.75745
-2.75743
-2.75741
-2.7574
-2.85599
-2.85599
-2.85599
-2.85599
-2.85599
-2.856
-2.856
-2.85601
-2.85602
-2.85603
-2.85604
-2.85605
-2.85606
-2.85607
-2.85608
-2.85609
-2.85611
-2.85612
-2.85613
-2.85615
-2.85616
-2.85617
-2.85618
-2.85619
-2.8562
-2.8562
-2.85621
-2.85621
-2.8562
-2.8562
-2.8562
-2.85619
-2.85618
-2.85617
-2.85616
-2.85615
-2.85614
-2.85613
-2.85611
-2.8561
-2.85609
-2.85609
-2.85609
-2.85609
-2.8561
-2.85612
-2.85613
-2.85614
-2.85615
-2.85615
-2.85615
-2.85616
-2.85616
-2.85617
-2.85617
-2.85618
-2.85618
-2.85619
-2.8562
-2.8562
-2.85621
-2.85621
-2.85622
-2.85622
-2.85622
-2.85622
-2.85622
-2.85622
-2.85621
-2.85621
-2.8562
-2.85619
-2.85619
-2.85618
-2.85617
-2.85616
-2.85616
-2.85615
-2.85614
-2.85613
-2.85612
-2.85611
-2.8561
-2.85609
-2.85608
-2.85607
-2.85606
-2.85604
-2.85603
-2.85602
-2.85601
-2.85599
-2.85598
-2.85597
-2.85596
-2.85594
-2.85593
-2.85591
-2.8559
-2.85589
-2.95447
-2.95447
-2.95447
-2.95447
-2.95447
-2.95448
-2.95448
-2.95449
-2.9545
-2.95451
-2.95452
-2.95453
-2.95454
-2.95455
-2.95456
-2.95457
-2.95458
-2.9546
-2.95461
-2.95462
-2.95463
-2.95465
-2.95465
-2.95466
-2.95467
-2.95467
-2.95467
-2.95467
-2.95467
-2.95466
-2.95466
-2.95465
-2.95464
-2.95463
-2.95462
-2.95461
-2.9546
-2.95459
-2.95458
-2.95456
-2.95455
-2.95455
-2.95455
-2.95455
-2.95457
-2.95459
-2.9546
-2.95462
-2.95462
-2.95463
-2.95463
-2.95464
-2.95464
-2.95465
-2.95465
-2.95466
-2.95466
-2.95467
-2.95468
-2.95468
-2.95469
-2.95469
-2.95469
-2.95469
-2.9547
-2.9547
-2.95469
-2.95469
-2.95469
-2.95468
-2.95468
-2.95467
-2.95467
-2.95466
-2.95465
-2.95464
-2.95464
-2.95463
-2.95462
-2.95461
-2.9546
-2.95459
-2.95458
-2.95457
-2.95456
-2.95455
-2.95454
-2.95452
-2.95451
-2.9545
-2.95448
-2.95447
-2.95446
-2.95445
-2.95443
-2.95442
-2.95441
-2.9544
-2.95439
-2.95438
-3.05295
-3.05295
-3.05295
-3.05295
-3.05295
-3.05296
-3.05296
-3.05297
-3.05298
-3.05299
-3.053
-3.05301
-3.05302
-3.05303
-3.05304
-3.05305
-3.05306
-3.05307
-3.05308
-3.0531
-3.05311
-3.05312
-3.05312
-3.05313
-3.05313
-3.05314
-3.05314
-3.05313
-3.05313
-3.05312
-3.05312
-3.05311
-3.0531
-3.05309
-3.05308
-3.05307
-3.05306
-3.05305
-3.05304
-3.05302
-3.05302
-3.05301
-3.05301
-3.05301
-3.05303
-3.05305
-3.05307
-3.05308
-3.0531
-3.0531
-3.05311
-3.05311
-3.05312
-3.05312
-3.05313
-3.05313
-3.05314
-3.05315
-3.05315
-3.05316
-3.05316
-3.05317
-3.05317
-3.05317
-3.05317
-3.05317
-3.05317
-3.05317
-3.05316
-3.05316
-3.05315
-3.05315
-3.05314
-3.05314
-3.05313
-3.05312
-3.05312
-3.05311
-3.0531
-3.05309
-3.05308
-3.05308
-3.05307
-3.05305
-3.05304
-3.05303
-3.05302
-3.053
-3.05299
-3.05297
-3.05296
-3.05295
-3.05293
-3.05292
-3.05291
-3.0529
-3.05289
-3.05288
-3.05287
-3.05287
-3.15143
-3.15143
-3.15143
-3.15143
-3.15143
-3.15144
-3.15144
-3.15145
-3.15146
-3.15146
-3.15147
-3.15148
-3.15149
-3.1515
-3.15151
-3.15152
-3.15154
-3.15155
-3.15156
-3.15157
-3.15158
-3.15159
-3.15159
-3.1516
-3.1516
-3.1516
-3.1516
-3.1516
-3.15159
-3.15159
-3.15158
-3.15157
-3.15156
-3.15156
-3.15155
-3.15154
-3.15152
-3.15151
-3.1515
-3.15149
-3.15148
-3.15147
-3.15147
-3.15147
-3.15149
-3.1515
-3.15152
-3.15154
-3.15156
-3.15157
-3.15158
-3.15159
-3.15159
-3.1516
-3.1516
-3.15161
-3.15162
-3.15162
-3.15163
-3.15164
-3.15164
-3.15164
-3.15165
-3.15165
-3.15165
-3.15165
-3.15165
-3.15164
-3.15164
-3.15164
-3.15163
-3.15163
-3.15162
-3.15161
-3.15161
-3.1516
-3.15159
-3.15159
-3.15158
-3.15157
-3.15156
-3.15156
-3.15155
-3.15154
-3.15152
-3.15151
-3.1515
-3.15148
-3.15147
-3.15145
-3.15144
-3.15142
-3.15141
-3.1514
-3.15139
-3.15138
-3.15137
-3.15136
-3.15136
-3.15136
-3.24991
-3.24991
-3.24991
-3.24991
-3.24991
-3.24992
-3.24992
-3.24993
-3.24993
-3.24994
-3.24995
-3.24996
-3.24997
-3.24998
-3.24999
-3.25
-3.25001
-3.25002
-3.25003
-3.25004
-3.25005
-3.25006
-3.25006
-3.25007
-3.25007
-3.25007
-3.25007
-3.25006
-3.25006
-3.25005
-3.25004
-3.25003
-3.25003
-3.25002
-3.25001
-3.25
-3.24999
-3.24997
-3.24996
-3.24995
-3.24994
-3.24993
-3.24993
-3.24993
-3.24994
-3.24996
-3.24998
-3.25
-3.25002
-3.25003
-3.25004
-3.25005
-3.25006
-3.25007
-3.25008
-3.25008
-3.25009
-3.2501
-3.2501
-3.25011
-3.25012
-3.25012
-3.25012
-3.25012
-3.25012
-3.25012
-3.25012
-3.25012
-3.25012
-3.25011
-3.25011
-3.2501
-3.2501
-3.25009
-3.25009
-3.25008
-3.25007
-3.25007
-3.25006
-3.25005
-3.25005
-3.25004
-3.25003
-3.25002
-3.25
-3.24999
-3.24998
-3.24996
-3.24995
-3.24993
-3.24992
-3.2499
-3.24989
-3.24988
-3.24987
-3.24986
-3.24985
-3.24985
-3.24984
-3.24984
-3.34839
-3.34839
-3.34839
-3.34839
-3.34839
-3.3484
-3.3484
-3.34841
-3.34841
-3.34842
-3.34843
-3.34844
-3.34845
-3.34846
-3.34847
-3.34847
-3.34848
-3.34849
-3.3485
-3.34851
-3.34852
-3.34853
-3.34853
-3.34854
-3.34854
-3.34854
-3.34853
-3.34853
-3.34852
-3.34851
-3.3485
-3.3485
-3.34849
-3.34848
-3.34847
-3.34846
-3.34845
-3.34844
-3.34843
-3.34841
-3.3484
-3.3484
-3.34839
-3.34839
-3.3484
-3.34841
-3.34843
-3.34845
-3.34847
-3.34849
-3.3485
-3.34851
-3.34852
-3.34853
-3.34854
-3.34855
-3.34856
-3.34857
-3.34858
-3.34858
-3.34859
-3.34859
-3.3486
-3.3486
-3.3486
-3.3486
-3.3486
-3.3486
-3.34859
-3.34859
-3.34859
-3.34858
-3.34858
-3.34857
-3.34857
-3.34856
-3.34855
-3.34855
-3.34854
-3.34853
-3.34853
-3.34852
-3.34851
-3.3485
-3.34848
-3.34847
-3.34845
-3.34844
-3.34842
-3.34841
-3.34839
-3.34838
-3.34837
-3.34836
-3.34835
-3.34834
-3.34833
-3.34833
-3.34832
-3.34832
-3.44687
-3.44687
-3.44687
-3.44687
-3.44687
-3.44688
-3.44688
-3.44689
-3.44689
-3.4469
-3.44691
-3.44691
-3.44692
-3.44693
-3.44694
-3.44695
-3.44696
-3.44697
-3.44697
-3.44698
-3.44699
-3.447
-3.447
-3.447
-3.447
-3.447
-3.447
-3.44699
-3.44698
-3.44698
-3.44697
-3.44696
-3.44695
-3.44694
-3.44693
-3.44693
-3.44692
-3.4469
-3.44689
-3.44688
-3.44687
-3.44686
-3.44685
-3.44685
-3.44686
-3.44687
-3.44688
-3.4469
-3.44692
-3.44694
-3.44696
-3.44697
-3.44698
-3.447
-3.44701
-3.44702
-3.44703
-3.44704
-3.44705
-3.44705
-3.44706
-3.44707
-3.44707
-3.44707
-3.44708
-3.44708
-3.44708
-3.44707
-3.44707
-3.44707
-3.44707
-3.44706
-3.44706
-3.44705
-3.44705
-3.44704
-3.44703
-3.44703
-3.44702
-3.44701
-3.44701
-3.447
-3.44699
-3.44698
-3.44696
-3.44695
-3.44693
-3.44692
-3.4469
-3.44689
-3.44687
-3.44686
-3.44685
-3.44683
-3.44683
-3.44682
-3.44681
-3.44681
-3.4468
-3.4468
-3.54535
-3.54535
-3.54535
-3.54535
-3.54535
-3.54536
-3.54536
-3.54536
-3.54537
-3.54538
-3.54538
-3.54539
-3.5454
-3.54541
-3.54541
-3.54542
-3.54543
-3.54544
-3.54545
-3.54545
-3.54546
-3.54547
-3.54547
-3.54547
-3.54547
-3.54547
-3.54546
-3.54546
-3.54545
-3.54544
-3.54543
-3.54542
-3.54541
-3.5454
-3.5454
-3.54539
-3.54538
-3.54537
-3.54536
-3.54535
-3.54533
-3.54533
-3.54532
-3.54532
-3.54532
-3.54533
-3.54534
-3.54536
-3.54538
-3.5454
-3.54541
-3.54543
-3.54544
-3.54546
-3.54547
-3.54548
-3.54549
-3.5455
-3.54551
-3.54552
-3.54553
-3.54554
-3.54554
-3.54555
-3.54555
-3.54555
-3.54555
-3.54555
-3.54555
-3.54555
-3.54554
-3.54554
-3.54554
-3.54553
-3.54553
-3.54552
-3.54552
-3.54551
-3.5455
-3.5455
-3.54549
-3.54548
-3.54547
-3.54546
-3.54544
-3.54543
-3.54541
-3.5454
-3.54538
-3.54536
-3.54535
-3.54533
-3.54532
-3.54531
-3.5453
-3.5453
-3.54529
-3.54529
-3.54528
-3.54528
-3.64383
-3.64383
-3.64383
-3.64383
-3.64383
-3.64384
-3.64384
-3.64384
-3.64385
-3.64385
-3.64386
-3.64387
-3.64387
-3.64388
-3.64389
-3.6439
-3.6439
-3.64391
-3.64392
-3.64392
-3.64393
-3.64393
-3.64394
-3.64394
-3.64394
-3.64394
-3.64393
-3.64392
-3.64391
-3.64391
-3.64389
-3.64388
-3.64388
-3.64387
-3.64386
-3.64385
-3.64384
-3.64384
-3.64382
-3.64381
-3.6438
-3.64379
-3.64379
-3.64379
-3.64379
-3.64379
-3.6438
-3.64382
-3.64384
-3.64385
-3.64387
-3.64389
-3.6439
-3.64392
-3.64393
-3.64394
-3.64396
-3.64397
-3.64398
-3.64399
-3.644
-3.64401
-3.64401
-3.64402
-3.64402
-3.64403
-3.64403
-3.64403
-3.64403
-3.64402
-3.64402
-3.64402
-3.64402
-3.64401
-3.64401
-3.644
-3.644
-3.64399
-3.64398
-3.64398
-3.64397
-3.64396
-3.64395
-3.64393
-3.64392
-3.6439
-3.64389
-3.64387
-3.64386
-3.64384
-3.64382
-3.64381
-3.6438
-3.64379
-3.64378
-3.64377
-3.64377
-3.64376
-3.64376
-3.64376
-3.74231
-3.74231
-3.74231
-3.74231
-3.74232
-3.74232
-3.74232
-3.74232
-3.74233
-3.74233
-3.74234
-3.74234
-3.74235
-3.74236
-3.74236
-3.74237
-3.74238
-3.74238
-3.74239
-3.7424
-3.7424
-3.7424
-3.74241
-3.74241
-3.74241
-3.7424
-3.7424
-3.74239
-3.74238
-3.74237
-3.74236
-3.74235
-3.74234
-3.74233
-3.74232
-3.74232
-3.74231
-3.7423
-3.74229
-3.74228
-3.74227
-3.74226
-3.74226
-3.74226
-3.74226
-3.74226
-3.74227
-3.74228
-3.7423
-3.74231
-3.74233
-3.74235
-3.74236
-3.74238
-3.74239
-3.74241
-3.74242
-3.74243
-3.74244
-3.74246
-3.74247
-3.74247
-3.74248
-3.74249
-3.74249
-3.7425
-3.7425
-3.7425
-3.7425
-3.7425
-3.7425
-3.7425
-3.74249
-3.74249
-3.74249
-3.74248
-3.74248
-3.74247
-3.74246
-3.74246
-3.74245
-3.74244
-3.74243
-3.74241
-3.7424
-3.74238
-3.74236
-3.74235
-3.74233
-3.74231
-3.7423
-3.74229
-3.74227
-3.74226
-3.74226
-3.74225
-3.74224
-3.74224
-3.74224
-3.74224
-3.8408
-3.8408
-3.8408
-3.8408
-3.8408
-3.8408
-3.8408
-3.8408
-3.8408
-3.84081
-3.84081
-3.84082
-3.84082
-3.84083
-3.84084
-3.84084
-3.84085
-3.84085
-3.84086
-3.84087
-3.84087
-3.84087
-3.84088
-3.84088
-3.84087
-3.84087
-3.84087
-3.84086
-3.84085
-3.84084
-3.84082
-3.84081
-3.8408
-3.84079
-3.84078
-3.84078
-3.84077
-3.84077
-3.84076
-3.84075
-3.84074
-3.84073
-3.84073
-3.84073
-3.84073
-3.84073
-3.84074
-3.84075
-3.84076
-3.84078
-3.84079
-3.84081
-3.84082
-3.84084
-3.84085
-3.84087
-3.84088
-3.8409
-3.84091
-3.84092
-3.84093
-3.84094
-3.84095
-3.84096
-3.84096
-3.84097
-3.84097
-3.84098
-3.84098
-3.84098
-3.84098
-3.84098
-3.84097
-3.84097
-3.84097
-3.84096
-3.84096
-3.84095
-3.84094
-3.84094
-3.84093
-3.84092
-3.8409
-3.84089
-3.84087
-3.84086
-3.84084
-3.84082
-3.8408
-3.84079
-3.84077
-3.84076
-3.84075
-3.84074
-3.84073
-3.84072
-3.84072
-3.84072
-3.84071
-3.84071
-3.93928
-3.93928
-3.93928
-3.93928
-3.93928
-3.93928
-3.93928
-3.93928
-3.93928
-3.93928
-3.93929
-3.93929
-3.9393
-3.9393
-3.93931
-3.93932
-3.93932
-3.93933
-3.93933
-3.93934
-3.93934
-3.93934
-3.93935
-3.93935
-3.93934
-3.93934
-3.93933
-3.93932
-3.93931
-3.9393
-3.93929
-3.93928
-3.93927
-3.93926
-3.93925
-3.93924
-3.93923
-3.93923
-3.93922
-3.93922
-3.93921
-3.93921
-3.9392
-3.9392
-3.9392
-3.9392
-3.93921
-3.93922
-3.93923
-3.93925
-3.93926
-3.93928
-3.93929
-3.93931
-3.93932
-3.93933
-3.93935
-3.93936
-3.93937
-3.93939
-3.9394
-3.93941
-3.93942
-3.93943
-3.93943
-3.93944
-3.93944
-3.93945
-3.93945
-3.93945
-3.93945
-3.93945
-3.93945
-3.93945
-3.93945
-3.93944
-3.93944
-3.93943
-3.93942
-3.93941
-3.9394
-3.93939
-3.93938
-3.93936
-3.93935
-3.93933
-3.93931
-3.93929
-3.93928
-3.93926
-3.93925
-3.93923
-3.93922
-3.93921
-3.93921
-3.9392
-3.9392
-3.93919
-3.93919
-3.93919
-4.03777
-4.03777
-4.03777
-4.03777
-4.03777
-4.03776
-4.03776
-4.03776
-4.03776
-4.03776
-4.03776
-4.03776
-4.03777
-4.03778
-4.03778
-4.03779
-4.03779
-4.0378
-4.0378
-4.03781
-4.03781
-4.03782
-4.03782
-4.03782
-4.03781
-4.03781
-4.0378
-4.03779
-4.03778
-4.03777
-4.03776
-4.03774
-4.03773
-4.03772
-4.03771
-4.0377
-4.0377
-4.03769
-4.03769
-4.03768
-4.03768
-4.03768
-4.03767
-4.03767
-4.03767
-4.03768
-4.03769
-4.03769
-4.03771
-4.03772
-4.03773
-4.03775
-4.03776
-4.03777
-4.03779
-4.0378
-4.03782
-4.03783
-4.03784
-4.03785
-4.03786
-4.03787
-4.03788
-4.03789
-4.0379
-4.03791
-4.03792
-4.03792
-4.03793
-4.03793
-4.03793
-4.03793
-4.03793
-4.03793
-4.03792
-4.03792
-4.03792
-4.03791
-4.0379
-4.03789
-4.03788
-4.03787
-4.03785
-4.03784
-4.03782
-4.0378
-4.03778
-4.03777
-4.03775
-4.03774
-4.03772
-4.03771
-4.0377
-4.03769
-4.03768
-4.03768
-4.03767
-4.03767
-4.03767
-4.03767
-4.13625
-4.13626
-4.13625
-4.13625
-4.13625
-4.13625
-4.13624
-4.13624
-4.13623
-4.13623
-4.13623
-4.13624
-4.13624
-4.13625
-4.13625
-4.13626
-4.13627
-4.13627
-4.13628
-4.13628
-4.13629
-4.13629
-4.13629
-4.13629
-4.13628
-4.13628
-4.13627
-4.13626
-4.13625
-4.13624
-4.13623
-4.13621
-4.1362
-4.13619
-4.13618
-4.13617
-4.13616
-4.13616
-4.13615
-4.13615
-4.13615
-4.13615
-4.13615
-4.13615
-4.13615
-4.13615
-4.13616
-4.13617
-4.13618
-4.13619
-4.1362
-4.13622
-4.13623
-4.13624
-4.13626
-4.13627
-4.13629
-4.1363
-4.13631
-4.13632
-4.13633
-4.13634
-4.13635
-4.13636
-4.13637
-4.13638
-4.13638
-4.13639
-4.1364
-4.1364
-4.1364
-4.13641
-4.13641
-4.1364
-4.1364
-4.1364
-4.13639
-4.13638
-4.13638
-4.13637
-4.13635
-4.13634
-4.13632
-4.13631
-4.13629
-4.13627
-4.13626
-4.13624
-4.13622
-4.13621
-4.13619
-4.13618
-4.13617
-4.13616
-4.13616
-4.13615
-4.13615
-4.13615
-4.13614
-4.13614
-4.23474
-4.23474
-4.23474
-4.23474
-4.23473
-4.23473
-4.23472
-4.23471
-4.23471
-4.23471
-4.23471
-4.23471
-4.23471
-4.23472
-4.23473
-4.23473
-4.23474
-4.23475
-4.23475
-4.23476
-4.23476
-4.23476
-4.23476
-4.23476
-4.23476
-4.23475
-4.23474
-4.23473
-4.23472
-4.23471
-4.23469
-4.23468
-4.23467
-4.23465
-4.23464
-4.23463
-4.23463
-4.23462
-4.23462
-4.23462
-4.23462
-4.23462
-4.23462
-4.23462
-4.23462
-4.23463
-4.23463
-4.23464
-4.23465
-4.23467
-4.23468
-4.23469
-4.23471
-4.23472
-4.23473
-4.23475
-4.23476
-4.23477
-4.23478
-4.23479
-4.2348
-4.23481
-4.23482
-4.23483
-4.23484
-4.23484
-4.23485
-4.23486
-4.23487
-4.23487
-4.23488
-4.23488
-4.23488
-4.23488
-4.23488
-4.23487
-4.23487
-4.23486
-4.23485
-4.23484
-4.23483
-4.23481
-4.23479
-4.23478
-4.23476
-4.23474
-4.23473
-4.23471
-4.23469
-4.23468
-4.23467
-4.23466
-4.23465
-4.23464
-4.23463
-4.23463
-4.23463
-4.23462
-4.23462
-4.23462
-4.33322
-4.33322
-4.33322
-4.33322
-4.33321
-4.33321
-4.3332
-4.33319
-4.33318
-4.33318
-4.33318
-4.33318
-4.33318
-4.33319
-4.3332
-4.33321
-4.33321
-4.33322
-4.33323
-4.33323
-4.33323
-4.33323
-4.33323
-4.33323
-4.33323
-4.33322
-4.33322
-4.33321
-4.33319
-4.33318
-4.33317
-4.33315
-4.33314
-4.33312
-4.33311
-4.3331
-4.3331
-4.33309
-4.33309
-4.33309
-4.33309
-4.33309
-4.33309
-4.33309
-4.3331
-4.3331
-4.33311
-4.33312
-4.33313
-4.33314
-4.33316
-4.33317
-4.33318
-4.3332
-4.33321
-4.33322
-4.33323
-4.33324
-4.33325
-4.33326
-4.33327
-4.33328
-4.33328
-4.33329
-4.3333
-4.33331
-4.33332
-4.33333
-4.33334
-4.33334
-4.33335
-4.33335
-4.33335
-4.33335
-4.33335
-4.33335
-4.33334
-4.33333
-4.33332
-4.33331
-4.3333
-4.33328
-4.33326
-4.33325
-4.33323
-4.33321
-4.33319
-4.33318
-4.33316
-4.33315
-4.33314
-4.33313
-4.33312
-4.33312
-4.33311
-4.33311
-4.33311
-4.3331
-4.3331
-4.3331
-4.43169
-4.4317
-4.4317
-4.4317
-4.43169
-4.43169
-4.43168
-4.43167
-4.43166
-4.43165
-4.43165
-4.43165
-4.43165
-4.43166
-4.43167
-4.43168
-4.43169
-4.43169
-4.4317
-4.43171
-4.43171
-4.43171
-4.43171
-4.43171
-4.4317
-4.4317
-4.43169
-4.43168
-4.43167
-4.43165
-4.43164
-4.43162
-4.43161
-4.4316
-4.43158
-4.43157
-4.43157
-4.43156
-4.43156
-4.43156
-4.43156
-4.43156
-4.43157
-4.43157
-4.43158
-4.43158
-4.43159
-4.4316
-4.43161
-4.43162
-4.43163
-4.43165
-4.43166
-4.43167
-4.43169
-4.4317
-4.43171
-4.43172
-4.43173
-4.43173
-4.43174
-4.43175
-4.43175
-4.43176
-4.43177
-4.43178
-4.43179
-4.4318
-4.43181
-4.43181
-4.43182
-4.43182
-4.43182
-4.43182
-4.43182
-4.43182
-4.43181
-4.4318
-4.43179
-4.43178
-4.43176
-4.43175
-4.43173
-4.43171
-4.4317
-4.43168
-4.43166
-4.43165
-4.43164
-4.43163
-4.43162
-4.43161
-4.4316
-4.4316
-4.43159
-4.43159
-4.43159
-4.43159
-4.43158
-4.43158
-4.53017
-4.53017
-4.53018
-4.53018
-4.53017
-4.53016
-4.53015
-4.53014
-4.53013
-4.53012
-4.53012
-4.53012
-4.53013
-4.53013
-4.53014
-4.53015
-4.53016
-4.53017
-4.53017
-4.53018
-4.53019
-4.53019
-4.53019
-4.53019
-4.53018
-4.53018
-4.53017
-4.53016
-4.53014
-4.53013
-4.53012
-4.5301
-4.53009
-4.53007
-4.53006
-4.53005
-4.53004
-4.53004
-4.53004
-4.53004
-4.53004
-4.53004
-4.53004
-4.53005
-4.53005
-4.53006
-4.53007
-4.53008
-4.53009
-4.5301
-4.53012
-4.53013
-4.53014
-4.53016
-4.53017
-4.53018
-4.53019
-4.5302
-4.5302
-4.53021
-4.53021
-4.53021
-4.53022
-4.53023
-4.53024
-4.53025
-4.53026
-4.53027
-4.53028
-4.53028
-4.53029
-4.53029
-4.5303
-4.5303
-4.53029
-4.53029
-4.53028
-4.53027
-4.53026
-4.53025
-4.53023
-4.53022
-4.5302
-4.53018
-4.53017
-4.53015
-4.53013
-4.53012
-4.53011
-4.5301
-4.53009
-4.53008
-4.53008
-4.53007
-4.53007
-4.53007
-4.53007
-4.53007
-4.53007
-4.53007
-4.62863
-4.62864
-4.62865
-4.62865
-4.62865
-4.62864
-4.62863
-4.62862
-4.6286
-4.6286
-4.62859
-4.62859
-4.6286
-4.6286
-4.62861
-4.62862
-4.62863
-4.62864
-4.62865
-4.62866
-4.62866
-4.62866
-4.62867
-4.62866
-4.62866
-4.62865
-4.62865
-4.62863
-4.62862
-4.62861
-4.62859
-4.62858
-4.62856
-4.62855
-4.62854
-4.62853
-4.62852
-4.62852
-4.62852
-4.62852
-4.62852
-4.62852
-4.62852
-4.62853
-4.62853
-4.62854
-4.62855
-4.62856
-4.62857
-4.62858
-4.6286
-4.62861
-4.62862
-4.62864
-4.62865
-4.62866
-4.62867
-4.62867
-4.62868
-4.62868
-4.62868
-4.62868
-4.62869
-4.62869
-4.6287
-4.62871
-4.62872
-4.62874
-4.62875
-4.62875
-4.62876
-4.62877
-4.62877
-4.62877
-4.62877
-4.62876
-4.62875
-4.62874
-4.62873
-4.62872
-4.6287
-4.62869
-4.62867
-4.62865
-4.62864
-4.62862
-4.62861
-4.62859
-4.62858
-4.62857
-4.62857
-4.62856
-4.62856
-4.62856
-4.62855
-4.62855
-4.62855
-4.62855
-4.62855
-4.62855
-4.7271
-4.72711
-4.72712
-4.72713
-4.72712
-4.72712
-4.72711
-4.72709
-4.72708
-4.72707
-4.72707
-4.72707
-4.72707
-4.72708
-4.72709
-4.72709
-4.7271
-4.72711
-4.72712
-4.72713
-4.72714
-4.72714
-4.72714
-4.72714
-4.72714
-4.72713
-4.72712
-4.72711
-4.7271
-4.72709
-4.72707
-4.72706
-4.72704
-4.72703
-4.72702
-4.72701
-4.727
-4.727
-4.727
-4.727
-4.727
-4.727
-4.727
-4.72701
-4.72702
-4.72702
-4.72703
-4.72704
-4.72705
-4.72707
-4.72708
-4.72709
-4.7271
-4.72712
-4.72713
-4.72714
-4.72714
-4.72715
-4.72715
-4.72715
-4.72715
-4.72715
-4.72716
-4.72716
-4.72717
-4.72718
-4.7272
-4.72721
-4.72722
-4.72723
-4.72723
-4.72724
-4.72724
-4.72724
-4.72724
-4.72723
-4.72723
-4.72722
-4.7272
-4.72719
-4.72717
-4.72716
-4.72714
-4.72712
-4.72711
-4.72709
-4.72708
-4.72707
-4.72706
-4.72705
-4.72705
-4.72704
-4.72704
-4.72704
-4.72704
-4.72704
-4.72704
-4.72704
-4.72704
-4.72704
-4.82557
-4.82558
-4.82559
-4.8256
-4.8256
-4.8256
-4.82559
-4.82558
-4.82556
-4.82556
-4.82555
-4.82555
-4.82555
-4.82556
-4.82557
-4.82557
-4.82558
-4.82559
-4.8256
-4.82561
-4.82561
-4.82562
-4.82562
-4.82562
-4.82562
-4.82561
-4.8256
-4.82559
-4.82558
-4.82557
-4.82555
-4.82554
-4.82552
-4.82551
-4.8255
-4.82549
-4.82548
-4.82548
-4.82548
-4.82548
-4.82548
-4.82548
-4.82548
-4.82549
-4.8255
-4.8255
-4.82551
-4.82552
-4.82553
-4.82555
-4.82556
-4.82557
-4.82558
-4.8256
-4.82561
-4.82561
-4.82562
-4.82562
-4.82562
-4.82562
-4.82562
-4.82562
-4.82563
-4.82564
-4.82565
-4.82566
-4.82567
-4.82568
-4.82569
-4.8257
-4.82571
-4.82572
-4.82572
-4.82572
-4.82572
-4.82571
-4.8257
-4.82569
-4.82568
-4.82567
-4.82565
-4.82563
-4.82562
-4.8256
-4.82558
-4.82557
-4.82556
-4.82555
-4.82554
-4.82553
-4.82553
-4.82553
-4.82552
-4.82552
-4.82552
-4.82552
-4.82552
-4.82553
-4.82553
-4.82553
)
;

boundaryField
{
    floor
    {
        type            calculated;
        value           nonuniform List<scalar> 
100
(
0.0492284
0.0492523
0.0492502
0.049242
0.0492391
0.0492437
0.0492443
0.0492341
0.0492322
0.0492441
0.0492676
0.0492943
0.0493162
0.0493311
0.0493397
0.0493446
0.0493458
0.0493424
0.0493355
0.0493263
0.0493156
0.0493041
0.0492922
0.0492806
0.0492695
0.0492593
0.0492502
0.0492425
0.0492362
0.0492314
0.0492281
0.0492263
0.0492261
0.0492272
0.0492296
0.0492329
0.0492371
0.0492418
0.0492468
0.0492519
0.0492569
0.0492614
0.0492653
0.0492686
0.0492718
0.0492778
0.0492932
0.0492976
0.0492825
0.0492701
0.0492645
0.0492595
0.0492545
0.0492491
0.0492435
0.0492376
0.0492318
0.049226
0.0492205
0.0492154
0.0492109
0.049207
0.0492038
0.0492015
0.0491999
0.0491992
0.0491993
0.0492001
0.0492016
0.0492037
0.0492065
0.0492099
0.0492136
0.0492177
0.049222
0.0492265
0.0492309
0.0492352
0.0492393
0.049243
0.0492462
0.0492488
0.0492506
0.0492515
0.0492513
0.04925
0.0492476
0.0492443
0.04924
0.0492349
0.0492292
0.0492233
0.0492177
0.0492125
0.0492081
0.0492045
0.0492018
0.0491994
0.049197
0.0491975
)
;
    }
    ceiling
    {
        type            calculated;
        value           nonuniform List<scalar> 
100
(
-4.87481
-4.87482
-4.87483
-4.87484
-4.87484
-4.87484
-4.87483
-4.87482
-4.87481
-4.8748
-4.8748
-4.8748
-4.8748
-4.8748
-4.87481
-4.87481
-4.87482
-4.87483
-4.87484
-4.87485
-4.87485
-4.87486
-4.87486
-4.87486
-4.87486
-4.87485
-4.87484
-4.87483
-4.87482
-4.87481
-4.87479
-4.87478
-4.87476
-4.87475
-4.87474
-4.87473
-4.87472
-4.87472
-4.87472
-4.87472
-4.87472
-4.87472
-4.87472
-4.87473
-4.87474
-4.87474
-4.87475
-4.87476
-4.87477
-4.87479
-4.8748
-4.87481
-4.87482
-4.87484
-4.87485
-4.87485
-4.87486
-4.87486
-4.87486
-4.87486
-4.87486
-4.87486
-4.87487
-4.87488
-4.87489
-4.8749
-4.87491
-4.87492
-4.87493
-4.87494
-4.87495
-4.87495
-4.87496
-4.87496
-4.87495
-4.87495
-4.87494
-4.87493
-4.87492
-4.87491
-4.87489
-4.87487
-4.87486
-4.87484
-4.87482
-4.87481
-4.8748
-4.87479
-4.87478
-4.87477
-4.87477
-4.87477
-4.87477
-4.87477
-4.87477
-4.87477
-4.87477
-4.87477
-4.87477
-4.87477
)
;
    }
    fixedWalls
    {
        type            calculated;
        value           nonuniform List<scalar> 
100
(
6.93889e-18
-0.0984796
-0.196954
-0.295422
-0.39389
-0.492361
-0.590835
-0.689312
-0.787794
-0.88628
-0.984769
-1.08326
-1.18175
-1.28024
-1.37873
-1.47722
-1.5757
-1.67419
-1.77268
-1.87116
-1.96965
-2.06813
-2.16662
-2.2651
-2.36358
-2.46206
-2.56055
-2.65903
-2.75751
-2.85599
-2.95447
-3.05295
-3.15143
-3.24991
-3.34839
-3.44687
-3.54535
-3.64383
-3.74231
-3.8408
-3.93928
-4.03777
-4.13625
-4.23474
-4.33322
-4.43169
-4.53017
-4.62863
-4.7271
-4.82557
-1.71025e-05
-0.0984712
-0.196951
-0.295438
-0.393927
-0.492416
-0.590906
-0.689397
-0.787888
-0.88638
-0.984871
-1.08336
-1.18185
-1.28034
-1.37883
-1.47731
-1.5758
-1.67429
-1.77277
-1.87126
-1.96974
-2.06822
-2.16669
-2.26515
-2.3636
-2.46205
-2.56049
-2.65893
-2.7574
-2.85589
-2.95438
-3.05287
-3.15136
-3.24984
-3.34832
-3.4468
-3.54528
-3.64376
-3.74224
-3.84071
-3.93919
-4.03767
-4.13614
-4.23462
-4.3331
-4.43158
-4.53007
-4.62855
-4.72704
-4.82553
)
;
    }
    frontAndBack
    {
        type            empty;
    }
}


// ************************************************************************* //
