/*--------------------------------*- C++ -*----------------------------------*\
| =========                 |                                                 |
| \\      /  F ield         | OpenFOAM: The Open Source CFD Toolbox           |
|  \\    /   O peration     | Version:  4.1                                   |
|   \\  /    A nd           | Web:      www.OpenFOAM.org                      |
|    \\/     M anipulation  |                                                 |
\*---------------------------------------------------------------------------*/
FoamFile
{
    version     2.0;
    format      ascii;
    class       volScalarField;
    location    "480";
    object      p;
}
// * * * * * * * * * * * * * * * * * * * * * * * * * * * * * * * * * * * * * //

dimensions      [0 2 -2 0 0 0 0];

internalField   nonuniform List<scalar> 
5000
(
0
2.2208e-05
3.76905e-06
-7.92153e-06
-9.51086e-06
3.97318e-06
2.16593e-05
3.43557e-05
4.47652e-05
5.47318e-05
6.72069e-05
7.6187e-05
7.47529e-05
7.54883e-05
8.01454e-05
8.54585e-05
9.02129e-05
9.45589e-05
9.89608e-05
0.000103734
0.000109001
0.000114763
0.00012096
0.000127494
0.000134246
0.000141082
0.000147863
0.000154439
0.000160651
0.000166302
0.000171071
0.000174401
0.000175902
0.000176865
0.000174706
0.000164982
0.000142725
0.00011205
8.47332e-05
6.62736e-05
5.35654e-05
4.34248e-05
3.71158e-05
3.48306e-05
3.41252e-05
3.22312e-05
2.83149e-05
2.28197e-05
1.71203e-05
1.31885e-05
1.1773e-05
1.18119e-05
1.31076e-05
1.53974e-05
1.66205e-05
1.51488e-05
1.40907e-05
6.62115e-06
-2.92397e-06
-7.60254e-06
-8.31032e-06
-6.72899e-06
-3.6209e-06
9.22039e-07
6.62615e-06
1.31942e-05
2.03095e-05
2.77109e-05
3.52196e-05
4.27269e-05
5.01743e-05
5.75343e-05
6.47977e-05
7.19581e-05
7.90061e-05
8.59235e-05
9.26664e-05
9.91661e-05
0.000105332
0.000111057
0.000116225
0.00012084
0.00012495
0.000128387
0.000131002
0.000132782
0.000133752
0.000133952
0.000133386
0.000131932
0.000129187
0.000124239
0.000115315
9.95561e-05
7.43992e-05
4.42474e-05
1.99717e-05
1.44398e-05
1.90515e-05
2.11591e-05
-0.0984797
-0.0984748
-0.0984771
-0.0984853
-0.0984995
-0.0984863
-0.0984652
-0.0984467
-0.0984317
-0.0984174
-0.0983977
-0.098381
-0.0983834
-0.0983873
-0.0983865
-0.0983834
-0.0983791
-0.0983743
-0.0983692
-0.0983641
-0.0983588
-0.0983534
-0.098348
-0.0983425
-0.098337
-0.0983314
-0.098326
-0.0983208
-0.0983161
-0.098312
-0.098309
-0.0983077
-0.0983086
-0.0983112
-0.0983163
-0.0983272
-0.098345
-0.098366
-0.0983835
-0.0983939
-0.0984042
-0.0984166
-0.0984266
-0.0984333
-0.0984382
-0.0984425
-0.0984466
-0.0984501
-0.0984525
-0.0984528
-0.0984519
-0.0984526
-0.0984543
-0.0984546
-0.0984536
-0.0984512
-0.0984451
-0.0984402
-0.0984493
-0.0984564
-0.0984608
-0.0984624
-0.0984615
-0.0984584
-0.0984536
-0.0984477
-0.0984411
-0.0984342
-0.0984272
-0.0984202
-0.0984133
-0.0984065
-0.0983998
-0.0983931
-0.0983865
-0.0983799
-0.0983734
-0.0983669
-0.0983607
-0.0983547
-0.098349
-0.0983437
-0.0983388
-0.0983343
-0.0983305
-0.0983274
-0.0983251
-0.0983237
-0.0983234
-0.0983245
-0.0983275
-0.0983329
-0.0983421
-0.0983569
-0.098379
-0.0984034
-0.0984174
-0.0984104
-0.0983983
-0.098393
-0.196954
-0.196959
-0.196947
-0.19696
-0.196975
-0.19697
-0.196953
-0.196936
-0.196921
-0.196907
-0.196886
-0.196871
-0.196873
-0.196878
-0.19688
-0.196877
-0.196874
-0.196869
-0.196864
-0.196859
-0.196854
-0.196849
-0.196843
-0.196838
-0.196833
-0.196828
-0.196822
-0.196818
-0.196813
-0.19681
-0.196807
-0.196807
-0.196808
-0.196812
-0.196817
-0.196827
-0.196839
-0.196851
-0.19686
-0.196868
-0.196879
-0.196892
-0.196905
-0.196916
-0.196925
-0.196931
-0.196936
-0.196939
-0.19694
-0.196938
-0.196935
-0.196935
-0.196937
-0.196939
-0.196939
-0.196935
-0.196927
-0.196928
-0.196939
-0.196949
-0.196956
-0.196959
-0.196958
-0.196955
-0.19695
-0.196943
-0.196936
-0.196929
-0.196922
-0.196915
-0.196908
-0.196901
-0.196895
-0.196888
-0.196882
-0.196875
-0.196869
-0.196862
-0.196856
-0.19685
-0.196844
-0.196839
-0.196834
-0.196829
-0.196825
-0.196822
-0.196819
-0.196818
-0.196817
-0.196818
-0.19682
-0.196824
-0.196832
-0.196844
-0.196862
-0.196883
-0.196889
-0.196869
-0.196845
-0.196837
-0.295426
-0.29543
-0.29542
-0.295438
-0.295443
-0.295444
-0.295437
-0.295426
-0.295415
-0.2954
-0.295383
-0.295371
-0.295372
-0.295376
-0.295376
-0.295374
-0.29537
-0.295365
-0.29536
-0.295355
-0.29535
-0.295345
-0.29534
-0.295335
-0.29533
-0.295325
-0.295321
-0.295316
-0.295312
-0.295309
-0.295308
-0.295308
-0.29531
-0.295314
-0.295319
-0.295328
-0.295337
-0.295346
-0.295354
-0.295362
-0.295374
-0.295387
-0.2954
-0.295411
-0.29542
-0.295427
-0.295431
-0.295434
-0.295433
-0.29543
-0.295425
-0.295423
-0.295424
-0.295427
-0.295428
-0.295425
-0.295422
-0.29543
-0.295442
-0.295452
-0.295458
-0.29546
-0.295458
-0.295454
-0.295447
-0.29544
-0.295432
-0.295424
-0.295417
-0.29541
-0.295403
-0.295396
-0.29539
-0.295383
-0.295377
-0.295371
-0.295365
-0.295358
-0.295352
-0.295346
-0.29534
-0.295335
-0.29533
-0.295325
-0.295321
-0.295317
-0.295314
-0.295312
-0.295311
-0.295311
-0.295312
-0.295315
-0.29532
-0.295328
-0.295342
-0.295357
-0.295359
-0.295332
-0.295306
-0.295299
-0.393902
-0.393905
-0.393909
-0.393914
-0.393914
-0.393922
-0.393926
-0.393922
-0.393912
-0.393899
-0.393883
-0.393873
-0.393873
-0.393875
-0.393874
-0.393871
-0.393867
-0.393862
-0.393857
-0.393852
-0.393848
-0.393843
-0.393838
-0.393833
-0.393829
-0.393824
-0.39382
-0.393816
-0.393813
-0.39381
-0.393809
-0.39381
-0.393812
-0.393816
-0.393822
-0.393829
-0.393838
-0.393847
-0.393856
-0.393866
-0.393878
-0.39389
-0.393901
-0.39391
-0.393918
-0.393924
-0.393928
-0.39393
-0.393928
-0.393924
-0.393918
-0.393915
-0.393915
-0.393919
-0.393923
-0.393921
-0.393925
-0.393938
-0.39395
-0.393959
-0.393965
-0.393965
-0.393961
-0.393954
-0.393945
-0.393936
-0.393927
-0.393919
-0.393911
-0.393904
-0.393897
-0.393891
-0.393885
-0.393879
-0.393873
-0.393866
-0.39386
-0.393854
-0.393848
-0.393842
-0.393837
-0.393831
-0.393825
-0.393821
-0.393816
-0.393812
-0.393809
-0.393806
-0.393805
-0.393804
-0.393803
-0.393804
-0.393806
-0.39381
-0.393817
-0.393825
-0.393822
-0.393793
-0.393776
-0.393771
-0.492382
-0.492386
-0.492396
-0.49239
-0.492398
-0.492413
-0.49242
-0.492419
-0.49241
-0.492397
-0.492384
-0.492376
-0.492375
-0.492376
-0.492373
-0.492369
-0.492364
-0.492359
-0.492355
-0.49235
-0.492345
-0.492341
-0.492336
-0.492332
-0.492328
-0.492324
-0.49232
-0.492317
-0.492314
-0.492312
-0.492311
-0.492312
-0.492315
-0.492319
-0.492325
-0.492332
-0.492341
-0.49235
-0.49236
-0.492371
-0.492381
-0.492392
-0.492402
-0.49241
-0.492417
-0.492423
-0.492426
-0.492427
-0.492425
-0.49242
-0.492413
-0.492409
-0.49241
-0.492414
-0.49242
-0.49242
-0.492431
-0.492449
-0.492462
-0.492471
-0.492475
-0.492472
-0.492465
-0.492455
-0.492444
-0.492433
-0.492422
-0.492413
-0.492405
-0.492398
-0.492391
-0.492385
-0.492379
-0.492373
-0.492367
-0.492362
-0.492356
-0.49235
-0.492344
-0.492338
-0.492332
-0.492327
-0.492321
-0.492316
-0.492311
-0.492307
-0.492303
-0.4923
-0.492298
-0.492296
-0.492294
-0.492293
-0.492292
-0.492292
-0.492292
-0.492292
-0.492283
-0.49226
-0.492252
-0.492249
-0.590863
-0.590869
-0.590879
-0.59088
-0.590894
-0.590907
-0.590913
-0.590909
-0.590901
-0.590891
-0.590882
-0.590877
-0.590878
-0.590877
-0.590873
-0.590868
-0.590862
-0.590857
-0.590852
-0.590848
-0.590844
-0.590839
-0.590835
-0.590831
-0.590827
-0.590824
-0.59082
-0.590818
-0.590815
-0.590814
-0.590814
-0.590815
-0.590818
-0.590823
-0.590829
-0.590836
-0.590845
-0.590855
-0.590865
-0.590875
-0.590885
-0.590895
-0.590903
-0.590911
-0.590917
-0.590922
-0.590925
-0.590925
-0.590922
-0.590917
-0.590911
-0.590906
-0.590907
-0.590911
-0.590917
-0.590919
-0.590935
-0.590961
-0.590974
-0.590984
-0.590986
-0.590981
-0.59097
-0.590956
-0.590941
-0.590928
-0.590917
-0.590907
-0.590898
-0.590891
-0.590884
-0.590878
-0.590872
-0.590867
-0.590861
-0.590856
-0.590851
-0.590845
-0.590839
-0.590834
-0.590828
-0.590822
-0.590816
-0.590811
-0.590806
-0.590802
-0.590797
-0.590794
-0.59079
-0.590787
-0.590785
-0.590782
-0.590779
-0.590775
-0.590771
-0.590764
-0.590753
-0.590738
-0.590736
-0.590733
-0.689341
-0.689349
-0.689359
-0.689369
-0.689382
-0.68939
-0.689393
-0.689391
-0.689386
-0.68938
-0.689377
-0.689377
-0.689379
-0.689377
-0.689372
-0.689365
-0.689359
-0.689354
-0.68935
-0.689346
-0.689342
-0.689338
-0.689334
-0.689331
-0.689327
-0.689324
-0.689321
-0.689319
-0.689317
-0.689316
-0.689317
-0.689318
-0.689322
-0.689326
-0.689333
-0.689341
-0.68935
-0.689359
-0.689369
-0.689379
-0.689389
-0.689397
-0.689405
-0.689411
-0.689416
-0.689421
-0.689424
-0.689424
-0.68942
-0.689415
-0.689408
-0.689404
-0.689404
-0.689408
-0.68941
-0.689416
-0.689435
-0.689465
-0.689481
-0.689491
-0.689493
-0.689486
-0.689472
-0.689454
-0.689437
-0.689422
-0.689409
-0.689399
-0.68939
-0.689383
-0.689376
-0.689371
-0.689365
-0.68936
-0.689355
-0.68935
-0.689345
-0.689339
-0.689334
-0.689328
-0.689323
-0.689317
-0.689311
-0.689306
-0.689301
-0.689296
-0.689291
-0.689287
-0.689283
-0.689279
-0.689276
-0.689272
-0.689267
-0.689262
-0.689255
-0.689246
-0.689235
-0.689226
-0.689226
-0.689223
-0.787816
-0.787825
-0.787835
-0.787847
-0.787858
-0.787865
-0.787868
-0.787868
-0.787867
-0.787866
-0.787868
-0.787873
-0.787877
-0.787875
-0.787869
-0.787862
-0.787856
-0.787851
-0.787847
-0.787843
-0.78784
-0.787836
-0.787833
-0.78783
-0.787826
-0.787824
-0.787821
-0.787819
-0.787818
-0.787818
-0.787819
-0.787821
-0.787825
-0.78783
-0.787837
-0.787845
-0.787854
-0.787864
-0.787874
-0.787883
-0.787891
-0.787899
-0.787905
-0.787911
-0.787916
-0.78792
-0.787923
-0.787922
-0.787919
-0.787912
-0.787906
-0.787901
-0.7879
-0.787902
-0.787902
-0.787911
-0.787929
-0.787957
-0.787975
-0.787986
-0.787988
-0.78798
-0.787965
-0.787947
-0.787929
-0.787913
-0.7879
-0.78789
-0.787881
-0.787874
-0.787868
-0.787862
-0.787857
-0.787853
-0.787848
-0.787843
-0.787838
-0.787833
-0.787828
-0.787823
-0.787817
-0.787812
-0.787806
-0.7878
-0.787795
-0.78779
-0.787785
-0.78778
-0.787776
-0.787771
-0.787767
-0.787762
-0.787757
-0.787751
-0.787744
-0.787736
-0.787726
-0.787721
-0.787721
-0.787718
-0.886292
-0.886299
-0.886309
-0.886319
-0.886329
-0.886336
-0.886341
-0.886344
-0.886346
-0.88635
-0.886356
-0.886365
-0.886371
-0.886369
-0.886363
-0.886356
-0.886351
-0.886347
-0.886343
-0.88634
-0.886337
-0.886334
-0.886331
-0.886328
-0.886325
-0.886323
-0.886321
-0.88632
-0.886319
-0.886319
-0.886321
-0.886323
-0.886328
-0.886334
-0.886341
-0.88635
-0.886359
-0.886368
-0.886377
-0.886386
-0.886393
-0.8864
-0.886405
-0.88641
-0.886414
-0.886418
-0.886421
-0.886421
-0.886417
-0.886409
-0.886401
-0.886396
-0.886394
-0.886394
-0.886395
-0.886402
-0.886414
-0.886438
-0.886456
-0.886467
-0.886469
-0.886462
-0.886449
-0.886432
-0.886415
-0.886401
-0.886389
-0.886379
-0.886371
-0.886364
-0.886359
-0.886354
-0.886349
-0.886344
-0.88634
-0.886336
-0.886331
-0.886327
-0.886322
-0.886317
-0.886311
-0.886306
-0.8863
-0.886294
-0.886289
-0.886283
-0.886278
-0.886273
-0.886268
-0.886264
-0.886259
-0.886254
-0.886249
-0.886243
-0.886236
-0.886229
-0.886222
-0.886218
-0.886218
-0.886215
-0.984768
-0.984774
-0.984782
-0.984791
-0.9848
-0.984807
-0.984813
-0.984818
-0.984824
-0.984831
-0.984841
-0.984852
-0.98486
-0.984859
-0.984854
-0.984849
-0.984845
-0.984842
-0.984839
-0.984836
-0.984834
-0.984831
-0.984829
-0.984826
-0.984824
-0.984822
-0.98482
-0.984819
-0.984819
-0.98482
-0.984822
-0.984825
-0.98483
-0.984837
-0.984845
-0.984853
-0.984863
-0.984872
-0.98488
-0.984887
-0.984894
-0.984899
-0.984903
-0.984907
-0.98491
-0.984914
-0.984918
-0.984918
-0.984913
-0.984904
-0.984895
-0.984888
-0.984884
-0.984882
-0.984884
-0.984886
-0.984893
-0.984911
-0.984927
-0.984937
-0.98494
-0.984935
-0.984924
-0.984911
-0.984897
-0.984885
-0.984875
-0.984867
-0.98486
-0.984854
-0.984849
-0.984844
-0.98484
-0.984836
-0.984832
-0.984828
-0.984824
-0.984819
-0.984815
-0.98481
-0.984805
-0.984799
-0.984794
-0.984788
-0.984782
-0.984777
-0.984772
-0.984766
-0.984761
-0.984756
-0.984752
-0.984746
-0.984741
-0.984736
-0.98473
-0.984725
-0.984719
-0.984716
-0.984715
-0.984713
-1.08325
-1.08325
-1.08326
-1.08326
-1.08327
-1.08328
-1.08329
-1.08329
-1.0833
-1.08331
-1.08332
-1.08334
-1.08334
-1.08335
-1.08334
-1.08334
-1.08334
-1.08334
-1.08333
-1.08333
-1.08333
-1.08333
-1.08333
-1.08332
-1.08332
-1.08332
-1.08332
-1.08332
-1.08332
-1.08332
-1.08332
-1.08333
-1.08333
-1.08334
-1.08335
-1.08336
-1.08337
-1.08337
-1.08338
-1.08339
-1.08339
-1.0834
-1.0834
-1.0834
-1.0834
-1.08341
-1.08341
-1.08341
-1.08341
-1.0834
-1.08339
-1.08338
-1.08337
-1.08337
-1.08337
-1.08336
-1.08337
-1.08338
-1.08339
-1.0834
-1.08341
-1.0834
-1.0834
-1.08339
-1.08338
-1.08337
-1.08336
-1.08335
-1.08335
-1.08334
-1.08334
-1.08333
-1.08333
-1.08333
-1.08332
-1.08332
-1.08332
-1.08331
-1.08331
-1.0833
-1.0833
-1.08329
-1.08329
-1.08328
-1.08328
-1.08327
-1.08326
-1.08326
-1.08325
-1.08325
-1.08324
-1.08324
-1.08323
-1.08323
-1.08323
-1.08322
-1.08322
-1.08321
-1.08321
-1.08321
-1.18173
-1.18173
-1.18174
-1.18174
-1.18175
-1.18176
-1.18176
-1.18177
-1.18178
-1.18179
-1.1818
-1.18182
-1.18183
-1.18183
-1.18183
-1.18183
-1.18183
-1.18183
-1.18183
-1.18183
-1.18183
-1.18182
-1.18182
-1.18182
-1.18182
-1.18182
-1.18182
-1.18182
-1.18182
-1.18182
-1.18182
-1.18183
-1.18183
-1.18184
-1.18185
-1.18186
-1.18187
-1.18187
-1.18188
-1.18189
-1.18189
-1.18189
-1.18189
-1.1819
-1.1819
-1.1819
-1.1819
-1.1819
-1.1819
-1.18188
-1.18187
-1.18186
-1.18186
-1.18185
-1.18185
-1.18184
-1.18184
-1.18185
-1.18186
-1.18187
-1.18187
-1.18187
-1.18187
-1.18186
-1.18186
-1.18185
-1.18184
-1.18184
-1.18184
-1.18183
-1.18183
-1.18182
-1.18182
-1.18182
-1.18181
-1.18181
-1.18181
-1.1818
-1.1818
-1.1818
-1.18179
-1.18179
-1.18178
-1.18178
-1.18177
-1.18176
-1.18176
-1.18175
-1.18175
-1.18174
-1.18174
-1.18173
-1.18173
-1.18172
-1.18172
-1.18172
-1.18171
-1.18171
-1.18171
-1.18171
-1.28021
-1.28021
-1.28022
-1.28022
-1.28023
-1.28024
-1.28024
-1.28025
-1.28026
-1.28027
-1.28028
-1.2803
-1.28031
-1.28031
-1.28032
-1.28032
-1.28032
-1.28032
-1.28032
-1.28032
-1.28032
-1.28032
-1.28032
-1.28032
-1.28031
-1.28031
-1.28031
-1.28031
-1.28032
-1.28032
-1.28032
-1.28033
-1.28033
-1.28034
-1.28035
-1.28036
-1.28037
-1.28037
-1.28038
-1.28038
-1.28038
-1.28039
-1.28039
-1.28039
-1.28039
-1.28039
-1.28039
-1.28039
-1.28038
-1.28037
-1.28036
-1.28035
-1.28034
-1.28033
-1.28033
-1.28032
-1.28032
-1.28032
-1.28033
-1.28034
-1.28034
-1.28034
-1.28034
-1.28034
-1.28034
-1.28033
-1.28033
-1.28033
-1.28032
-1.28032
-1.28032
-1.28031
-1.28031
-1.28031
-1.28031
-1.2803
-1.2803
-1.2803
-1.28029
-1.28029
-1.28028
-1.28028
-1.28027
-1.28027
-1.28026
-1.28026
-1.28025
-1.28025
-1.28024
-1.28024
-1.28023
-1.28023
-1.28022
-1.28022
-1.28022
-1.28021
-1.28021
-1.28021
-1.28021
-1.2802
-1.3787
-1.3787
-1.3787
-1.37871
-1.37871
-1.37872
-1.37873
-1.37874
-1.37875
-1.37876
-1.37877
-1.37878
-1.37879
-1.3788
-1.37881
-1.37881
-1.37881
-1.37881
-1.37881
-1.37881
-1.37881
-1.37881
-1.37881
-1.37881
-1.37881
-1.37881
-1.37881
-1.37881
-1.37881
-1.37881
-1.37882
-1.37883
-1.37883
-1.37884
-1.37885
-1.37886
-1.37886
-1.37887
-1.37887
-1.37887
-1.37887
-1.37888
-1.37888
-1.37887
-1.37887
-1.37887
-1.37887
-1.37887
-1.37886
-1.37885
-1.37884
-1.37883
-1.37882
-1.37882
-1.37881
-1.3788
-1.3788
-1.3788
-1.37881
-1.37881
-1.37882
-1.37882
-1.37882
-1.37882
-1.37882
-1.37882
-1.37882
-1.37881
-1.37881
-1.37881
-1.37881
-1.3788
-1.3788
-1.3788
-1.3788
-1.37879
-1.37879
-1.37879
-1.37878
-1.37878
-1.37878
-1.37877
-1.37877
-1.37876
-1.37876
-1.37875
-1.37875
-1.37874
-1.37874
-1.37873
-1.37873
-1.37872
-1.37872
-1.37872
-1.37871
-1.37871
-1.37871
-1.37871
-1.3787
-1.3787
-1.47719
-1.47719
-1.47719
-1.4772
-1.4772
-1.47721
-1.47722
-1.47722
-1.47723
-1.47724
-1.47726
-1.47727
-1.47728
-1.47729
-1.4773
-1.4773
-1.4773
-1.47731
-1.47731
-1.47731
-1.47731
-1.47731
-1.47731
-1.47731
-1.47731
-1.47731
-1.47731
-1.47731
-1.47731
-1.47731
-1.47732
-1.47732
-1.47733
-1.47734
-1.47735
-1.47735
-1.47736
-1.47736
-1.47736
-1.47736
-1.47736
-1.47736
-1.47736
-1.47736
-1.47736
-1.47736
-1.47735
-1.47735
-1.47734
-1.47733
-1.47732
-1.47731
-1.47731
-1.4773
-1.4773
-1.47729
-1.47729
-1.47729
-1.47729
-1.47729
-1.4773
-1.4773
-1.4773
-1.4773
-1.4773
-1.4773
-1.4773
-1.4773
-1.4773
-1.4773
-1.47729
-1.47729
-1.47729
-1.47729
-1.47729
-1.47728
-1.47728
-1.47728
-1.47728
-1.47727
-1.47727
-1.47727
-1.47726
-1.47726
-1.47725
-1.47725
-1.47724
-1.47724
-1.47723
-1.47723
-1.47722
-1.47722
-1.47722
-1.47721
-1.47721
-1.47721
-1.4772
-1.4772
-1.4772
-1.4772
-1.57568
-1.57569
-1.57569
-1.57569
-1.5757
-1.5757
-1.57571
-1.57572
-1.57573
-1.57574
-1.57575
-1.57576
-1.57577
-1.57578
-1.57579
-1.57579
-1.5758
-1.5758
-1.5758
-1.5758
-1.5758
-1.5758
-1.5758
-1.5758
-1.5758
-1.5758
-1.5758
-1.5758
-1.5758
-1.57581
-1.57581
-1.57582
-1.57583
-1.57583
-1.57584
-1.57585
-1.57585
-1.57585
-1.57585
-1.57585
-1.57585
-1.57585
-1.57585
-1.57584
-1.57584
-1.57584
-1.57583
-1.57583
-1.57582
-1.57581
-1.5758
-1.57579
-1.57579
-1.57579
-1.57578
-1.57578
-1.57577
-1.57577
-1.57577
-1.57578
-1.57578
-1.57578
-1.57578
-1.57579
-1.57579
-1.57579
-1.57579
-1.57579
-1.57579
-1.57578
-1.57578
-1.57578
-1.57578
-1.57578
-1.57578
-1.57578
-1.57577
-1.57577
-1.57577
-1.57577
-1.57576
-1.57576
-1.57575
-1.57575
-1.57575
-1.57574
-1.57574
-1.57573
-1.57573
-1.57572
-1.57572
-1.57572
-1.57571
-1.57571
-1.57571
-1.5757
-1.5757
-1.5757
-1.5757
-1.5757
-1.67418
-1.67418
-1.67419
-1.67419
-1.67419
-1.6742
-1.67421
-1.67421
-1.67422
-1.67423
-1.67424
-1.67425
-1.67426
-1.67427
-1.67428
-1.67429
-1.67429
-1.67429
-1.6743
-1.6743
-1.6743
-1.6743
-1.6743
-1.6743
-1.6743
-1.6743
-1.6743
-1.6743
-1.6743
-1.6743
-1.67431
-1.67431
-1.67432
-1.67433
-1.67433
-1.67434
-1.67434
-1.67434
-1.67434
-1.67433
-1.67433
-1.67433
-1.67433
-1.67433
-1.67432
-1.67432
-1.67432
-1.67431
-1.6743
-1.67429
-1.67429
-1.67428
-1.67427
-1.67427
-1.67427
-1.67426
-1.67426
-1.67426
-1.67426
-1.67426
-1.67426
-1.67427
-1.67427
-1.67427
-1.67427
-1.67427
-1.67427
-1.67427
-1.67427
-1.67427
-1.67427
-1.67427
-1.67427
-1.67427
-1.67427
-1.67427
-1.67427
-1.67426
-1.67426
-1.67426
-1.67426
-1.67425
-1.67425
-1.67424
-1.67424
-1.67424
-1.67423
-1.67423
-1.67422
-1.67422
-1.67422
-1.67421
-1.67421
-1.67421
-1.6742
-1.6742
-1.6742
-1.6742
-1.6742
-1.6742
-1.77268
-1.77268
-1.77268
-1.77269
-1.77269
-1.7727
-1.7727
-1.77271
-1.77272
-1.77273
-1.77274
-1.77275
-1.77276
-1.77277
-1.77277
-1.77278
-1.77278
-1.77279
-1.77279
-1.77279
-1.77279
-1.77279
-1.77279
-1.77279
-1.77279
-1.77279
-1.77279
-1.77279
-1.77279
-1.7728
-1.7728
-1.77281
-1.77281
-1.77282
-1.77282
-1.77282
-1.77282
-1.77282
-1.77282
-1.77282
-1.77282
-1.77281
-1.77281
-1.77281
-1.77281
-1.7728
-1.7728
-1.77279
-1.77279
-1.77278
-1.77277
-1.77277
-1.77276
-1.77276
-1.77275
-1.77275
-1.77275
-1.77275
-1.77275
-1.77275
-1.77275
-1.77275
-1.77276
-1.77276
-1.77276
-1.77276
-1.77276
-1.77276
-1.77276
-1.77276
-1.77276
-1.77276
-1.77276
-1.77276
-1.77276
-1.77276
-1.77276
-1.77276
-1.77275
-1.77275
-1.77275
-1.77275
-1.77274
-1.77274
-1.77274
-1.77273
-1.77273
-1.77272
-1.77272
-1.77272
-1.77271
-1.77271
-1.77271
-1.77271
-1.7727
-1.7727
-1.7727
-1.7727
-1.7727
-1.77269
-1.87118
-1.87118
-1.87118
-1.87119
-1.87119
-1.8712
-1.8712
-1.87121
-1.87122
-1.87123
-1.87124
-1.87125
-1.87125
-1.87126
-1.87127
-1.87127
-1.87128
-1.87128
-1.87128
-1.87128
-1.87129
-1.87129
-1.87128
-1.87128
-1.87128
-1.87128
-1.87128
-1.87128
-1.87129
-1.87129
-1.87129
-1.8713
-1.87131
-1.87131
-1.87131
-1.87131
-1.87131
-1.87131
-1.87131
-1.8713
-1.8713
-1.8713
-1.87129
-1.87129
-1.87129
-1.87128
-1.87128
-1.87128
-1.87127
-1.87127
-1.87126
-1.87126
-1.87125
-1.87125
-1.87124
-1.87124
-1.87124
-1.87124
-1.87124
-1.87124
-1.87124
-1.87124
-1.87124
-1.87124
-1.87125
-1.87125
-1.87125
-1.87125
-1.87125
-1.87125
-1.87125
-1.87125
-1.87125
-1.87125
-1.87125
-1.87125
-1.87125
-1.87125
-1.87125
-1.87125
-1.87124
-1.87124
-1.87124
-1.87124
-1.87123
-1.87123
-1.87123
-1.87122
-1.87122
-1.87122
-1.87121
-1.87121
-1.87121
-1.8712
-1.8712
-1.8712
-1.8712
-1.8712
-1.8712
-1.87119
-1.96968
-1.96968
-1.96968
-1.96969
-1.96969
-1.9697
-1.9697
-1.96971
-1.96972
-1.96973
-1.96974
-1.96974
-1.96975
-1.96976
-1.96976
-1.96977
-1.96977
-1.96978
-1.96978
-1.96978
-1.96978
-1.96978
-1.96978
-1.96978
-1.96978
-1.96978
-1.96978
-1.96978
-1.96978
-1.96978
-1.96978
-1.96979
-1.96979
-1.9698
-1.9698
-1.9698
-1.96979
-1.96979
-1.96979
-1.96979
-1.96979
-1.96978
-1.96978
-1.96977
-1.96977
-1.96977
-1.96977
-1.96976
-1.96976
-1.96975
-1.96975
-1.96975
-1.96974
-1.96974
-1.96973
-1.96973
-1.96973
-1.96973
-1.96973
-1.96973
-1.96973
-1.96973
-1.96973
-1.96973
-1.96973
-1.96973
-1.96974
-1.96974
-1.96974
-1.96974
-1.96974
-1.96974
-1.96974
-1.96974
-1.96974
-1.96974
-1.96974
-1.96974
-1.96974
-1.96974
-1.96974
-1.96974
-1.96973
-1.96973
-1.96973
-1.96973
-1.96972
-1.96972
-1.96972
-1.96971
-1.96971
-1.96971
-1.96971
-1.9697
-1.9697
-1.9697
-1.9697
-1.9697
-1.96969
-1.96969
-2.06818
-2.06818
-2.06818
-2.06819
-2.06819
-2.0682
-2.0682
-2.06821
-2.06822
-2.06823
-2.06823
-2.06824
-2.06825
-2.06826
-2.06826
-2.06827
-2.06827
-2.06827
-2.06827
-2.06827
-2.06827
-2.06827
-2.06827
-2.06827
-2.06827
-2.06827
-2.06827
-2.06827
-2.06827
-2.06827
-2.06827
-2.06828
-2.06828
-2.06828
-2.06828
-2.06828
-2.06828
-2.06828
-2.06828
-2.06827
-2.06827
-2.06827
-2.06826
-2.06826
-2.06826
-2.06825
-2.06825
-2.06825
-2.06825
-2.06824
-2.06824
-2.06824
-2.06823
-2.06823
-2.06823
-2.06822
-2.06822
-2.06822
-2.06822
-2.06822
-2.06822
-2.06822
-2.06822
-2.06822
-2.06822
-2.06822
-2.06822
-2.06822
-2.06823
-2.06823
-2.06823
-2.06823
-2.06823
-2.06823
-2.06823
-2.06823
-2.06824
-2.06824
-2.06824
-2.06824
-2.06823
-2.06823
-2.06823
-2.06823
-2.06823
-2.06823
-2.06822
-2.06822
-2.06822
-2.06821
-2.06821
-2.06821
-2.06821
-2.0682
-2.0682
-2.0682
-2.0682
-2.0682
-2.0682
-2.06819
-2.16668
-2.16668
-2.16668
-2.16669
-2.16669
-2.1667
-2.1667
-2.16671
-2.16672
-2.16672
-2.16673
-2.16674
-2.16675
-2.16675
-2.16676
-2.16676
-2.16677
-2.16677
-2.16677
-2.16677
-2.16677
-2.16677
-2.16676
-2.16676
-2.16676
-2.16676
-2.16676
-2.16676
-2.16676
-2.16676
-2.16676
-2.16677
-2.16677
-2.16677
-2.16677
-2.16677
-2.16676
-2.16676
-2.16676
-2.16676
-2.16676
-2.16675
-2.16675
-2.16674
-2.16674
-2.16674
-2.16674
-2.16674
-2.16673
-2.16673
-2.16673
-2.16673
-2.16672
-2.16672
-2.16672
-2.16671
-2.16671
-2.16671
-2.16671
-2.16671
-2.1667
-2.1667
-2.16671
-2.16671
-2.16671
-2.16671
-2.16671
-2.16671
-2.16672
-2.16672
-2.16672
-2.16672
-2.16672
-2.16672
-2.16673
-2.16673
-2.16673
-2.16673
-2.16673
-2.16673
-2.16673
-2.16673
-2.16673
-2.16673
-2.16673
-2.16673
-2.16672
-2.16672
-2.16672
-2.16671
-2.16671
-2.16671
-2.16671
-2.1667
-2.1667
-2.1667
-2.1667
-2.1667
-2.1667
-2.16669
-2.26518
-2.26518
-2.26518
-2.26518
-2.26519
-2.26519
-2.2652
-2.26521
-2.26522
-2.26522
-2.26523
-2.26524
-2.26524
-2.26525
-2.26525
-2.26526
-2.26526
-2.26526
-2.26526
-2.26526
-2.26526
-2.26526
-2.26526
-2.26525
-2.26525
-2.26525
-2.26525
-2.26525
-2.26525
-2.26525
-2.26525
-2.26525
-2.26525
-2.26525
-2.26525
-2.26525
-2.26525
-2.26525
-2.26525
-2.26525
-2.26524
-2.26524
-2.26524
-2.26523
-2.26523
-2.26523
-2.26522
-2.26522
-2.26522
-2.26522
-2.26522
-2.26522
-2.26521
-2.26521
-2.26521
-2.2652
-2.2652
-2.2652
-2.2652
-2.26519
-2.26519
-2.26519
-2.26519
-2.26519
-2.2652
-2.2652
-2.2652
-2.2652
-2.2652
-2.26521
-2.26521
-2.26521
-2.26522
-2.26522
-2.26522
-2.26522
-2.26523
-2.26523
-2.26523
-2.26523
-2.26523
-2.26523
-2.26523
-2.26523
-2.26523
-2.26523
-2.26522
-2.26522
-2.26522
-2.26522
-2.26521
-2.26521
-2.26521
-2.26521
-2.2652
-2.2652
-2.2652
-2.2652
-2.2652
-2.26519
-2.36368
-2.36368
-2.36368
-2.36368
-2.36369
-2.36369
-2.3637
-2.3637
-2.36371
-2.36372
-2.36373
-2.36373
-2.36374
-2.36374
-2.36375
-2.36375
-2.36376
-2.36376
-2.36376
-2.36376
-2.36375
-2.36375
-2.36375
-2.36374
-2.36374
-2.36374
-2.36374
-2.36373
-2.36373
-2.36373
-2.36374
-2.36374
-2.36374
-2.36374
-2.36373
-2.36373
-2.36373
-2.36373
-2.36373
-2.36373
-2.36373
-2.36373
-2.36372
-2.36372
-2.36372
-2.36371
-2.36371
-2.36371
-2.36371
-2.36371
-2.36371
-2.3637
-2.3637
-2.3637
-2.3637
-2.36369
-2.36369
-2.36369
-2.36368
-2.36368
-2.36368
-2.36368
-2.36368
-2.36368
-2.36368
-2.36369
-2.36369
-2.36369
-2.3637
-2.3637
-2.3637
-2.36371
-2.36371
-2.36371
-2.36372
-2.36372
-2.36372
-2.36373
-2.36373
-2.36373
-2.36373
-2.36373
-2.36373
-2.36373
-2.36373
-2.36373
-2.36372
-2.36372
-2.36372
-2.36372
-2.36371
-2.36371
-2.36371
-2.36371
-2.3637
-2.3637
-2.3637
-2.3637
-2.3637
-2.3637
-2.46217
-2.46217
-2.46218
-2.46218
-2.46218
-2.46219
-2.46219
-2.4622
-2.46221
-2.46222
-2.46222
-2.46223
-2.46223
-2.46224
-2.46224
-2.46225
-2.46225
-2.46225
-2.46225
-2.46225
-2.46224
-2.46224
-2.46224
-2.46223
-2.46223
-2.46223
-2.46222
-2.46222
-2.46222
-2.46222
-2.46222
-2.46222
-2.46222
-2.46222
-2.46222
-2.46222
-2.46222
-2.46222
-2.46222
-2.46222
-2.46222
-2.46221
-2.46221
-2.46221
-2.4622
-2.4622
-2.4622
-2.4622
-2.4622
-2.4622
-2.4622
-2.46219
-2.46219
-2.46219
-2.46218
-2.46218
-2.46218
-2.46218
-2.46217
-2.46217
-2.46217
-2.46217
-2.46217
-2.46217
-2.46217
-2.46218
-2.46218
-2.46218
-2.46219
-2.46219
-2.4622
-2.4622
-2.46221
-2.46221
-2.46221
-2.46222
-2.46222
-2.46222
-2.46223
-2.46223
-2.46223
-2.46223
-2.46223
-2.46223
-2.46223
-2.46223
-2.46223
-2.46222
-2.46222
-2.46222
-2.46222
-2.46221
-2.46221
-2.46221
-2.46221
-2.4622
-2.4622
-2.4622
-2.4622
-2.4622
-2.56067
-2.56067
-2.56067
-2.56067
-2.56068
-2.56068
-2.56069
-2.5607
-2.5607
-2.56071
-2.56072
-2.56072
-2.56073
-2.56073
-2.56074
-2.56074
-2.56074
-2.56074
-2.56074
-2.56074
-2.56074
-2.56073
-2.56073
-2.56072
-2.56072
-2.56071
-2.56071
-2.56071
-2.5607
-2.5607
-2.5607
-2.5607
-2.5607
-2.5607
-2.5607
-2.5607
-2.5607
-2.5607
-2.5607
-2.5607
-2.5607
-2.5607
-2.5607
-2.56069
-2.56069
-2.56069
-2.56069
-2.56069
-2.56069
-2.56069
-2.56068
-2.56068
-2.56068
-2.56068
-2.56067
-2.56067
-2.56067
-2.56067
-2.56066
-2.56066
-2.56066
-2.56066
-2.56066
-2.56066
-2.56067
-2.56067
-2.56067
-2.56068
-2.56068
-2.56069
-2.56069
-2.5607
-2.5607
-2.56071
-2.56071
-2.56072
-2.56072
-2.56072
-2.56073
-2.56073
-2.56073
-2.56073
-2.56073
-2.56073
-2.56073
-2.56073
-2.56073
-2.56073
-2.56072
-2.56072
-2.56072
-2.56072
-2.56071
-2.56071
-2.56071
-2.5607
-2.5607
-2.5607
-2.5607
-2.5607
-2.65916
-2.65916
-2.65916
-2.65917
-2.65917
-2.65918
-2.65918
-2.65919
-2.6592
-2.6592
-2.65921
-2.65922
-2.65922
-2.65923
-2.65923
-2.65923
-2.65923
-2.65923
-2.65923
-2.65923
-2.65922
-2.65922
-2.65921
-2.65921
-2.6592
-2.6592
-2.65919
-2.65919
-2.65919
-2.65919
-2.65919
-2.65919
-2.65919
-2.65918
-2.65918
-2.65918
-2.65918
-2.65919
-2.65919
-2.65919
-2.65919
-2.65919
-2.65918
-2.65918
-2.65918
-2.65918
-2.65918
-2.65918
-2.65918
-2.65917
-2.65917
-2.65917
-2.65917
-2.65917
-2.65916
-2.65916
-2.65916
-2.65916
-2.65915
-2.65915
-2.65915
-2.65915
-2.65915
-2.65915
-2.65916
-2.65916
-2.65917
-2.65917
-2.65918
-2.65918
-2.65919
-2.65919
-2.6592
-2.65921
-2.65921
-2.65921
-2.65922
-2.65922
-2.65923
-2.65923
-2.65923
-2.65923
-2.65923
-2.65923
-2.65923
-2.65923
-2.65923
-2.65923
-2.65923
-2.65922
-2.65922
-2.65922
-2.65921
-2.65921
-2.65921
-2.65921
-2.6592
-2.6592
-2.6592
-2.6592
-2.75766
-2.75766
-2.75766
-2.75766
-2.75766
-2.75767
-2.75767
-2.75768
-2.75769
-2.75769
-2.7577
-2.75771
-2.75771
-2.75772
-2.75772
-2.75772
-2.75772
-2.75772
-2.75772
-2.75772
-2.75771
-2.75771
-2.7577
-2.75769
-2.75769
-2.75768
-2.75768
-2.75767
-2.75767
-2.75767
-2.75767
-2.75767
-2.75767
-2.75767
-2.75767
-2.75767
-2.75767
-2.75767
-2.75767
-2.75767
-2.75767
-2.75767
-2.75767
-2.75767
-2.75767
-2.75767
-2.75767
-2.75766
-2.75766
-2.75766
-2.75766
-2.75766
-2.75766
-2.75765
-2.75765
-2.75765
-2.75765
-2.75765
-2.75764
-2.75764
-2.75764
-2.75764
-2.75765
-2.75765
-2.75765
-2.75766
-2.75766
-2.75767
-2.75768
-2.75768
-2.75769
-2.75769
-2.7577
-2.7577
-2.75771
-2.75771
-2.75772
-2.75772
-2.75773
-2.75773
-2.75773
-2.75773
-2.75773
-2.75773
-2.75773
-2.75773
-2.75773
-2.75773
-2.75773
-2.75772
-2.75772
-2.75772
-2.75772
-2.75771
-2.75771
-2.75771
-2.7577
-2.7577
-2.7577
-2.7577
-2.85615
-2.85615
-2.85615
-2.85615
-2.85615
-2.85616
-2.85616
-2.85617
-2.85618
-2.85618
-2.85619
-2.8562
-2.8562
-2.85621
-2.85621
-2.85621
-2.85621
-2.85621
-2.85621
-2.8562
-2.8562
-2.85619
-2.85618
-2.85618
-2.85617
-2.85617
-2.85616
-2.85616
-2.85615
-2.85615
-2.85615
-2.85615
-2.85615
-2.85615
-2.85615
-2.85615
-2.85615
-2.85615
-2.85615
-2.85615
-2.85616
-2.85616
-2.85616
-2.85616
-2.85615
-2.85615
-2.85615
-2.85615
-2.85615
-2.85615
-2.85615
-2.85615
-2.85615
-2.85614
-2.85614
-2.85614
-2.85614
-2.85614
-2.85614
-2.85614
-2.85614
-2.85614
-2.85614
-2.85614
-2.85615
-2.85615
-2.85616
-2.85617
-2.85617
-2.85618
-2.85618
-2.85619
-2.8562
-2.8562
-2.85621
-2.85621
-2.85622
-2.85622
-2.85623
-2.85623
-2.85623
-2.85623
-2.85623
-2.85623
-2.85623
-2.85623
-2.85623
-2.85623
-2.85623
-2.85623
-2.85622
-2.85622
-2.85622
-2.85621
-2.85621
-2.85621
-2.8562
-2.8562
-2.8562
-2.8562
-2.95464
-2.95464
-2.95464
-2.95464
-2.95465
-2.95465
-2.95465
-2.95466
-2.95467
-2.95467
-2.95468
-2.95468
-2.95469
-2.95469
-2.9547
-2.9547
-2.9547
-2.95469
-2.95469
-2.95469
-2.95468
-2.95468
-2.95467
-2.95466
-2.95466
-2.95465
-2.95464
-2.95464
-2.95464
-2.95464
-2.95463
-2.95463
-2.95463
-2.95463
-2.95463
-2.95463
-2.95463
-2.95464
-2.95464
-2.95464
-2.95464
-2.95464
-2.95464
-2.95464
-2.95464
-2.95464
-2.95464
-2.95464
-2.95464
-2.95464
-2.95464
-2.95464
-2.95464
-2.95463
-2.95463
-2.95463
-2.95463
-2.95463
-2.95463
-2.95463
-2.95463
-2.95463
-2.95464
-2.95464
-2.95465
-2.95465
-2.95466
-2.95466
-2.95467
-2.95468
-2.95468
-2.95469
-2.9547
-2.9547
-2.95471
-2.95471
-2.95472
-2.95472
-2.95473
-2.95473
-2.95473
-2.95473
-2.95473
-2.95474
-2.95473
-2.95473
-2.95473
-2.95473
-2.95473
-2.95473
-2.95472
-2.95472
-2.95472
-2.95471
-2.95471
-2.95471
-2.9547
-2.9547
-2.9547
-2.9547
-3.05313
-3.05313
-3.05313
-3.05313
-3.05313
-3.05314
-3.05314
-3.05315
-3.05315
-3.05316
-3.05317
-3.05317
-3.05318
-3.05318
-3.05318
-3.05318
-3.05318
-3.05318
-3.05318
-3.05317
-3.05317
-3.05316
-3.05315
-3.05315
-3.05314
-3.05313
-3.05313
-3.05312
-3.05312
-3.05312
-3.05312
-3.05312
-3.05312
-3.05312
-3.05312
-3.05312
-3.05312
-3.05312
-3.05312
-3.05312
-3.05312
-3.05313
-3.05313
-3.05313
-3.05313
-3.05313
-3.05313
-3.05313
-3.05313
-3.05313
-3.05313
-3.05313
-3.05313
-3.05312
-3.05312
-3.05312
-3.05312
-3.05312
-3.05312
-3.05312
-3.05313
-3.05313
-3.05313
-3.05314
-3.05314
-3.05315
-3.05316
-3.05316
-3.05317
-3.05317
-3.05318
-3.05319
-3.05319
-3.0532
-3.05321
-3.05321
-3.05322
-3.05322
-3.05322
-3.05323
-3.05323
-3.05323
-3.05323
-3.05324
-3.05324
-3.05323
-3.05323
-3.05323
-3.05323
-3.05323
-3.05322
-3.05322
-3.05321
-3.05321
-3.05321
-3.0532
-3.0532
-3.0532
-3.0532
-3.0532
-3.15162
-3.15162
-3.15162
-3.15162
-3.15162
-3.15163
-3.15163
-3.15164
-3.15164
-3.15165
-3.15165
-3.15166
-3.15166
-3.15166
-3.15167
-3.15167
-3.15167
-3.15166
-3.15166
-3.15165
-3.15165
-3.15164
-3.15164
-3.15163
-3.15162
-3.15162
-3.15161
-3.15161
-3.1516
-3.1516
-3.1516
-3.1516
-3.1516
-3.1516
-3.1516
-3.1516
-3.1516
-3.1516
-3.15161
-3.15161
-3.15161
-3.15161
-3.15162
-3.15162
-3.15162
-3.15162
-3.15162
-3.15162
-3.15162
-3.15162
-3.15162
-3.15162
-3.15162
-3.15162
-3.15162
-3.15162
-3.15161
-3.15161
-3.15162
-3.15162
-3.15162
-3.15162
-3.15163
-3.15163
-3.15164
-3.15165
-3.15165
-3.15166
-3.15167
-3.15167
-3.15168
-3.15169
-3.15169
-3.1517
-3.1517
-3.15171
-3.15172
-3.15172
-3.15172
-3.15173
-3.15173
-3.15173
-3.15173
-3.15174
-3.15174
-3.15173
-3.15173
-3.15173
-3.15173
-3.15172
-3.15172
-3.15172
-3.15171
-3.15171
-3.1517
-3.1517
-3.1517
-3.1517
-3.1517
-3.15169
-3.25011
-3.25011
-3.25011
-3.25011
-3.25011
-3.25011
-3.25012
-3.25012
-3.25013
-3.25013
-3.25014
-3.25014
-3.25015
-3.25015
-3.25015
-3.25015
-3.25015
-3.25015
-3.25014
-3.25014
-3.25013
-3.25012
-3.25012
-3.25011
-3.25011
-3.2501
-3.25009
-3.25009
-3.25009
-3.25008
-3.25008
-3.25008
-3.25008
-3.25008
-3.25008
-3.25009
-3.25009
-3.25009
-3.25009
-3.25009
-3.2501
-3.2501
-3.2501
-3.25011
-3.25011
-3.25011
-3.25011
-3.25011
-3.25011
-3.25011
-3.25011
-3.25011
-3.25011
-3.25011
-3.25011
-3.25011
-3.25011
-3.25011
-3.25011
-3.25011
-3.25012
-3.25012
-3.25013
-3.25013
-3.25014
-3.25014
-3.25015
-3.25016
-3.25016
-3.25017
-3.25018
-3.25018
-3.25019
-3.2502
-3.2502
-3.25021
-3.25021
-3.25022
-3.25022
-3.25023
-3.25023
-3.25023
-3.25023
-3.25023
-3.25023
-3.25023
-3.25023
-3.25023
-3.25023
-3.25022
-3.25022
-3.25021
-3.25021
-3.25021
-3.2502
-3.2502
-3.2502
-3.25019
-3.25019
-3.25019
-3.3486
-3.3486
-3.3486
-3.3486
-3.3486
-3.3486
-3.3486
-3.34861
-3.34861
-3.34862
-3.34862
-3.34863
-3.34863
-3.34863
-3.34863
-3.34863
-3.34863
-3.34863
-3.34862
-3.34862
-3.34861
-3.34861
-3.3486
-3.3486
-3.34859
-3.34858
-3.34858
-3.34857
-3.34857
-3.34857
-3.34857
-3.34857
-3.34857
-3.34857
-3.34857
-3.34857
-3.34857
-3.34857
-3.34858
-3.34858
-3.34858
-3.34859
-3.34859
-3.34859
-3.3486
-3.3486
-3.3486
-3.3486
-3.3486
-3.3486
-3.3486
-3.3486
-3.3486
-3.3486
-3.3486
-3.3486
-3.3486
-3.3486
-3.3486
-3.34861
-3.34861
-3.34862
-3.34862
-3.34863
-3.34863
-3.34864
-3.34865
-3.34865
-3.34866
-3.34867
-3.34867
-3.34868
-3.34869
-3.34869
-3.3487
-3.34871
-3.34871
-3.34872
-3.34872
-3.34873
-3.34873
-3.34873
-3.34873
-3.34873
-3.34873
-3.34873
-3.34873
-3.34873
-3.34872
-3.34872
-3.34871
-3.34871
-3.34871
-3.3487
-3.3487
-3.34869
-3.34869
-3.34869
-3.34869
-3.34869
-3.44709
-3.44709
-3.44709
-3.44709
-3.44709
-3.44709
-3.44709
-3.44709
-3.4471
-3.4471
-3.44711
-3.44711
-3.44711
-3.44712
-3.44712
-3.44712
-3.44711
-3.44711
-3.44711
-3.4471
-3.4471
-3.44709
-3.44709
-3.44708
-3.44707
-3.44707
-3.44706
-3.44706
-3.44706
-3.44705
-3.44705
-3.44705
-3.44705
-3.44705
-3.44706
-3.44706
-3.44706
-3.44706
-3.44706
-3.44707
-3.44707
-3.44708
-3.44708
-3.44709
-3.44709
-3.44709
-3.44709
-3.44709
-3.44709
-3.44709
-3.44709
-3.44709
-3.44709
-3.44709
-3.44709
-3.44709
-3.44709
-3.4471
-3.4471
-3.4471
-3.44711
-3.44711
-3.44712
-3.44712
-3.44713
-3.44714
-3.44714
-3.44715
-3.44716
-3.44716
-3.44717
-3.44718
-3.44718
-3.44719
-3.4472
-3.4472
-3.44721
-3.44722
-3.44722
-3.44722
-3.44723
-3.44723
-3.44723
-3.44723
-3.44723
-3.44723
-3.44722
-3.44722
-3.44722
-3.44721
-3.44721
-3.4472
-3.4472
-3.44719
-3.44719
-3.44719
-3.44718
-3.44718
-3.44718
-3.44718
-3.54558
-3.54558
-3.54557
-3.54558
-3.54558
-3.54558
-3.54558
-3.54558
-3.54558
-3.54559
-3.54559
-3.54559
-3.5456
-3.5456
-3.5456
-3.5456
-3.5456
-3.54559
-3.54559
-3.54559
-3.54558
-3.54558
-3.54557
-3.54556
-3.54556
-3.54555
-3.54555
-3.54555
-3.54554
-3.54554
-3.54554
-3.54554
-3.54554
-3.54554
-3.54554
-3.54554
-3.54555
-3.54555
-3.54555
-3.54556
-3.54556
-3.54557
-3.54557
-3.54558
-3.54558
-3.54558
-3.54558
-3.54558
-3.54558
-3.54558
-3.54558
-3.54558
-3.54558
-3.54558
-3.54558
-3.54559
-3.54559
-3.54559
-3.54559
-3.5456
-3.5456
-3.54561
-3.54561
-3.54562
-3.54563
-3.54563
-3.54564
-3.54565
-3.54565
-3.54566
-3.54567
-3.54567
-3.54568
-3.54569
-3.5457
-3.5457
-3.54571
-3.54571
-3.54572
-3.54572
-3.54572
-3.54572
-3.54573
-3.54573
-3.54572
-3.54572
-3.54572
-3.54572
-3.54571
-3.54571
-3.5457
-3.5457
-3.54569
-3.54569
-3.54568
-3.54568
-3.54568
-3.54567
-3.54567
-3.54567
-3.64406
-3.64406
-3.64406
-3.64406
-3.64406
-3.64406
-3.64407
-3.64407
-3.64407
-3.64407
-3.64408
-3.64408
-3.64408
-3.64408
-3.64408
-3.64408
-3.64408
-3.64408
-3.64408
-3.64407
-3.64407
-3.64406
-3.64406
-3.64405
-3.64405
-3.64404
-3.64404
-3.64403
-3.64403
-3.64403
-3.64403
-3.64403
-3.64403
-3.64403
-3.64403
-3.64403
-3.64403
-3.64404
-3.64404
-3.64405
-3.64405
-3.64406
-3.64406
-3.64407
-3.64407
-3.64407
-3.64407
-3.64407
-3.64407
-3.64407
-3.64407
-3.64407
-3.64407
-3.64407
-3.64408
-3.64408
-3.64408
-3.64408
-3.64409
-3.64409
-3.6441
-3.6441
-3.64411
-3.64411
-3.64412
-3.64413
-3.64413
-3.64414
-3.64415
-3.64416
-3.64416
-3.64417
-3.64418
-3.64419
-3.64419
-3.6442
-3.6442
-3.64421
-3.64421
-3.64422
-3.64422
-3.64422
-3.64422
-3.64422
-3.64422
-3.64422
-3.64421
-3.64421
-3.64421
-3.6442
-3.6442
-3.64419
-3.64419
-3.64418
-3.64418
-3.64417
-3.64417
-3.64417
-3.64416
-3.64416
-3.74255
-3.74255
-3.74255
-3.74255
-3.74255
-3.74255
-3.74255
-3.74256
-3.74256
-3.74256
-3.74256
-3.74257
-3.74257
-3.74257
-3.74257
-3.74257
-3.74257
-3.74257
-3.74256
-3.74256
-3.74255
-3.74255
-3.74254
-3.74254
-3.74253
-3.74253
-3.74253
-3.74252
-3.74252
-3.74252
-3.74252
-3.74252
-3.74252
-3.74252
-3.74252
-3.74252
-3.74252
-3.74252
-3.74253
-3.74253
-3.74254
-3.74255
-3.74256
-3.74256
-3.74257
-3.74257
-3.74257
-3.74257
-3.74257
-3.74256
-3.74256
-3.74256
-3.74256
-3.74256
-3.74257
-3.74257
-3.74257
-3.74257
-3.74258
-3.74258
-3.74259
-3.7426
-3.7426
-3.74261
-3.74262
-3.74262
-3.74263
-3.74264
-3.74265
-3.74265
-3.74266
-3.74267
-3.74268
-3.74268
-3.74269
-3.74269
-3.7427
-3.7427
-3.74271
-3.74271
-3.74271
-3.74272
-3.74272
-3.74272
-3.74271
-3.74271
-3.74271
-3.7427
-3.7427
-3.74269
-3.74269
-3.74268
-3.74268
-3.74267
-3.74267
-3.74266
-3.74266
-3.74266
-3.74266
-3.74265
-3.84105
-3.84104
-3.84104
-3.84104
-3.84104
-3.84104
-3.84104
-3.84105
-3.84105
-3.84105
-3.84105
-3.84105
-3.84106
-3.84106
-3.84106
-3.84106
-3.84106
-3.84105
-3.84105
-3.84105
-3.84104
-3.84104
-3.84103
-3.84103
-3.84103
-3.84102
-3.84102
-3.84101
-3.84101
-3.84101
-3.84101
-3.84101
-3.84101
-3.84101
-3.841
-3.841
-3.84101
-3.84101
-3.84102
-3.84102
-3.84103
-3.84104
-3.84105
-3.84105
-3.84106
-3.84106
-3.84106
-3.84106
-3.84106
-3.84106
-3.84106
-3.84105
-3.84105
-3.84106
-3.84106
-3.84106
-3.84106
-3.84107
-3.84107
-3.84108
-3.84109
-3.84109
-3.8411
-3.84111
-3.84111
-3.84112
-3.84113
-3.84113
-3.84114
-3.84115
-3.84116
-3.84116
-3.84117
-3.84118
-3.84118
-3.84119
-3.8412
-3.8412
-3.8412
-3.84121
-3.84121
-3.84121
-3.84121
-3.84121
-3.84121
-3.84121
-3.8412
-3.8412
-3.84119
-3.84119
-3.84118
-3.84117
-3.84117
-3.84116
-3.84116
-3.84115
-3.84115
-3.84115
-3.84114
-3.84114
-3.93954
-3.93954
-3.93954
-3.93953
-3.93953
-3.93953
-3.93953
-3.93954
-3.93954
-3.93954
-3.93954
-3.93954
-3.93955
-3.93955
-3.93955
-3.93955
-3.93954
-3.93954
-3.93954
-3.93954
-3.93953
-3.93953
-3.93953
-3.93952
-3.93952
-3.93951
-3.93951
-3.93951
-3.9395
-3.9395
-3.9395
-3.9395
-3.9395
-3.9395
-3.93949
-3.93949
-3.93949
-3.9395
-3.9395
-3.93951
-3.93952
-3.93953
-3.93954
-3.93955
-3.93955
-3.93956
-3.93956
-3.93956
-3.93955
-3.93955
-3.93955
-3.93955
-3.93955
-3.93955
-3.93955
-3.93955
-3.93956
-3.93956
-3.93957
-3.93957
-3.93958
-3.93959
-3.93959
-3.9396
-3.93961
-3.93962
-3.93962
-3.93963
-3.93964
-3.93965
-3.93965
-3.93966
-3.93967
-3.93967
-3.93968
-3.93969
-3.93969
-3.9397
-3.9397
-3.9397
-3.9397
-3.9397
-3.9397
-3.9397
-3.9397
-3.9397
-3.93969
-3.93969
-3.93968
-3.93968
-3.93967
-3.93966
-3.93966
-3.93965
-3.93964
-3.93964
-3.93964
-3.93963
-3.93963
-3.93963
-4.03803
-4.03803
-4.03803
-4.03803
-4.03803
-4.03803
-4.03803
-4.03803
-4.03803
-4.03803
-4.03803
-4.03804
-4.03804
-4.03804
-4.03804
-4.03804
-4.03804
-4.03803
-4.03803
-4.03803
-4.03803
-4.03802
-4.03802
-4.03801
-4.03801
-4.03801
-4.038
-4.038
-4.038
-4.03799
-4.03799
-4.03799
-4.03799
-4.03799
-4.03798
-4.03798
-4.03798
-4.03798
-4.03799
-4.03799
-4.038
-4.03802
-4.03803
-4.03804
-4.03805
-4.03805
-4.03805
-4.03805
-4.03805
-4.03805
-4.03804
-4.03804
-4.03804
-4.03804
-4.03804
-4.03805
-4.03805
-4.03806
-4.03806
-4.03807
-4.03808
-4.03808
-4.03809
-4.0381
-4.0381
-4.03811
-4.03812
-4.03813
-4.03813
-4.03814
-4.03815
-4.03816
-4.03816
-4.03817
-4.03818
-4.03818
-4.03819
-4.03819
-4.03819
-4.0382
-4.0382
-4.0382
-4.0382
-4.0382
-4.03819
-4.03819
-4.03819
-4.03818
-4.03817
-4.03817
-4.03816
-4.03815
-4.03815
-4.03814
-4.03813
-4.03813
-4.03812
-4.03812
-4.03812
-4.03812
-4.13652
-4.13652
-4.13652
-4.13652
-4.13652
-4.13652
-4.13652
-4.13652
-4.13652
-4.13653
-4.13653
-4.13653
-4.13653
-4.13653
-4.13653
-4.13653
-4.13653
-4.13653
-4.13653
-4.13652
-4.13652
-4.13652
-4.13651
-4.13651
-4.1365
-4.1365
-4.1365
-4.13649
-4.13649
-4.13649
-4.13649
-4.13648
-4.13648
-4.13647
-4.13647
-4.13646
-4.13646
-4.13646
-4.13647
-4.13647
-4.13649
-4.1365
-4.13651
-4.13653
-4.13654
-4.13654
-4.13655
-4.13655
-4.13654
-4.13654
-4.13654
-4.13654
-4.13653
-4.13654
-4.13654
-4.13654
-4.13655
-4.13655
-4.13656
-4.13656
-4.13657
-4.13658
-4.13659
-4.13659
-4.1366
-4.13661
-4.13661
-4.13662
-4.13663
-4.13664
-4.13664
-4.13665
-4.13666
-4.13667
-4.13667
-4.13668
-4.13668
-4.13669
-4.13669
-4.13669
-4.13669
-4.13669
-4.13669
-4.13669
-4.13669
-4.13668
-4.13668
-4.13667
-4.13667
-4.13666
-4.13665
-4.13664
-4.13663
-4.13663
-4.13662
-4.13661
-4.13661
-4.13661
-4.1366
-4.1366
-4.23501
-4.23502
-4.23502
-4.23502
-4.23502
-4.23502
-4.23502
-4.23502
-4.23502
-4.23502
-4.23502
-4.23503
-4.23503
-4.23503
-4.23503
-4.23503
-4.23503
-4.23502
-4.23502
-4.23502
-4.23502
-4.23501
-4.23501
-4.235
-4.235
-4.235
-4.23499
-4.23499
-4.23498
-4.23498
-4.23498
-4.23497
-4.23497
-4.23496
-4.23495
-4.23494
-4.23494
-4.23494
-4.23494
-4.23495
-4.23496
-4.23498
-4.235
-4.23501
-4.23502
-4.23503
-4.23504
-4.23504
-4.23504
-4.23504
-4.23503
-4.23503
-4.23503
-4.23503
-4.23503
-4.23504
-4.23504
-4.23505
-4.23505
-4.23506
-4.23507
-4.23507
-4.23508
-4.23509
-4.2351
-4.2351
-4.23511
-4.23512
-4.23513
-4.23513
-4.23514
-4.23515
-4.23515
-4.23516
-4.23517
-4.23517
-4.23518
-4.23518
-4.23518
-4.23519
-4.23519
-4.23519
-4.23519
-4.23518
-4.23518
-4.23518
-4.23517
-4.23516
-4.23516
-4.23515
-4.23514
-4.23513
-4.23512
-4.23511
-4.2351
-4.2351
-4.23509
-4.23509
-4.23509
-4.23508
-4.3335
-4.33351
-4.33351
-4.33351
-4.33352
-4.33352
-4.33352
-4.33352
-4.33352
-4.33352
-4.33352
-4.33352
-4.33352
-4.33352
-4.33352
-4.33352
-4.33352
-4.33352
-4.33352
-4.33352
-4.33351
-4.33351
-4.3335
-4.3335
-4.3335
-4.33349
-4.33349
-4.33348
-4.33348
-4.33347
-4.33347
-4.33346
-4.33346
-4.33345
-4.33344
-4.33342
-4.33341
-4.33341
-4.33341
-4.33342
-4.33344
-4.33346
-4.33348
-4.33349
-4.33351
-4.33352
-4.33353
-4.33353
-4.33353
-4.33353
-4.33353
-4.33353
-4.33353
-4.33353
-4.33353
-4.33353
-4.33354
-4.33354
-4.33355
-4.33356
-4.33356
-4.33357
-4.33358
-4.33358
-4.33359
-4.3336
-4.33361
-4.33361
-4.33362
-4.33363
-4.33364
-4.33364
-4.33365
-4.33366
-4.33366
-4.33367
-4.33367
-4.33368
-4.33368
-4.33368
-4.33368
-4.33368
-4.33368
-4.33368
-4.33367
-4.33367
-4.33366
-4.33366
-4.33365
-4.33364
-4.33363
-4.33362
-4.33361
-4.3336
-4.33359
-4.33358
-4.33358
-4.33357
-4.33357
-4.33355
-4.43198
-4.43199
-4.432
-4.43201
-4.43201
-4.43202
-4.43202
-4.43202
-4.43202
-4.43202
-4.43202
-4.43202
-4.43202
-4.43202
-4.43202
-4.43202
-4.43202
-4.43202
-4.43202
-4.43201
-4.43201
-4.43201
-4.432
-4.432
-4.43199
-4.43199
-4.43198
-4.43198
-4.43197
-4.43196
-4.43196
-4.43195
-4.43195
-4.43193
-4.43191
-4.4319
-4.43188
-4.43187
-4.43188
-4.43189
-4.43191
-4.43193
-4.43195
-4.43197
-4.43199
-4.43201
-4.43202
-4.43202
-4.43202
-4.43202
-4.43202
-4.43202
-4.43202
-4.43202
-4.43203
-4.43203
-4.43203
-4.43204
-4.43204
-4.43205
-4.43206
-4.43207
-4.43207
-4.43208
-4.43209
-4.4321
-4.4321
-4.43211
-4.43212
-4.43213
-4.43213
-4.43214
-4.43215
-4.43215
-4.43216
-4.43216
-4.43217
-4.43217
-4.43217
-4.43217
-4.43218
-4.43217
-4.43217
-4.43217
-4.43217
-4.43216
-4.43216
-4.43215
-4.43214
-4.43213
-4.43212
-4.43211
-4.4321
-4.43209
-4.43208
-4.43207
-4.43206
-4.43205
-4.43203
-4.432
-4.53044
-4.53046
-4.53048
-4.5305
-4.53051
-4.53051
-4.53051
-4.53052
-4.53052
-4.53052
-4.53052
-4.53052
-4.53052
-4.53052
-4.53052
-4.53052
-4.53052
-4.53051
-4.53051
-4.53051
-4.5305
-4.5305
-4.5305
-4.53049
-4.53049
-4.53048
-4.53048
-4.53047
-4.53046
-4.53046
-4.53045
-4.53044
-4.53043
-4.53041
-4.53039
-4.53036
-4.53034
-4.53033
-4.53034
-4.53035
-4.53037
-4.53039
-4.53042
-4.53044
-4.53047
-4.53049
-4.5305
-4.53051
-4.53051
-4.53052
-4.53052
-4.53052
-4.53052
-4.53052
-4.53052
-4.53052
-4.53053
-4.53053
-4.53054
-4.53055
-4.53055
-4.53056
-4.53057
-4.53057
-4.53058
-4.53059
-4.5306
-4.53061
-4.53061
-4.53062
-4.53063
-4.53064
-4.53064
-4.53065
-4.53065
-4.53066
-4.53066
-4.53067
-4.53067
-4.53067
-4.53067
-4.53067
-4.53067
-4.53067
-4.53066
-4.53066
-4.53065
-4.53064
-4.53063
-4.53062
-4.53061
-4.5306
-4.53059
-4.53058
-4.53056
-4.53055
-4.53053
-4.53051
-4.53048
-4.53043
-4.62887
-4.62891
-4.62895
-4.62897
-4.62899
-4.629
-4.62901
-4.62901
-4.62901
-4.62901
-4.62901
-4.62901
-4.62901
-4.62901
-4.62901
-4.62901
-4.62901
-4.62901
-4.629
-4.629
-4.629
-4.62899
-4.62899
-4.62898
-4.62898
-4.62897
-4.62897
-4.62896
-4.62895
-4.62895
-4.62894
-4.62892
-4.62891
-4.62889
-4.62886
-4.62883
-4.62881
-4.62879
-4.62879
-4.6288
-4.62883
-4.62885
-4.62888
-4.62891
-4.62894
-4.62896
-4.62898
-4.62899
-4.629
-4.62901
-4.62901
-4.62901
-4.62901
-4.62901
-4.62901
-4.62902
-4.62902
-4.62903
-4.62903
-4.62904
-4.62904
-4.62905
-4.62906
-4.62907
-4.62907
-4.62908
-4.62909
-4.6291
-4.62911
-4.62911
-4.62912
-4.62913
-4.62913
-4.62914
-4.62915
-4.62915
-4.62916
-4.62916
-4.62916
-4.62916
-4.62916
-4.62916
-4.62916
-4.62916
-4.62915
-4.62915
-4.62914
-4.62913
-4.62912
-4.62911
-4.6291
-4.62909
-4.62908
-4.62906
-4.62904
-4.62902
-4.62899
-4.62895
-4.62888
-4.62881
-4.72728
-4.72734
-4.7274
-4.72744
-4.72747
-4.72749
-4.72749
-4.7275
-4.7275
-4.72751
-4.72751
-4.72751
-4.72751
-4.72751
-4.72751
-4.7275
-4.7275
-4.7275
-4.7275
-4.72749
-4.72749
-4.72748
-4.72748
-4.72747
-4.72747
-4.72746
-4.72746
-4.72745
-4.72744
-4.72743
-4.72742
-4.7274
-4.72738
-4.72736
-4.72733
-4.7273
-4.72727
-4.72725
-4.72725
-4.72727
-4.72729
-4.72732
-4.72735
-4.72738
-4.72741
-4.72743
-4.72745
-4.72747
-4.72748
-4.72749
-4.72749
-4.7275
-4.7275
-4.7275
-4.7275
-4.72751
-4.72751
-4.72751
-4.72752
-4.72753
-4.72753
-4.72754
-4.72755
-4.72755
-4.72756
-4.72757
-4.72758
-4.72759
-4.72759
-4.7276
-4.72761
-4.72762
-4.72762
-4.72763
-4.72764
-4.72764
-4.72764
-4.72765
-4.72765
-4.72765
-4.72765
-4.72765
-4.72765
-4.72765
-4.72764
-4.72764
-4.72763
-4.72762
-4.72762
-4.72761
-4.72759
-4.72758
-4.72757
-4.72755
-4.72752
-4.72749
-4.72745
-4.72736
-4.72724
-4.72714
-4.82567
-4.82573
-4.82582
-4.82589
-4.82593
-4.82596
-4.82597
-4.82598
-4.82599
-4.82599
-4.82599
-4.82599
-4.82599
-4.82599
-4.82599
-4.82599
-4.82599
-4.82598
-4.82598
-4.82598
-4.82597
-4.82597
-4.82596
-4.82596
-4.82595
-4.82595
-4.82594
-4.82593
-4.82592
-4.82591
-4.8259
-4.82588
-4.82586
-4.82584
-4.82581
-4.82578
-4.82575
-4.82573
-4.82572
-4.82574
-4.82576
-4.82579
-4.82582
-4.82585
-4.82588
-4.82591
-4.82593
-4.82594
-4.82596
-4.82596
-4.82597
-4.82597
-4.82598
-4.82598
-4.82598
-4.82599
-4.82599
-4.82599
-4.826
-4.826
-4.82601
-4.82602
-4.82602
-4.82603
-4.82604
-4.82605
-4.82606
-4.82606
-4.82607
-4.82608
-4.82609
-4.8261
-4.8261
-4.82611
-4.82611
-4.82612
-4.82612
-4.82613
-4.82613
-4.82613
-4.82613
-4.82613
-4.82613
-4.82613
-4.82612
-4.82612
-4.82611
-4.8261
-4.82609
-4.82608
-4.82607
-4.82605
-4.82603
-4.82601
-4.82598
-4.82593
-4.82586
-4.82573
-4.82556
-4.82544
)
;

boundaryField
{
    floor
    {
        type            calculated;
        value           nonuniform List<scalar> 
100
(
0.0492248
0.0492609
0.04923
0.0492207
0.0492247
0.0492414
0.049259
0.0492694
0.0492759
0.0492802
0.0492862
0.049289
0.0492904
0.0492944
0.049301
0.0493078
0.0493126
0.0493162
0.0493197
0.0493239
0.0493291
0.0493352
0.0493422
0.0493497
0.0493575
0.0493655
0.0493734
0.0493811
0.0493885
0.0493953
0.0494013
0.049406
0.0494092
0.0494128
0.049412
0.049403
0.0493788
0.0493437
0.0493111
0.0492884
0.0492742
0.0492658
0.0492628
0.0492633
0.0492644
0.0492632
0.0492589
0.0492518
0.0492441
0.0492379
0.0492347
0.0492351
0.0492394
0.0492446
0.049246
0.0492431
0.0492356
0.0492092
0.0492001
0.0491971
0.0491983
0.0492018
0.0492066
0.0492126
0.0492193
0.0492266
0.0492344
0.0492424
0.0492505
0.0492585
0.0492665
0.0492743
0.049282
0.0492896
0.049297
0.0493042
0.0493111
0.0493176
0.0493237
0.0493292
0.0493339
0.0493379
0.0493413
0.0493438
0.0493453
0.0493458
0.0493454
0.0493445
0.0493431
0.0493415
0.0493392
0.0493353
0.0493275
0.0493118
0.049284
0.0492473
0.0492163
0.0492036
0.0492156
0.0492159
)
;
    }
    ceiling
    {
        type            calculated;
        value           nonuniform List<scalar> 
100
(
-4.87491
-4.87497
-4.87506
-4.87513
-4.87518
-4.8752
-4.87521
-4.87522
-4.87523
-4.87523
-4.87523
-4.87523
-4.87523
-4.87523
-4.87523
-4.87523
-4.87523
-4.87523
-4.87522
-4.87522
-4.87522
-4.87521
-4.87521
-4.8752
-4.8752
-4.87519
-4.87518
-4.87517
-4.87517
-4.87515
-4.87514
-4.87513
-4.8751
-4.87508
-4.87505
-4.87502
-4.87499
-4.87497
-4.87496
-4.87498
-4.875
-4.87503
-4.87506
-4.87509
-4.87512
-4.87514
-4.87517
-4.87518
-4.87519
-4.8752
-4.87521
-4.87521
-4.87521
-4.87522
-4.87522
-4.87522
-4.87523
-4.87523
-4.87524
-4.87524
-4.87525
-4.87526
-4.87526
-4.87527
-4.87528
-4.87529
-4.87529
-4.8753
-4.87531
-4.87532
-4.87533
-4.87533
-4.87534
-4.87535
-4.87535
-4.87536
-4.87536
-4.87537
-4.87537
-4.87537
-4.87537
-4.87537
-4.87537
-4.87537
-4.87536
-4.87536
-4.87535
-4.87534
-4.87533
-4.87532
-4.87531
-4.87529
-4.87527
-4.87525
-4.87522
-4.87517
-4.8751
-4.87497
-4.8748
-4.87468
)
;
    }
    fixedWalls
    {
        type            calculated;
        value           nonuniform List<scalar> 
100
(
6.93889e-18
-0.0984797
-0.196954
-0.295426
-0.393902
-0.492382
-0.590863
-0.689341
-0.787816
-0.886292
-0.984768
-1.08325
-1.18173
-1.28021
-1.3787
-1.47719
-1.57568
-1.67418
-1.77268
-1.87118
-1.96968
-2.06818
-2.16668
-2.26518
-2.36368
-2.46217
-2.56067
-2.65916
-2.75766
-2.85615
-2.95464
-3.05313
-3.15162
-3.25011
-3.3486
-3.44709
-3.54558
-3.64406
-3.74255
-3.84105
-3.93954
-4.03803
-4.13652
-4.23501
-4.3335
-4.43198
-4.53044
-4.62887
-4.72728
-4.82567
2.11591e-05
-0.098393
-0.196837
-0.295299
-0.393771
-0.492249
-0.590733
-0.689223
-0.787718
-0.886215
-0.984713
-1.08321
-1.18171
-1.2802
-1.3787
-1.4772
-1.5757
-1.6742
-1.77269
-1.87119
-1.96969
-2.06819
-2.16669
-2.26519
-2.3637
-2.4622
-2.5607
-2.6592
-2.7577
-2.8562
-2.9547
-3.0532
-3.15169
-3.25019
-3.34869
-3.44718
-3.54567
-3.64416
-3.74265
-3.84114
-3.93963
-4.03812
-4.1366
-4.23508
-4.33355
-4.432
-4.53043
-4.62881
-4.72714
-4.82544
)
;
    }
    frontAndBack
    {
        type            empty;
    }
}


// ************************************************************************* //
