/*--------------------------------*- C++ -*----------------------------------*\
| =========                 |                                                 |
| \\      /  F ield         | OpenFOAM: The Open Source CFD Toolbox           |
|  \\    /   O peration     | Version:  4.1                                   |
|   \\  /    A nd           | Web:      www.OpenFOAM.org                      |
|    \\/     M anipulation  |                                                 |
\*---------------------------------------------------------------------------*/
FoamFile
{
    version     2.0;
    format      ascii;
    class       volScalarField;
    location    "1220";
    object      p;
}
// * * * * * * * * * * * * * * * * * * * * * * * * * * * * * * * * * * * * * //

dimensions      [0 2 -2 0 0 0 0];

internalField   nonuniform List<scalar> 
5000
(
0
-9.99582e-06
-1.62125e-05
-2.11123e-05
-2.55814e-05
-2.99917e-05
-3.44412e-05
-3.88686e-05
-4.31044e-05
-4.69025e-05
-4.99669e-05
-5.19773e-05
-5.26121e-05
-5.15705e-05
-4.86127e-05
-4.35932e-05
-3.65146e-05
-2.75741e-05
-1.71788e-05
-5.94525e-06
5.32416e-06
1.57122e-05
2.43097e-05
3.03409e-05
3.32199e-05
3.26722e-05
2.93635e-05
2.47613e-05
1.92232e-05
1.35164e-05
7.54149e-06
1.17363e-06
-5.55353e-06
-1.25538e-05
-1.97369e-05
-2.70151e-05
-3.43103e-05
-4.15618e-05
-4.87284e-05
-5.57879e-05
-6.27337e-05
-6.95721e-05
-7.63187e-05
-8.29957e-05
-8.96286e-05
-9.62438e-05
-0.000102866
-0.000109516
-0.000116208
-0.00012295
-0.000129741
-0.000136571
-0.000143421
-0.000150261
-0.000157055
-0.000163756
-0.000170312
-0.000176665
-0.000182752
-0.000188512
-0.00019388
-0.000198798
-0.00020321
-0.000207071
-0.000210345
-0.000212975
-0.00021491
-0.000216137
-0.00021666
-0.000216489
-0.00021564
-0.000214134
-0.000212006
-0.000209298
-0.000206063
-0.000202359
-0.000198259
-0.000193839
-0.000189187
-0.000184397
-0.00017957
-0.000174815
-0.000170245
-0.000165982
-0.000162157
-0.000158911
-0.000156397
-0.00015478
-0.000154237
-0.000154945
-0.00015705
-0.000160599
-0.00016541
-0.000170897
-0.000175913
-0.000180028
-0.000183826
-0.000187442
-0.000180546
-0.000166576
-0.0984002
-0.0984145
-0.0984239
-0.0984319
-0.0984395
-0.0984469
-0.0984542
-0.0984613
-0.0984681
-0.0984744
-0.0984797
-0.0984838
-0.0984863
-0.098487
-0.0984856
-0.098482
-0.0984761
-0.0984682
-0.0984588
-0.0984483
-0.0984377
-0.0984277
-0.0984193
-0.0984133
-0.0984102
-0.09841
-0.0984121
-0.098415
-0.0984187
-0.0984233
-0.0984288
-0.0984348
-0.0984413
-0.0984481
-0.098455
-0.098462
-0.098469
-0.098476
-0.0984829
-0.0984896
-0.0984963
-0.0985029
-0.0985094
-0.0985159
-0.0985223
-0.0985288
-0.0985352
-0.0985417
-0.0985482
-0.0985548
-0.0985614
-0.0985681
-0.0985747
-0.0985813
-0.0985879
-0.0985943
-0.0986005
-0.0986065
-0.0986122
-0.0986176
-0.0986225
-0.0986269
-0.0986307
-0.0986339
-0.0986364
-0.0986383
-0.0986393
-0.0986397
-0.0986393
-0.0986381
-0.0986362
-0.0986336
-0.0986302
-0.0986263
-0.0986217
-0.0986165
-0.0986109
-0.0986048
-0.0985985
-0.0985919
-0.0985851
-0.0985783
-0.0985715
-0.0985649
-0.0985585
-0.0985526
-0.0985471
-0.0985423
-0.0985382
-0.0985349
-0.0985326
-0.0985313
-0.0985308
-0.0985311
-0.0985325
-0.0985393
-0.0985564
-0.0985631
-0.098558
-0.0985481
-0.196835
-0.196851
-0.196861
-0.196871
-0.196881
-0.19689
-0.196899
-0.196908
-0.196916
-0.196924
-0.19693
-0.196935
-0.196939
-0.19694
-0.196939
-0.196936
-0.19693
-0.196923
-0.196913
-0.196903
-0.196893
-0.196883
-0.196874
-0.196868
-0.196865
-0.196864
-0.196865
-0.196868
-0.196871
-0.196875
-0.19688
-0.196886
-0.196892
-0.196899
-0.196906
-0.196913
-0.19692
-0.196927
-0.196934
-0.19694
-0.196947
-0.196953
-0.19696
-0.196966
-0.196973
-0.196979
-0.196986
-0.196992
-0.196999
-0.197005
-0.197012
-0.197018
-0.197025
-0.197032
-0.197038
-0.197045
-0.197051
-0.197057
-0.197063
-0.197068
-0.197073
-0.197078
-0.197082
-0.197085
-0.197087
-0.197089
-0.19709
-0.19709
-0.19709
-0.197088
-0.197086
-0.197083
-0.197079
-0.197074
-0.197069
-0.197063
-0.197057
-0.197049
-0.197042
-0.197034
-0.197026
-0.197017
-0.197009
-0.197
-0.196991
-0.196983
-0.196975
-0.196967
-0.19696
-0.196953
-0.196947
-0.196941
-0.196935
-0.196931
-0.196928
-0.19693
-0.196938
-0.19694
-0.196937
-0.196929
-0.295288
-0.295301
-0.29531
-0.29532
-0.29533
-0.29534
-0.29535
-0.295359
-0.295368
-0.295377
-0.295384
-0.295389
-0.295393
-0.295395
-0.295394
-0.295392
-0.295386
-0.295379
-0.29537
-0.295361
-0.29535
-0.29534
-0.295331
-0.295324
-0.29532
-0.295319
-0.295319
-0.295321
-0.295324
-0.295328
-0.295332
-0.295338
-0.295344
-0.295351
-0.295358
-0.295365
-0.295372
-0.295378
-0.295385
-0.295392
-0.295398
-0.295405
-0.295411
-0.295418
-0.295424
-0.29543
-0.295437
-0.295443
-0.29545
-0.295456
-0.295463
-0.29547
-0.295476
-0.295483
-0.29549
-0.295496
-0.295503
-0.295509
-0.295515
-0.29552
-0.295525
-0.29553
-0.295534
-0.295537
-0.29554
-0.295541
-0.295542
-0.295543
-0.295542
-0.295541
-0.295538
-0.295535
-0.295531
-0.295526
-0.295521
-0.295515
-0.295508
-0.2955
-0.295492
-0.295484
-0.295475
-0.295465
-0.295456
-0.295446
-0.295436
-0.295426
-0.295416
-0.295406
-0.295396
-0.295387
-0.295377
-0.295368
-0.29536
-0.295352
-0.295345
-0.295341
-0.29534
-0.295338
-0.295333
-0.295325
-0.393746
-0.393757
-0.393765
-0.393774
-0.393783
-0.393793
-0.393803
-0.393813
-0.393822
-0.393831
-0.393839
-0.393845
-0.393849
-0.393851
-0.393851
-0.393849
-0.393844
-0.393837
-0.393829
-0.393819
-0.393809
-0.393799
-0.39379
-0.393782
-0.393777
-0.393775
-0.393775
-0.393776
-0.393779
-0.393781
-0.393786
-0.393791
-0.393798
-0.393804
-0.393811
-0.393817
-0.393824
-0.393831
-0.393837
-0.393844
-0.39385
-0.393857
-0.393863
-0.39387
-0.393876
-0.393882
-0.393889
-0.393895
-0.393902
-0.393908
-0.393915
-0.393922
-0.393929
-0.393935
-0.393942
-0.393949
-0.393955
-0.393961
-0.393967
-0.393973
-0.393978
-0.393983
-0.393987
-0.39399
-0.393993
-0.393995
-0.393996
-0.393996
-0.393995
-0.393994
-0.393992
-0.393989
-0.393985
-0.39398
-0.393974
-0.393968
-0.393961
-0.393953
-0.393945
-0.393936
-0.393927
-0.393917
-0.393906
-0.393896
-0.393885
-0.393874
-0.393863
-0.393851
-0.39384
-0.393829
-0.393818
-0.393807
-0.393796
-0.393785
-0.393776
-0.393768
-0.393762
-0.393756
-0.393749
-0.393739
-0.492206
-0.492215
-0.492222
-0.49223
-0.492239
-0.492248
-0.492258
-0.492268
-0.492278
-0.492287
-0.492295
-0.492301
-0.492306
-0.492308
-0.492308
-0.492306
-0.492302
-0.492296
-0.492288
-0.492279
-0.492269
-0.492259
-0.492249
-0.492241
-0.492236
-0.492232
-0.492231
-0.492232
-0.492234
-0.492236
-0.492241
-0.492246
-0.492252
-0.492258
-0.492264
-0.492271
-0.492278
-0.492284
-0.492291
-0.492297
-0.492303
-0.49231
-0.492316
-0.492322
-0.492329
-0.492335
-0.492342
-0.492348
-0.492355
-0.492361
-0.492368
-0.492375
-0.492382
-0.492389
-0.492396
-0.492402
-0.492409
-0.492415
-0.492421
-0.492427
-0.492432
-0.492437
-0.492441
-0.492444
-0.492447
-0.492449
-0.49245
-0.492451
-0.49245
-0.492449
-0.492446
-0.492443
-0.492439
-0.492434
-0.492429
-0.492422
-0.492415
-0.492407
-0.492399
-0.49239
-0.49238
-0.49237
-0.492359
-0.492348
-0.492337
-0.492325
-0.492313
-0.492301
-0.492289
-0.492276
-0.492264
-0.492251
-0.492239
-0.492227
-0.492216
-0.492206
-0.492197
-0.492189
-0.492181
-0.492171
-0.590667
-0.590675
-0.590681
-0.590688
-0.590696
-0.590705
-0.590715
-0.590725
-0.590734
-0.590743
-0.590751
-0.590758
-0.590763
-0.590765
-0.590766
-0.590764
-0.59076
-0.590755
-0.590748
-0.590739
-0.59073
-0.59072
-0.59071
-0.590701
-0.590695
-0.59069
-0.590689
-0.590689
-0.59069
-0.590693
-0.590696
-0.590701
-0.590707
-0.590713
-0.590719
-0.590725
-0.590732
-0.590738
-0.590745
-0.590751
-0.590757
-0.590764
-0.59077
-0.590776
-0.590782
-0.590789
-0.590795
-0.590802
-0.590808
-0.590815
-0.590822
-0.590829
-0.590836
-0.590843
-0.59085
-0.590857
-0.590863
-0.59087
-0.590876
-0.590882
-0.590887
-0.590892
-0.590896
-0.5909
-0.590903
-0.590905
-0.590906
-0.590906
-0.590906
-0.590904
-0.590902
-0.590899
-0.590895
-0.59089
-0.590884
-0.590878
-0.59087
-0.590862
-0.590854
-0.590844
-0.590835
-0.590824
-0.590813
-0.590802
-0.59079
-0.590778
-0.590766
-0.590753
-0.59074
-0.590727
-0.590714
-0.590701
-0.590688
-0.590676
-0.590663
-0.590652
-0.590642
-0.590633
-0.590625
-0.590615
-0.689129
-0.689135
-0.68914
-0.689147
-0.689154
-0.689163
-0.689172
-0.689182
-0.689191
-0.6892
-0.689208
-0.689215
-0.689219
-0.689222
-0.689223
-0.689221
-0.689218
-0.689213
-0.689207
-0.689199
-0.68919
-0.68918
-0.68917
-0.689161
-0.689154
-0.689149
-0.689147
-0.689147
-0.689148
-0.689149
-0.689153
-0.689157
-0.689163
-0.689168
-0.689174
-0.689181
-0.689187
-0.689193
-0.689199
-0.689206
-0.689212
-0.689218
-0.689224
-0.68923
-0.689237
-0.689243
-0.68925
-0.689256
-0.689263
-0.68927
-0.689277
-0.689284
-0.689291
-0.689298
-0.689305
-0.689312
-0.689318
-0.689325
-0.689331
-0.689337
-0.689342
-0.689347
-0.689352
-0.689356
-0.689359
-0.689361
-0.689362
-0.689363
-0.689362
-0.689361
-0.689359
-0.689356
-0.689352
-0.689347
-0.689341
-0.689334
-0.689327
-0.689319
-0.68931
-0.689301
-0.689291
-0.68928
-0.689269
-0.689257
-0.689245
-0.689233
-0.68922
-0.689207
-0.689194
-0.689181
-0.689167
-0.689154
-0.689141
-0.689128
-0.689115
-0.689104
-0.689093
-0.689084
-0.689076
-0.689067
-0.78759
-0.787596
-0.7876
-0.787606
-0.787612
-0.787621
-0.787629
-0.787639
-0.787648
-0.787657
-0.787665
-0.787671
-0.787675
-0.787678
-0.787678
-0.787677
-0.787674
-0.787669
-0.787664
-0.787657
-0.787649
-0.78764
-0.78763
-0.787621
-0.787613
-0.787608
-0.787606
-0.787605
-0.787605
-0.787607
-0.78761
-0.787614
-0.787619
-0.787625
-0.787631
-0.787637
-0.787643
-0.787649
-0.787655
-0.787661
-0.787667
-0.787673
-0.787679
-0.787686
-0.787692
-0.787698
-0.787705
-0.787711
-0.787718
-0.787725
-0.787732
-0.787739
-0.787746
-0.787753
-0.78776
-0.787767
-0.787774
-0.78778
-0.787787
-0.787793
-0.787798
-0.787803
-0.787808
-0.787812
-0.787815
-0.787818
-0.787819
-0.78782
-0.78782
-0.787819
-0.787816
-0.787813
-0.787809
-0.787804
-0.787798
-0.787792
-0.787784
-0.787776
-0.787767
-0.787758
-0.787748
-0.787737
-0.787726
-0.787714
-0.787702
-0.787689
-0.787677
-0.787663
-0.78765
-0.787637
-0.787623
-0.78761
-0.787596
-0.787584
-0.787571
-0.787559
-0.787549
-0.787539
-0.787532
-0.787524
-0.886051
-0.886056
-0.886059
-0.886064
-0.886071
-0.886078
-0.886087
-0.886096
-0.886105
-0.886113
-0.88612
-0.886126
-0.88613
-0.886132
-0.886132
-0.88613
-0.886128
-0.886124
-0.88612
-0.886114
-0.886107
-0.886099
-0.88609
-0.88608
-0.886073
-0.886067
-0.886064
-0.886063
-0.886063
-0.886065
-0.886068
-0.886072
-0.886076
-0.886082
-0.886087
-0.886093
-0.886099
-0.886105
-0.886111
-0.886117
-0.886123
-0.886129
-0.886135
-0.886141
-0.886147
-0.886154
-0.88616
-0.886167
-0.886173
-0.88618
-0.886187
-0.886194
-0.886201
-0.886208
-0.886215
-0.886222
-0.886229
-0.886236
-0.886242
-0.886248
-0.886254
-0.886259
-0.886264
-0.886268
-0.886272
-0.886274
-0.886276
-0.886277
-0.886277
-0.886276
-0.886274
-0.886271
-0.886267
-0.886262
-0.886257
-0.88625
-0.886242
-0.886234
-0.886225
-0.886216
-0.886205
-0.886195
-0.886183
-0.886172
-0.88616
-0.886147
-0.886134
-0.886121
-0.886107
-0.886094
-0.886081
-0.886067
-0.886054
-0.886041
-0.886029
-0.886018
-0.886008
-0.885999
-0.885992
-0.885984
-0.984511
-0.984515
-0.984518
-0.984523
-0.984529
-0.984536
-0.984544
-0.984552
-0.984561
-0.984568
-0.984575
-0.98458
-0.984583
-0.984585
-0.984584
-0.984583
-0.98458
-0.984577
-0.984573
-0.984569
-0.984563
-0.984556
-0.984548
-0.984539
-0.984531
-0.984526
-0.984522
-0.984521
-0.984521
-0.984523
-0.984525
-0.984529
-0.984533
-0.984538
-0.984544
-0.984549
-0.984555
-0.984561
-0.984567
-0.984573
-0.984578
-0.984585
-0.984591
-0.984597
-0.984603
-0.984609
-0.984616
-0.984622
-0.984629
-0.984636
-0.984642
-0.984649
-0.984656
-0.984663
-0.98467
-0.984677
-0.984684
-0.984691
-0.984698
-0.984704
-0.98471
-0.984715
-0.98472
-0.984725
-0.984728
-0.984731
-0.984733
-0.984735
-0.984735
-0.984734
-0.984732
-0.98473
-0.984726
-0.984721
-0.984715
-0.984709
-0.984701
-0.984693
-0.984684
-0.984674
-0.984664
-0.984653
-0.984642
-0.98463
-0.984618
-0.984606
-0.984593
-0.98458
-0.984566
-0.984553
-0.98454
-0.984526
-0.984514
-0.984501
-0.984489
-0.984478
-0.984469
-0.98446
-0.984454
-0.984447
-1.08297
-1.08297
-1.08298
-1.08298
-1.08299
-1.08299
-1.083
-1.08301
-1.08302
-1.08302
-1.08303
-1.08303
-1.08304
-1.08304
-1.08304
-1.08303
-1.08303
-1.08303
-1.08303
-1.08302
-1.08302
-1.08301
-1.083
-1.083
-1.08299
-1.08298
-1.08298
-1.08298
-1.08298
-1.08298
-1.08298
-1.08299
-1.08299
-1.083
-1.083
-1.08301
-1.08301
-1.08302
-1.08302
-1.08303
-1.08303
-1.08304
-1.08305
-1.08305
-1.08306
-1.08307
-1.08307
-1.08308
-1.08308
-1.08309
-1.0831
-1.0831
-1.08311
-1.08312
-1.08313
-1.08313
-1.08314
-1.08315
-1.08315
-1.08316
-1.08317
-1.08317
-1.08318
-1.08318
-1.08318
-1.08319
-1.08319
-1.08319
-1.08319
-1.08319
-1.08319
-1.08319
-1.08318
-1.08318
-1.08317
-1.08317
-1.08316
-1.08315
-1.08314
-1.08313
-1.08312
-1.08311
-1.0831
-1.08309
-1.08308
-1.08307
-1.08305
-1.08304
-1.08303
-1.08301
-1.083
-1.08299
-1.08297
-1.08296
-1.08295
-1.08294
-1.08293
-1.08292
-1.08292
-1.08291
-1.18143
-1.18143
-1.18143
-1.18144
-1.18144
-1.18145
-1.18146
-1.18146
-1.18147
-1.18148
-1.18148
-1.18149
-1.18149
-1.18149
-1.18149
-1.18148
-1.18148
-1.18148
-1.18148
-1.18147
-1.18147
-1.18147
-1.18146
-1.18145
-1.18144
-1.18144
-1.18144
-1.18144
-1.18144
-1.18144
-1.18144
-1.18144
-1.18145
-1.18145
-1.18146
-1.18146
-1.18147
-1.18147
-1.18148
-1.18148
-1.18149
-1.1815
-1.1815
-1.18151
-1.18151
-1.18152
-1.18153
-1.18153
-1.18154
-1.18155
-1.18155
-1.18156
-1.18157
-1.18157
-1.18158
-1.18159
-1.18159
-1.1816
-1.18161
-1.18161
-1.18162
-1.18163
-1.18163
-1.18164
-1.18164
-1.18164
-1.18165
-1.18165
-1.18165
-1.18165
-1.18165
-1.18165
-1.18164
-1.18164
-1.18163
-1.18163
-1.18162
-1.18161
-1.1816
-1.18159
-1.18158
-1.18157
-1.18156
-1.18155
-1.18154
-1.18153
-1.18151
-1.1815
-1.18149
-1.18147
-1.18146
-1.18145
-1.18144
-1.18142
-1.18141
-1.1814
-1.18139
-1.18139
-1.18138
-1.18138
-1.27989
-1.27989
-1.27989
-1.27989
-1.2799
-1.2799
-1.27991
-1.27992
-1.27992
-1.27993
-1.27993
-1.27994
-1.27994
-1.27994
-1.27994
-1.27994
-1.27993
-1.27993
-1.27993
-1.27992
-1.27992
-1.27992
-1.27991
-1.27991
-1.2799
-1.2799
-1.27989
-1.27989
-1.27989
-1.27989
-1.2799
-1.2799
-1.2799
-1.27991
-1.27991
-1.27992
-1.27992
-1.27993
-1.27993
-1.27994
-1.27995
-1.27995
-1.27996
-1.27996
-1.27997
-1.27998
-1.27998
-1.27999
-1.27999
-1.28
-1.28001
-1.28001
-1.28002
-1.28003
-1.28003
-1.28004
-1.28005
-1.28006
-1.28006
-1.28007
-1.28008
-1.28008
-1.28009
-1.28009
-1.2801
-1.2801
-1.2801
-1.28011
-1.28011
-1.28011
-1.28011
-1.2801
-1.2801
-1.2801
-1.28009
-1.28009
-1.28008
-1.28007
-1.28006
-1.28005
-1.28004
-1.28003
-1.28002
-1.28001
-1.28
-1.27999
-1.27997
-1.27996
-1.27995
-1.27993
-1.27992
-1.27991
-1.2799
-1.27989
-1.27988
-1.27987
-1.27986
-1.27985
-1.27985
-1.27984
-1.37834
-1.37834
-1.37835
-1.37835
-1.37835
-1.37836
-1.37836
-1.37837
-1.37838
-1.37838
-1.37839
-1.37839
-1.37839
-1.37839
-1.37839
-1.37839
-1.37838
-1.37838
-1.37838
-1.37837
-1.37837
-1.37837
-1.37836
-1.37836
-1.37835
-1.37835
-1.37835
-1.37835
-1.37835
-1.37835
-1.37835
-1.37836
-1.37836
-1.37836
-1.37837
-1.37837
-1.37838
-1.37838
-1.37839
-1.3784
-1.3784
-1.37841
-1.37841
-1.37842
-1.37842
-1.37843
-1.37844
-1.37844
-1.37845
-1.37846
-1.37846
-1.37847
-1.37848
-1.37848
-1.37849
-1.3785
-1.3785
-1.37851
-1.37852
-1.37852
-1.37853
-1.37854
-1.37854
-1.37855
-1.37855
-1.37856
-1.37856
-1.37856
-1.37856
-1.37856
-1.37856
-1.37856
-1.37856
-1.37856
-1.37855
-1.37855
-1.37854
-1.37853
-1.37852
-1.37851
-1.3785
-1.37849
-1.37848
-1.37847
-1.37846
-1.37845
-1.37843
-1.37842
-1.37841
-1.3784
-1.37838
-1.37837
-1.37836
-1.37835
-1.37834
-1.37833
-1.37832
-1.37832
-1.37831
-1.37831
-1.4768
-1.4768
-1.4768
-1.4768
-1.47681
-1.47681
-1.47682
-1.47682
-1.47683
-1.47683
-1.47684
-1.47684
-1.47684
-1.47684
-1.47684
-1.47684
-1.47683
-1.47683
-1.47683
-1.47682
-1.47682
-1.47682
-1.47681
-1.47681
-1.47681
-1.4768
-1.4768
-1.4768
-1.4768
-1.4768
-1.47681
-1.47681
-1.47681
-1.47682
-1.47682
-1.47683
-1.47683
-1.47684
-1.47684
-1.47685
-1.47686
-1.47686
-1.47687
-1.47687
-1.47688
-1.47689
-1.47689
-1.4769
-1.4769
-1.47691
-1.47692
-1.47692
-1.47693
-1.47694
-1.47694
-1.47695
-1.47696
-1.47697
-1.47697
-1.47698
-1.47699
-1.47699
-1.477
-1.477
-1.47701
-1.47701
-1.47702
-1.47702
-1.47702
-1.47702
-1.47702
-1.47702
-1.47702
-1.47701
-1.47701
-1.477
-1.477
-1.47699
-1.47698
-1.47697
-1.47696
-1.47695
-1.47694
-1.47693
-1.47692
-1.47691
-1.47689
-1.47688
-1.47687
-1.47686
-1.47685
-1.47683
-1.47682
-1.47681
-1.4768
-1.47679
-1.47679
-1.47678
-1.47678
-1.47677
-1.57525
-1.57525
-1.57525
-1.57526
-1.57526
-1.57526
-1.57527
-1.57527
-1.57528
-1.57528
-1.57529
-1.57529
-1.57529
-1.57529
-1.57529
-1.57529
-1.57528
-1.57528
-1.57528
-1.57527
-1.57527
-1.57527
-1.57526
-1.57526
-1.57526
-1.57525
-1.57525
-1.57525
-1.57526
-1.57526
-1.57526
-1.57526
-1.57527
-1.57527
-1.57528
-1.57528
-1.57529
-1.57529
-1.5753
-1.5753
-1.57531
-1.57532
-1.57532
-1.57533
-1.57533
-1.57534
-1.57535
-1.57535
-1.57536
-1.57536
-1.57537
-1.57538
-1.57538
-1.57539
-1.5754
-1.5754
-1.57541
-1.57542
-1.57543
-1.57543
-1.57544
-1.57545
-1.57545
-1.57546
-1.57546
-1.57547
-1.57547
-1.57547
-1.57548
-1.57548
-1.57548
-1.57548
-1.57548
-1.57547
-1.57547
-1.57546
-1.57546
-1.57545
-1.57544
-1.57543
-1.57542
-1.57541
-1.5754
-1.57539
-1.57538
-1.57537
-1.57536
-1.57534
-1.57533
-1.57532
-1.57531
-1.5753
-1.57529
-1.57528
-1.57527
-1.57526
-1.57525
-1.57524
-1.57524
-1.57524
-1.6737
-1.6737
-1.67371
-1.67371
-1.67371
-1.67372
-1.67372
-1.67372
-1.67373
-1.67373
-1.67374
-1.67374
-1.67374
-1.67374
-1.67374
-1.67374
-1.67373
-1.67373
-1.67373
-1.67372
-1.67372
-1.67372
-1.67371
-1.67371
-1.67371
-1.67371
-1.67371
-1.67371
-1.67371
-1.67371
-1.67371
-1.67372
-1.67372
-1.67373
-1.67373
-1.67374
-1.67374
-1.67375
-1.67375
-1.67376
-1.67376
-1.67377
-1.67378
-1.67378
-1.67379
-1.67379
-1.6738
-1.6738
-1.67381
-1.67382
-1.67382
-1.67383
-1.67384
-1.67384
-1.67385
-1.67386
-1.67387
-1.67387
-1.67388
-1.67389
-1.67389
-1.6739
-1.67391
-1.67391
-1.67392
-1.67392
-1.67393
-1.67393
-1.67393
-1.67393
-1.67394
-1.67393
-1.67393
-1.67393
-1.67393
-1.67392
-1.67391
-1.67391
-1.6739
-1.67389
-1.67388
-1.67387
-1.67386
-1.67385
-1.67384
-1.67383
-1.67382
-1.6738
-1.67379
-1.67378
-1.67377
-1.67376
-1.67375
-1.67374
-1.67373
-1.67372
-1.67371
-1.67371
-1.6737
-1.6737
-1.77215
-1.77216
-1.77216
-1.77216
-1.77216
-1.77217
-1.77217
-1.77217
-1.77218
-1.77218
-1.77219
-1.77219
-1.77219
-1.77219
-1.77219
-1.77219
-1.77218
-1.77218
-1.77217
-1.77217
-1.77217
-1.77216
-1.77216
-1.77216
-1.77216
-1.77216
-1.77216
-1.77216
-1.77216
-1.77216
-1.77216
-1.77217
-1.77217
-1.77218
-1.77218
-1.77219
-1.77219
-1.7722
-1.7722
-1.77221
-1.77222
-1.77222
-1.77223
-1.77223
-1.77224
-1.77225
-1.77225
-1.77226
-1.77226
-1.77227
-1.77228
-1.77228
-1.77229
-1.7723
-1.7723
-1.77231
-1.77232
-1.77233
-1.77233
-1.77234
-1.77235
-1.77235
-1.77236
-1.77237
-1.77237
-1.77238
-1.77238
-1.77239
-1.77239
-1.77239
-1.77239
-1.77239
-1.77239
-1.77239
-1.77238
-1.77238
-1.77237
-1.77237
-1.77236
-1.77235
-1.77234
-1.77233
-1.77232
-1.77231
-1.7723
-1.77229
-1.77228
-1.77226
-1.77225
-1.77224
-1.77223
-1.77222
-1.77221
-1.7722
-1.77219
-1.77218
-1.77218
-1.77217
-1.77217
-1.77216
-1.87061
-1.87061
-1.87061
-1.87061
-1.87061
-1.87062
-1.87062
-1.87062
-1.87063
-1.87063
-1.87064
-1.87064
-1.87064
-1.87064
-1.87064
-1.87064
-1.87063
-1.87063
-1.87062
-1.87062
-1.87062
-1.87061
-1.87061
-1.87061
-1.8706
-1.8706
-1.8706
-1.87061
-1.87061
-1.87061
-1.87061
-1.87062
-1.87062
-1.87063
-1.87063
-1.87064
-1.87064
-1.87065
-1.87066
-1.87066
-1.87067
-1.87067
-1.87068
-1.87069
-1.87069
-1.8707
-1.8707
-1.87071
-1.87072
-1.87072
-1.87073
-1.87074
-1.87074
-1.87075
-1.87076
-1.87076
-1.87077
-1.87078
-1.87079
-1.87079
-1.8708
-1.87081
-1.87081
-1.87082
-1.87083
-1.87083
-1.87084
-1.87084
-1.87084
-1.87085
-1.87085
-1.87085
-1.87085
-1.87084
-1.87084
-1.87084
-1.87083
-1.87082
-1.87081
-1.87081
-1.8708
-1.87079
-1.87078
-1.87077
-1.87076
-1.87075
-1.87073
-1.87072
-1.87071
-1.8707
-1.87069
-1.87068
-1.87067
-1.87066
-1.87065
-1.87064
-1.87064
-1.87063
-1.87063
-1.87063
-1.96906
-1.96906
-1.96906
-1.96906
-1.96906
-1.96906
-1.96907
-1.96907
-1.96908
-1.96908
-1.96908
-1.96909
-1.96909
-1.96909
-1.96909
-1.96908
-1.96908
-1.96907
-1.96907
-1.96907
-1.96906
-1.96906
-1.96906
-1.96905
-1.96905
-1.96905
-1.96905
-1.96905
-1.96906
-1.96906
-1.96906
-1.96907
-1.96907
-1.96908
-1.96908
-1.96909
-1.96909
-1.9691
-1.96911
-1.96911
-1.96912
-1.96912
-1.96913
-1.96914
-1.96914
-1.96915
-1.96916
-1.96916
-1.96917
-1.96917
-1.96918
-1.96919
-1.96919
-1.9692
-1.96921
-1.96922
-1.96922
-1.96923
-1.96924
-1.96925
-1.96925
-1.96926
-1.96927
-1.96927
-1.96928
-1.96929
-1.96929
-1.9693
-1.9693
-1.9693
-1.9693
-1.9693
-1.9693
-1.9693
-1.9693
-1.96929
-1.96929
-1.96928
-1.96927
-1.96926
-1.96925
-1.96925
-1.96924
-1.96923
-1.96921
-1.9692
-1.96919
-1.96918
-1.96917
-1.96916
-1.96915
-1.96914
-1.96913
-1.96912
-1.96911
-1.96911
-1.9691
-1.9691
-1.96909
-1.96909
-2.06751
-2.06751
-2.06751
-2.06751
-2.06751
-2.06751
-2.06752
-2.06752
-2.06752
-2.06753
-2.06753
-2.06753
-2.06754
-2.06754
-2.06753
-2.06753
-2.06753
-2.06752
-2.06752
-2.06751
-2.06751
-2.0675
-2.0675
-2.0675
-2.0675
-2.0675
-2.0675
-2.0675
-2.0675
-2.06751
-2.06751
-2.06752
-2.06752
-2.06753
-2.06753
-2.06754
-2.06754
-2.06755
-2.06756
-2.06756
-2.06757
-2.06757
-2.06758
-2.06759
-2.06759
-2.0676
-2.06761
-2.06761
-2.06762
-2.06763
-2.06763
-2.06764
-2.06765
-2.06765
-2.06766
-2.06767
-2.06768
-2.06768
-2.06769
-2.0677
-2.0677
-2.06771
-2.06772
-2.06773
-2.06773
-2.06774
-2.06774
-2.06775
-2.06775
-2.06776
-2.06776
-2.06776
-2.06776
-2.06776
-2.06775
-2.06775
-2.06774
-2.06774
-2.06773
-2.06772
-2.06771
-2.0677
-2.06769
-2.06768
-2.06767
-2.06766
-2.06765
-2.06764
-2.06763
-2.06762
-2.06761
-2.0676
-2.06759
-2.06758
-2.06757
-2.06757
-2.06756
-2.06756
-2.06755
-2.06755
-2.16596
-2.16596
-2.16596
-2.16596
-2.16596
-2.16596
-2.16596
-2.16597
-2.16597
-2.16597
-2.16597
-2.16598
-2.16598
-2.16598
-2.16598
-2.16598
-2.16597
-2.16597
-2.16596
-2.16596
-2.16595
-2.16595
-2.16595
-2.16594
-2.16594
-2.16594
-2.16594
-2.16595
-2.16595
-2.16595
-2.16596
-2.16596
-2.16597
-2.16597
-2.16598
-2.16598
-2.16599
-2.166
-2.166
-2.16601
-2.16602
-2.16602
-2.16603
-2.16604
-2.16604
-2.16605
-2.16606
-2.16606
-2.16607
-2.16608
-2.16608
-2.16609
-2.1661
-2.16611
-2.16611
-2.16612
-2.16613
-2.16613
-2.16614
-2.16615
-2.16616
-2.16616
-2.16617
-2.16618
-2.16619
-2.16619
-2.1662
-2.1662
-2.16621
-2.16621
-2.16621
-2.16621
-2.16621
-2.16621
-2.16621
-2.1662
-2.1662
-2.16619
-2.16618
-2.16618
-2.16617
-2.16616
-2.16615
-2.16614
-2.16613
-2.16612
-2.16611
-2.1661
-2.16609
-2.16607
-2.16606
-2.16606
-2.16605
-2.16604
-2.16603
-2.16602
-2.16602
-2.16601
-2.16601
-2.16601
-2.2644
-2.26441
-2.26441
-2.26441
-2.26441
-2.26441
-2.26441
-2.26441
-2.26441
-2.26442
-2.26442
-2.26442
-2.26442
-2.26442
-2.26442
-2.26442
-2.26442
-2.26441
-2.26441
-2.2644
-2.2644
-2.26439
-2.26439
-2.26439
-2.26439
-2.26439
-2.26439
-2.26439
-2.2644
-2.2644
-2.2644
-2.26441
-2.26441
-2.26442
-2.26443
-2.26443
-2.26444
-2.26444
-2.26445
-2.26446
-2.26446
-2.26447
-2.26448
-2.26449
-2.26449
-2.2645
-2.26451
-2.26451
-2.26452
-2.26453
-2.26454
-2.26454
-2.26455
-2.26456
-2.26456
-2.26457
-2.26458
-2.26459
-2.26459
-2.2646
-2.26461
-2.26461
-2.26462
-2.26463
-2.26464
-2.26464
-2.26465
-2.26466
-2.26466
-2.26466
-2.26467
-2.26467
-2.26467
-2.26466
-2.26466
-2.26466
-2.26465
-2.26464
-2.26464
-2.26463
-2.26462
-2.26461
-2.2646
-2.26459
-2.26458
-2.26457
-2.26456
-2.26455
-2.26454
-2.26453
-2.26452
-2.26451
-2.2645
-2.26449
-2.26449
-2.26448
-2.26448
-2.26447
-2.26447
-2.26447
-2.36285
-2.36285
-2.36285
-2.36285
-2.36286
-2.36286
-2.36286
-2.36286
-2.36286
-2.36286
-2.36286
-2.36287
-2.36287
-2.36287
-2.36287
-2.36287
-2.36286
-2.36286
-2.36285
-2.36285
-2.36284
-2.36284
-2.36283
-2.36283
-2.36283
-2.36283
-2.36283
-2.36284
-2.36284
-2.36284
-2.36285
-2.36285
-2.36286
-2.36287
-2.36287
-2.36288
-2.36289
-2.36289
-2.3629
-2.36291
-2.36291
-2.36292
-2.36293
-2.36293
-2.36294
-2.36295
-2.36296
-2.36296
-2.36297
-2.36298
-2.36299
-2.36299
-2.363
-2.36301
-2.36301
-2.36302
-2.36303
-2.36304
-2.36304
-2.36305
-2.36306
-2.36307
-2.36307
-2.36308
-2.36309
-2.36309
-2.3631
-2.36311
-2.36311
-2.36311
-2.36312
-2.36312
-2.36312
-2.36312
-2.36311
-2.36311
-2.3631
-2.3631
-2.36309
-2.36308
-2.36307
-2.36307
-2.36306
-2.36305
-2.36304
-2.36303
-2.36302
-2.36301
-2.363
-2.36299
-2.36298
-2.36297
-2.36296
-2.36295
-2.36294
-2.36294
-2.36293
-2.36293
-2.36293
-2.36292
-2.4613
-2.4613
-2.4613
-2.4613
-2.4613
-2.4613
-2.4613
-2.46131
-2.46131
-2.46131
-2.46131
-2.46131
-2.46131
-2.46131
-2.46131
-2.46131
-2.46131
-2.4613
-2.4613
-2.46129
-2.46129
-2.46128
-2.46128
-2.46128
-2.46128
-2.46128
-2.46128
-2.46128
-2.46128
-2.46129
-2.46129
-2.4613
-2.46131
-2.46131
-2.46132
-2.46132
-2.46133
-2.46134
-2.46134
-2.46135
-2.46136
-2.46137
-2.46137
-2.46138
-2.46139
-2.4614
-2.4614
-2.46141
-2.46142
-2.46143
-2.46144
-2.46144
-2.46145
-2.46146
-2.46147
-2.46147
-2.46148
-2.46149
-2.46149
-2.4615
-2.46151
-2.46152
-2.46152
-2.46153
-2.46154
-2.46154
-2.46155
-2.46156
-2.46156
-2.46156
-2.46157
-2.46157
-2.46157
-2.46157
-2.46156
-2.46156
-2.46155
-2.46155
-2.46154
-2.46153
-2.46153
-2.46152
-2.46151
-2.4615
-2.46149
-2.46148
-2.46147
-2.46146
-2.46145
-2.46144
-2.46143
-2.46142
-2.46141
-2.4614
-2.4614
-2.46139
-2.46139
-2.46138
-2.46138
-2.46138
-2.55975
-2.55975
-2.55975
-2.55975
-2.55975
-2.55975
-2.55975
-2.55975
-2.55975
-2.55975
-2.55975
-2.55976
-2.55976
-2.55976
-2.55976
-2.55975
-2.55975
-2.55975
-2.55974
-2.55973
-2.55973
-2.55973
-2.55972
-2.55972
-2.55972
-2.55972
-2.55972
-2.55973
-2.55973
-2.55973
-2.55974
-2.55974
-2.55975
-2.55976
-2.55976
-2.55977
-2.55978
-2.55978
-2.55979
-2.5598
-2.55981
-2.55981
-2.55982
-2.55983
-2.55984
-2.55984
-2.55985
-2.55986
-2.55987
-2.55988
-2.55989
-2.55989
-2.5599
-2.55991
-2.55992
-2.55992
-2.55993
-2.55994
-2.55994
-2.55995
-2.55996
-2.55996
-2.55997
-2.55998
-2.55999
-2.55999
-2.56
-2.56
-2.56001
-2.56001
-2.56002
-2.56002
-2.56002
-2.56002
-2.56001
-2.56001
-2.56001
-2.56
-2.55999
-2.55999
-2.55998
-2.55997
-2.55996
-2.55995
-2.55994
-2.55993
-2.55992
-2.55991
-2.5599
-2.55989
-2.55988
-2.55987
-2.55986
-2.55986
-2.55985
-2.55985
-2.55984
-2.55984
-2.55984
-2.55983
-2.6582
-2.6582
-2.6582
-2.6582
-2.6582
-2.6582
-2.6582
-2.6582
-2.6582
-2.6582
-2.6582
-2.6582
-2.6582
-2.6582
-2.6582
-2.6582
-2.65819
-2.65819
-2.65818
-2.65818
-2.65817
-2.65817
-2.65817
-2.65816
-2.65816
-2.65816
-2.65817
-2.65817
-2.65817
-2.65818
-2.65818
-2.65819
-2.65819
-2.6582
-2.65821
-2.65821
-2.65822
-2.65823
-2.65824
-2.65824
-2.65825
-2.65826
-2.65827
-2.65827
-2.65828
-2.65829
-2.6583
-2.65831
-2.65832
-2.65833
-2.65834
-2.65834
-2.65835
-2.65836
-2.65837
-2.65837
-2.65838
-2.65839
-2.65839
-2.6584
-2.65841
-2.65841
-2.65842
-2.65843
-2.65843
-2.65844
-2.65845
-2.65845
-2.65846
-2.65846
-2.65846
-2.65847
-2.65847
-2.65846
-2.65846
-2.65846
-2.65845
-2.65845
-2.65844
-2.65843
-2.65843
-2.65842
-2.65841
-2.6584
-2.65839
-2.65838
-2.65837
-2.65836
-2.65835
-2.65834
-2.65833
-2.65832
-2.65832
-2.65831
-2.6583
-2.6583
-2.65829
-2.65829
-2.65829
-2.65829
-2.75665
-2.75665
-2.75665
-2.75665
-2.75665
-2.75665
-2.75665
-2.75665
-2.75665
-2.75665
-2.75665
-2.75665
-2.75665
-2.75665
-2.75665
-2.75664
-2.75664
-2.75663
-2.75663
-2.75662
-2.75662
-2.75661
-2.75661
-2.75661
-2.75661
-2.75661
-2.75661
-2.75661
-2.75662
-2.75662
-2.75663
-2.75663
-2.75664
-2.75664
-2.75665
-2.75666
-2.75667
-2.75667
-2.75668
-2.75669
-2.7567
-2.7567
-2.75671
-2.75672
-2.75673
-2.75674
-2.75675
-2.75676
-2.75677
-2.75678
-2.75678
-2.75679
-2.7568
-2.75681
-2.75682
-2.75682
-2.75683
-2.75684
-2.75684
-2.75685
-2.75686
-2.75686
-2.75687
-2.75688
-2.75688
-2.75689
-2.75689
-2.7569
-2.7569
-2.75691
-2.75691
-2.75691
-2.75691
-2.75691
-2.75691
-2.75691
-2.7569
-2.7569
-2.75689
-2.75688
-2.75688
-2.75687
-2.75686
-2.75685
-2.75684
-2.75683
-2.75682
-2.75681
-2.7568
-2.75679
-2.75678
-2.75677
-2.75677
-2.75676
-2.75675
-2.75675
-2.75675
-2.75674
-2.75674
-2.75674
-2.8551
-2.8551
-2.8551
-2.8551
-2.8551
-2.8551
-2.8551
-2.8551
-2.8551
-2.8551
-2.8551
-2.8551
-2.8551
-2.85509
-2.85509
-2.85509
-2.85508
-2.85508
-2.85507
-2.85507
-2.85506
-2.85506
-2.85505
-2.85505
-2.85505
-2.85505
-2.85506
-2.85506
-2.85506
-2.85507
-2.85507
-2.85508
-2.85508
-2.85509
-2.8551
-2.8551
-2.85511
-2.85512
-2.85512
-2.85513
-2.85514
-2.85515
-2.85516
-2.85516
-2.85517
-2.85518
-2.85519
-2.8552
-2.85521
-2.85522
-2.85523
-2.85524
-2.85525
-2.85526
-2.85527
-2.85527
-2.85528
-2.85529
-2.85529
-2.8553
-2.85531
-2.85531
-2.85532
-2.85532
-2.85533
-2.85534
-2.85534
-2.85535
-2.85535
-2.85535
-2.85536
-2.85536
-2.85536
-2.85536
-2.85536
-2.85535
-2.85535
-2.85534
-2.85534
-2.85533
-2.85532
-2.85531
-2.85531
-2.8553
-2.85529
-2.85528
-2.85527
-2.85526
-2.85525
-2.85524
-2.85523
-2.85522
-2.85522
-2.85521
-2.8552
-2.8552
-2.8552
-2.85519
-2.85519
-2.85519
-2.95355
-2.95355
-2.95355
-2.95355
-2.95355
-2.95355
-2.95355
-2.95355
-2.95354
-2.95354
-2.95354
-2.95354
-2.95354
-2.95354
-2.95354
-2.95353
-2.95353
-2.95352
-2.95352
-2.95351
-2.95351
-2.9535
-2.9535
-2.9535
-2.9535
-2.9535
-2.9535
-2.9535
-2.95351
-2.95351
-2.95352
-2.95352
-2.95353
-2.95353
-2.95354
-2.95355
-2.95355
-2.95356
-2.95357
-2.95357
-2.95358
-2.95359
-2.9536
-2.95361
-2.95362
-2.95363
-2.95364
-2.95365
-2.95366
-2.95367
-2.95368
-2.95369
-2.9537
-2.95371
-2.95371
-2.95372
-2.95373
-2.95374
-2.95374
-2.95375
-2.95375
-2.95376
-2.95377
-2.95377
-2.95378
-2.95378
-2.95379
-2.95379
-2.9538
-2.9538
-2.9538
-2.9538
-2.9538
-2.9538
-2.9538
-2.9538
-2.95379
-2.95379
-2.95378
-2.95378
-2.95377
-2.95376
-2.95375
-2.95374
-2.95373
-2.95372
-2.95371
-2.9537
-2.9537
-2.95369
-2.95368
-2.95367
-2.95366
-2.95366
-2.95365
-2.95365
-2.95365
-2.95364
-2.95364
-2.95364
-3.052
-3.052
-3.052
-3.052
-3.052
-3.052
-3.052
-3.05199
-3.05199
-3.05199
-3.05199
-3.05199
-3.05199
-3.05199
-3.05198
-3.05198
-3.05197
-3.05197
-3.05196
-3.05196
-3.05195
-3.05195
-3.05194
-3.05194
-3.05194
-3.05195
-3.05195
-3.05195
-3.05195
-3.05196
-3.05196
-3.05197
-3.05197
-3.05198
-3.05198
-3.05199
-3.05199
-3.052
-3.05201
-3.05202
-3.05202
-3.05203
-3.05204
-3.05205
-3.05206
-3.05207
-3.05208
-3.05209
-3.0521
-3.05211
-3.05212
-3.05213
-3.05214
-3.05215
-3.05216
-3.05217
-3.05218
-3.05219
-3.05219
-3.0522
-3.0522
-3.05221
-3.05222
-3.05222
-3.05223
-3.05223
-3.05223
-3.05224
-3.05224
-3.05225
-3.05225
-3.05225
-3.05225
-3.05225
-3.05225
-3.05224
-3.05224
-3.05223
-3.05223
-3.05222
-3.05221
-3.05221
-3.0522
-3.05219
-3.05218
-3.05217
-3.05216
-3.05215
-3.05214
-3.05213
-3.05213
-3.05212
-3.05211
-3.05211
-3.0521
-3.0521
-3.05209
-3.05209
-3.05209
-3.05209
-3.15045
-3.15045
-3.15045
-3.15045
-3.15045
-3.15045
-3.15045
-3.15044
-3.15044
-3.15044
-3.15044
-3.15044
-3.15044
-3.15043
-3.15043
-3.15042
-3.15042
-3.15041
-3.15041
-3.1504
-3.1504
-3.15039
-3.15039
-3.15039
-3.15039
-3.15039
-3.15039
-3.1504
-3.1504
-3.1504
-3.15041
-3.15041
-3.15041
-3.15042
-3.15042
-3.15043
-3.15044
-3.15044
-3.15045
-3.15046
-3.15046
-3.15047
-3.15048
-3.15049
-3.1505
-3.15051
-3.15052
-3.15053
-3.15054
-3.15056
-3.15057
-3.15058
-3.15059
-3.1506
-3.15061
-3.15062
-3.15063
-3.15063
-3.15064
-3.15065
-3.15065
-3.15066
-3.15066
-3.15067
-3.15067
-3.15068
-3.15068
-3.15069
-3.15069
-3.15069
-3.15069
-3.15069
-3.15069
-3.15069
-3.15069
-3.15069
-3.15068
-3.15068
-3.15067
-3.15067
-3.15066
-3.15065
-3.15064
-3.15063
-3.15062
-3.15062
-3.15061
-3.1506
-3.15059
-3.15058
-3.15057
-3.15056
-3.15056
-3.15055
-3.15055
-3.15054
-3.15054
-3.15054
-3.15054
-3.15054
-3.2489
-3.2489
-3.2489
-3.2489
-3.2489
-3.2489
-3.2489
-3.2489
-3.24889
-3.24889
-3.24889
-3.24889
-3.24888
-3.24888
-3.24887
-3.24887
-3.24886
-3.24886
-3.24885
-3.24885
-3.24884
-3.24884
-3.24884
-3.24884
-3.24884
-3.24884
-3.24884
-3.24885
-3.24885
-3.24885
-3.24885
-3.24886
-3.24886
-3.24886
-3.24887
-3.24887
-3.24888
-3.24888
-3.24889
-3.2489
-3.2489
-3.24891
-3.24892
-3.24893
-3.24894
-3.24895
-3.24896
-3.24897
-3.24899
-3.249
-3.24901
-3.24902
-3.24903
-3.24904
-3.24905
-3.24906
-3.24907
-3.24908
-3.24909
-3.2491
-3.2491
-3.24911
-3.24911
-3.24912
-3.24912
-3.24913
-3.24913
-3.24913
-3.24914
-3.24914
-3.24914
-3.24914
-3.24914
-3.24914
-3.24914
-3.24913
-3.24913
-3.24912
-3.24912
-3.24911
-3.2491
-3.2491
-3.24909
-3.24908
-3.24907
-3.24906
-3.24905
-3.24904
-3.24903
-3.24902
-3.24902
-3.24901
-3.249
-3.249
-3.24899
-3.24899
-3.24899
-3.24899
-3.24898
-3.24898
-3.34735
-3.34735
-3.34735
-3.34735
-3.34735
-3.34735
-3.34735
-3.34735
-3.34735
-3.34734
-3.34734
-3.34734
-3.34733
-3.34733
-3.34732
-3.34731
-3.34731
-3.3473
-3.3473
-3.34729
-3.34729
-3.34729
-3.34729
-3.34729
-3.34729
-3.34729
-3.34729
-3.34729
-3.3473
-3.3473
-3.3473
-3.3473
-3.3473
-3.34731
-3.34731
-3.34731
-3.34732
-3.34732
-3.34733
-3.34734
-3.34734
-3.34735
-3.34736
-3.34737
-3.34738
-3.34739
-3.3474
-3.34741
-3.34742
-3.34744
-3.34745
-3.34746
-3.34747
-3.34748
-3.3475
-3.34751
-3.34752
-3.34753
-3.34753
-3.34754
-3.34755
-3.34756
-3.34756
-3.34757
-3.34757
-3.34758
-3.34758
-3.34758
-3.34758
-3.34759
-3.34759
-3.34759
-3.34759
-3.34758
-3.34758
-3.34758
-3.34757
-3.34757
-3.34756
-3.34756
-3.34755
-3.34754
-3.34753
-3.34752
-3.34751
-3.34751
-3.3475
-3.34749
-3.34748
-3.34747
-3.34746
-3.34746
-3.34745
-3.34744
-3.34744
-3.34744
-3.34743
-3.34743
-3.34743
-3.34743
-3.4458
-3.4458
-3.4458
-3.4458
-3.4458
-3.4458
-3.4458
-3.4458
-3.4458
-3.44579
-3.44579
-3.44578
-3.44578
-3.44577
-3.44577
-3.44576
-3.44575
-3.44575
-3.44574
-3.44574
-3.44574
-3.44574
-3.44574
-3.44574
-3.44574
-3.44574
-3.44574
-3.44574
-3.44574
-3.44575
-3.44575
-3.44575
-3.44575
-3.44575
-3.44575
-3.44576
-3.44576
-3.44576
-3.44577
-3.44578
-3.44578
-3.44579
-3.4458
-3.44581
-3.44582
-3.44583
-3.44584
-3.44585
-3.44586
-3.44587
-3.44589
-3.4459
-3.44591
-3.44592
-3.44594
-3.44595
-3.44596
-3.44597
-3.44598
-3.44599
-3.44599
-3.446
-3.44601
-3.44601
-3.44602
-3.44602
-3.44603
-3.44603
-3.44603
-3.44603
-3.44603
-3.44603
-3.44603
-3.44603
-3.44603
-3.44602
-3.44602
-3.44602
-3.44601
-3.446
-3.44599
-3.44599
-3.44598
-3.44597
-3.44596
-3.44595
-3.44594
-3.44593
-3.44592
-3.44592
-3.44591
-3.4459
-3.44589
-3.44589
-3.44589
-3.44588
-3.44588
-3.44588
-3.44587
-3.44587
-3.54425
-3.54425
-3.54425
-3.54425
-3.54425
-3.54425
-3.54425
-3.54425
-3.54425
-3.54424
-3.54424
-3.54423
-3.54422
-3.54422
-3.54421
-3.54421
-3.5442
-3.5442
-3.54419
-3.54419
-3.54419
-3.54419
-3.54419
-3.54419
-3.54419
-3.54419
-3.54419
-3.54419
-3.54419
-3.54419
-3.54419
-3.54419
-3.54419
-3.54419
-3.54419
-3.5442
-3.5442
-3.5442
-3.54421
-3.54421
-3.54422
-3.54423
-3.54423
-3.54424
-3.54425
-3.54426
-3.54427
-3.54429
-3.5443
-3.54431
-3.54432
-3.54434
-3.54435
-3.54436
-3.54437
-3.54439
-3.5444
-3.54441
-3.54442
-3.54443
-3.54444
-3.54445
-3.54445
-3.54446
-3.54447
-3.54447
-3.54448
-3.54448
-3.54448
-3.54448
-3.54448
-3.54448
-3.54448
-3.54448
-3.54448
-3.54447
-3.54447
-3.54446
-3.54446
-3.54445
-3.54444
-3.54443
-3.54442
-3.54442
-3.54441
-3.5444
-3.54439
-3.54438
-3.54437
-3.54436
-3.54435
-3.54435
-3.54434
-3.54433
-3.54433
-3.54433
-3.54432
-3.54432
-3.54432
-3.54432
-3.6427
-3.6427
-3.6427
-3.6427
-3.6427
-3.6427
-3.6427
-3.6427
-3.6427
-3.64269
-3.64268
-3.64268
-3.64267
-3.64266
-3.64266
-3.64265
-3.64265
-3.64264
-3.64264
-3.64264
-3.64264
-3.64264
-3.64264
-3.64264
-3.64264
-3.64264
-3.64264
-3.64264
-3.64264
-3.64264
-3.64264
-3.64264
-3.64264
-3.64264
-3.64264
-3.64264
-3.64264
-3.64264
-3.64265
-3.64265
-3.64266
-3.64266
-3.64267
-3.64268
-3.64269
-3.6427
-3.64271
-3.64272
-3.64273
-3.64275
-3.64276
-3.64277
-3.64278
-3.6428
-3.64281
-3.64282
-3.64283
-3.64284
-3.64286
-3.64287
-3.64288
-3.64289
-3.6429
-3.6429
-3.64291
-3.64292
-3.64292
-3.64293
-3.64293
-3.64293
-3.64293
-3.64293
-3.64293
-3.64293
-3.64292
-3.64292
-3.64291
-3.64291
-3.6429
-3.6429
-3.64289
-3.64288
-3.64287
-3.64286
-3.64285
-3.64284
-3.64283
-3.64282
-3.64281
-3.64281
-3.6428
-3.64279
-3.64278
-3.64278
-3.64277
-3.64277
-3.64277
-3.64276
-3.64276
-3.64275
-3.74115
-3.74115
-3.74115
-3.74115
-3.74115
-3.74115
-3.74115
-3.74115
-3.74115
-3.74114
-3.74113
-3.74112
-3.74112
-3.74111
-3.7411
-3.7411
-3.7411
-3.74109
-3.74109
-3.74109
-3.74108
-3.74109
-3.74109
-3.74109
-3.74109
-3.74109
-3.74109
-3.74109
-3.74109
-3.74109
-3.74109
-3.74109
-3.74108
-3.74108
-3.74108
-3.74108
-3.74108
-3.74108
-3.74108
-3.74109
-3.74109
-3.7411
-3.74111
-3.74111
-3.74112
-3.74113
-3.74114
-3.74116
-3.74117
-3.74118
-3.74119
-3.74121
-3.74122
-3.74123
-3.74124
-3.74126
-3.74127
-3.74128
-3.74129
-3.7413
-3.74131
-3.74132
-3.74133
-3.74134
-3.74135
-3.74136
-3.74137
-3.74137
-3.74138
-3.74138
-3.74138
-3.74138
-3.74138
-3.74138
-3.74137
-3.74137
-3.74136
-3.74136
-3.74135
-3.74134
-3.74134
-3.74133
-3.74132
-3.74131
-3.7413
-3.74129
-3.74128
-3.74127
-3.74126
-3.74125
-3.74124
-3.74124
-3.74123
-3.74122
-3.74122
-3.74121
-3.74121
-3.7412
-3.7412
-3.74119
-3.8396
-3.8396
-3.8396
-3.8396
-3.8396
-3.8396
-3.8396
-3.8396
-3.83959
-3.83959
-3.83958
-3.83957
-3.83956
-3.83956
-3.83955
-3.83955
-3.83954
-3.83954
-3.83954
-3.83953
-3.83953
-3.83954
-3.83954
-3.83954
-3.83954
-3.83954
-3.83954
-3.83954
-3.83954
-3.83954
-3.83954
-3.83953
-3.83953
-3.83953
-3.83952
-3.83952
-3.83952
-3.83952
-3.83952
-3.83952
-3.83953
-3.83953
-3.83954
-3.83955
-3.83956
-3.83957
-3.83958
-3.83959
-3.8396
-3.83961
-3.83963
-3.83964
-3.83965
-3.83966
-3.83968
-3.83969
-3.8397
-3.83971
-3.83973
-3.83974
-3.83975
-3.83976
-3.83977
-3.83978
-3.83979
-3.8398
-3.83981
-3.83981
-3.83982
-3.83982
-3.83983
-3.83983
-3.83983
-3.83982
-3.83982
-3.83982
-3.83981
-3.83981
-3.8398
-3.83979
-3.83978
-3.83978
-3.83977
-3.83976
-3.83975
-3.83974
-3.83973
-3.83972
-3.83971
-3.8397
-3.83969
-3.83968
-3.83967
-3.83966
-3.83966
-3.83965
-3.83965
-3.83964
-3.83962
-3.83961
-3.93804
-3.93805
-3.93805
-3.93805
-3.93805
-3.93806
-3.93805
-3.93805
-3.93804
-3.93804
-3.93803
-3.93802
-3.93801
-3.938
-3.938
-3.93799
-3.93799
-3.93799
-3.93798
-3.93798
-3.93798
-3.93799
-3.93799
-3.93799
-3.93799
-3.93799
-3.93799
-3.93799
-3.93799
-3.93799
-3.93798
-3.93798
-3.93797
-3.93797
-3.93796
-3.93796
-3.93796
-3.93796
-3.93796
-3.93796
-3.93797
-3.93797
-3.93798
-3.93799
-3.938
-3.93801
-3.93802
-3.93803
-3.93804
-3.93805
-3.93806
-3.93807
-3.93809
-3.9381
-3.93811
-3.93812
-3.93813
-3.93815
-3.93816
-3.93817
-3.93818
-3.93819
-3.9382
-3.93821
-3.93822
-3.93823
-3.93824
-3.93825
-3.93826
-3.93826
-3.93827
-3.93827
-3.93827
-3.93827
-3.93827
-3.93827
-3.93826
-3.93826
-3.93825
-3.93824
-3.93823
-3.93822
-3.93822
-3.93821
-3.9382
-3.93818
-3.93817
-3.93816
-3.93815
-3.93814
-3.93813
-3.93812
-3.93811
-3.9381
-3.9381
-3.93809
-3.93808
-3.93806
-3.93804
-3.93803
-4.03648
-4.03649
-4.0365
-4.0365
-4.0365
-4.0365
-4.0365
-4.0365
-4.03649
-4.03648
-4.03647
-4.03646
-4.03645
-4.03645
-4.03644
-4.03644
-4.03643
-4.03643
-4.03643
-4.03643
-4.03643
-4.03644
-4.03644
-4.03644
-4.03644
-4.03644
-4.03644
-4.03644
-4.03644
-4.03643
-4.03643
-4.03642
-4.03642
-4.03641
-4.03641
-4.0364
-4.0364
-4.0364
-4.0364
-4.0364
-4.0364
-4.03641
-4.03642
-4.03642
-4.03643
-4.03644
-4.03645
-4.03646
-4.03647
-4.03649
-4.0365
-4.03651
-4.03652
-4.03653
-4.03654
-4.03655
-4.03656
-4.03658
-4.03659
-4.0366
-4.03661
-4.03662
-4.03664
-4.03665
-4.03666
-4.03667
-4.03668
-4.03669
-4.03669
-4.0367
-4.03671
-4.03671
-4.03671
-4.03671
-4.03671
-4.03671
-4.03671
-4.0367
-4.0367
-4.03669
-4.03668
-4.03667
-4.03666
-4.03665
-4.03664
-4.03663
-4.03662
-4.03661
-4.0366
-4.03659
-4.03657
-4.03656
-4.03655
-4.03654
-4.03653
-4.03651
-4.0365
-4.03647
-4.03644
-4.03643
-4.13492
-4.13493
-4.13494
-4.13494
-4.13495
-4.13495
-4.13495
-4.13495
-4.13494
-4.13493
-4.13492
-4.13491
-4.1349
-4.13489
-4.13488
-4.13488
-4.13488
-4.13488
-4.13488
-4.13488
-4.13488
-4.13489
-4.13489
-4.13489
-4.13489
-4.13489
-4.13489
-4.13489
-4.13488
-4.13488
-4.13488
-4.13487
-4.13486
-4.13486
-4.13485
-4.13484
-4.13484
-4.13484
-4.13484
-4.13484
-4.13484
-4.13485
-4.13485
-4.13486
-4.13487
-4.13488
-4.13489
-4.1349
-4.13491
-4.13492
-4.13493
-4.13494
-4.13495
-4.13496
-4.13497
-4.13499
-4.135
-4.13501
-4.13502
-4.13503
-4.13504
-4.13505
-4.13507
-4.13508
-4.13509
-4.1351
-4.13511
-4.13512
-4.13513
-4.13514
-4.13514
-4.13515
-4.13515
-4.13515
-4.13515
-4.13515
-4.13515
-4.13515
-4.13514
-4.13513
-4.13513
-4.13512
-4.13511
-4.1351
-4.13509
-4.13508
-4.13506
-4.13505
-4.13504
-4.13503
-4.13501
-4.135
-4.13498
-4.13497
-4.13495
-4.13493
-4.1349
-4.13487
-4.13483
-4.13481
-4.23333
-4.23335
-4.23337
-4.23338
-4.23339
-4.23339
-4.23339
-4.23339
-4.23338
-4.23337
-4.23336
-4.23335
-4.23334
-4.23333
-4.23333
-4.23332
-4.23332
-4.23332
-4.23332
-4.23332
-4.23333
-4.23333
-4.23334
-4.23334
-4.23334
-4.23334
-4.23334
-4.23334
-4.23333
-4.23333
-4.23332
-4.23332
-4.23331
-4.2333
-4.23329
-4.23329
-4.23328
-4.23328
-4.23328
-4.23328
-4.23328
-4.23329
-4.23329
-4.2333
-4.23331
-4.23332
-4.23333
-4.23334
-4.23335
-4.23336
-4.23337
-4.23338
-4.23339
-4.2334
-4.23341
-4.23342
-4.23343
-4.23344
-4.23345
-4.23346
-4.23347
-4.23349
-4.2335
-4.23351
-4.23352
-4.23353
-4.23354
-4.23355
-4.23356
-4.23357
-4.23357
-4.23358
-4.23359
-4.23359
-4.23359
-4.23359
-4.23359
-4.23359
-4.23358
-4.23358
-4.23357
-4.23356
-4.23355
-4.23354
-4.23353
-4.23352
-4.2335
-4.23349
-4.23348
-4.23346
-4.23344
-4.23343
-4.23341
-4.23338
-4.23336
-4.23333
-4.23329
-4.23325
-4.23321
-4.23319
-4.33174
-4.33176
-4.33178
-4.3318
-4.33182
-4.33182
-4.33183
-4.33183
-4.33182
-4.33181
-4.3318
-4.33179
-4.33178
-4.33177
-4.33177
-4.33176
-4.33176
-4.33176
-4.33177
-4.33177
-4.33178
-4.33178
-4.33178
-4.33179
-4.33179
-4.33179
-4.33179
-4.33178
-4.33178
-4.33177
-4.33177
-4.33176
-4.33175
-4.33175
-4.33174
-4.33173
-4.33173
-4.33172
-4.33172
-4.33172
-4.33172
-4.33173
-4.33174
-4.33174
-4.33175
-4.33176
-4.33177
-4.33178
-4.33179
-4.3318
-4.33181
-4.33182
-4.33183
-4.33183
-4.33184
-4.33185
-4.33186
-4.33187
-4.33188
-4.33189
-4.33191
-4.33192
-4.33193
-4.33194
-4.33195
-4.33196
-4.33197
-4.33198
-4.33199
-4.332
-4.33201
-4.33201
-4.33202
-4.33202
-4.33202
-4.33203
-4.33203
-4.33202
-4.33202
-4.33201
-4.33201
-4.332
-4.33199
-4.33198
-4.33197
-4.33195
-4.33194
-4.33192
-4.33191
-4.33189
-4.33187
-4.33184
-4.33182
-4.33179
-4.33175
-4.33171
-4.33167
-4.33162
-4.33157
-4.33155
-4.43013
-4.43015
-4.43018
-4.43021
-4.43024
-4.43025
-4.43026
-4.43026
-4.43026
-4.43025
-4.43024
-4.43023
-4.43022
-4.43021
-4.43021
-4.4302
-4.4302
-4.43021
-4.43021
-4.43021
-4.43022
-4.43023
-4.43023
-4.43023
-4.43024
-4.43023
-4.43023
-4.43023
-4.43022
-4.43022
-4.43021
-4.43021
-4.4302
-4.43019
-4.43019
-4.43018
-4.43017
-4.43017
-4.43016
-4.43016
-4.43017
-4.43017
-4.43018
-4.43019
-4.4302
-4.43021
-4.43022
-4.43023
-4.43023
-4.43024
-4.43025
-4.43026
-4.43026
-4.43027
-4.43028
-4.43029
-4.4303
-4.43031
-4.43032
-4.43033
-4.43034
-4.43035
-4.43036
-4.43037
-4.43038
-4.43039
-4.4304
-4.43041
-4.43042
-4.43043
-4.43044
-4.43044
-4.43045
-4.43045
-4.43046
-4.43046
-4.43046
-4.43046
-4.43045
-4.43045
-4.43044
-4.43044
-4.43043
-4.43041
-4.4304
-4.43039
-4.43037
-4.43035
-4.43033
-4.43031
-4.43028
-4.43026
-4.43022
-4.43019
-4.43014
-4.43009
-4.43004
-4.42998
-4.42993
-4.42991
-4.5285
-4.52853
-4.52857
-4.52862
-4.52865
-4.52867
-4.52869
-4.52869
-4.52869
-4.52869
-4.52868
-4.52867
-4.52866
-4.52865
-4.52865
-4.52865
-4.52865
-4.52865
-4.52865
-4.52866
-4.52866
-4.52867
-4.52868
-4.52868
-4.52868
-4.52868
-4.52868
-4.52867
-4.52867
-4.52867
-4.52866
-4.52865
-4.52865
-4.52864
-4.52863
-4.52863
-4.52862
-4.52862
-4.52861
-4.52861
-4.52861
-4.52862
-4.52863
-4.52863
-4.52864
-4.52865
-4.52866
-4.52867
-4.52868
-4.52868
-4.52869
-4.5287
-4.5287
-4.52871
-4.52872
-4.52873
-4.52873
-4.52874
-4.52875
-4.52876
-4.52877
-4.52878
-4.52879
-4.52881
-4.52882
-4.52883
-4.52884
-4.52885
-4.52885
-4.52886
-4.52887
-4.52888
-4.52888
-4.52889
-4.52889
-4.52889
-4.52889
-4.52889
-4.52889
-4.52888
-4.52888
-4.52887
-4.52886
-4.52885
-4.52883
-4.52882
-4.5288
-4.52878
-4.52875
-4.52873
-4.5287
-4.52866
-4.52862
-4.52858
-4.52853
-4.52847
-4.52841
-4.52835
-4.5283
-4.52828
-4.62686
-4.62689
-4.62695
-4.62701
-4.62705
-4.62709
-4.62711
-4.62712
-4.62712
-4.62712
-4.62711
-4.6271
-4.62709
-4.62709
-4.62709
-4.62709
-4.62709
-4.62709
-4.6271
-4.6271
-4.62711
-4.62712
-4.62712
-4.62712
-4.62713
-4.62712
-4.62712
-4.62712
-4.62712
-4.62711
-4.62711
-4.6271
-4.62709
-4.62709
-4.62708
-4.62708
-4.62707
-4.62707
-4.62706
-4.62706
-4.62706
-4.62707
-4.62707
-4.62708
-4.62709
-4.6271
-4.62711
-4.62711
-4.62712
-4.62713
-4.62713
-4.62714
-4.62715
-4.62715
-4.62716
-4.62717
-4.62717
-4.62718
-4.62719
-4.6272
-4.62721
-4.62722
-4.62723
-4.62724
-4.62725
-4.62726
-4.62727
-4.62728
-4.62729
-4.6273
-4.6273
-4.62731
-4.62731
-4.62732
-4.62732
-4.62732
-4.62732
-4.62732
-4.62732
-4.62731
-4.62731
-4.6273
-4.62729
-4.62728
-4.62726
-4.62724
-4.62722
-4.6272
-4.62717
-4.62714
-4.62711
-4.62707
-4.62702
-4.62697
-4.62692
-4.62685
-4.62679
-4.62673
-4.62668
-4.62667
-4.72522
-4.72526
-4.72533
-4.72541
-4.72546
-4.7255
-4.72553
-4.72554
-4.72555
-4.72555
-4.72554
-4.72554
-4.72553
-4.72553
-4.72553
-4.72553
-4.72554
-4.72554
-4.72554
-4.72555
-4.72555
-4.72556
-4.72556
-4.72557
-4.72557
-4.72557
-4.72557
-4.72557
-4.72556
-4.72556
-4.72555
-4.72555
-4.72554
-4.72554
-4.72553
-4.72553
-4.72553
-4.72552
-4.72552
-4.72552
-4.72552
-4.72552
-4.72553
-4.72553
-4.72554
-4.72555
-4.72555
-4.72556
-4.72557
-4.72557
-4.72558
-4.72558
-4.72559
-4.7256
-4.7256
-4.72561
-4.72562
-4.72562
-4.72563
-4.72564
-4.72565
-4.72566
-4.72567
-4.72568
-4.72569
-4.7257
-4.72571
-4.72572
-4.72572
-4.72573
-4.72574
-4.72574
-4.72575
-4.72575
-4.72575
-4.72576
-4.72575
-4.72575
-4.72575
-4.72575
-4.72574
-4.72573
-4.72572
-4.72571
-4.72569
-4.72567
-4.72565
-4.72563
-4.7256
-4.72557
-4.72553
-4.72548
-4.72543
-4.72538
-4.72531
-4.72525
-4.72519
-4.72513
-4.72509
-4.72507
-4.82358
-4.82362
-4.82372
-4.82381
-4.82387
-4.82392
-4.82395
-4.82397
-4.82398
-4.82398
-4.82398
-4.82398
-4.82398
-4.82398
-4.82398
-4.82398
-4.82399
-4.82399
-4.82399
-4.824
-4.824
-4.82401
-4.82401
-4.82402
-4.82402
-4.82402
-4.82402
-4.82402
-4.82401
-4.82401
-4.82401
-4.824
-4.824
-4.82399
-4.82399
-4.82399
-4.82398
-4.82398
-4.82398
-4.82398
-4.82398
-4.82398
-4.82398
-4.82398
-4.82399
-4.824
-4.824
-4.82401
-4.82402
-4.82402
-4.82403
-4.82403
-4.82404
-4.82404
-4.82405
-4.82406
-4.82406
-4.82407
-4.82408
-4.82409
-4.8241
-4.82411
-4.82412
-4.82413
-4.82414
-4.82414
-4.82415
-4.82416
-4.82417
-4.82417
-4.82418
-4.82418
-4.82419
-4.82419
-4.82419
-4.82419
-4.82419
-4.82419
-4.82419
-4.82418
-4.82417
-4.82417
-4.82415
-4.82414
-4.82412
-4.82411
-4.82408
-4.82406
-4.82403
-4.82399
-4.82395
-4.82391
-4.82385
-4.82379
-4.82373
-4.82366
-4.8236
-4.82355
-4.82352
-4.82351
)
;

boundaryField
{
    floor
    {
        type            calculated;
        value           nonuniform List<scalar> 
100
(
0.0491877
0.0491808
0.0491767
0.0491737
0.0491709
0.0491681
0.0491652
0.0491623
0.0491594
0.049157
0.0491552
0.0491544
0.049155
0.0491573
0.0491614
0.0491675
0.0491755
0.0491852
0.0491963
0.049208
0.0492197
0.0492304
0.0492391
0.0492452
0.0492481
0.0492475
0.0492437
0.0492372
0.0492305
0.0492242
0.0492179
0.0492113
0.0492044
0.0491972
0.0491898
0.0491823
0.0491747
0.0491672
0.0491598
0.0491525
0.0491454
0.0491383
0.0491314
0.0491245
0.0491177
0.049111
0.0491042
0.0490974
0.0490906
0.0490837
0.0490767
0.0490697
0.0490626
0.0490555
0.0490485
0.0490415
0.0490346
0.0490279
0.0490214
0.0490152
0.0490093
0.0490039
0.0489988
0.0489943
0.0489904
0.0489871
0.0489844
0.0489825
0.0489813
0.0489808
0.048981
0.0489818
0.0489832
0.0489852
0.0489877
0.0489906
0.0489939
0.0489975
0.0490013
0.0490052
0.0490091
0.0490129
0.0490165
0.0490196
0.0490223
0.0490243
0.0490255
0.0490256
0.0490246
0.0490221
0.0490181
0.0490124
0.0490051
0.0489966
0.048988
0.0489825
0.0489958
0.0489984
0.0490076
0.0490253
)
;
    }
    ceiling
    {
        type            calculated;
        value           nonuniform List<scalar> 
100
(
-4.8728
-4.87284
-4.87293
-4.87302
-4.87309
-4.87314
-4.87317
-4.87319
-4.8732
-4.8732
-4.8732
-4.8732
-4.8732
-4.8732
-4.87321
-4.87321
-4.87321
-4.87322
-4.87322
-4.87322
-4.87323
-4.87323
-4.87324
-4.87324
-4.87324
-4.87324
-4.87324
-4.87324
-4.87324
-4.87324
-4.87323
-4.87323
-4.87323
-4.87322
-4.87322
-4.87322
-4.87321
-4.87321
-4.87321
-4.87321
-4.87321
-4.87321
-4.87321
-4.87321
-4.87322
-4.87322
-4.87323
-4.87324
-4.87324
-4.87325
-4.87325
-4.87326
-4.87326
-4.87327
-4.87327
-4.87328
-4.87329
-4.8733
-4.87331
-4.87331
-4.87332
-4.87333
-4.87334
-4.87335
-4.87336
-4.87337
-4.87338
-4.87338
-4.87339
-4.8734
-4.8734
-4.87341
-4.87341
-4.87341
-4.87342
-4.87342
-4.87342
-4.87341
-4.87341
-4.8734
-4.8734
-4.87339
-4.87337
-4.87336
-4.87334
-4.87333
-4.8733
-4.87328
-4.87325
-4.87321
-4.87317
-4.87312
-4.87307
-4.87301
-4.87295
-4.87288
-4.87282
-4.87277
-4.87274
-4.87273
)
;
    }
    fixedWalls
    {
        type            calculated;
        value           nonuniform List<scalar> 
100
(
6.93889e-18
-0.0984002
-0.196835
-0.295288
-0.393746
-0.492206
-0.590667
-0.689129
-0.78759
-0.886051
-0.984511
-1.08297
-1.18143
-1.27989
-1.37834
-1.4768
-1.57525
-1.6737
-1.77215
-1.87061
-1.96906
-2.06751
-2.16596
-2.2644
-2.36285
-2.4613
-2.55975
-2.6582
-2.75665
-2.8551
-2.95355
-3.052
-3.15045
-3.2489
-3.34735
-3.4458
-3.54425
-3.6427
-3.74115
-3.8396
-3.93804
-4.03648
-4.13492
-4.23333
-4.33174
-4.43013
-4.5285
-4.62686
-4.72522
-4.82358
-0.000166576
-0.0985481
-0.196929
-0.295325
-0.393739
-0.492171
-0.590615
-0.689067
-0.787524
-0.885984
-0.984447
-1.08291
-1.18138
-1.27984
-1.37831
-1.47677
-1.57524
-1.6737
-1.77216
-1.87063
-1.96909
-2.06755
-2.16601
-2.26447
-2.36292
-2.46138
-2.55983
-2.65829
-2.75674
-2.85519
-2.95364
-3.05209
-3.15054
-3.24898
-3.34743
-3.44587
-3.54432
-3.64275
-3.74119
-3.83961
-3.93803
-4.03643
-4.13481
-4.23319
-4.33155
-4.42991
-4.52828
-4.62667
-4.72507
-4.82351
)
;
    }
    frontAndBack
    {
        type            empty;
    }
}


// ************************************************************************* //
