/*--------------------------------*- C++ -*----------------------------------*\
| =========                 |                                                 |
| \\      /  F ield         | OpenFOAM: The Open Source CFD Toolbox           |
|  \\    /   O peration     | Version:  4.1                                   |
|   \\  /    A nd           | Web:      www.OpenFOAM.org                      |
|    \\/     M anipulation  |                                                 |
\*---------------------------------------------------------------------------*/
FoamFile
{
    version     2.0;
    format      ascii;
    class       volScalarField;
    location    "110";
    object      p;
}
// * * * * * * * * * * * * * * * * * * * * * * * * * * * * * * * * * * * * * //

dimensions      [0 2 -2 0 0 0 0];

internalField   nonuniform List<scalar> 
400
(
0
8.64999e-10
8.90778e-10
9.11775e-10
9.05398e-10
8.94466e-10
8.79554e-10
8.70303e-10
8.42472e-10
8.5008e-10
8.66082e-10
8.78455e-10
8.85006e-10
8.89107e-10
8.91006e-10
8.91065e-10
8.94411e-10
9.02277e-10
8.92303e-10
9.11422e-10
-0.492575
-0.492575
-0.492575
-0.492575
-0.492575
-0.492575
-0.492575
-0.492575
-0.492575
-0.492575
-0.492575
-0.492575
-0.492575
-0.492575
-0.492575
-0.492575
-0.492575
-0.492575
-0.492575
-0.492575
-0.985174
-0.985174
-0.985174
-0.985174
-0.985174
-0.985174
-0.985174
-0.985174
-0.985174
-0.985174
-0.985174
-0.985174
-0.985174
-0.985174
-0.985174
-0.985174
-0.985174
-0.985174
-0.985174
-0.985174
-1.47777
-1.47777
-1.47777
-1.47777
-1.47777
-1.47777
-1.47777
-1.47777
-1.47777
-1.47777
-1.47777
-1.47777
-1.47777
-1.47777
-1.47777
-1.47777
-1.47777
-1.47777
-1.47777
-1.47777
-1.97037
-1.97037
-1.97037
-1.97037
-1.97037
-1.97037
-1.97037
-1.97037
-1.97037
-1.97037
-1.97037
-1.97037
-1.97037
-1.97037
-1.97037
-1.97037
-1.97037
-1.97037
-1.97037
-1.97037
-2.46297
-2.46297
-2.46297
-2.46297
-2.46297
-2.46297
-2.46297
-2.46297
-2.46297
-2.46297
-2.46297
-2.46297
-2.46297
-2.46297
-2.46297
-2.46297
-2.46297
-2.46297
-2.46297
-2.46297
-2.95557
-2.95557
-2.95557
-2.95557
-2.95557
-2.95557
-2.95557
-2.95557
-2.95557
-2.95557
-2.95557
-2.95557
-2.95557
-2.95557
-2.95557
-2.95557
-2.95557
-2.95557
-2.95557
-2.95557
-3.44817
-3.44817
-3.44817
-3.44817
-3.44817
-3.44817
-3.44817
-3.44817
-3.44817
-3.44817
-3.44817
-3.44817
-3.44817
-3.44817
-3.44817
-3.44817
-3.44817
-3.44817
-3.44817
-3.44817
-3.94077
-3.94077
-3.94077
-3.94077
-3.94077
-3.94077
-3.94077
-3.94077
-3.94077
-3.94077
-3.94077
-3.94077
-3.94077
-3.94077
-3.94077
-3.94077
-3.94077
-3.94077
-3.94077
-3.94077
-4.43337
-4.43337
-4.43337
-4.43337
-4.43337
-4.43337
-4.43337
-4.43337
-4.43337
-4.43337
-4.43337
-4.43337
-4.43337
-4.43337
-4.43337
-4.43337
-4.43337
-4.43337
-4.43337
-4.43337
-4.92597
-4.92597
-4.92597
-4.92597
-4.92597
-4.92597
-4.92597
-4.92597
-4.92597
-4.92597
-4.92597
-4.92597
-4.92597
-4.92597
-4.92597
-4.92597
-4.92597
-4.92597
-4.92597
-4.92597
-5.41857
-5.41857
-5.41857
-5.41857
-5.41857
-5.41857
-5.41857
-5.41857
-5.41857
-5.41857
-5.41857
-5.41857
-5.41857
-5.41857
-5.41857
-5.41857
-5.41857
-5.41857
-5.41857
-5.41857
-5.91117
-5.91117
-5.91117
-5.91117
-5.91117
-5.91117
-5.91117
-5.91117
-5.91117
-5.91117
-5.91117
-5.91117
-5.91117
-5.91117
-5.91117
-5.91117
-5.91117
-5.91117
-5.91117
-5.91117
-6.40377
-6.40377
-6.40377
-6.40377
-6.40377
-6.40377
-6.40377
-6.40377
-6.40377
-6.40377
-6.40377
-6.40377
-6.40377
-6.40377
-6.40377
-6.40377
-6.40377
-6.40377
-6.40377
-6.40377
-6.89637
-6.89637
-6.89637
-6.89637
-6.89637
-6.89637
-6.89637
-6.89637
-6.89637
-6.89637
-6.89637
-6.89637
-6.89637
-6.89637
-6.89637
-6.89637
-6.89637
-6.89637
-6.89637
-6.89637
-7.38897
-7.38897
-7.38897
-7.38897
-7.38897
-7.38897
-7.38897
-7.38897
-7.38897
-7.38897
-7.38897
-7.38897
-7.38897
-7.38897
-7.38897
-7.38897
-7.38897
-7.38897
-7.38897
-7.38897
-7.88157
-7.88157
-7.88157
-7.88157
-7.88157
-7.88157
-7.88157
-7.88157
-7.88157
-7.88157
-7.88157
-7.88157
-7.88157
-7.88157
-7.88157
-7.88157
-7.88157
-7.88157
-7.88157
-7.88157
-8.37416
-8.37416
-8.37416
-8.37416
-8.37416
-8.37416
-8.37416
-8.37416
-8.37416
-8.37416
-8.37416
-8.37416
-8.37416
-8.37416
-8.37416
-8.37416
-8.37416
-8.37416
-8.37416
-8.37416
-8.86676
-8.86676
-8.86676
-8.86676
-8.86676
-8.86676
-8.86676
-8.86676
-8.86676
-8.86676
-8.86676
-8.86676
-8.86676
-8.86676
-8.86676
-8.86676
-8.86676
-8.86676
-8.86676
-8.86676
-9.35936
-9.35936
-9.35936
-9.35936
-9.35936
-9.35936
-9.35936
-9.35936
-9.35936
-9.35936
-9.35936
-9.35936
-9.35936
-9.35936
-9.35936
-9.35936
-9.35936
-9.35936
-9.35936
-9.35936
)
;

boundaryField
{
    floor
    {
        type            calculated;
        value           nonuniform List<scalar> 
20
(
0.246275
0.246275
0.246275
0.246275
0.246275
0.246275
0.246275
0.246275
0.246275
0.246275
0.246275
0.246275
0.246275
0.246275
0.246275
0.246275
0.246275
0.246275
0.246275
0.246275
)
;
    }
    ceiling
    {
        type            calculated;
        value           nonuniform List<scalar> 
20
(
-9.60566
-9.60566
-9.60566
-9.60566
-9.60566
-9.60566
-9.60566
-9.60566
-9.60566
-9.60566
-9.60566
-9.60566
-9.60566
-9.60566
-9.60566
-9.60566
-9.60566
-9.60566
-9.60566
-9.60566
)
;
    }
    fixedWalls
    {
        type            calculated;
        value           nonuniform List<scalar> 
40
(
8.32667e-17
-0.492575
-0.985174
-1.47777
-1.97037
-2.46297
-2.95557
-3.44817
-3.94077
-4.43337
-4.92597
-5.41857
-5.91117
-6.40377
-6.89637
-7.38897
-7.88157
-8.37416
-8.86676
-9.35936
9.11422e-10
-0.492575
-0.985174
-1.47777
-1.97037
-2.46297
-2.95557
-3.44817
-3.94077
-4.43337
-4.92597
-5.41857
-5.91117
-6.40377
-6.89637
-7.38897
-7.88157
-8.37416
-8.86676
-9.35936
)
;
    }
    frontAndBack
    {
        type            empty;
    }
}


// ************************************************************************* //
