/*--------------------------------*- C++ -*----------------------------------*\
| =========                 |                                                 |
| \\      /  F ield         | OpenFOAM: The Open Source CFD Toolbox           |
|  \\    /   O peration     | Version:  4.1                                   |
|   \\  /    A nd           | Web:      www.OpenFOAM.org                      |
|    \\/     M anipulation  |                                                 |
\*---------------------------------------------------------------------------*/
FoamFile
{
    version     2.0;
    format      ascii;
    class       volScalarField;
    location    "1280";
    object      mag(U);
}
// * * * * * * * * * * * * * * * * * * * * * * * * * * * * * * * * * * * * * //

dimensions      [0 1 -1 0 0 0 0];

internalField   nonuniform List<scalar> 
5000
(
0.00538495
0.00573996
0.00629023
0.00616044
0.00589303
0.00555098
0.00511341
0.00456628
0.00391261
0.00316873
0.00236041
0.00152749
0.000783035
0.000675112
0.00141065
0.0022146
0.00300305
0.00375123
0.00445248
0.00510564
0.00571252
0.00627615
0.00679944
0.00728458
0.0077331
0.00814621
0.00852496
0.00887025
0.00918296
0.00946403
0.00971457
0.00993577
0.0101289
0.0102953
0.0104363
0.010553
0.0106465
0.0107177
0.0107675
0.0107969
0.0108068
0.0107988
0.0107733
0.0107318
0.0106754
0.0106057
0.0105244
0.0104335
0.0103358
0.0102347
0.0101341
0.0100387
0.00995363
0.00988408
0.00983488
0.00980977
0.0098108
0.00983609
0.00988344
0.00995024
0.0100332
0.0101286
0.0102321
0.0103393
0.0104454
0.0105459
0.0106363
0.0107124
0.0107706
0.0108085
0.0108263
0.0108278
0.0108216
0.0108233
0.0108575
0.0109568
0.0111529
0.0114705
0.0119186
0.0124795
0.0130895
0.0135943
0.0136913
0.0128893
0.0103702
0.00387457
0.00410861
0.0060854
0.00776788
0.00876016
0.00908852
0.0088003
0.00797682
0.00674919
0.00528755
0.00373743
0.00240351
0.00247657
0.00350953
0.00443792
0.00716428
0.00462105
0.00488431
0.00500835
0.00495743
0.00478363
0.00448724
0.00407141
0.00355179
0.00295779
0.00233546
0.00176556
0.00141166
0.00146409
0.00189175
0.00245392
0.00306844
0.00369123
0.00430235
0.00489203
0.005456
0.00599322
0.00650371
0.00698741
0.00744412
0.00787381
0.00827652
0.00865224
0.00900106
0.00932324
0.0096193
0.00988992
0.0101359
0.0103582
0.0105576
0.010735
0.0108912
0.0110268
0.0111424
0.0112387
0.0113165
0.0113761
0.0114186
0.0114435
0.0114526
0.0114483
0.0114332
0.0114103
0.0113829
0.0113547
0.0113296
0.0113115
0.0113039
0.0113095
0.0113295
0.0113644
0.0114131
0.0114759
0.0115528
0.0116431
0.0117456
0.0118582
0.0119783
0.0121028
0.0122287
0.0123531
0.0124737
0.0125891
0.0126989
0.0128043
0.0129076
0.0130125
0.0131238
0.0132475
0.0133879
0.0135477
0.0137302
0.0139392
0.0141748
0.0144227
0.0146361
0.0147195
0.014394
0.0136666
0.0129423
0.0106744
0.00595016
0.00571138
0.00704968
0.00810431
0.00853098
0.00832735
0.00760354
0.00642935
0.00500293
0.00367212
0.00321025
0.00371037
0.00314526
0.00607451
0.00967356
0.00424014
0.00358259
0.00400368
0.00420293
0.00418154
0.00402113
0.00375387
0.0034116
0.00303141
0.00265863
0.00235062
0.00217498
0.00216344
0.0023076
0.00256583
0.00291341
0.00331883
0.00375455
0.00420225
0.00465063
0.00509355
0.00552696
0.00594768
0.00635297
0.00674132
0.00711153
0.0074623
0.00779261
0.00810189
0.00838991
0.00865672
0.0089026
0.00912801
0.00933345
0.00951937
0.00968616
0.00983408
0.00996328
0.0100738
0.0101657
0.010239
0.0102945
0.010335
0.0103596
0.0103701
0.0103696
0.0103607
0.0103465
0.0103302
0.0103146
0.0103028
0.0102972
0.0103004
0.010314
0.0103414
0.0103853
0.0104478
0.0105297
0.0106304
0.0107485
0.0108813
0.0110256
0.0111779
0.0113343
0.011491
0.0116447
0.0117928
0.0119338
0.0120671
0.0121933
0.0123138
0.0124308
0.0125468
0.0126642
0.012786
0.0129168
0.0130621
0.0132253
0.0133958
0.0135284
0.0135216
0.013395
0.0136612
0.0150629
0.0156295
0.0121548
0.00671038
0.00616709
0.0067598
0.00722904
0.00733039
0.00715868
0.00661562
0.00583768
0.00512684
0.00480212
0.00478786
0.00344054
0.00812165
0.0117553
0.00459222
0.00307338
0.00334626
0.00360038
0.00368955
0.00367111
0.00358114
0.00344393
0.00327923
0.00310493
0.00294091
0.00281007
0.00272425
0.00267971
0.00269207
0.00277879
0.00294108
0.00316524
0.00343541
0.00373755
0.0040613
0.00439696
0.00473777
0.00507766
0.00541348
0.0057421
0.00606022
0.00636528
0.00665553
0.00692974
0.00718712
0.00742727
0.00765008
0.00785564
0.00804403
0.00821524
0.00836916
0.00850555
0.0086241
0.00872444
0.00880646
0.00887039
0.00891652
0.00894793
0.00896318
0.00896484
0.00895588
0.00893919
0.00891814
0.00889627
0.00887722
0.00886476
0.00886218
0.00887423
0.0089051
0.00895802
0.00903556
0.00913869
0.00926661
0.00941701
0.00958632
0.00977005
0.00996322
0.0101608
0.0103579
0.0105503
0.0107346
0.0109082
0.0110697
0.0112184
0.0113546
0.0114792
0.011594
0.0117017
0.0118065
0.0119151
0.0120366
0.0121807
0.0123476
0.0125116
0.0126312
0.0128014
0.0138196
0.0166739
0.0189593
0.0171952
0.0120913
0.00697706
0.00514736
0.00534407
0.00581183
0.00645626
0.00677484
0.0066428
0.00630696
0.00602429
0.00572762
0.0039894
0.00955543
0.0133498
0.00506016
0.00293835
0.00292447
0.00312433
0.00329714
0.00342605
0.00352268
0.00358061
0.0035897
0.00354553
0.0034546
0.00333252
0.00319608
0.00305566
0.00292247
0.00282054
0.00277284
0.00278544
0.00285576
0.00298205
0.00315634
0.00336578
0.00360249
0.00385805
0.00412708
0.00440319
0.0046803
0.00495393
0.00522065
0.00547764
0.00572276
0.00595448
0.00617183
0.00637426
0.00656136
0.0067327
0.00688779
0.00702603
0.00714679
0.00724943
0.00733351
0.0073989
0.00744576
0.00747511
0.00748899
0.00748748
0.00747372
0.00745102
0.00742317
0.00739477
0.00737086
0.00735691
0.00735813
0.00738126
0.00743125
0.00751223
0.00762642
0.00777354
0.00795101
0.0081543
0.00837759
0.00861437
0.00885806
0.00910245
0.00934202
0.00957208
0.00978894
0.00998987
0.0101731
0.0103377
0.0104837
0.0106118
0.0107239
0.0108234
0.0109157
0.0110097
0.0111181
0.0112571
0.0114383
0.0116536
0.0119065
0.0123305
0.0138469
0.0175469
0.0209994
0.0205623
0.0166488
0.0115166
0.00722024
0.00272149
0.00326651
0.00527049
0.00669286
0.00720382
0.00715275
0.00689392
0.00645448
0.00453059
0.0105397
0.0146549
0.00554237
0.00300987
0.00267817
0.00276858
0.0029936
0.00326333
0.00353217
0.00375025
0.0038837
0.00392261
0.00387758
0.00377006
0.00362246
0.00345279
0.00327554
0.00310272
0.00294864
0.0028232
0.00272848
0.00268293
0.00268597
0.00273379
0.00282373
0.00295582
0.00312247
0.00331553
0.00352769
0.00375221
0.0039831
0.00421469
0.00444234
0.00466238
0.00487207
0.00506954
0.00525333
0.00542218
0.00557503
0.00571085
0.00582864
0.00592753
0.00600692
0.00606655
0.00610668
0.00612797
0.0061327
0.00612205
0.00609924
0.00606848
0.00603461
0.00600334
0.00598164
0.00597699
0.00599673
0.00605016
0.00614195
0.006275
0.00644908
0.00666064
0.00690361
0.00717033
0.0074525
0.00774198
0.00803136
0.00831422
0.00858525
0.00884021
0.00907586
0.00928987
0.0094807
0.00964756
0.00979039
0.00991005
0.0100086
0.0100897
0.0101598
0.0102293
0.0103144
0.0104374
0.0106197
0.0108607
0.0111835
0.011764
0.0135879
0.0177933
0.0219714
0.0225966
0.0197055
0.0152013
0.0106681
0.00610639
0.00113132
0.00372489
0.00629002
0.00740953
0.00761593
0.00738935
0.00688921
0.00489979
0.0112611
0.0157832
0.00602562
0.00320521
0.00257686
0.00251866
0.00276211
0.00315645
0.00356826
0.00390584
0.0041254
0.00422395
0.00422251
0.0041498
0.00403157
0.0038865
0.00372672
0.00356055
0.00339555
0.00323654
0.00308427
0.00294561
0.00282841
0.00273398
0.00266246
0.00263505
0.00264828
0.00270047
0.00279356
0.00292253
0.0030808
0.00325995
0.00345204
0.00364954
0.00384587
0.0040361
0.00421611
0.00438272
0.00453353
0.00466659
0.00478033
0.00487354
0.00494551
0.0049961
0.00502585
0.00503598
0.00502875
0.00500752
0.00497613
0.00493985
0.00490511
0.00487978
0.00487255
0.00489247
0.00495137
0.00505545
0.00520798
0.00540853
0.00565254
0.00593228
0.00623817
0.00656014
0.00688858
0.007215
0.00753234
0.00783496
0.00811854
0.00837983
0.00861646
0.00882669
0.0090093
0.00916353
0.00928921
0.00938696
0.00945859
0.00950769
0.00954069
0.00956878
0.00961039
0.00969272
0.0098458
0.0100682
0.0103712
0.0109848
0.0129842
0.0175221
0.0221634
0.0235029
0.0214568
0.0176038
0.0133213
0.00906466
0.00519054
0.00389809
0.00585209
0.00727911
0.0076959
0.00751525
0.00699499
0.00499249
0.0118262
0.0167821
0.00649809
0.00347052
0.00259284
0.00236076
0.00259049
0.00308198
0.00360171
0.00402393
0.00430636
0.00445765
0.0045081
0.00449007
0.00442872
0.00434012
0.00423306
0.00411207
0.00397998
0.00383825
0.00368786
0.00353205
0.00337499
0.00321898
0.00306471
0.00292166
0.00280029
0.00269213
0.0026247
0.00260222
0.00262472
0.00269429
0.0028056
0.00294866
0.00311182
0.00328458
0.00345716
0.00362191
0.00377334
0.00390732
0.00402087
0.00411203
0.0041798
0.00422419
0.00424628
0.00424809
0.00423286
0.00420572
0.00417177
0.00413766
0.00411207
0.00410431
0.00412546
0.00418667
0.00429796
0.0044625
0.00468017
0.00494612
0.00525163
0.00558579
0.00593701
0.00629427
0.0066479
0.00699001
0.00731451
0.00761696
0.00789431
0.0081445
0.00836619
0.00855833
0.00872004
0.00885048
0.00894901
0.00901546
0.00905059
0.00905677
0.00903916
0.00900801
0.00898194
0.00899155
0.00907534
0.00923051
0.0094173
0.00992844
0.0120231
0.0168462
0.0217714
0.023584
0.0221621
0.0189077
0.0150162
0.0110757
0.00762153
0.00557027
0.00605815
0.00709546
0.0074866
0.0073073
0.0067765
0.00476865
0.0123231
0.0176799
0.00695532
0.00377441
0.00270169
0.00229042
0.00247116
0.00302471
0.00361826
0.0040998
0.0044339
0.00463934
0.00475096
0.00480023
0.00480877
0.00478881
0.004746
0.00468249
0.00459911
0.00449621
0.00437432
0.00423492
0.00407993
0.00391078
0.00372928
0.0035406
0.00335086
0.00316109
0.00297955
0.00282222
0.00268174
0.00259622
0.00256735
0.00259675
0.00267995
0.00280363
0.00295095
0.0031063
0.00325769
0.00339607
0.00351519
0.00361111
0.00368188
0.00372742
0.00374939
0.00375079
0.00373671
0.00371345
0.00368774
0.00366809
0.00366407
0.00368696
0.00374829
0.00385918
0.00402388
0.00424351
0.00451447
0.00482879
0.00517553
0.00554243
0.00591725
0.00628892
0.00664814
0.00698769
0.00730242
0.00758898
0.00784547
0.00807101
0.00826531
0.0084282
0.00855931
0.00865786
0.00872268
0.00875243
0.00874594
0.00870312
0.00862626
0.00852264
0.00840783
0.00831151
0.00827892
0.00831787
0.00830521
0.0085657
0.0107476
0.0159017
0.0209849
0.0230496
0.0220859
0.019341
0.015865
0.0122626
0.00909692
0.0069933
0.00657804
0.00695883
0.00710015
0.00683757
0.00627822
0.00424875
0.0128317
0.0184994
0.00740054
0.0041029
0.00288394
0.0023057
0.002402
0.00297875
0.00361657
0.00414086
0.00452232
0.00478484
0.00496267
0.00508326
0.00516382
0.00521325
0.00523524
0.00523092
0.00520054
0.00514419
0.00506219
0.00495525
0.00482428
0.00467012
0.00449402
0.00429839
0.00408593
0.00385888
0.00362366
0.00338954
0.00316072
0.00295321
0.00277317
0.00264916
0.00259681
0.00261632
0.00269648
0.0028167
0.00295601
0.00309627
0.00322438
0.00333195
0.00341461
0.00347145
0.00350446
0.00351778
0.00351815
0.00351286
0.00350946
0.00351705
0.00354569
0.00360646
0.00370942
0.00386069
0.00406377
0.00431812
0.00461893
0.00495756
0.00532274
0.00570185
0.00608236
0.00645296
0.00680437
0.00712963
0.0074241
0.00768517
0.00791183
0.00810418
0.00826292
0.00838881
0.00848225
0.00854291
0.00856949
0.00855962
0.00850978
0.00841623
0.00827655
0.0080929
0.00787566
0.0076469
0.00745065
0.00731643
0.00705815
0.00690953
0.00927897
0.0148507
0.0199603
0.0220944
0.0214388
0.019121
0.0160484
0.0128057
0.00993688
0.00796467
0.00707181
0.00684563
0.00662351
0.00619873
0.0055773
0.00349485
0.0134093
0.0192583
0.00783978
0.00445197
0.00312585
0.00240299
0.00238796
0.00294747
0.00360459
0.00416046
0.0045868
0.00490669
0.00514997
0.00533903
0.00548731
0.00560166
0.00568497
0.00573822
0.00576166
0.00575533
0.00571929
0.00565371
0.00555875
0.0054346
0.00528167
0.0051008
0.00489312
0.0046603
0.00440595
0.00413522
0.00385431
0.00357582
0.00331129
0.0030785
0.00288015
0.00275994
0.00272381
0.00276627
0.00286609
0.00299577
0.00313116
0.00325557
0.00335957
0.0034399
0.00349791
0.00353809
0.00356692
0.00359209
0.00362046
0.00366017
0.00372031
0.00381046
0.00393645
0.00410493
0.00431974
0.00458136
0.00488629
0.00522696
0.00559237
0.00596939
0.00634453
0.0067055
0.00704231
0.00734778
0.0076174
0.00784904
0.00804234
0.00819815
0.00831797
0.00840339
0.00845564
0.00847503
0.00846053
0.00840913
0.00831557
0.00817254
0.00797219
0.00770978
0.00738711
0.00701441
0.00662079
0.00624765
0.00571898
0.00505049
0.0078392
0.0138435
0.0188062
0.0208574
0.020402
0.0184416
0.0157555
0.0128912
0.0103411
0.00850434
0.0073832
0.00669913
0.00611138
0.00548332
0.0047667
0.00259966
0.0140814
0.0199704
0.0082789
0.00482168
0.00341851
0.00257711
0.0024354
0.00293905
0.00359472
0.00417297
0.00463993
0.00501305
0.00531589
0.0055661
0.00577452
0.00594708
0.00608662
0.00619432
0.00627052
0.00631515
0.0063279
0.00630831
0.00625581
0.00616981
0.0060498
0.00589549
0.00570692
0.00548483
0.00523125
0.00494973
0.0046459
0.00432879
0.00401015
0.00370774
0.0034374
0.00320484
0.00304089
0.00297303
0.00300041
0.00309823
0.00323278
0.00337585
0.00350948
0.00362511
0.00372098
0.00379952
0.00386467
0.00392244
0.00397887
0.00404037
0.00411545
0.00420945
0.0043312
0.00448837
0.00468724
0.0049314
0.00522016
0.00554753
0.0059024
0.00627019
0.00663531
0.00698351
0.00730353
0.00758762
0.00783138
0.00803313
0.00819315
0.00831295
0.00839464
0.00844045
0.00845221
0.00843092
0.00837604
0.0082844
0.00814918
0.00795987
0.00770679
0.00737956
0.00696558
0.0064578
0.00586255
0.00520212
0.00436873
0.00323804
0.0067003
0.0129421
0.017564
0.0194327
0.0191098
0.0174608
0.0151497
0.012674
0.0104477
0.00872838
0.00748326
0.00649757
0.00561398
0.00477984
0.00394377
0.00170545
0.0148414
0.0206458
0.00872269
0.005213
0.00375561
0.00282067
0.00254833
0.00296536
0.00360007
0.00419034
0.00469005
0.00510791
0.00546067
0.00576201
0.00602118
0.00624386
0.00643315
0.00659051
0.0067163
0.00681021
0.00687142
0.00689881
0.00689102
0.00684661
0.00676418
0.00664248
0.00648064
0.00627856
0.00603735
0.0057598
0.00545097
0.00511887
0.00477489
0.00443449
0.00411595
0.00383877
0.00359378
0.00342228
0.00335983
0.0034021
0.00351889
0.00367408
0.00383887
0.00399517
0.00413401
0.00425243
0.00435133
0.00443231
0.00450138
0.00456536
0.00462962
0.00470305
0.00479564
0.00491788
0.00508002
0.00528997
0.00555051
0.00585716
0.00619783
0.00655511
0.00690999
0.00724539
0.00754838
0.00781073
0.00802843
0.00820063
0.00832853
0.00841448
0.00846117
0.00847122
0.00844682
0.00838937
0.00829872
0.00817185
0.00800126
0.0077774
0.00748899
0.00711967
0.00664837
0.0060504
0.00529899
0.0043759
0.00320977
0.00194989
0.00602094
0.0120929
0.0162298
0.0178835
0.0176672
0.0163069
0.0143651
0.0122724
0.0103461
0.00873797
0.00741361
0.00625337
0.00518294
0.00417765
0.00321158
0.0011917
0.0156727
0.0212925
0.00917466
0.00562639
0.00413197
0.00312568
0.00272991
0.00303771
0.00363024
0.00422015
0.004741
0.00519167
0.00558223
0.005923
0.00622216
0.00648543
0.00671627
0.00691636
0.00708608
0.00722481
0.00733123
0.0074035
0.00743953
0.00743706
0.00739388
0.00730793
0.00717763
0.00700222
0.00678224
0.00652004
0.00622038
0.00589106
0.00554331
0.00519213
0.004856
0.00455608
0.00429393
0.0040619
0.00391907
0.00388765
0.00395893
0.00410357
0.00428605
0.0044759
0.00465234
0.00480382
0.0049258
0.00501853
0.00508561
0.00513314
0.00516956
0.00520531
0.00525264
0.00532577
0.00543973
0.00560753
0.00583587
0.00612133
0.00644965
0.00679904
0.00714577
0.00746928
0.00775491
0.00799435
0.00818459
0.00832629
0.00842219
0.00847586
0.0084908
0.00847002
0.00841581
0.0083296
0.00821133
0.00805795
0.00786303
0.00761993
0.00731676
0.00693609
0.00645369
0.00583837
0.00505105
0.00404458
0.00276645
0.0018994
0.00575895
0.0112065
0.014809
0.0162736
0.0161688
0.0150909
0.0135081
0.011771
0.0101075
0.00861015
0.00726711
0.00603052
0.00486733
0.00375929
0.00271359
0.0015792
0.0165569
0.0219167
0.00963686
0.00606116
0.00454249
0.00348295
0.0029766
0.00316125
0.00368901
0.00426475
0.00479244
0.00526174
0.00567646
0.00604379
0.00637095
0.00666372
0.00692594
0.0071596
0.00736513
0.00754172
0.00768763
0.00780046
0.00787749
0.00791582
0.00791259
0.00786516
0.00777141
0.00763007
0.00744121
0.00720673
0.00693098
0.00662139
0.00628902
0.00594885
0.00561947
0.00532186
0.00506664
0.00482423
0.00462929
0.00451715
0.00450927
0.00460285
0.00476987
0.00497098
0.00517089
0.00534559
0.00548263
0.00557843
0.00563547
0.00566027
0.00566239
0.0056541
0.00565064
0.0056704
0.00573382
0.00585963
0.00605858
0.00632766
0.00664903
0.00699499
0.0073361
0.00764799
0.00791459
0.00812816
0.00828751
0.0083956
0.00845744
0.00847844
0.00846336
0.00841583
0.00833824
0.00823175
0.00809608
0.0079278
0.00772399
0.00747995
0.00718642
0.0068284
0.00638449
0.00582768
0.00512688
0.00425706
0.00326162
0.00290195
0.00580277
0.0102826
0.0133625
0.0146865
0.0147084
0.0139054
0.0126555
0.0112308
0.00979635
0.008423
0.00712373
0.00589279
0.00472621
0.0036084
0.00261408
0.00242752
0.0174771
0.022523
0.0101098
0.00651496
0.00498146
0.00388286
0.00328066
0.0033326
0.0037773
0.00432072
0.00484047
0.0053132
0.00573767
0.00611793
0.00646005
0.0067698
0.00705144
0.00730745
0.00753858
0.0077441
0.0079221
0.00806991
0.00818444
0.0082624
0.00830059
0.00829601
0.00824616
0.00814931
0.00800483
0.0078137
0.00757904
0.00730699
0.00700756
0.00669539
0.0063894
0.00611094
0.00587592
0.00564904
0.00543027
0.00524154
0.00512655
0.00512075
0.00522328
0.00539869
0.00559961
0.00578645
0.0059347
0.00603372
0.00608285
0.0060879
0.00605912
0.00601056
0.0059604
0.00593148
0.00595002
0.00604076
0.00621829
0.00647904
0.00680017
0.00714694
0.00748375
0.00778266
0.00802683
0.00820986
0.0083331
0.00840255
0.00842615
0.00841183
0.00836618
0.00829393
0.00819786
0.00807893
0.00793638
0.00776681
0.00757098
0.0073462
0.00708703
0.00678319
0.00641999
0.00598081
0.00545274
0.00484432
0.00425023
0.0041719
0.00609964
0.00946107
0.0120145
0.013224
0.0133724
0.0128197
0.0118599
0.0107013
0.00947248
0.00823996
0.00703477
0.00587251
0.00476489
0.00371509
0.00287785
0.00336167
0.0184145
0.0231144
0.0105923
0.0069837
0.00544209
0.00431459
0.00362961
0.0035478
0.00388875
0.00438091
0.0048787
0.00533952
0.00575916
0.00613849
0.00648199
0.00679524
0.00708304
0.0073487
0.00759371
0.0078179
0.00801967
0.00819649
0.00834528
0.00846279
0.00854576
0.00859111
0.00859605
0.00855815
0.00847554
0.00834716
0.00817333
0.00795703
0.00770561
0.00743277
0.0071586
0.00690665
0.00669611
0.00649247
0.00626527
0.00600891
0.00577171
0.00562475
0.0056089
0.00571121
0.00588206
0.00606646
0.00622366
0.00633132
0.00638209
0.00637885
0.00633133
0.00625481
0.00617027
0.00610496
0.00609091
0.0061586
0.00632572
0.00658698
0.00691351
0.0072632
0.00759471
0.00787732
0.0080942
0.00824097
0.00832208
0.00834701
0.00832707
0.00827316
0.0081943
0.00809696
0.00798491
0.00785947
0.00771893
0.00756184
0.00739057
0.00720444
0.00700153
0.00677657
0.00652184
0.00623056
0.00590322
0.00556308
0.00529512
0.00538051
0.0066048
0.00891581
0.0109135
0.0119874
0.0122299
0.0118818
0.0111602
0.010226
0.00918519
0.00810314
0.00701994
0.00596227
0.00495411
0.0040198
0.00337078
0.00428617
0.0193526
0.023693
0.0110814
0.00746152
0.00591651
0.0047674
0.00401033
0.00379831
0.00401627
0.00443672
0.00489688
0.0053329
0.00573385
0.00609898
0.00643061
0.00673383
0.00701414
0.00727606
0.00752246
0.00775439
0.00797125
0.00817125
0.00835189
0.00851037
0.00864377
0.00874912
0.00882324
0.0088626
0.00886298
0.00881958
0.00872757
0.00858405
0.00839162
0.0081626
0.00792018
0.00769322
0.00750486
0.0073215
0.00708869
0.00677179
0.00640899
0.00609416
0.00591269
0.00589131
0.00599418
0.00615653
0.00631902
0.00644275
0.00650919
0.00651503
0.00646756
0.00638223
0.00628227
0.00619893
0.00616944
0.00622902
0.00639717
0.00666586
0.00700013
0.00735142
0.00767391
0.00793519
0.00811924
0.00822411
0.00825755
0.00823261
0.00816405
0.00806593
0.00795007
0.0078253
0.00769719
0.0075681
0.00743683
0.00730337
0.00717081
0.0070396
0.00690991
0.00677975
0.00664601
0.00650724
0.00636845
0.00625117
0.00621307
0.00640284
0.00720535
0.00870221
0.0101561
0.0110466
0.0113256
0.0111224
0.0105857
0.00983729
0.00896569
0.00803206
0.00707925
0.00613991
0.00524808
0.00444551
0.00397104
0.00517581
0.0202781
0.0242592
0.0115728
0.00794097
0.00639565
0.00523039
0.0044091
0.00407193
0.00415469
0.00447717
0.0048823
0.00528374
0.00565473
0.00599419
0.00630229
0.0065833
0.00684335
0.00708861
0.00732402
0.00755274
0.00777602
0.00799365
0.0082044
0.00840646
0.00859761
0.00877509
0.00893512
0.00907221
0.00917843
0.00924296
0.00925287
0.0091962
0.00906852
0.00888101
0.00866326
0.00845353
0.00828049
0.00811008
0.00786692
0.00749268
0.00700897
0.00651702
0.00613746
0.00594563
0.0059385
0.00605362
0.00621443
0.00636122
0.00645928
0.00649521
0.00647119
0.00640122
0.00630965
0.00623069
0.00620529
0.00627164
0.00644955
0.00672816
0.00706783
0.0074156
0.00772299
0.00795707
0.00810309
0.00816161
0.00814354
0.0080652
0.00794454
0.00779863
0.00764213
0.00748664
0.00734032
0.00720796
0.00708896
0.00698712
0.00690356
0.00683886
0.00679327
0.00676537
0.00675324
0.00675615
0.00677742
0.00683033
0.00694763
0.00720386
0.00777642
0.0087351
0.00973215
0.0104124
0.0106702
0.0105526
0.0101502
0.00955101
0.00882593
0.00802913
0.00720257
0.00638212
0.00560923
0.00493704
0.00461283
0.00602647
0.0211825
0.0248128
0.012061
0.00841344
0.00686951
0.00569252
0.00481347
0.00435609
0.00429592
0.00450094
0.00482866
0.00518499
0.00551636
0.00582057
0.00609642
0.00634611
0.00657596
0.00679385
0.00700736
0.00722265
0.00744393
0.00767359
0.00791257
0.00816071
0.00841687
0.00867854
0.00894093
0.00919568
0.00942944
0.00962296
0.00975202
0.00979225
0.00973009
0.00957684
0.0093729
0.00917029
0.00900301
0.00883773
0.00857733
0.00814737
0.00755498
0.0068956
0.00630694
0.0059093
0.00574881
0.00578454
0.00593033
0.00610359
0.0062483
0.00633627
0.00636121
0.00633327
0.00627603
0.0062246
0.0062214
0.00630544
0.00649611
0.00678105
0.0071188
0.00745485
0.00773988
0.00794115
0.00804529
0.00805515
0.00798431
0.00785185
0.00767833
0.0074833
0.007284
0.00709486
0.00692724
0.00678935
0.00668376
0.00661589
0.00658633
0.00659418
0.00663729
0.00671207
0.0068147
0.00694199
0.00709298
0.00727212
0.00749406
0.0077925
0.0082435
0.00888189
0.00954901
0.0100346
0.0102377
0.0101598
0.00984951
0.00936588
0.00876318
0.0080871
0.00737684
0.00666967
0.00601162
0.0054619
0.00526649
0.00684111
0.022061
0.0253525
0.0125395
0.0088697
0.00732745
0.00614266
0.00521227
0.0046403
0.00443181
0.00450201
0.00472985
0.00501889
0.00531163
0.00557447
0.00581407
0.0060286
0.00622366
0.00640826
0.0065926
0.00678642
0.00699796
0.00723348
0.00749724
0.00779164
0.00811717
0.00847174
0.00884928
0.00923769
0.00961666
0.00995621
0.0102177
0.0103609
0.0103616
0.0102334
0.0100327
0.00982854
0.00965805
0.00948902
0.00920612
0.00872552
0.00804694
0.00725162
0.00647193
0.00585588
0.00550472
0.00542113
0.00552716
0.005721
0.00592117
0.00607935
0.0061763
0.00621486
0.0062148
0.0062093
0.00623962
0.00634418
0.00654264
0.00682409
0.00714885
0.00746354
0.0077192
0.00788349
0.00794411
0.00790568
0.00778389
0.00759986
0.00737601
0.00713365
0.00689198
0.00666789
0.00647612
0.00632899
0.00623385
0.00619849
0.00622297
0.00630374
0.00643438
0.00660684
0.00681327
0.00704649
0.00730079
0.00757352
0.00786748
0.00819418
0.00858184
0.00904093
0.00949621
0.00983223
0.00997548
0.00991145
0.00966298
0.00926781
0.00876579
0.0081944
0.00758941
0.00698808
0.0064386
0.00600232
0.00591959
0.00762497
0.0229113
0.0258765
0.0130019
0.00930065
0.00775891
0.00656975
0.00559522
0.00491628
0.00455688
0.00447635
0.00458451
0.00479114
0.00503125
0.00525168
0.00545488
0.00563724
0.00580096
0.00595451
0.00610945
0.00627873
0.0064751
0.00670985
0.00699202
0.00732791
0.00772074
0.00816963
0.00866758
0.00919851
0.00973404
0.0102314
0.0106344
0.0108838
0.0109433
0.0108319
0.0106277
0.0104176
0.0102384
0.0100551
0.0097486
0.00922911
0.00849866
0.0076215
0.00670219
0.00589137
0.00533547
0.00509271
0.00511988
0.00531162
0.00556157
0.00579605
0.00597733
0.00609622
0.00616486
0.00621148
0.0062744
0.00639144
0.00658477
0.00684845
0.00714775
0.00743211
0.00765324
0.00777878
0.00779693
0.0077135
0.00754565
0.00731582
0.00704747
0.00676288
0.00648243
0.00622479
0.00600766
0.00584745
0.0057578
0.00574978
0.00582357
0.00597238
0.00618425
0.00644531
0.00674249
0.00706414
0.00740035
0.00774348
0.00808911
0.00843707
0.00879369
0.00915714
0.00948849
0.00972599
0.00982314
0.00976474
0.00956089
0.00923549
0.00881763
0.0083379
0.00782867
0.00732627
0.0068792
0.00654837
0.00656687
0.0083833
0.0237332
0.0263831
0.0134422
0.00969825
0.00815427
0.00696345
0.00595266
0.00517684
0.00466787
0.00442105
0.00438378
0.00448323
0.00465243
0.00484168
0.00501246
0.00517338
0.00531899
0.00545464
0.00559077
0.00574151
0.00592314
0.00615222
0.00644376
0.00680977
0.00725821
0.00779159
0.00840396
0.0090763
0.00977183
0.0104331
0.0109832
0.01134
0.0114543
0.0113553
0.0111464
0.0109318
0.0107435
0.0105344
0.0102097
0.00967173
0.00893282
0.00803978
0.00705812
0.00611395
0.00538122
0.00496152
0.00486521
0.00501211
0.00528321
0.00557797
0.00583479
0.0060275
0.006157
0.00624446
0.00632482
0.00643653
0.00660683
0.00683746
0.00710046
0.0073484
0.00753302
0.00762114
0.00760076
0.00747836
0.00727199
0.00700472
0.00670036
0.00638144
0.00606879
0.00578213
0.00554125
0.00536621
0.00527667
0.00528848
0.00540306
0.00561063
0.00589326
0.00623071
0.00660437
0.00699833
0.00739925
0.00779622
0.00818076
0.00854692
0.00889155
0.00920793
0.00947379
0.00965602
0.00972757
0.00967772
0.00951171
0.00924558
0.00890126
0.0085042
0.00808383
0.00767502
0.00732528
0.00709358
0.00720545
0.00912018
0.0245276
0.0268704
0.0138558
0.0100566
0.00850607
0.00731515
0.00627615
0.00541624
0.00476574
0.00434377
0.00413539
0.00410007
0.00418352
0.00432958
0.00447842
0.00463426
0.00478329
0.00492419
0.00506338
0.0052132
0.00539064
0.00561553
0.00590836
0.006288
0.00676989
0.00736406
0.00807044
0.00887072
0.00972058
0.010546
0.0112454
0.0117096
0.0118765
0.0117899
0.011582
0.0113698
0.0111766
0.0109442
0.010593
0.0100716
0.00937294
0.00852843
0.00756275
0.00656361
0.00571711
0.00514106
0.00489254
0.00494127
0.00518138
0.0054941
0.00579245
0.00602974
0.00619306
0.0062955
0.00636881
0.00645337
0.00658307
0.00676865
0.00698912
0.0071993
0.00734963
0.00740504
0.00735285
0.00719976
0.00696425
0.00666948
0.00633904
0.0059952
0.0056588
0.00535007
0.00509006
0.00490122
0.00480827
0.00483255
0.00497791
0.00523237
0.0055725
0.00597204
0.00640725
0.00685846
0.00730972
0.00774809
0.00816302
0.00854601
0.00889028
0.00918791
0.0094251
0.00958382
0.00964934
0.00961586
0.00948752
0.00927642
0.00900014
0.00868058
0.0083448
0.00802596
0.00776981
0.00763257
0.00783263
0.00983804
0.0252958
0.0273375
0.01424
0.0103727
0.00881024
0.00761959
0.00655994
0.0056305
0.00485401
0.00426063
0.00386214
0.00365442
0.00361691
0.00371144
0.00385916
0.00403205
0.00420931
0.00438076
0.00454806
0.00472039
0.0049127
0.00514434
0.0054375
0.00581583
0.00630301
0.00692149
0.00768574
0.00858635
0.00957472
0.0105585
0.0114062
0.0119771
0.0121965
0.0121278
0.0119323
0.0117338
0.0115442
0.0113001
0.0109382
0.0104387
0.00981869
0.00908965
0.00820458
0.00721668
0.00631973
0.00562707
0.00522128
0.00512501
0.0052709
0.00554201
0.00583177
0.00607208
0.00623434
0.00632241
0.00636476
0.0064041
0.00648161
0.0066172
0.00679593
0.00697303
0.00709589
0.00712663
0.0070516
0.00687761
0.00662318
0.00631109
0.00596431
0.00560468
0.00525304
0.00493002
0.00465752
0.00445916
0.00436294
0.00439527
0.00456273
0.00485207
0.00523553
0.00568199
0.0061636
0.00665776
0.00714671
0.00761628
0.00805508
0.00845375
0.00880453
0.00909996
0.00933098
0.00948772
0.00956282
0.00955431
0.00946666
0.0093102
0.00910001
0.00885566
0.0086023
0.00837128
0.00820618
0.0081601
0.00844515
0.0105376
0.0260391
0.0277841
0.0145943
0.0106472
0.00906714
0.00787639
0.00680298
0.00581941
0.0049389
0.00419578
0.00361641
0.00322367
0.00303462
0.00305346
0.00322144
0.00343659
0.00366127
0.00387699
0.00408299
0.00428843
0.00450775
0.00475841
0.00505912
0.00543126
0.00590073
0.00650251
0.00727573
0.00823471
0.00933499
0.0104649
0.0114568
0.0121329
0.0124071
0.0123669
0.0122001
0.0120304
0.0118574
0.0116186
0.0112708
0.0108175
0.0102822
0.00967594
0.00895099
0.00801954
0.00710955
0.00632742
0.00576598
0.00548966
0.0054815
0.00564891
0.00587822
0.00608175
0.00621317
0.00626506
0.00626141
0.00624698
0.00627039
0.00636044
0.00650658
0.00666185
0.00676852
0.0067854
0.00669806
0.00651351
0.00625003
0.00592965
0.0055745
0.00520606
0.00484561
0.0045148
0.00423705
0.00403636
0.00394162
0.00398261
0.00416758
0.00448224
0.00489606
0.00537481
0.00588813
0.00641168
0.00692662
0.00741828
0.00787507
0.00828764
0.00864842
0.00895094
0.00918911
0.00935763
0.00945345
0.00947724
0.00943413
0.00933372
0.00918964
0.0090199
0.00884806
0.00870369
0.00862792
0.00867072
0.00903902
0.0112179
0.0267587
0.0282109
0.0149203
0.0108838
0.00928153
0.00809064
0.00701042
0.00598879
0.00503053
0.0041738
0.00345616
0.00292086
0.00261216
0.00255841
0.00273961
0.00300643
0.00327987
0.00353088
0.00375714
0.00397284
0.00419945
0.00445965
0.00476901
0.00513931
0.00558447
0.00613927
0.00686997
0.00783441
0.0090095
0.0102666
0.0113952
0.0121742
0.0125082
0.0125118
0.0123936
0.0122707
0.0121309
0.0119176
0.0116087
0.0112248
0.0107892
0.0102997
0.00972939
0.00890809
0.00799946
0.00713545
0.00641445
0.00593041
0.0057166
0.00572259
0.00584395
0.00597813
0.00605895
0.00606421
0.00601106
0.00594547
0.00592367
0.00598288
0.00611437
0.0062652
0.00637058
0.00638615
0.00629756
0.00611225
0.00584812
0.00552615
0.00516757
0.00479374
0.00442701
0.00409099
0.00381266
0.00361646
0.00353256
0.0035895
0.00379426
0.00413024
0.0045652
0.00506404
0.00559596
0.0061364
0.00666646
0.00717159
0.00764046
0.00806419
0.00843584
0.00875003
0.00900263
0.00919104
0.00931475
0.00937611
0.00938081
0.00933813
0.00926083
0.00916573
0.00907505
0.00901653
0.00902881
0.00915886
0.00960968
0.011877
0.0274551
0.0286193
0.0152209
0.0110889
0.00946168
0.00827198
0.00719281
0.0061504
0.00514351
0.00421686
0.00342212
0.00282549
0.00249466
0.00243935
0.00261868
0.00290708
0.00320823
0.0034728
0.00368714
0.0038662
0.00404364
0.00426297
0.00455125
0.00491477
0.00534249
0.00584358
0.006494
0.00740885
0.00861363
0.00997268
0.0112262
0.0121048
0.0125061
0.0125722
0.0125251
0.0124689
0.0123811
0.0122142
0.0119658
0.0116682
0.0113413
0.010968
0.0105118
0.00981983
0.00891551
0.00796799
0.00708066
0.00636723
0.00590452
0.00569554
0.00566383
0.00570083
0.00571898
0.00567657
0.00558023
0.00547591
0.00542795
0.00548128
0.00562426
0.00579283
0.00591359
0.00594048
0.00586073
0.00568271
0.00542378
0.0051038
0.00474317
0.00436337
0.00398834
0.00364463
0.00336551
0.0031792
0.00311664
0.00320258
0.00343695
0.00379729
0.00424979
0.00476059
0.0053008
0.00584748
0.00638289
0.00689331
0.00736816
0.00779932
0.00818065
0.00850778
0.008778
0.00899031
0.00914575
0.00924766
0.00930213
0.00931823
0.00930804
0.00928744
0.00927739
0.00930385
0.00940298
0.00961899
0.0101523
0.0125119
0.0281285
0.0290109
0.0155001
0.0112697
0.00961737
0.00843198
0.00736281
0.00631776
0.00529211
0.00433813
0.00351982
0.00291709
0.0026067
0.002583
0.00275954
0.00306047
0.00339375
0.00368424
0.00389503
0.00402439
0.0041066
0.00421411
0.0044132
0.00473188
0.00514036
0.00560038
0.00616005
0.00698174
0.00816865
0.00959901
0.0109618
0.0119352
0.012413
0.0125627
0.0126096
0.0126405
0.012624
0.0125228
0.012351
0.0121495
0.0119326
0.0116672
0.0112974
0.0107001
0.00980298
0.00876923
0.00771123
0.00675449
0.00600925
0.00553581
0.00530533
0.00521812
0.0051658
0.00508114
0.00495511
0.00483243
0.00478698
0.00486951
0.00505677
0.00526688
0.00541835
0.00546684
0.00540319
0.00523719
0.00498577
0.00466783
0.00430311
0.00391324
0.00352386
0.00316565
0.0028817
0.00270756
0.00267829
0.00280969
0.00308858
0.00348185
0.00395348
0.00447253
0.00501417
0.00555887
0.00609136
0.00659962
0.00707433
0.00750839
0.00789661
0.00823559
0.00852361
0.00876077
0.00894901
0.00909226
0.00919681
0.00927148
0.0093278
0.0093808
0.00945027
0.00956042
0.00974502
0.0100458
0.0106619
0.0131193
0.0287787
0.0293875
0.0157614
0.0114332
0.0097576
0.00858083
0.00753044
0.00649905
0.0054791
0.00452564
0.00370193
0.00307844
0.00272593
0.00266626
0.0028356
0.00318336
0.00359059
0.00395816
0.0042261
0.00436436
0.0043816
0.00435245
0.00439288
0.00459528
0.00495039
0.00537789
0.00586191
0.00657139
0.00769912
0.00916701
0.0106188
0.0116808
0.0122455
0.0125
0.0126632
0.0128005
0.0128732
0.0128533
0.0127683
0.0126649
0.012551
0.0123773
0.0120685
0.0115227
0.010626
0.0095034
0.00827518
0.00707073
0.00602186
0.00524105
0.00476384
0.00452298
0.00439499
0.00427905
0.00414308
0.00403005
0.00402657
0.0041835
0.00445033
0.00472173
0.00491337
0.00498819
0.00494279
0.00478882
0.00454308
0.00422387
0.0038503
0.0034438
0.00303083
0.00264656
0.00234513
0.0021839
0.00220281
0.0024037
0.00274743
0.00318552
0.00368073
0.00420726
0.00474623
0.00528303
0.00580593
0.00630545
0.00677406
0.00720598
0.00759713
0.00794503
0.00824884
0.00850938
0.00872914
0.00891243
0.00906555
0.00919709
0.00931806
0.00944272
0.00958973
0.0097817
0.01005
0.0104343
0.0111339
0.0136956
0.0294051
0.0297503
0.0160075
0.0115842
0.00988856
0.00872432
0.00769876
0.00669096
0.00568795
0.00473784
0.00388789
0.00318653
0.00270743
0.00254626
0.00271791
0.00314876
0.00365874
0.00413238
0.00449899
0.00471063
0.0047448
0.00463897
0.00451491
0.00453728
0.00477434
0.00515013
0.00557967
0.00618594
0.007229
0.00870107
0.010218
0.0113605
0.0120223
0.0124017
0.0127006
0.0129613
0.0131384
0.0132109
0.0132163
0.0132055
0.0131807
0.0130775
0.0128038
0.0122721
0.0113619
0.0101478
0.00875548
0.0073103
0.00595475
0.00483727
0.00406272
0.00363037
0.00342188
0.00329243
0.00317382
0.00310887
0.00320169
0.00348564
0.00385974
0.00419927
0.00442964
0.00452718
0.00449551
0.00434845
0.0041031
0.00377735
0.00338933
0.00295907
0.00251153
0.00208461
0.00173865
0.00158763
0.00168746
0.00199649
0.00242869
0.00292166
0.00344308
0.00397589
0.00450869
0.00503262
0.00554018
0.00602494
0.00648155
0.00690586
0.00729499
0.00764747
0.00796324
0.00824366
0.00849165
0.0087117
0.00891012
0.00909525
0.00927763
0.00947084
0.00969251
0.00996372
0.0103136
0.0107799
0.0115638
0.0142374
0.0300071
0.0301001
0.0162397
0.0117253
0.0100125
0.00886246
0.00786276
0.00687917
0.00588932
0.00492678
0.00401829
0.00319394
0.00253879
0.00224267
0.00243645
0.00297865
0.00360052
0.00418208
0.00465291
0.00495897
0.0050602
0.00495723
0.00473487
0.00457532
0.00463644
0.00491333
0.00529317
0.00582274
0.00677729
0.00822514
0.0097811
0.0109946
0.0117627
0.0122836
0.012734
0.0131322
0.0134252
0.0135965
0.0136897
0.0137595
0.0138048
0.0137491
0.0134862
0.012934
0.0119993
0.01069
0.00914505
0.00747974
0.00584212
0.00439045
0.00327471
0.00259044
0.00228534
0.00216722
0.0021039
0.0021445
0.00240898
0.0028643
0.00334671
0.00373941
0.00399345
0.00410129
0.00407303
0.00392485
0.00367428
0.00333851
0.00293386
0.00247693
0.00198681
0.00149482
0.00106621
0.000928588
0.00118801
0.00165503
0.00218459
0.00272732
0.00326718
0.00379913
0.0043191
0.00482365
0.00530934
0.00577279
0.00621101
0.00662149
0.00700258
0.00735389
0.00767618
0.00797124
0.00824224
0.00849396
0.00873272
0.00896658
0.00920574
0.00946326
0.00975578
0.010103
0.0105317
0.0110784
0.0119474
0.0147415
0.0305837
0.0304369
0.0164579
0.011856
0.0101276
0.00899006
0.00801171
0.00704499
0.00605574
0.00506153
0.00407327
0.00311091
0.00226858
0.00182858
0.0020713
0.00273691
0.00346133
0.00413529
0.00469756
0.0050943
0.00527484
0.00521535
0.00496256
0.00467386
0.00455032
0.00468146
0.00499421
0.00547315
0.00635455
0.00775872
0.00932774
0.0106023
0.0114836
0.0121584
0.0127717
0.0133177
0.013735
0.014007
0.0141802
0.0143137
0.014407
0.0143757
0.0141027
0.013502
0.0125259
0.0111275
0.00944844
0.00760085
0.00574084
0.0040197
0.00257906
0.00155751
0.00107072
0.000983374
0.00103147
0.00128094
0.00180045
0.00241563
0.0029621
0.00337102
0.00362319
0.00372396
0.00368781
0.00353298
0.00327715
0.00293642
0.00252538
0.00205619
0.00153949
0.000985346
0.000404241
0.000301979
0.000930319
0.00153769
0.0021176
0.00267149
0.0032034
0.00371539
0.00420808
0.00468173
0.00513555
0.00556856
0.00597974
0.00636775
0.00673279
0.00707545
0.00739713
0.00769981
0.00798672
0.00826321
0.00853568
0.0088119
0.0091019
0.00941834
0.00977698
0.0101962
0.0107006
0.0113257
0.0122809
0.0152047
0.031134
0.03076
0.0166607
0.0119737
0.0102288
0.0090985
0.00813298
0.0071721
0.00617024
0.005132
0.00405913
0.00296598
0.00194311
0.00135652
0.00170049
0.00248419
0.00328676
0.00402526
0.00465515
0.00512724
0.00538403
0.00538273
0.00513733
0.00477168
0.00449527
0.00446677
0.00468782
0.00512987
0.00596202
0.00731358
0.00887318
0.0101994
0.0111978
0.0120336
0.0128167
0.0135177
0.0140648
0.0144363
0.014678
0.0148546
0.0149722
0.014943
0.0146417
0.0139807
0.0129179
0.0114628
0.00968451
0.00771618
0.00573313
0.00389113
0.00232402
0.00114173
0.0004294
0.000165861
0.000291787
0.000852104
0.00154916
0.0022025
0.00273332
0.00311317
0.00333684
0.00341677
0.00336926
0.00321351
0.00296678
0.00264457
0.00226454
0.0018409
0.00139376
0.000968937
0.00071013
0.000856247
0.00128843
0.00180163
0.00231542
0.00281583
0.00329833
0.00376112
0.00420521
0.00463183
0.00504033
0.00543112
0.00580504
0.00616316
0.0065027
0.00682669
0.00713798
0.00743817
0.00773145
0.00802385
0.00832181
0.00863234
0.00896579
0.00933464
0.00975367
0.0102401
0.0108165
0.0115176
0.0125602
0.0156242
0.0316572
0.0310684
0.0168456
0.0120735
0.0103085
0.00917761
0.0082148
0.00724915
0.00622609
0.00514138
0.00399263
0.00278983
0.00160277
0.000828498
0.00137594
0.00226159
0.00310989
0.00387944
0.00454666
0.00507098
0.00539218
0.00545184
0.00523475
0.00483091
0.00444008
0.00426556
0.0043845
0.00479154
0.00559404
0.00689234
0.00842612
0.0097957
0.0109119
0.0119107
0.0128665
0.0137271
0.0144076
0.0148756
0.0151722
0.0153694
0.0154868
0.0154384
0.015093
0.014364
0.0132186
0.0116775
0.00983577
0.00784555
0.00588323
0.00412972
0.00274995
0.00186037
0.00140366
0.00112757
0.000975492
0.00118827
0.00169341
0.00222933
0.00267495
0.00299137
0.00317242
0.00323186
0.00318721
0.00305766
0.00286142
0.00261635
0.0023415
0.00206216
0.00181604
0.00165761
0.00164093
0.0017945
0.00206847
0.0024229
0.0028086
0.00320502
0.00359879
0.00398302
0.00435537
0.00471529
0.00506133
0.00539397
0.0057146
0.0060246
0.00632451
0.00661768
0.00690801
0.00719799
0.00748611
0.00778321
0.0080955
0.00842987
0.00879759
0.00921104
0.00968344
0.0102314
0.0108752
0.0116498
0.0127814
0.0159973
0.0321521
0.0313605
0.0170092
0.0121492
0.0103579
0.00921694
0.00824734
0.00726938
0.00622343
0.00510039
0.00389675
0.00261013
0.00129377
0.000291967
0.00114883
0.00209372
0.00294902
0.00371544
0.00438771
0.00493639
0.00530432
0.00542077
0.00524404
0.00483091
0.00436401
0.0040722
0.00409419
0.00446283
0.00524268
0.00648978
0.00798799
0.00939429
0.0106252
0.0117844
0.0129123
0.0139352
0.0147518
0.0153132
0.0156507
0.0158456
0.0159388
0.0158518
0.0154494
0.0146487
0.0134299
0.0118349
0.00997742
0.00803083
0.0061941
0.00465114
0.00352454
0.00280993
0.00235604
0.00201565
0.00181075
0.00185888
0.00213867
0.002498
0.00282142
0.00306095
0.00320704
0.00326881
0.00326097
0.00319939
0.00309956
0.00297727
0.00284996
0.00273796
0.00266448
0.00265033
0.0027086
0.00284757
0.00304012
0.00328031
0.00354746
0.00382986
0.00411764
0.00440418
0.00468592
0.00496087
0.00522744
0.00548597
0.00573818
0.00598594
0.00623134
0.00647796
0.00672985
0.00698781
0.00725612
0.00754306
0.00786261
0.00820955
0.00860012
0.00904733
0.00956383
0.0101665
0.0108722
0.0117173
0.01294
0.0163211
0.0326176
0.0316342
0.0171474
0.0121932
0.0103674
0.00920644
0.00822321
0.00723276
0.0061713
0.00502
0.00376338
0.00244607
0.00116202
0.000251101
0.00109939
0.00200277
0.00281435
0.00354181
0.00418774
0.00473031
0.00512329
0.00528767
0.00515842
0.00476025
0.00425603
0.00388442
0.00382671
0.00415244
0.00490254
0.0060965
0.00755366
0.0089905
0.0103294
0.0116423
0.0129389
0.0141252
0.0150807
0.0157339
0.0160998
0.0162705
0.0163174
0.0161757
0.0157081
0.0148382
0.0135636
0.0119491
0.0101302
0.0082936
0.00663553
0.00530701
0.00435688
0.00371126
0.0032412
0.00287856
0.00265575
0.00262596
0.00276459
0.00298334
0.00320471
0.00338974
0.00352779
0.00362221
0.00368098
0.0037127
0.00372548
0.00372745
0.00372741
0.00373536
0.00376124
0.00381245
0.00389822
0.00401082
0.00414757
0.00430573
0.00447763
0.00465822
0.00484284
0.00502783
0.00521076
0.00539001
0.00556484
0.00573599
0.00590547
0.00607583
0.00625026
0.00643293
0.006628
0.00683724
0.00706735
0.00732659
0.00762776
0.00797022
0.00836884
0.00884477
0.00939471
0.0100417
0.010802
0.0117145
0.0130313
0.016593
0.0330528
0.0318875
0.0172557
0.0121971
0.0103271
0.0091388
0.00814045
0.00712667
0.00604999
0.00488821
0.00365242
0.00242398
0.00134125
0.000823922
0.00129593
0.00202821
0.00273621
0.00338107
0.00395737
0.00445763
0.00484896
0.00504822
0.00497085
0.00461085
0.00410964
0.00370215
0.00359015
0.0038688
0.00457208
0.00570278
0.00711317
0.00857285
0.0100092
0.0114654
0.0129244
0.0142738
0.0153717
0.0161176
0.0165032
0.0166307
0.0166126
0.0164052
0.0158703
0.0149412
0.0136356
0.0120408
0.0103082
0.00862331
0.00715769
0.00601132
0.00517802
0.00457209
0.00410603
0.00375175
0.00353324
0.00346914
0.00353377
0.00367368
0.00384192
0.00401165
0.00417179
0.00431927
0.00445368
0.00457512
0.00468386
0.00478086
0.00486833
0.00494984
0.00502901
0.0051093
0.00519819
0.0052854
0.00537714
0.00547178
0.00556717
0.00566195
0.00575481
0.00584462
0.00593068
0.00601265
0.00609099
0.00616721
0.00624386
0.00632426
0.00641263
0.00651385
0.00663257
0.00677301
0.00694352
0.0071539
0.00741612
0.00773373
0.00811969
0.00859545
0.00916268
0.00985333
0.0106598
0.0116348
0.01305
0.0168103
0.0334564
0.0321174
0.0173287
0.0121512
0.0102293
0.0089985
0.00797333
0.00695464
0.00588889
0.00476269
0.00361935
0.00256408
0.00175545
0.00144876
0.00169452
0.00219173
0.00273342
0.00324937
0.00372013
0.00413721
0.00448288
0.0046965
0.00467211
0.00437328
0.00391715
0.00352178
0.00338557
0.00361456
0.00424954
0.00529956
0.00665299
0.00812442
0.00964414
0.0112295
0.0128414
0.0143511
0.0155947
0.0164385
0.0168402
0.0169103
0.016814
0.0165369
0.0159405
0.01497
0.0136634
0.0121273
0.0105191
0.00900871
0.0077303
0.00673681
0.00599542
0.00543354
0.00499717
0.00467527
0.00448032
0.00441428
0.00445549
0.00457078
0.00473098
0.00491637
0.00511471
0.00531764
0.00551838
0.00571097
0.00589044
0.0060533
0.00619782
0.00632394
0.00643223
0.00652471
0.00660725
0.00667045
0.00672371
0.00676653
0.00679926
0.00682243
0.0068365
0.00684194
0.00683933
0.00682951
0.00681389
0.00679464
0.00677476
0.00675817
0.00674973
0.00675494
0.00677962
0.00683068
0.00691836
0.00705437
0.00725118
0.0075171
0.00786609
0.00831873
0.00888194
0.00958142
0.0104292
0.011472
0.0129902
0.0169703
0.0338273
0.0323195
0.0173607
0.0120467
0.0100476
0.00877522
0.00773538
0.00672847
0.00570789
0.00467703
0.00369923
0.00287917
0.00233025
0.0021323
0.00223632
0.00250972
0.00284496
0.00318319
0.00350076
0.00379087
0.00404472
0.00423031
0.00425013
0.00403252
0.00366226
0.0033263
0.00319767
0.00337853
0.00392592
0.00487477
0.00615651
0.00762531
0.00921136
0.0109082
0.012658
0.0143206
0.015712
0.0166625
0.0170836
0.0170888
0.0169089
0.0165675
0.0159255
0.0149396
0.0136665
0.0122259
0.0107713
0.00944772
0.0083497
0.00749607
0.00684654
0.00634682
0.00596433
0.00569363
0.00553877
0.00549531
0.00554664
0.00567091
0.00584795
0.00606162
0.00629896
0.00654875
0.0068007
0.00704543
0.00727492
0.00748299
0.00766543
0.00781984
0.00794512
0.0080427
0.00811683
0.00815926
0.00818073
0.00818128
0.00816267
0.00812652
0.00807426
0.00800725
0.00792689
0.00783474
0.00773275
0.00762335
0.00750967
0.0073957
0.0072864
0.00718756
0.00710602
0.00705066
0.00703335
0.00706774
0.00716836
0.00734897
0.0076271
0.00802437
0.00855468
0.00924065
0.0100996
0.0112038
0.012845
0.0170707
0.0341638
0.0324848
0.0173467
0.0118549
0.0097787
0.00846904
0.00742637
0.00646424
0.00554263
0.00467776
0.00393013
0.00336729
0.00302496
0.00288631
0.00289557
0.00298714
0.00311253
0.00324124
0.0033599
0.00346954
0.00357529
0.0036695
0.00369588
0.00356572
0.00331212
0.00307393
0.00298216
0.00312397
0.00357529
0.00440873
0.00560606
0.00705866
0.00869279
0.010478
0.012342
0.0141413
0.0156776
0.016746
0.0171977
0.0171394
0.0168806
0.0164923
0.015833
0.0148684
0.0136689
0.0123599
0.0110834
0.00995562
0.00903679
0.00832416
0.00777899
0.00736207
0.00705263
0.00684627
0.00674241
0.00673501
0.00681159
0.00695692
0.00715622
0.0073961
0.0076642
0.00794844
0.00823689
0.00851829
0.00878277
0.00902248
0.00923163
0.00940612
0.00954362
0.00964535
0.0097134
0.00973968
0.00973638
0.00970388
0.00964455
0.00956059
0.00945398
0.00932658
0.00918028
0.00901702
0.00883894
0.00864847
0.00844853
0.00824275
0.00803565
0.00783269
0.00764079
0.00746932
0.00733061
0.00723946
0.00721294
0.0072704
0.00743515
0.00773363
0.00818907
0.00882787
0.00967617
0.0108119
0.0125998
0.0171098
0.0344622
0.0326001
0.0172689
0.0115573
0.00941318
0.00807284
0.00705936
0.0061976
0.00544781
0.0048201
0.00434114
0.00401872
0.00382914
0.00372787
0.00367115
0.00362619
0.00357087
0.00349362
0.00339271
0.00327841
0.00317118
0.00309176
0.00303665
0.00295215
0.00281516
0.00269003
0.00265501
0.00277661
0.00314659
0.00387511
0.00499353
0.00642579
0.00808926
0.00993028
0.0118691
0.0137733
0.0154385
0.0166351
0.0171361
0.0170257
0.0167054
0.0163038
0.0156718
0.0147793
0.0137032
0.0125659
0.0114919
0.0105703
0.00983477
0.00927096
0.00884455
0.00852634
0.00830132
0.00816472
0.00811386
0.00814322
0.00824413
0.00840656
0.00862046
0.00887581
0.00916198
0.0094672
0.00977873
0.0100838
0.0103711
0.0106315
0.0108585
0.011047
0.011196
0.0113056
0.0113676
0.0113874
0.011369
0.0113141
0.0112255
0.0111057
0.0109569
0.0107814
0.0105813
0.0103589
0.0101164
0.00985598
0.00958027
0.00929236
0.00899597
0.00869569
0.00839743
0.0081094
0.00784267
0.00761131
0.00743329
0.0073319
0.00733675
0.0074829
0.00780715
0.00834879
0.00915174
0.01031
0.0122181
0.0170899
0.0347099
0.0326108
0.0171245
0.0111711
0.00892707
0.00759024
0.00666984
0.0059918
0.00549738
0.00516009
0.00495198
0.00483206
0.00475561
0.00468065
0.00457642
0.00443559
0.00424586
0.004004
0.00371305
0.00338402
0.00303882
0.00271138
0.002444
0.00225858
0.00214417
0.00209195
0.0021093
0.00224095
0.00258811
0.00327874
0.00436493
0.00578589
0.00745085
0.00929333
0.011238
0.013185
0.0149397
0.0162649
0.0168404
0.0167008
0.0163518
0.0159897
0.0154508
0.0147016
0.0138146
0.0129
0.0120598
0.011359
0.0108139
0.0104063
0.0101075
0.00989471
0.00975566
0.00968505
0.00967969
0.00973577
0.00984866
0.0100135
0.0102254
0.0104787
0.0107656
0.0110759
0.0113967
0.0117144
0.0120163
0.0122923
0.0125341
0.0127351
0.0128939
0.0130095
0.0130672
0.0130823
0.0130547
0.012986
0.0128783
0.0127338
0.0125548
0.0123435
0.0121022
0.0118332
0.0115386
0.0112206
0.0108815
0.0105237
0.0101502
0.00976424
0.00937017
0.00897395
0.00858385
0.00821099
0.00787107
0.00758706
0.00739159
0.00732844
0.00745213
0.00782656
0.00852743
0.00968213
0.0116841
0.0169859
0.0348886
0.0323932
0.0169871
0.0106874
0.00831438
0.00705381
0.00633473
0.00594817
0.00578148
0.00574988
0.0057818
0.00581983
0.0058233
0.00576928
0.00563829
0.00544154
0.00517252
0.00483132
0.00442533
0.00396592
0.00346845
0.0029545
0.0024556
0.00201779
0.0016965
0.0015259
0.00151201
0.00169219
0.00212895
0.00288981
0.00398084
0.00534714
0.00692386
0.00865609
0.0104842
0.0123669
0.0141264
0.0155594
0.0162376
0.0161049
0.0157781
0.0155334
0.0151812
0.0146738
0.0140667
0.0134444
0.0128826
0.0124254
0.0120809
0.0118345
0.011665
0.0115554
0.0114956
0.0114804
0.0115069
0.0115735
0.0116795
0.0118251
0.0120113
0.0122374
0.0125002
0.0127918
0.0130995
0.0134085
0.0137053
0.0139799
0.0142235
0.0144297
0.0145963
0.0147086
0.0147736
0.014792
0.0147639
0.0146908
0.0145743
0.0144161
0.0142185
0.0139834
0.0137133
0.0134102
0.0130764
0.0127138
0.0123245
0.0119104
0.0114737
0.0110165
0.0105414
0.0100517
0.00955235
0.00905002
0.00855525
0.00808562
0.00766964
0.00735264
0.00720338
0.00731823
0.00782464
0.00890961
0.0110307
0.0168649
0.0348797
0.0317753
0.0168252
0.0101727
0.00765309
0.00658797
0.00621779
0.00622068
0.00640416
0.00664462
0.00686603
0.00702589
0.00710459
0.00709748
0.00696821
0.00675077
0.00645156
0.00607597
0.00564206
0.00516857
0.00467272
0.00417256
0.00368929
0.00325044
0.00289255
0.00265929
0.00259416
0.00273427
0.00310485
0.00371645
0.00455782
0.00560426
0.00683296
0.00821424
0.00970586
0.0113382
0.0129563
0.0144274
0.0152347
0.0151626
0.0149332
0.0149166
0.0148812
0.014748
0.0145394
0.0143026
0.0140831
0.0139083
0.0137859
0.0137111
0.0136739
0.0136652
0.0136781
0.0137086
0.0137542
0.0138144
0.0138909
0.0139877
0.0141109
0.0142673
0.0144615
0.0146938
0.0149572
0.0152367
0.0155166
0.0157836
0.0160232
0.0162197
0.0163642
0.0164643
0.0165223
0.0165357
0.0165036
0.0164258
0.0163029
0.0161358
0.015926
0.0156753
0.0153855
0.0150588
0.0146971
0.0143022
0.0138758
0.0134196
0.0129351
0.0124233
0.0118854
0.0113224
0.0107362
0.0101288
0.00950451
0.00887234
0.00824982
0.00767153
0.00720322
0.00696121
0.00713625
0.0080298
0.0103054
0.0168362
0.0344587
0.030481
0.0165417
0.00986951
0.00733971
0.00662345
0.00669835
0.00708606
0.00755318
0.00798619
0.00833214
0.00856954
0.00869265
0.00870561
0.00862306
0.00845486
0.00821372
0.00791362
0.00757717
0.00722422
0.00687214
0.00653779
0.00623726
0.00598605
0.00579958
0.00569251
0.00567694
0.0057602
0.00594396
0.00622642
0.00660661
0.00708962
0.00768795
0.0084146
0.00927473
0.0102669
0.0114208
0.0127735
0.0137113
0.0137819
0.013762
0.0141287
0.0145789
0.0149829
0.0153143
0.0155767
0.0157851
0.0159552
0.0160997
0.0162274
0.0163435
0.01645
0.0165468
0.0166329
0.0167064
0.0167665
0.0168138
0.0168519
0.0168883
0.0169339
0.0170015
0.0171041
0.0172466
0.017425
0.0176293
0.0178287
0.0180042
0.0181528
0.0182693
0.0183497
0.0183913
0.0183916
0.0183487
0.0182616
0.0181299
0.0179539
0.0177342
0.0174721
0.017169
0.0168268
0.016447
0.0160312
0.015581
0.0150976
0.0145821
0.0140349
0.013456
0.0128451
0.0122015
0.0115239
0.0108113
0.0100645
0.00928854
0.00850001
0.00774305
0.00711928
0.00685106
0.00740486
0.00980879
0.0168128
0.0333013
0.0281149
0.0159679
0.010302
0.00844084
0.00821858
0.00859791
0.009165
0.00974248
0.0102503
0.0106575
0.0109585
0.0111601
0.0112731
0.0113098
0.0112507
0.0111362
0.0109987
0.0108462
0.0106863
0.0105306
0.01039
0.0102726
0.0101843
0.0101275
0.0101004
0.0100962
0.0101022
0.0101009
0.0100728
0.010002
0.00988259
0.00972628
0.00956757
0.00946804
0.00951746
0.00982048
0.0105464
0.0115388
0.011869
0.012226
0.013179
0.0143097
0.0154173
0.016425
0.0172998
0.0180351
0.0186393
0.0191308
0.0195307
0.0198591
0.0201313
0.0203575
0.0205428
0.0206885
0.0207934
0.0208553
0.0208736
0.0208502
0.0207918
0.0207106
0.0206243
0.0205552
0.0205277
0.020549
0.0206022
0.0206639
0.0207195
0.0207575
0.0207705
0.0207537
0.0207036
0.0206176
0.0204936
0.0203303
0.0201273
0.0198844
0.0196022
0.0192816
0.0189239
0.0185304
0.0181023
0.017641
0.0171475
0.0166228
0.0160671
0.0154801
0.0148612
0.0142091
0.0135214
0.0127956
0.0120293
0.0112215
0.0103787
0.0095286
0.0087452
0.00820501
0.00834211
0.0102858
0.016574
0.0309407
0.0242053
0.015065
0.012186
0.0119949
0.0124139
0.012953
0.0135144
0.0140415
0.0144982
0.0148717
0.0151633
0.0153812
0.0155383
0.0156486
0.0157464
0.0158191
0.0158622
0.0158829
0.0158903
0.0158889
0.01588
0.0158629
0.0158345
0.015789
0.0157166
0.0156029
0.0154279
0.0151668
0.0147913
0.0142735
0.0135908
0.0127325
0.0117091
0.0105665
0.00941241
0.00845648
0.00808563
0.00864253
0.00940404
0.010369
0.0121184
0.0140719
0.0159732
0.0177257
0.0192806
0.0206199
0.0217473
0.0226817
0.0234507
0.0240838
0.0246082
0.025046
0.0254124
0.0257166
0.0259618
0.0261471
0.0262689
0.0263228
0.0263058
0.0262182
0.0260664
0.0258649
0.0256318
0.0253935
0.0251972
0.0250595
0.0249514
0.024852
0.0247473
0.0246284
0.0244895
0.0243267
0.0241374
0.0239199
0.0236731
0.0233965
0.0230904
0.0227552
0.0223917
0.0220011
0.0215844
0.0211426
0.020677
0.0201886
0.0196779
0.0191454
0.0185909
0.0180143
0.0174146
0.0167907
0.0161417
0.0154658
0.0147643
0.014051
0.0133636
0.0127636
0.0123546
0.0126534
0.016004
0.0268104
0.0182422
0.0141042
0.0155728
0.0174251
0.0186354
0.0194706
0.0201316
0.0206737
0.0211119
0.0214621
0.0217401
0.0219583
0.0221392
0.0222889
0.0223984
0.0224755
0.0225251
0.0225467
0.0225407
0.0225071
0.0224439
0.0223465
0.0222076
0.0220166
0.0217588
0.0214147
0.0209594
0.0203637
0.0195953
0.0186217
0.0174144
0.0159521
0.014227
0.012252
0.010077
0.00783406
0.00593
0.00533621
0.00662145
0.0084305
0.0109775
0.0136453
0.0162069
0.0185874
0.0207404
0.0226409
0.024284
0.0256814
0.0268582
0.0278467
0.0286823
0.0293984
0.0300232
0.0305775
0.0310745
0.0315197
0.0319119
0.032245
0.0325099
0.0326967
0.0327977
0.03281
0.0327372
0.0325882
0.0323763
0.032131
0.0318916
0.031668
0.0314518
0.0312351
0.0310116
0.0307767
0.0305275
0.030262
0.0299792
0.0296786
0.0293601
0.029024
0.0286708
0.0283014
0.0279164
0.0275166
0.027103
0.0266764
0.0262373
0.0257859
0.0253221
0.0248455
0.0243548
0.0238477
0.02332
0.0227623
0.0221594
0.0214956
0.0207562
0.0198881
0.0186743
0.0167887
0.0153204
0.0203218
0.0141372
0.0167159
0.0211916
0.0241652
0.0257838
0.0267367
0.0273834
0.0278387
0.0281462
0.0283402
0.0284484
0.0284911
0.0284684
0.0283889
0.0282617
0.0280982
0.0279039
0.0276796
0.027426
0.0271426
0.0268273
0.026475
0.0260779
0.0256248
0.0251005
0.0244853
0.0237548
0.0228807
0.021832
0.0205773
0.0190878
0.0173401
0.0153193
0.0130229
0.0104646
0.00768618
0.00482027
0.00269848
0.00403078
0.00657226
0.00924618
0.0119538
0.0145484
0.016979
0.0192081
0.0212151
0.0229964
0.0245629
0.0259373
0.0271488
0.0282296
0.0292103
0.030117
0.0309695
0.0317804
0.0325551
0.0332924
0.033986
0.0346262
0.0352014
0.0357003
0.036114
0.0364372
0.0366696
0.0368159
0.0368843
0.0368851
0.036836
0.0367563
0.0366548
0.0365357
0.0364008
0.0362507
0.0360856
0.0359057
0.0357115
0.0355037
0.0352831
0.0350506
0.0348072
0.0345537
0.034291
0.0340199
0.033741
0.0334542
0.0331592
0.0328551
0.0325404
0.0322119
0.0318641
0.0314886
0.0310683
0.0305747
0.029972
0.0292153
0.0281871
0.0264969
0.0233578
0.0185492
0.0158736
)
;

boundaryField
{
    floor
    {
        type            calculated;
        value           uniform 0;
    }
    ceiling
    {
        type            calculated;
        value           uniform 0;
    }
    fixedWalls
    {
        type            calculated;
        value           uniform 0;
    }
    frontAndBack
    {
        type            empty;
    }
}


// ************************************************************************* //
