/*--------------------------------*- C++ -*----------------------------------*\
| =========                 |                                                 |
| \\      /  F ield         | OpenFOAM: The Open Source CFD Toolbox           |
|  \\    /   O peration     | Version:  4.1                                   |
|   \\  /    A nd           | Web:      www.OpenFOAM.org                      |
|    \\/     M anipulation  |                                                 |
\*---------------------------------------------------------------------------*/
FoamFile
{
    version     2.0;
    format      ascii;
    class       volScalarField;
    location    "2000";
    object      p;
}
// * * * * * * * * * * * * * * * * * * * * * * * * * * * * * * * * * * * * * //

dimensions      [0 2 -2 0 0 0 0];

internalField   nonuniform List<scalar> 
5000
(
0
1.17389e-06
-3.10632e-06
-1.36064e-05
-2.60226e-05
-3.77659e-05
-4.84913e-05
-5.86441e-05
-6.86727e-05
-7.88831e-05
-8.94726e-05
-0.000100565
-0.000112231
-0.000124493
-0.000137344
-0.000150748
-0.000164645
-0.000178954
-0.000193574
-0.00020838
-0.000223225
-0.000237943
-0.000252359
-0.000266304
-0.000279624
-0.000292192
-0.00030392
-0.000314758
-0.000324696
-0.000333755
-0.000341979
-0.000349425
-0.000356152
-0.000362217
-0.000367663
-0.000372515
-0.000376774
-0.000380412
-0.000383367
-0.000385555
-0.000386836
-0.000387016
-0.000385924
-0.000383408
-0.000379344
-0.000373638
-0.000366254
-0.000357229
-0.000346684
-0.000334827
-0.000321944
-0.000308391
-0.000294568
-0.000280895
-0.000267789
-0.00025564
-0.000244805
-0.000235689
-0.000234395
-0.000242782
-0.000250122
-0.000255025
-0.000258844
-0.000262214
-0.000265435
-0.000268601
-0.000271657
-0.000274437
-0.000276679
-0.000278068
-0.000278265
-0.000276963
-0.000274049
-0.000269778
-0.000265023
-0.000261601
-0.000261849
-0.000265626
-0.000274272
-0.000290662
-0.000313024
-0.000333133
-0.000343803
-0.000344341
-0.000336751
-0.000323712
-0.000313664
-0.000313149
-0.00031954
-0.000320269
-0.000317906
-0.000313517
-0.000307356
-0.000299912
-0.000292087
-0.000285795
-0.000283734
-0.000289575
-0.000295075
-0.00029834
-0.098388
-0.0983967
-0.0984068
-0.0984175
-0.0984282
-0.0984381
-0.0984473
-0.0984563
-0.0984654
-0.0984749
-0.098485
-0.0984957
-0.098507
-0.0985191
-0.0985317
-0.098545
-0.0985587
-0.0985729
-0.0985874
-0.098602
-0.0986166
-0.098631
-0.0986451
-0.0986587
-0.0986716
-0.0986836
-0.0986948
-0.098705
-0.0987143
-0.0987227
-0.0987303
-0.0987372
-0.0987433
-0.0987489
-0.098754
-0.0987586
-0.0987626
-0.0987661
-0.0987689
-0.0987709
-0.0987719
-0.0987717
-0.0987701
-0.0987671
-0.0987623
-0.0987557
-0.0987473
-0.098737
-0.0987249
-0.0987113
-0.0986964
-0.0986806
-0.0986642
-0.0986476
-0.0986313
-0.0986154
-0.098601
-0.0985903
-0.0985923
-0.0986065
-0.0986196
-0.0986273
-0.0986339
-0.0986401
-0.0986461
-0.0986521
-0.098658
-0.0986635
-0.0986684
-0.0986723
-0.0986748
-0.0986758
-0.098675
-0.0986728
-0.0986702
-0.098669
-0.0986716
-0.0986785
-0.09869
-0.0987077
-0.0987293
-0.0987469
-0.0987537
-0.0987495
-0.0987369
-0.0987175
-0.098699
-0.0986967
-0.0987029
-0.098705
-0.0987047
-0.0987023
-0.0986982
-0.0986928
-0.0986873
-0.0986832
-0.098683
-0.0986862
-0.0986885
-0.0986887
-0.196809
-0.196815
-0.196825
-0.196834
-0.196843
-0.196851
-0.196858
-0.196866
-0.196875
-0.196884
-0.196893
-0.196904
-0.196915
-0.196927
-0.19694
-0.196953
-0.196967
-0.196982
-0.196996
-0.197011
-0.197026
-0.19704
-0.197054
-0.197068
-0.197081
-0.197093
-0.197104
-0.197114
-0.197123
-0.197132
-0.197139
-0.197146
-0.197152
-0.197157
-0.197162
-0.197167
-0.197171
-0.197175
-0.197178
-0.19718
-0.197182
-0.197182
-0.197181
-0.197178
-0.197173
-0.197166
-0.197158
-0.197147
-0.197134
-0.197119
-0.197102
-0.197084
-0.197066
-0.197046
-0.197027
-0.197009
-0.196993
-0.196982
-0.196983
-0.196998
-0.197017
-0.197027
-0.197035
-0.197042
-0.19705
-0.197058
-0.197065
-0.197072
-0.197078
-0.197083
-0.197087
-0.197088
-0.197088
-0.197087
-0.197085
-0.197086
-0.19709
-0.1971
-0.197114
-0.197134
-0.197156
-0.197173
-0.197177
-0.197169
-0.197153
-0.197131
-0.197107
-0.197103
-0.197106
-0.197107
-0.197107
-0.197104
-0.1971
-0.197096
-0.197091
-0.197087
-0.197088
-0.19709
-0.197092
-0.197091
-0.295233
-0.295237
-0.295245
-0.295252
-0.295258
-0.295264
-0.295271
-0.295277
-0.295285
-0.295294
-0.295303
-0.295314
-0.295325
-0.295337
-0.29535
-0.295363
-0.295377
-0.295392
-0.295406
-0.295421
-0.295436
-0.295451
-0.295465
-0.295478
-0.295491
-0.295503
-0.295514
-0.295524
-0.295533
-0.295541
-0.295548
-0.295555
-0.295561
-0.295566
-0.295571
-0.295576
-0.29558
-0.295584
-0.295587
-0.29559
-0.295592
-0.295593
-0.295592
-0.29559
-0.295586
-0.29558
-0.295572
-0.295561
-0.295549
-0.295534
-0.295517
-0.295499
-0.295479
-0.295459
-0.295439
-0.29542
-0.295404
-0.295393
-0.295391
-0.295403
-0.295421
-0.295435
-0.295442
-0.29545
-0.295458
-0.295467
-0.295475
-0.295483
-0.29549
-0.295496
-0.2955
-0.295502
-0.295503
-0.295502
-0.295502
-0.295503
-0.295509
-0.295522
-0.29554
-0.295562
-0.295586
-0.295602
-0.295603
-0.295593
-0.295575
-0.295548
-0.295522
-0.295514
-0.295513
-0.295512
-0.295511
-0.295508
-0.295504
-0.295499
-0.295495
-0.295492
-0.295493
-0.295494
-0.295496
-0.295494
-0.393655
-0.393658
-0.393664
-0.393669
-0.393673
-0.393677
-0.393682
-0.393688
-0.393695
-0.393704
-0.393713
-0.393724
-0.393735
-0.393747
-0.39376
-0.393774
-0.393788
-0.393802
-0.393817
-0.393832
-0.393847
-0.393862
-0.393876
-0.39389
-0.393902
-0.393914
-0.393925
-0.393935
-0.393943
-0.393951
-0.393958
-0.393964
-0.39397
-0.393975
-0.39398
-0.393984
-0.393989
-0.393993
-0.393996
-0.394
-0.394002
-0.394004
-0.394004
-0.394003
-0.393999
-0.393994
-0.393987
-0.393977
-0.393966
-0.393951
-0.393935
-0.393917
-0.393898
-0.393879
-0.393859
-0.393841
-0.393825
-0.393813
-0.393809
-0.393816
-0.39383
-0.393843
-0.393853
-0.39386
-0.393869
-0.393878
-0.393886
-0.393895
-0.393902
-0.393909
-0.393913
-0.393916
-0.393918
-0.393918
-0.393919
-0.393921
-0.393929
-0.393943
-0.393964
-0.393989
-0.394015
-0.39403
-0.394028
-0.394015
-0.393993
-0.393962
-0.393935
-0.393924
-0.39392
-0.393918
-0.393915
-0.393912
-0.393908
-0.393904
-0.393899
-0.393896
-0.393897
-0.393897
-0.3939
-0.393898
-0.492074
-0.492077
-0.492081
-0.492083
-0.492086
-0.49209
-0.492094
-0.4921
-0.492106
-0.492115
-0.492124
-0.492135
-0.492146
-0.492159
-0.492172
-0.492186
-0.4922
-0.492214
-0.492229
-0.492244
-0.492259
-0.492274
-0.492288
-0.492302
-0.492314
-0.492326
-0.492336
-0.492346
-0.492354
-0.492361
-0.492368
-0.492373
-0.492379
-0.492383
-0.492388
-0.492392
-0.492397
-0.492401
-0.492405
-0.492408
-0.492411
-0.492414
-0.492415
-0.492414
-0.492412
-0.492408
-0.492402
-0.492393
-0.492382
-0.49237
-0.492355
-0.492338
-0.49232
-0.492301
-0.492282
-0.492265
-0.492249
-0.492237
-0.492231
-0.492234
-0.492243
-0.492254
-0.492265
-0.492272
-0.49228
-0.492289
-0.492299
-0.492307
-0.492316
-0.492322
-0.492328
-0.492331
-0.492333
-0.492334
-0.492335
-0.492339
-0.492347
-0.492362
-0.492385
-0.492412
-0.492437
-0.492451
-0.492447
-0.492429
-0.492405
-0.49237
-0.492344
-0.492333
-0.492327
-0.492324
-0.492321
-0.492317
-0.492313
-0.492308
-0.492304
-0.4923
-0.492301
-0.492301
-0.492304
-0.492302
-0.590492
-0.590494
-0.590496
-0.590497
-0.590499
-0.590502
-0.590506
-0.590512
-0.590518
-0.590527
-0.590536
-0.590547
-0.590559
-0.590571
-0.590585
-0.590599
-0.590613
-0.590628
-0.590643
-0.590658
-0.590672
-0.590687
-0.590701
-0.590714
-0.590727
-0.590738
-0.590748
-0.590757
-0.590765
-0.590771
-0.590777
-0.590782
-0.590787
-0.590792
-0.590796
-0.5908
-0.590805
-0.590809
-0.590813
-0.590817
-0.59082
-0.590823
-0.590824
-0.590825
-0.590824
-0.590821
-0.590815
-0.590808
-0.590799
-0.590787
-0.590774
-0.590758
-0.590742
-0.590724
-0.590707
-0.590691
-0.590676
-0.590664
-0.590656
-0.590655
-0.59066
-0.590669
-0.590678
-0.590686
-0.590694
-0.590702
-0.590712
-0.590721
-0.590729
-0.590737
-0.590743
-0.590747
-0.590749
-0.59075
-0.590752
-0.590755
-0.590763
-0.590778
-0.5908
-0.590827
-0.59085
-0.59086
-0.590854
-0.590834
-0.590806
-0.590773
-0.590749
-0.590739
-0.590733
-0.590729
-0.590726
-0.590722
-0.590718
-0.590713
-0.590707
-0.590703
-0.590703
-0.590703
-0.590707
-0.590704
-0.688908
-0.688909
-0.68891
-0.688911
-0.688913
-0.688915
-0.688919
-0.688924
-0.688931
-0.68894
-0.68895
-0.688961
-0.688973
-0.688986
-0.688999
-0.689013
-0.689028
-0.689042
-0.689057
-0.689072
-0.689086
-0.689101
-0.689114
-0.689127
-0.689139
-0.68915
-0.689159
-0.689168
-0.689175
-0.689181
-0.689186
-0.689191
-0.689195
-0.689199
-0.689203
-0.689208
-0.689212
-0.689216
-0.689221
-0.689225
-0.689229
-0.689232
-0.689234
-0.689235
-0.689235
-0.689233
-0.689229
-0.689223
-0.689215
-0.689205
-0.689193
-0.689179
-0.689164
-0.689148
-0.689132
-0.689116
-0.689102
-0.68909
-0.689082
-0.689078
-0.68908
-0.689085
-0.689093
-0.689101
-0.689108
-0.689117
-0.689126
-0.689135
-0.689144
-0.689152
-0.689158
-0.689163
-0.689166
-0.689167
-0.689168
-0.689171
-0.689178
-0.68919
-0.689208
-0.689231
-0.68925
-0.689256
-0.689246
-0.689225
-0.689198
-0.68917
-0.689151
-0.689143
-0.689137
-0.689133
-0.68913
-0.689126
-0.689122
-0.689116
-0.68911
-0.689104
-0.689102
-0.689103
-0.689107
-0.689102
-0.787323
-0.787324
-0.787324
-0.787325
-0.787326
-0.787329
-0.787333
-0.787338
-0.787346
-0.787354
-0.787364
-0.787375
-0.787388
-0.787401
-0.787414
-0.787428
-0.787443
-0.787457
-0.787472
-0.787487
-0.787501
-0.787515
-0.787528
-0.78754
-0.787552
-0.787562
-0.787571
-0.787578
-0.787585
-0.78759
-0.787595
-0.787599
-0.787603
-0.787607
-0.787611
-0.787615
-0.787619
-0.787624
-0.787629
-0.787634
-0.787638
-0.787642
-0.787645
-0.787647
-0.787647
-0.787646
-0.787643
-0.787638
-0.787631
-0.787622
-0.787611
-0.787599
-0.787585
-0.787571
-0.787556
-0.787542
-0.787528
-0.787517
-0.787507
-0.787502
-0.787501
-0.787504
-0.78751
-0.787517
-0.787525
-0.787532
-0.787541
-0.78755
-0.787559
-0.787567
-0.787574
-0.787579
-0.787582
-0.787584
-0.787585
-0.787586
-0.78759
-0.787597
-0.78761
-0.787625
-0.787637
-0.787637
-0.787625
-0.787605
-0.787583
-0.787563
-0.78755
-0.787543
-0.787538
-0.787535
-0.787532
-0.787528
-0.787523
-0.787516
-0.787509
-0.787502
-0.787497
-0.787498
-0.7875
-0.787494
-0.885738
-0.885738
-0.885738
-0.885739
-0.88574
-0.885743
-0.885747
-0.885753
-0.885761
-0.885769
-0.88578
-0.885791
-0.885804
-0.885817
-0.88583
-0.885845
-0.885859
-0.885873
-0.885888
-0.885902
-0.885916
-0.885929
-0.885942
-0.885953
-0.885964
-0.885973
-0.885981
-0.885988
-0.885994
-0.885999
-0.886003
-0.886007
-0.88601
-0.886014
-0.886018
-0.886022
-0.886027
-0.886033
-0.886038
-0.886043
-0.886049
-0.886053
-0.886057
-0.886059
-0.88606
-0.88606
-0.886058
-0.886054
-0.886047
-0.88604
-0.88603
-0.886019
-0.886006
-0.885993
-0.885979
-0.885966
-0.885953
-0.885942
-0.885933
-0.885926
-0.885923
-0.885924
-0.885928
-0.885935
-0.885942
-0.885949
-0.885957
-0.885966
-0.885975
-0.885983
-0.88599
-0.885996
-0.885999
-0.886001
-0.886001
-0.886
-0.886001
-0.886003
-0.886008
-0.886014
-0.886016
-0.88601
-0.885995
-0.885977
-0.885962
-0.885953
-0.885944
-0.885939
-0.885935
-0.885932
-0.88593
-0.885926
-0.88592
-0.885912
-0.885903
-0.885894
-0.885887
-0.885886
-0.885886
-0.88588
-0.984153
-0.984153
-0.984153
-0.984153
-0.984155
-0.984158
-0.984162
-0.984168
-0.984176
-0.984185
-0.984196
-0.984208
-0.98422
-0.984233
-0.984247
-0.984261
-0.984275
-0.984289
-0.984303
-0.984317
-0.98433
-0.984343
-0.984355
-0.984366
-0.984375
-0.984384
-0.984391
-0.984397
-0.984402
-0.984406
-0.98441
-0.984414
-0.984417
-0.984421
-0.984426
-0.984431
-0.984436
-0.984442
-0.984448
-0.984454
-0.98446
-0.984465
-0.98447
-0.984473
-0.984475
-0.984475
-0.984473
-0.98447
-0.984465
-0.984457
-0.984449
-0.984438
-0.984427
-0.984414
-0.984402
-0.984389
-0.984377
-0.984366
-0.984357
-0.984349
-0.984345
-0.984344
-0.984347
-0.984353
-0.984359
-0.984366
-0.984373
-0.984382
-0.98439
-0.984399
-0.984407
-0.984413
-0.984417
-0.984418
-0.984417
-0.984415
-0.984411
-0.984408
-0.984405
-0.984401
-0.984394
-0.984379
-0.98436
-0.984345
-0.984337
-0.984337
-0.984333
-0.98433
-0.984327
-0.984325
-0.984322
-0.984318
-0.984311
-0.984302
-0.984292
-0.984282
-0.984273
-0.984269
-0.984267
-0.984262
-1.08257
-1.08257
-1.08257
-1.08257
-1.08257
-1.08257
-1.08258
-1.08258
-1.08259
-1.0826
-1.08261
-1.08262
-1.08264
-1.08265
-1.08266
-1.08268
-1.08269
-1.08271
-1.08272
-1.08273
-1.08274
-1.08276
-1.08277
-1.08278
-1.08279
-1.08279
-1.0828
-1.08281
-1.08281
-1.08281
-1.08282
-1.08282
-1.08282
-1.08283
-1.08283
-1.08284
-1.08285
-1.08285
-1.08286
-1.08287
-1.08287
-1.08288
-1.08288
-1.08289
-1.08289
-1.08289
-1.08289
-1.08289
-1.08288
-1.08288
-1.08287
-1.08286
-1.08285
-1.08284
-1.08282
-1.08281
-1.0828
-1.08279
-1.08278
-1.08277
-1.08277
-1.08276
-1.08277
-1.08277
-1.08278
-1.08278
-1.08279
-1.0828
-1.08281
-1.08281
-1.08282
-1.08283
-1.08283
-1.08283
-1.08283
-1.08283
-1.08282
-1.08281
-1.0828
-1.08279
-1.08277
-1.08275
-1.08273
-1.08271
-1.08271
-1.08271
-1.08272
-1.08271
-1.08271
-1.08271
-1.08271
-1.0827
-1.0827
-1.08269
-1.08268
-1.08267
-1.08266
-1.08265
-1.08265
-1.08264
-1.18098
-1.18098
-1.18098
-1.18098
-1.18098
-1.18099
-1.18099
-1.181
-1.18101
-1.18102
-1.18103
-1.18104
-1.18105
-1.18107
-1.18108
-1.1811
-1.18111
-1.18112
-1.18113
-1.18115
-1.18116
-1.18117
-1.18118
-1.18119
-1.1812
-1.1812
-1.18121
-1.18121
-1.18122
-1.18122
-1.18122
-1.18123
-1.18123
-1.18124
-1.18124
-1.18125
-1.18126
-1.18126
-1.18127
-1.18128
-1.18129
-1.18129
-1.1813
-1.1813
-1.1813
-1.18131
-1.18131
-1.1813
-1.1813
-1.18129
-1.18129
-1.18128
-1.18127
-1.18125
-1.18124
-1.18123
-1.18122
-1.18121
-1.1812
-1.18119
-1.18119
-1.18118
-1.18118
-1.18119
-1.18119
-1.1812
-1.18121
-1.18121
-1.18122
-1.18123
-1.18124
-1.18124
-1.18125
-1.18125
-1.18125
-1.18124
-1.18123
-1.18122
-1.1812
-1.18118
-1.18116
-1.18113
-1.1811
-1.18108
-1.18107
-1.18108
-1.18109
-1.18109
-1.18109
-1.18109
-1.18109
-1.18108
-1.18108
-1.18107
-1.18106
-1.18105
-1.18104
-1.18103
-1.18103
-1.18103
-1.2794
-1.2794
-1.2794
-1.2794
-1.2794
-1.2794
-1.27941
-1.27942
-1.27943
-1.27944
-1.27945
-1.27946
-1.27947
-1.27949
-1.2795
-1.27951
-1.27953
-1.27954
-1.27955
-1.27956
-1.27957
-1.27958
-1.27959
-1.2796
-1.27961
-1.27961
-1.27962
-1.27962
-1.27962
-1.27963
-1.27963
-1.27964
-1.27964
-1.27965
-1.27965
-1.27966
-1.27967
-1.27967
-1.27968
-1.27969
-1.2797
-1.27971
-1.27971
-1.27972
-1.27972
-1.27972
-1.27972
-1.27972
-1.27972
-1.27971
-1.2797
-1.27969
-1.27968
-1.27967
-1.27966
-1.27965
-1.27964
-1.27963
-1.27962
-1.27961
-1.27961
-1.2796
-1.2796
-1.2796
-1.27961
-1.27962
-1.27962
-1.27963
-1.27964
-1.27964
-1.27965
-1.27966
-1.27966
-1.27966
-1.27966
-1.27965
-1.27964
-1.27963
-1.27961
-1.27958
-1.27955
-1.27952
-1.27948
-1.27945
-1.27944
-1.27944
-1.27945
-1.27946
-1.27946
-1.27946
-1.27946
-1.27946
-1.27946
-1.27945
-1.27944
-1.27943
-1.27942
-1.27941
-1.27941
-1.27941
-1.37781
-1.37781
-1.37781
-1.37781
-1.37782
-1.37782
-1.37783
-1.37783
-1.37784
-1.37785
-1.37786
-1.37788
-1.37789
-1.3779
-1.37792
-1.37793
-1.37794
-1.37795
-1.37797
-1.37798
-1.37799
-1.378
-1.378
-1.37801
-1.37802
-1.37802
-1.37803
-1.37803
-1.37803
-1.37804
-1.37804
-1.37804
-1.37805
-1.37805
-1.37806
-1.37807
-1.37808
-1.37809
-1.3781
-1.3781
-1.37811
-1.37812
-1.37813
-1.37813
-1.37814
-1.37814
-1.37814
-1.37814
-1.37813
-1.37813
-1.37812
-1.37811
-1.3781
-1.37809
-1.37808
-1.37807
-1.37806
-1.37805
-1.37804
-1.37803
-1.37802
-1.37802
-1.37802
-1.37802
-1.37802
-1.37803
-1.37803
-1.37804
-1.37805
-1.37805
-1.37806
-1.37807
-1.37807
-1.37807
-1.37807
-1.37806
-1.37805
-1.37804
-1.37801
-1.37799
-1.37796
-1.37792
-1.37788
-1.37784
-1.37782
-1.37782
-1.37782
-1.37783
-1.37784
-1.37784
-1.37785
-1.37785
-1.37784
-1.37784
-1.37783
-1.37782
-1.37781
-1.3778
-1.3778
-1.3778
-1.47622
-1.47622
-1.47623
-1.47623
-1.47623
-1.47624
-1.47624
-1.47625
-1.47626
-1.47627
-1.47628
-1.47629
-1.47631
-1.47632
-1.47633
-1.47635
-1.47636
-1.47637
-1.47638
-1.47639
-1.4764
-1.47641
-1.47642
-1.47642
-1.47643
-1.47643
-1.47644
-1.47644
-1.47644
-1.47644
-1.47645
-1.47645
-1.47646
-1.47646
-1.47647
-1.47648
-1.47649
-1.4765
-1.47651
-1.47652
-1.47653
-1.47653
-1.47654
-1.47655
-1.47655
-1.47655
-1.47655
-1.47655
-1.47655
-1.47654
-1.47654
-1.47653
-1.47652
-1.47651
-1.47649
-1.47648
-1.47647
-1.47646
-1.47645
-1.47644
-1.47644
-1.47643
-1.47643
-1.47643
-1.47643
-1.47644
-1.47645
-1.47645
-1.47646
-1.47646
-1.47647
-1.47647
-1.47648
-1.47648
-1.47648
-1.47647
-1.47646
-1.47644
-1.47642
-1.47639
-1.47636
-1.47633
-1.47629
-1.47626
-1.47623
-1.47622
-1.47622
-1.47623
-1.47623
-1.47624
-1.47624
-1.47624
-1.47624
-1.47623
-1.47622
-1.47621
-1.4762
-1.4762
-1.4762
-1.4762
-1.57464
-1.57464
-1.57464
-1.57464
-1.57465
-1.57465
-1.57466
-1.57467
-1.57468
-1.57469
-1.5747
-1.57471
-1.57472
-1.57474
-1.57475
-1.57476
-1.57477
-1.57478
-1.57479
-1.5748
-1.57481
-1.57482
-1.57483
-1.57483
-1.57484
-1.57484
-1.57484
-1.57485
-1.57485
-1.57485
-1.57486
-1.57486
-1.57487
-1.57487
-1.57488
-1.57489
-1.5749
-1.57491
-1.57492
-1.57493
-1.57494
-1.57495
-1.57495
-1.57496
-1.57496
-1.57497
-1.57497
-1.57496
-1.57496
-1.57496
-1.57495
-1.57494
-1.57493
-1.57492
-1.57491
-1.5749
-1.57489
-1.57488
-1.57487
-1.57486
-1.57485
-1.57484
-1.57484
-1.57484
-1.57484
-1.57485
-1.57485
-1.57486
-1.57486
-1.57487
-1.57487
-1.57488
-1.57488
-1.57488
-1.57488
-1.57487
-1.57486
-1.57485
-1.57483
-1.5748
-1.57477
-1.57474
-1.57471
-1.57468
-1.57466
-1.57464
-1.57464
-1.57464
-1.57464
-1.57464
-1.57464
-1.57464
-1.57463
-1.57463
-1.57462
-1.57461
-1.5746
-1.5746
-1.57459
-1.57459
-1.67305
-1.67305
-1.67305
-1.67306
-1.67306
-1.67307
-1.67307
-1.67308
-1.67309
-1.6731
-1.67311
-1.67313
-1.67314
-1.67315
-1.67316
-1.67318
-1.67319
-1.6732
-1.67321
-1.67322
-1.67323
-1.67323
-1.67324
-1.67324
-1.67325
-1.67325
-1.67325
-1.67326
-1.67326
-1.67326
-1.67327
-1.67327
-1.67328
-1.67328
-1.67329
-1.6733
-1.67331
-1.67332
-1.67333
-1.67334
-1.67335
-1.67336
-1.67336
-1.67337
-1.67337
-1.67338
-1.67338
-1.67338
-1.67337
-1.67337
-1.67336
-1.67335
-1.67334
-1.67333
-1.67332
-1.67331
-1.6733
-1.67329
-1.67328
-1.67327
-1.67326
-1.67325
-1.67325
-1.67325
-1.67325
-1.67325
-1.67326
-1.67327
-1.67327
-1.67327
-1.67328
-1.67328
-1.67328
-1.67328
-1.67328
-1.67327
-1.67326
-1.67325
-1.67323
-1.67321
-1.67318
-1.67315
-1.67312
-1.6731
-1.67308
-1.67306
-1.67305
-1.67305
-1.67305
-1.67304
-1.67304
-1.67304
-1.67304
-1.67303
-1.67302
-1.67301
-1.673
-1.673
-1.673
-1.673
-1.77146
-1.77146
-1.77147
-1.77147
-1.77147
-1.77148
-1.77149
-1.7715
-1.77151
-1.77152
-1.77153
-1.77154
-1.77155
-1.77157
-1.77158
-1.77159
-1.7716
-1.77161
-1.77162
-1.77163
-1.77164
-1.77164
-1.77165
-1.77165
-1.77166
-1.77166
-1.77166
-1.77167
-1.77167
-1.77167
-1.77168
-1.77168
-1.77169
-1.77169
-1.7717
-1.77171
-1.77172
-1.77173
-1.77174
-1.77175
-1.77176
-1.77177
-1.77177
-1.77178
-1.77178
-1.77179
-1.77179
-1.77179
-1.77178
-1.77178
-1.77177
-1.77176
-1.77175
-1.77174
-1.77173
-1.77172
-1.77171
-1.7717
-1.77169
-1.77168
-1.77167
-1.77166
-1.77166
-1.77165
-1.77166
-1.77166
-1.77166
-1.77167
-1.77167
-1.77168
-1.77168
-1.77168
-1.77168
-1.77168
-1.77168
-1.77167
-1.77166
-1.77165
-1.77163
-1.77161
-1.77159
-1.77156
-1.77153
-1.77151
-1.77149
-1.77148
-1.77147
-1.77146
-1.77145
-1.77145
-1.77145
-1.77144
-1.77144
-1.77143
-1.77143
-1.77142
-1.77141
-1.7714
-1.7714
-1.77139
-1.86988
-1.86988
-1.86988
-1.86988
-1.86989
-1.86989
-1.8699
-1.86991
-1.86992
-1.86993
-1.86994
-1.86996
-1.86997
-1.86998
-1.86999
-1.87
-1.87001
-1.87002
-1.87003
-1.87004
-1.87005
-1.87005
-1.87006
-1.87006
-1.87007
-1.87007
-1.87007
-1.87008
-1.87008
-1.87008
-1.87008
-1.87009
-1.8701
-1.8701
-1.87011
-1.87012
-1.87013
-1.87014
-1.87015
-1.87016
-1.87017
-1.87018
-1.87018
-1.87019
-1.87019
-1.8702
-1.8702
-1.87019
-1.87019
-1.87019
-1.87018
-1.87017
-1.87016
-1.87015
-1.87014
-1.87013
-1.87011
-1.8701
-1.87009
-1.87008
-1.87008
-1.87007
-1.87006
-1.87006
-1.87006
-1.87006
-1.87006
-1.87007
-1.87007
-1.87007
-1.87008
-1.87008
-1.87008
-1.87007
-1.87007
-1.87007
-1.87006
-1.87005
-1.87003
-1.87001
-1.86999
-1.86997
-1.86994
-1.86992
-1.8699
-1.86989
-1.86988
-1.86987
-1.86986
-1.86986
-1.86985
-1.86985
-1.86984
-1.86984
-1.86983
-1.86982
-1.86981
-1.86981
-1.8698
-1.8698
-1.96829
-1.96829
-1.96829
-1.96829
-1.9683
-1.96831
-1.96831
-1.96832
-1.96833
-1.96835
-1.96836
-1.96837
-1.96838
-1.96839
-1.9684
-1.96842
-1.96843
-1.96843
-1.96844
-1.96845
-1.96846
-1.96846
-1.96847
-1.96847
-1.96848
-1.96848
-1.96848
-1.96848
-1.96849
-1.96849
-1.96849
-1.9685
-1.96851
-1.96851
-1.96852
-1.96853
-1.96854
-1.96855
-1.96856
-1.96857
-1.96858
-1.96858
-1.96859
-1.9686
-1.9686
-1.9686
-1.9686
-1.9686
-1.9686
-1.96859
-1.96858
-1.96857
-1.96856
-1.96855
-1.96854
-1.96853
-1.96852
-1.96851
-1.9685
-1.96849
-1.96848
-1.96847
-1.96846
-1.96846
-1.96846
-1.96846
-1.96846
-1.96846
-1.96847
-1.96847
-1.96847
-1.96847
-1.96847
-1.96847
-1.96847
-1.96846
-1.96845
-1.96844
-1.96843
-1.96841
-1.96839
-1.96837
-1.96835
-1.96833
-1.96831
-1.96829
-1.96828
-1.96827
-1.96827
-1.96826
-1.96826
-1.96825
-1.96825
-1.96824
-1.96824
-1.96823
-1.96822
-1.96821
-1.96821
-1.9682
-2.0667
-2.0667
-2.0667
-2.0667
-2.06671
-2.06672
-2.06673
-2.06674
-2.06675
-2.06676
-2.06677
-2.06678
-2.06679
-2.0668
-2.06682
-2.06683
-2.06684
-2.06684
-2.06685
-2.06686
-2.06687
-2.06687
-2.06688
-2.06688
-2.06688
-2.06689
-2.06689
-2.06689
-2.0669
-2.0669
-2.0669
-2.06691
-2.06691
-2.06692
-2.06693
-2.06694
-2.06695
-2.06696
-2.06697
-2.06698
-2.06698
-2.06699
-2.067
-2.067
-2.067
-2.06701
-2.06701
-2.067
-2.067
-2.06699
-2.06699
-2.06698
-2.06697
-2.06696
-2.06695
-2.06693
-2.06692
-2.06691
-2.0669
-2.06689
-2.06688
-2.06687
-2.06687
-2.06686
-2.06686
-2.06685
-2.06685
-2.06686
-2.06686
-2.06686
-2.06686
-2.06686
-2.06686
-2.06686
-2.06686
-2.06685
-2.06685
-2.06684
-2.06683
-2.06681
-2.06679
-2.06677
-2.06675
-2.06673
-2.06671
-2.0667
-2.06669
-2.06668
-2.06667
-2.06667
-2.06666
-2.06666
-2.06665
-2.06665
-2.06664
-2.06664
-2.06663
-2.06662
-2.06661
-2.06661
-2.16511
-2.16511
-2.16511
-2.16511
-2.16512
-2.16513
-2.16514
-2.16515
-2.16516
-2.16517
-2.16518
-2.16519
-2.1652
-2.16521
-2.16522
-2.16523
-2.16524
-2.16525
-2.16526
-2.16527
-2.16527
-2.16528
-2.16528
-2.16529
-2.16529
-2.16529
-2.1653
-2.1653
-2.1653
-2.16531
-2.16531
-2.16531
-2.16532
-2.16533
-2.16534
-2.16535
-2.16536
-2.16537
-2.16537
-2.16538
-2.16539
-2.16539
-2.1654
-2.1654
-2.16541
-2.16541
-2.16541
-2.16541
-2.1654
-2.1654
-2.16539
-2.16538
-2.16537
-2.16536
-2.16535
-2.16534
-2.16533
-2.16532
-2.16531
-2.1653
-2.16529
-2.16528
-2.16527
-2.16526
-2.16525
-2.16525
-2.16525
-2.16525
-2.16525
-2.16525
-2.16525
-2.16525
-2.16525
-2.16525
-2.16525
-2.16524
-2.16524
-2.16523
-2.16522
-2.1652
-2.16519
-2.16517
-2.16515
-2.16513
-2.16512
-2.1651
-2.16509
-2.16508
-2.16508
-2.16507
-2.16507
-2.16506
-2.16506
-2.16506
-2.16505
-2.16504
-2.16503
-2.16503
-2.16502
-2.16502
-2.26352
-2.26352
-2.26352
-2.26352
-2.26353
-2.26354
-2.26355
-2.26356
-2.26357
-2.26358
-2.26359
-2.2636
-2.26361
-2.26362
-2.26363
-2.26364
-2.26365
-2.26366
-2.26367
-2.26367
-2.26368
-2.26369
-2.26369
-2.26369
-2.2637
-2.2637
-2.2637
-2.2637
-2.26371
-2.26371
-2.26372
-2.26372
-2.26373
-2.26374
-2.26375
-2.26375
-2.26376
-2.26377
-2.26378
-2.26379
-2.26379
-2.2638
-2.2638
-2.26381
-2.26381
-2.26381
-2.26381
-2.26381
-2.2638
-2.2638
-2.26379
-2.26378
-2.26377
-2.26376
-2.26375
-2.26374
-2.26373
-2.26372
-2.26371
-2.2637
-2.26369
-2.26367
-2.26366
-2.26365
-2.26365
-2.26364
-2.26364
-2.26364
-2.26364
-2.26364
-2.26364
-2.26364
-2.26364
-2.26364
-2.26364
-2.26363
-2.26363
-2.26362
-2.26361
-2.2636
-2.26358
-2.26356
-2.26355
-2.26353
-2.26352
-2.26351
-2.2635
-2.26349
-2.26348
-2.26348
-2.26347
-2.26347
-2.26347
-2.26346
-2.26346
-2.26345
-2.26344
-2.26343
-2.26343
-2.26342
-2.36192
-2.36192
-2.36193
-2.36193
-2.36194
-2.36194
-2.36195
-2.36196
-2.36197
-2.36198
-2.362
-2.36201
-2.36202
-2.36203
-2.36204
-2.36205
-2.36206
-2.36207
-2.36207
-2.36208
-2.36209
-2.36209
-2.36209
-2.3621
-2.3621
-2.3621
-2.36211
-2.36211
-2.36211
-2.36212
-2.36212
-2.36213
-2.36214
-2.36214
-2.36215
-2.36216
-2.36217
-2.36218
-2.36219
-2.36219
-2.3622
-2.3622
-2.36221
-2.36221
-2.36221
-2.36221
-2.36221
-2.36221
-2.3622
-2.3622
-2.36219
-2.36218
-2.36217
-2.36216
-2.36215
-2.36214
-2.36213
-2.36212
-2.36211
-2.3621
-2.36209
-2.36207
-2.36206
-2.36205
-2.36204
-2.36203
-2.36203
-2.36202
-2.36202
-2.36202
-2.36202
-2.36203
-2.36203
-2.36203
-2.36202
-2.36202
-2.36201
-2.36201
-2.362
-2.36199
-2.36197
-2.36196
-2.36194
-2.36193
-2.36192
-2.36191
-2.3619
-2.36189
-2.36189
-2.36188
-2.36188
-2.36188
-2.36187
-2.36187
-2.36187
-2.36186
-2.36185
-2.36184
-2.36183
-2.36183
-2.46033
-2.46033
-2.46033
-2.46034
-2.46034
-2.46035
-2.46036
-2.46037
-2.46038
-2.46039
-2.4604
-2.46041
-2.46042
-2.46043
-2.46044
-2.46045
-2.46046
-2.46047
-2.46048
-2.46048
-2.46049
-2.46049
-2.4605
-2.4605
-2.4605
-2.46051
-2.46051
-2.46051
-2.46052
-2.46052
-2.46053
-2.46053
-2.46054
-2.46055
-2.46056
-2.46057
-2.46057
-2.46058
-2.46059
-2.4606
-2.4606
-2.46061
-2.46061
-2.46061
-2.46061
-2.46061
-2.46061
-2.46061
-2.4606
-2.4606
-2.46059
-2.46058
-2.46057
-2.46056
-2.46055
-2.46054
-2.46053
-2.46052
-2.46051
-2.4605
-2.46048
-2.46047
-2.46046
-2.46044
-2.46043
-2.46042
-2.46041
-2.46041
-2.46041
-2.46041
-2.46041
-2.46041
-2.46041
-2.46041
-2.46041
-2.46041
-2.4604
-2.4604
-2.46039
-2.46038
-2.46037
-2.46035
-2.46034
-2.46033
-2.46032
-2.46031
-2.4603
-2.4603
-2.46029
-2.46029
-2.46029
-2.46028
-2.46028
-2.46028
-2.46027
-2.46027
-2.46026
-2.46025
-2.46024
-2.46024
-2.55874
-2.55874
-2.55874
-2.55874
-2.55875
-2.55876
-2.55877
-2.55878
-2.55879
-2.5588
-2.55881
-2.55882
-2.55883
-2.55884
-2.55885
-2.55886
-2.55887
-2.55887
-2.55888
-2.55889
-2.55889
-2.55889
-2.5589
-2.5589
-2.5589
-2.55891
-2.55891
-2.55891
-2.55892
-2.55892
-2.55893
-2.55894
-2.55894
-2.55895
-2.55896
-2.55897
-2.55898
-2.55898
-2.55899
-2.559
-2.559
-2.55901
-2.55901
-2.55901
-2.55901
-2.55901
-2.55901
-2.55901
-2.559
-2.559
-2.55899
-2.55898
-2.55897
-2.55896
-2.55895
-2.55894
-2.55893
-2.55892
-2.55891
-2.55889
-2.55888
-2.55887
-2.55885
-2.55884
-2.55882
-2.55881
-2.5588
-2.55879
-2.55879
-2.55879
-2.55879
-2.55879
-2.55879
-2.55879
-2.55879
-2.55879
-2.55879
-2.55878
-2.55878
-2.55877
-2.55876
-2.55875
-2.55874
-2.55873
-2.55872
-2.55871
-2.55871
-2.5587
-2.5587
-2.55869
-2.55869
-2.55869
-2.55869
-2.55869
-2.55868
-2.55867
-2.55866
-2.55865
-2.55865
-2.55864
-2.65714
-2.65714
-2.65714
-2.65715
-2.65716
-2.65716
-2.65717
-2.65718
-2.65719
-2.6572
-2.65721
-2.65722
-2.65723
-2.65724
-2.65725
-2.65726
-2.65727
-2.65727
-2.65728
-2.65729
-2.65729
-2.65729
-2.6573
-2.6573
-2.6573
-2.65731
-2.65731
-2.65732
-2.65732
-2.65733
-2.65733
-2.65734
-2.65735
-2.65735
-2.65736
-2.65737
-2.65738
-2.65739
-2.65739
-2.6574
-2.6574
-2.65741
-2.65741
-2.65741
-2.65741
-2.65741
-2.65741
-2.65741
-2.6574
-2.6574
-2.65739
-2.65738
-2.65737
-2.65736
-2.65735
-2.65734
-2.65733
-2.65732
-2.65731
-2.65729
-2.65728
-2.65726
-2.65725
-2.65723
-2.65721
-2.6572
-2.65719
-2.65718
-2.65717
-2.65717
-2.65717
-2.65717
-2.65718
-2.65718
-2.65718
-2.65718
-2.65717
-2.65717
-2.65716
-2.65716
-2.65715
-2.65714
-2.65713
-2.65713
-2.65712
-2.65711
-2.65711
-2.65711
-2.6571
-2.6571
-2.6571
-2.6571
-2.6571
-2.65709
-2.65709
-2.65708
-2.65707
-2.65706
-2.65705
-2.65705
-2.75554
-2.75555
-2.75555
-2.75555
-2.75556
-2.75557
-2.75558
-2.75558
-2.75559
-2.7556
-2.75561
-2.75562
-2.75563
-2.75564
-2.75565
-2.75566
-2.75567
-2.75567
-2.75568
-2.75569
-2.75569
-2.75569
-2.7557
-2.7557
-2.7557
-2.75571
-2.75571
-2.75572
-2.75572
-2.75573
-2.75573
-2.75574
-2.75575
-2.75575
-2.75576
-2.75577
-2.75578
-2.75578
-2.75579
-2.7558
-2.7558
-2.75581
-2.75581
-2.75581
-2.75581
-2.75581
-2.75581
-2.75581
-2.7558
-2.75579
-2.75579
-2.75578
-2.75577
-2.75576
-2.75575
-2.75574
-2.75573
-2.75572
-2.7557
-2.75569
-2.75568
-2.75566
-2.75564
-2.75562
-2.7556
-2.75558
-2.75557
-2.75556
-2.75556
-2.75556
-2.75556
-2.75556
-2.75556
-2.75556
-2.75556
-2.75556
-2.75556
-2.75556
-2.75555
-2.75555
-2.75554
-2.75554
-2.75553
-2.75553
-2.75552
-2.75552
-2.75551
-2.75551
-2.75551
-2.75551
-2.75551
-2.75551
-2.75551
-2.7555
-2.75549
-2.75548
-2.75547
-2.75546
-2.75545
-2.75545
-2.85395
-2.85395
-2.85395
-2.85396
-2.85396
-2.85397
-2.85398
-2.85399
-2.854
-2.85401
-2.85402
-2.85403
-2.85404
-2.85404
-2.85405
-2.85406
-2.85407
-2.85407
-2.85408
-2.85409
-2.85409
-2.85409
-2.8541
-2.8541
-2.8541
-2.85411
-2.85411
-2.85412
-2.85412
-2.85413
-2.85413
-2.85414
-2.85414
-2.85415
-2.85416
-2.85417
-2.85417
-2.85418
-2.85419
-2.85419
-2.8542
-2.8542
-2.85421
-2.85421
-2.85421
-2.85421
-2.85421
-2.85421
-2.8542
-2.85419
-2.85419
-2.85418
-2.85417
-2.85416
-2.85415
-2.85414
-2.85413
-2.85412
-2.8541
-2.85409
-2.85407
-2.85405
-2.85403
-2.85401
-2.85399
-2.85397
-2.85396
-2.85395
-2.85394
-2.85394
-2.85394
-2.85394
-2.85394
-2.85394
-2.85394
-2.85395
-2.85395
-2.85394
-2.85394
-2.85394
-2.85394
-2.85393
-2.85393
-2.85393
-2.85392
-2.85392
-2.85392
-2.85392
-2.85392
-2.85392
-2.85392
-2.85392
-2.85392
-2.85391
-2.8539
-2.85389
-2.85387
-2.85386
-2.85385
-2.85385
-2.95235
-2.95235
-2.95235
-2.95236
-2.95237
-2.95237
-2.95238
-2.95239
-2.9524
-2.95241
-2.95242
-2.95243
-2.95244
-2.95245
-2.95245
-2.95246
-2.95247
-2.95247
-2.95248
-2.95248
-2.95249
-2.95249
-2.9525
-2.9525
-2.9525
-2.95251
-2.95251
-2.95252
-2.95252
-2.95253
-2.95253
-2.95254
-2.95254
-2.95255
-2.95256
-2.95256
-2.95257
-2.95258
-2.95258
-2.95259
-2.95259
-2.9526
-2.9526
-2.95261
-2.95261
-2.95261
-2.95261
-2.9526
-2.9526
-2.95259
-2.95259
-2.95258
-2.95257
-2.95256
-2.95255
-2.95254
-2.95253
-2.95251
-2.9525
-2.95248
-2.95246
-2.95244
-2.95242
-2.9524
-2.95238
-2.95236
-2.95234
-2.95233
-2.95233
-2.95232
-2.95232
-2.95232
-2.95233
-2.95233
-2.95233
-2.95233
-2.95233
-2.95233
-2.95233
-2.95233
-2.95233
-2.95233
-2.95233
-2.95233
-2.95233
-2.95233
-2.95233
-2.95233
-2.95233
-2.95233
-2.95233
-2.95233
-2.95232
-2.95232
-2.9523
-2.95229
-2.95227
-2.95226
-2.95225
-2.95225
-3.05075
-3.05075
-3.05076
-3.05076
-3.05077
-3.05078
-3.05078
-3.05079
-3.0508
-3.05081
-3.05082
-3.05083
-3.05084
-3.05085
-3.05085
-3.05086
-3.05087
-3.05087
-3.05088
-3.05088
-3.05089
-3.05089
-3.0509
-3.0509
-3.0509
-3.05091
-3.05091
-3.05092
-3.05092
-3.05093
-3.05093
-3.05094
-3.05094
-3.05095
-3.05095
-3.05096
-3.05096
-3.05097
-3.05098
-3.05098
-3.05099
-3.05099
-3.051
-3.051
-3.051
-3.051
-3.051
-3.051
-3.051
-3.05099
-3.05098
-3.05098
-3.05097
-3.05096
-3.05095
-3.05094
-3.05092
-3.05091
-3.05089
-3.05088
-3.05086
-3.05083
-3.05081
-3.05078
-3.05076
-3.05074
-3.05073
-3.05072
-3.05071
-3.05071
-3.05071
-3.05071
-3.05071
-3.05071
-3.05072
-3.05072
-3.05072
-3.05073
-3.05073
-3.05073
-3.05073
-3.05073
-3.05073
-3.05073
-3.05074
-3.05074
-3.05074
-3.05074
-3.05074
-3.05074
-3.05074
-3.05074
-3.05073
-3.05072
-3.05071
-3.05069
-3.05068
-3.05067
-3.05066
-3.05065
-3.14915
-3.14915
-3.14916
-3.14916
-3.14917
-3.14918
-3.14919
-3.1492
-3.1492
-3.14921
-3.14922
-3.14923
-3.14924
-3.14925
-3.14926
-3.14926
-3.14927
-3.14927
-3.14928
-3.14928
-3.14929
-3.14929
-3.1493
-3.1493
-3.14931
-3.14931
-3.14931
-3.14932
-3.14932
-3.14933
-3.14933
-3.14934
-3.14934
-3.14935
-3.14935
-3.14936
-3.14936
-3.14937
-3.14937
-3.14937
-3.14938
-3.14938
-3.14939
-3.14939
-3.14939
-3.1494
-3.1494
-3.14939
-3.14939
-3.14939
-3.14938
-3.14937
-3.14936
-3.14935
-3.14934
-3.14933
-3.14932
-3.1493
-3.14929
-3.14927
-3.14924
-3.14922
-3.1492
-3.14917
-3.14915
-3.14913
-3.14911
-3.1491
-3.1491
-3.14909
-3.14909
-3.1491
-3.1491
-3.1491
-3.14911
-3.14911
-3.14912
-3.14912
-3.14913
-3.14913
-3.14913
-3.14914
-3.14914
-3.14914
-3.14914
-3.14915
-3.14915
-3.14915
-3.14915
-3.14915
-3.14915
-3.14915
-3.14914
-3.14912
-3.14911
-3.1491
-3.14908
-3.14907
-3.14907
-3.14906
-3.24756
-3.24756
-3.24756
-3.24757
-3.24757
-3.24758
-3.24759
-3.2476
-3.24761
-3.24762
-3.24763
-3.24763
-3.24764
-3.24765
-3.24766
-3.24766
-3.24767
-3.24768
-3.24768
-3.24769
-3.24769
-3.2477
-3.2477
-3.2477
-3.24771
-3.24771
-3.24772
-3.24772
-3.24772
-3.24773
-3.24773
-3.24774
-3.24774
-3.24775
-3.24775
-3.24775
-3.24776
-3.24776
-3.24777
-3.24777
-3.24777
-3.24778
-3.24778
-3.24778
-3.24779
-3.24779
-3.24779
-3.24779
-3.24778
-3.24778
-3.24777
-3.24777
-3.24776
-3.24775
-3.24774
-3.24772
-3.24771
-3.24769
-3.24768
-3.24765
-3.24763
-3.24761
-3.24758
-3.24756
-3.24754
-3.24752
-3.2475
-3.24749
-3.24749
-3.24748
-3.24748
-3.24748
-3.24749
-3.24749
-3.2475
-3.24751
-3.24751
-3.24752
-3.24753
-3.24753
-3.24754
-3.24754
-3.24755
-3.24755
-3.24755
-3.24756
-3.24756
-3.24756
-3.24756
-3.24756
-3.24756
-3.24755
-3.24754
-3.24753
-3.24751
-3.2475
-3.24749
-3.24748
-3.24748
-3.24747
-3.34596
-3.34596
-3.34596
-3.34597
-3.34598
-3.34598
-3.34599
-3.346
-3.34601
-3.34602
-3.34603
-3.34604
-3.34604
-3.34605
-3.34606
-3.34607
-3.34607
-3.34608
-3.34608
-3.34609
-3.34609
-3.3461
-3.3461
-3.34611
-3.34611
-3.34612
-3.34612
-3.34612
-3.34613
-3.34613
-3.34614
-3.34614
-3.34615
-3.34615
-3.34615
-3.34616
-3.34616
-3.34616
-3.34617
-3.34617
-3.34617
-3.34617
-3.34618
-3.34618
-3.34618
-3.34618
-3.34618
-3.34618
-3.34618
-3.34617
-3.34617
-3.34616
-3.34615
-3.34614
-3.34613
-3.34612
-3.3461
-3.34608
-3.34606
-3.34604
-3.34602
-3.34599
-3.34597
-3.34594
-3.34592
-3.34591
-3.34589
-3.34588
-3.34588
-3.34587
-3.34587
-3.34588
-3.34588
-3.34589
-3.3459
-3.34591
-3.34591
-3.34592
-3.34593
-3.34594
-3.34595
-3.34595
-3.34596
-3.34596
-3.34597
-3.34597
-3.34597
-3.34597
-3.34597
-3.34597
-3.34596
-3.34596
-3.34594
-3.34593
-3.34591
-3.3459
-3.34589
-3.34588
-3.34588
-3.34588
-3.44436
-3.44436
-3.44437
-3.44437
-3.44438
-3.44439
-3.4444
-3.4444
-3.44441
-3.44442
-3.44443
-3.44444
-3.44445
-3.44445
-3.44446
-3.44447
-3.44447
-3.44448
-3.44449
-3.44449
-3.4445
-3.4445
-3.44451
-3.44451
-3.44452
-3.44452
-3.44453
-3.44453
-3.44453
-3.44454
-3.44454
-3.44455
-3.44455
-3.44455
-3.44456
-3.44456
-3.44456
-3.44457
-3.44457
-3.44457
-3.44457
-3.44458
-3.44458
-3.44458
-3.44458
-3.44458
-3.44457
-3.44457
-3.44457
-3.44456
-3.44456
-3.44455
-3.44454
-3.44453
-3.44452
-3.4445
-3.44449
-3.44447
-3.44445
-3.44443
-3.4444
-3.44438
-3.44435
-3.44433
-3.44431
-3.4443
-3.44428
-3.44428
-3.44427
-3.44427
-3.44427
-3.44428
-3.44428
-3.44429
-3.4443
-3.44431
-3.44432
-3.44433
-3.44434
-3.44435
-3.44435
-3.44436
-3.44437
-3.44437
-3.44438
-3.44438
-3.44438
-3.44438
-3.44438
-3.44438
-3.44437
-3.44436
-3.44435
-3.44433
-3.44432
-3.4443
-3.44429
-3.44429
-3.44428
-3.44429
-3.54276
-3.54277
-3.54277
-3.54277
-3.54278
-3.54279
-3.5428
-3.54281
-3.54282
-3.54283
-3.54283
-3.54284
-3.54285
-3.54286
-3.54286
-3.54287
-3.54288
-3.54288
-3.54289
-3.5429
-3.5429
-3.54291
-3.54291
-3.54292
-3.54292
-3.54293
-3.54293
-3.54294
-3.54294
-3.54295
-3.54295
-3.54295
-3.54296
-3.54296
-3.54297
-3.54297
-3.54297
-3.54297
-3.54298
-3.54298
-3.54298
-3.54298
-3.54298
-3.54298
-3.54298
-3.54297
-3.54297
-3.54297
-3.54296
-3.54296
-3.54295
-3.54294
-3.54293
-3.54292
-3.54291
-3.54289
-3.54288
-3.54286
-3.54284
-3.54281
-3.54279
-3.54277
-3.54274
-3.54272
-3.54271
-3.54269
-3.54268
-3.54267
-3.54267
-3.54267
-3.54267
-3.54268
-3.54269
-3.54269
-3.5427
-3.54272
-3.54273
-3.54274
-3.54275
-3.54276
-3.54277
-3.54277
-3.54278
-3.54279
-3.54279
-3.54279
-3.54279
-3.54279
-3.54279
-3.54278
-3.54277
-3.54276
-3.54275
-3.54273
-3.54272
-3.54271
-3.5427
-3.54269
-3.54269
-3.54269
-3.64117
-3.64117
-3.64117
-3.64118
-3.64119
-3.64119
-3.6412
-3.64121
-3.64122
-3.64123
-3.64124
-3.64125
-3.64125
-3.64126
-3.64127
-3.64127
-3.64128
-3.64129
-3.64129
-3.6413
-3.64131
-3.64131
-3.64132
-3.64132
-3.64133
-3.64133
-3.64134
-3.64134
-3.64135
-3.64135
-3.64136
-3.64136
-3.64136
-3.64137
-3.64137
-3.64137
-3.64138
-3.64138
-3.64138
-3.64138
-3.64138
-3.64138
-3.64138
-3.64138
-3.64138
-3.64137
-3.64137
-3.64136
-3.64136
-3.64135
-3.64134
-3.64133
-3.64132
-3.64131
-3.6413
-3.64128
-3.64126
-3.64125
-3.64123
-3.6412
-3.64118
-3.64116
-3.64114
-3.64112
-3.6411
-3.64109
-3.64108
-3.64108
-3.64107
-3.64108
-3.64108
-3.64109
-3.64109
-3.6411
-3.64111
-3.64113
-3.64114
-3.64115
-3.64116
-3.64117
-3.64118
-3.64118
-3.64119
-3.6412
-3.6412
-3.6412
-3.6412
-3.64119
-3.64119
-3.64118
-3.64117
-3.64116
-3.64115
-3.64114
-3.64113
-3.64111
-3.6411
-3.6411
-3.6411
-3.6411
-3.73957
-3.73958
-3.73958
-3.73959
-3.73959
-3.7396
-3.73961
-3.73962
-3.73963
-3.73963
-3.73964
-3.73965
-3.73966
-3.73966
-3.73967
-3.73968
-3.73969
-3.73969
-3.7397
-3.7397
-3.73971
-3.73972
-3.73972
-3.73973
-3.73973
-3.73974
-3.73974
-3.73975
-3.73975
-3.73976
-3.73976
-3.73977
-3.73977
-3.73977
-3.73978
-3.73978
-3.73978
-3.73978
-3.73979
-3.73979
-3.73979
-3.73979
-3.73978
-3.73978
-3.73978
-3.73977
-3.73977
-3.73976
-3.73976
-3.73975
-3.73974
-3.73973
-3.73972
-3.73971
-3.73969
-3.73968
-3.73966
-3.73964
-3.73962
-3.7396
-3.73958
-3.73956
-3.73954
-3.73952
-3.73951
-3.7395
-3.73949
-3.73948
-3.73948
-3.73949
-3.73949
-3.7395
-3.73951
-3.73951
-3.73953
-3.73954
-3.73955
-3.73956
-3.73957
-3.73958
-3.73959
-3.73959
-3.7396
-3.7396
-3.7396
-3.7396
-3.7396
-3.73959
-3.73959
-3.73958
-3.73957
-3.73956
-3.73955
-3.73954
-3.73953
-3.73952
-3.73952
-3.73951
-3.73951
-3.73951
-3.83798
-3.83798
-3.83799
-3.83799
-3.838
-3.83801
-3.83802
-3.83802
-3.83803
-3.83804
-3.83805
-3.83805
-3.83806
-3.83807
-3.83808
-3.83808
-3.83809
-3.8381
-3.8381
-3.83811
-3.83812
-3.83812
-3.83813
-3.83813
-3.83814
-3.83814
-3.83815
-3.83815
-3.83816
-3.83816
-3.83817
-3.83817
-3.83818
-3.83818
-3.83818
-3.83818
-3.83819
-3.83819
-3.83819
-3.83819
-3.83819
-3.83819
-3.83819
-3.83818
-3.83818
-3.83818
-3.83817
-3.83816
-3.83816
-3.83815
-3.83814
-3.83813
-3.83812
-3.8381
-3.83809
-3.83807
-3.83805
-3.83804
-3.83802
-3.838
-3.83798
-3.83796
-3.83794
-3.83793
-3.83791
-3.83791
-3.8379
-3.8379
-3.8379
-3.8379
-3.8379
-3.83791
-3.83792
-3.83793
-3.83794
-3.83795
-3.83796
-3.83797
-3.83798
-3.83799
-3.83799
-3.838
-3.838
-3.838
-3.838
-3.838
-3.838
-3.83799
-3.83798
-3.83798
-3.83797
-3.83796
-3.83796
-3.83795
-3.83794
-3.83794
-3.83793
-3.83793
-3.83793
-3.83793
-3.93639
-3.93639
-3.9364
-3.9364
-3.93641
-3.93642
-3.93642
-3.93643
-3.93644
-3.93644
-3.93645
-3.93646
-3.93646
-3.93647
-3.93648
-3.93649
-3.93649
-3.9365
-3.93651
-3.93651
-3.93652
-3.93652
-3.93653
-3.93654
-3.93654
-3.93655
-3.93655
-3.93656
-3.93656
-3.93657
-3.93657
-3.93658
-3.93658
-3.93658
-3.93659
-3.93659
-3.93659
-3.93659
-3.93659
-3.93659
-3.93659
-3.93659
-3.93659
-3.93659
-3.93658
-3.93658
-3.93657
-3.93657
-3.93656
-3.93655
-3.93654
-3.93653
-3.93652
-3.9365
-3.93649
-3.93647
-3.93646
-3.93644
-3.93642
-3.9364
-3.93638
-3.93637
-3.93635
-3.93634
-3.93633
-3.93632
-3.93631
-3.93631
-3.93631
-3.93631
-3.93632
-3.93632
-3.93633
-3.93634
-3.93635
-3.93636
-3.93637
-3.93638
-3.93638
-3.93639
-3.9364
-3.9364
-3.9364
-3.9364
-3.9364
-3.9364
-3.93639
-3.93639
-3.93638
-3.93637
-3.93637
-3.93637
-3.93636
-3.93636
-3.93636
-3.93635
-3.93635
-3.93635
-3.93634
-3.93634
-4.0348
-4.03481
-4.03481
-4.03482
-4.03482
-4.03483
-4.03483
-4.03484
-4.03484
-4.03485
-4.03486
-4.03486
-4.03487
-4.03487
-4.03488
-4.03489
-4.03489
-4.0349
-4.03491
-4.03492
-4.03492
-4.03493
-4.03493
-4.03494
-4.03495
-4.03495
-4.03496
-4.03496
-4.03497
-4.03497
-4.03498
-4.03498
-4.03498
-4.03499
-4.03499
-4.03499
-4.03499
-4.03499
-4.035
-4.035
-4.035
-4.03499
-4.03499
-4.03499
-4.03499
-4.03498
-4.03498
-4.03497
-4.03496
-4.03495
-4.03494
-4.03493
-4.03492
-4.03491
-4.03489
-4.03488
-4.03486
-4.03484
-4.03483
-4.03481
-4.03479
-4.03478
-4.03476
-4.03475
-4.03474
-4.03474
-4.03473
-4.03473
-4.03473
-4.03473
-4.03473
-4.03474
-4.03474
-4.03475
-4.03476
-4.03477
-4.03477
-4.03478
-4.03479
-4.03479
-4.0348
-4.0348
-4.0348
-4.0348
-4.03479
-4.03479
-4.03478
-4.03478
-4.03477
-4.03477
-4.03477
-4.03477
-4.03477
-4.03477
-4.03477
-4.03477
-4.03477
-4.03477
-4.03476
-4.03476
-4.13322
-4.13322
-4.13323
-4.13323
-4.13323
-4.13324
-4.13324
-4.13325
-4.13325
-4.13325
-4.13326
-4.13327
-4.13327
-4.13328
-4.13328
-4.13329
-4.1333
-4.1333
-4.13331
-4.13332
-4.13332
-4.13333
-4.13334
-4.13334
-4.13335
-4.13335
-4.13336
-4.13337
-4.13337
-4.13337
-4.13338
-4.13338
-4.13339
-4.13339
-4.13339
-4.13339
-4.1334
-4.1334
-4.1334
-4.1334
-4.1334
-4.1334
-4.13339
-4.13339
-4.13339
-4.13338
-4.13338
-4.13337
-4.13336
-4.13335
-4.13334
-4.13333
-4.13332
-4.13331
-4.1333
-4.13328
-4.13327
-4.13325
-4.13324
-4.13322
-4.13321
-4.13319
-4.13318
-4.13317
-4.13316
-4.13315
-4.13315
-4.13314
-4.13314
-4.13314
-4.13315
-4.13315
-4.13315
-4.13316
-4.13317
-4.13317
-4.13318
-4.13318
-4.13319
-4.13319
-4.13319
-4.13319
-4.13319
-4.13319
-4.13318
-4.13318
-4.13317
-4.13317
-4.13316
-4.13316
-4.13317
-4.13317
-4.13318
-4.13318
-4.13319
-4.13319
-4.13319
-4.13318
-4.13318
-4.13317
-4.23164
-4.23164
-4.23164
-4.23164
-4.23165
-4.23165
-4.23165
-4.23166
-4.23166
-4.23166
-4.23166
-4.23167
-4.23167
-4.23168
-4.23169
-4.23169
-4.2317
-4.23171
-4.23171
-4.23172
-4.23173
-4.23173
-4.23174
-4.23175
-4.23175
-4.23176
-4.23176
-4.23177
-4.23177
-4.23178
-4.23178
-4.23178
-4.23179
-4.23179
-4.23179
-4.2318
-4.2318
-4.2318
-4.2318
-4.2318
-4.2318
-4.2318
-4.2318
-4.23179
-4.23179
-4.23179
-4.23178
-4.23177
-4.23177
-4.23176
-4.23175
-4.23174
-4.23173
-4.23171
-4.2317
-4.23169
-4.23167
-4.23166
-4.23164
-4.23163
-4.23162
-4.2316
-4.23159
-4.23158
-4.23157
-4.23157
-4.23156
-4.23156
-4.23156
-4.23156
-4.23156
-4.23156
-4.23156
-4.23157
-4.23157
-4.23158
-4.23158
-4.23158
-4.23159
-4.23159
-4.23159
-4.23159
-4.23158
-4.23158
-4.23157
-4.23156
-4.23156
-4.23155
-4.23155
-4.23156
-4.23156
-4.23157
-4.23158
-4.23159
-4.2316
-4.2316
-4.2316
-4.23159
-4.23159
-4.23158
-4.33005
-4.33005
-4.33006
-4.33006
-4.33006
-4.33007
-4.33007
-4.33007
-4.33007
-4.33007
-4.33007
-4.33007
-4.33008
-4.33008
-4.33009
-4.33009
-4.3301
-4.33011
-4.33011
-4.33012
-4.33013
-4.33013
-4.33014
-4.33015
-4.33015
-4.33016
-4.33016
-4.33017
-4.33017
-4.33018
-4.33018
-4.33019
-4.33019
-4.33019
-4.3302
-4.3302
-4.3302
-4.3302
-4.3302
-4.3302
-4.3302
-4.3302
-4.3302
-4.3302
-4.33019
-4.33019
-4.33018
-4.33018
-4.33017
-4.33016
-4.33015
-4.33014
-4.33013
-4.33012
-4.33011
-4.33009
-4.33008
-4.33007
-4.33005
-4.33004
-4.33003
-4.33001
-4.33
-4.32999
-4.32998
-4.32998
-4.32997
-4.32997
-4.32997
-4.32997
-4.32997
-4.32997
-4.32997
-4.32997
-4.32998
-4.32998
-4.32998
-4.32998
-4.32998
-4.32998
-4.32998
-4.32998
-4.32997
-4.32997
-4.32996
-4.32995
-4.32995
-4.32994
-4.32994
-4.32995
-4.32995
-4.32997
-4.32998
-4.32999
-4.33
-4.33001
-4.33001
-4.33
-4.32999
-4.32999
-4.42847
-4.42847
-4.42847
-4.42847
-4.42848
-4.42848
-4.42848
-4.42848
-4.42848
-4.42847
-4.42847
-4.42848
-4.42848
-4.42848
-4.42849
-4.4285
-4.4285
-4.42851
-4.42852
-4.42852
-4.42853
-4.42854
-4.42854
-4.42855
-4.42856
-4.42856
-4.42857
-4.42857
-4.42858
-4.42858
-4.42858
-4.42859
-4.42859
-4.42859
-4.4286
-4.4286
-4.4286
-4.4286
-4.4286
-4.4286
-4.4286
-4.4286
-4.4286
-4.4286
-4.42859
-4.42859
-4.42858
-4.42858
-4.42857
-4.42856
-4.42855
-4.42854
-4.42853
-4.42852
-4.42851
-4.4285
-4.42848
-4.42847
-4.42846
-4.42845
-4.42843
-4.42842
-4.42841
-4.4284
-4.42839
-4.42839
-4.42838
-4.42838
-4.42838
-4.42837
-4.42837
-4.42837
-4.42838
-4.42838
-4.42838
-4.42838
-4.42838
-4.42838
-4.42838
-4.42838
-4.42837
-4.42837
-4.42836
-4.42835
-4.42835
-4.42834
-4.42833
-4.42833
-4.42833
-4.42834
-4.42835
-4.42836
-4.42837
-4.42839
-4.4284
-4.42841
-4.4284
-4.4284
-4.42839
-4.42838
-4.52689
-4.52689
-4.52689
-4.52689
-4.52689
-4.52689
-4.52689
-4.52689
-4.52689
-4.52688
-4.52688
-4.52688
-4.52688
-4.52689
-4.52689
-4.5269
-4.5269
-4.52691
-4.52692
-4.52693
-4.52693
-4.52694
-4.52695
-4.52695
-4.52696
-4.52696
-4.52697
-4.52697
-4.52698
-4.52698
-4.52699
-4.52699
-4.52699
-4.527
-4.527
-4.527
-4.527
-4.527
-4.527
-4.527
-4.527
-4.527
-4.527
-4.527
-4.52699
-4.52699
-4.52698
-4.52698
-4.52697
-4.52696
-4.52695
-4.52694
-4.52693
-4.52692
-4.52691
-4.5269
-4.52689
-4.52688
-4.52686
-4.52685
-4.52684
-4.52683
-4.52682
-4.52681
-4.5268
-4.52679
-4.52679
-4.52679
-4.52678
-4.52678
-4.52678
-4.52678
-4.52678
-4.52678
-4.52678
-4.52678
-4.52678
-4.52678
-4.52678
-4.52677
-4.52677
-4.52676
-4.52675
-4.52674
-4.52673
-4.52673
-4.52672
-4.52672
-4.52672
-4.52672
-4.52674
-4.52675
-4.52677
-4.52678
-4.5268
-4.5268
-4.5268
-4.52679
-4.52678
-4.52677
-4.6253
-4.62531
-4.6253
-4.6253
-4.6253
-4.6253
-4.6253
-4.6253
-4.6253
-4.62529
-4.62529
-4.62529
-4.62529
-4.62529
-4.62529
-4.6253
-4.62531
-4.62532
-4.62532
-4.62533
-4.62534
-4.62534
-4.62535
-4.62536
-4.62536
-4.62537
-4.62537
-4.62538
-4.62538
-4.62539
-4.62539
-4.62539
-4.6254
-4.6254
-4.6254
-4.6254
-4.6254
-4.62541
-4.62541
-4.62541
-4.6254
-4.6254
-4.6254
-4.6254
-4.62539
-4.62539
-4.62538
-4.62538
-4.62537
-4.62536
-4.62535
-4.62535
-4.62534
-4.62532
-4.62531
-4.6253
-4.62529
-4.62528
-4.62527
-4.62525
-4.62524
-4.62523
-4.62522
-4.62521
-4.62521
-4.6252
-4.6252
-4.62519
-4.62519
-4.62519
-4.62518
-4.62518
-4.62518
-4.62518
-4.62518
-4.62518
-4.62518
-4.62518
-4.62517
-4.62517
-4.62516
-4.62515
-4.62514
-4.62513
-4.62512
-4.62512
-4.62511
-4.62511
-4.62511
-4.62511
-4.62513
-4.62514
-4.62516
-4.62517
-4.62519
-4.62519
-4.62519
-4.62518
-4.62517
-4.62516
-4.72371
-4.72372
-4.72371
-4.72371
-4.72371
-4.72371
-4.72371
-4.72371
-4.7237
-4.7237
-4.7237
-4.7237
-4.7237
-4.7237
-4.7237
-4.72371
-4.72372
-4.72372
-4.72373
-4.72374
-4.72375
-4.72375
-4.72376
-4.72376
-4.72377
-4.72378
-4.72378
-4.72378
-4.72379
-4.72379
-4.7238
-4.7238
-4.7238
-4.7238
-4.72381
-4.72381
-4.72381
-4.72381
-4.72381
-4.72381
-4.72381
-4.72381
-4.7238
-4.7238
-4.7238
-4.72379
-4.72379
-4.72378
-4.72377
-4.72376
-4.72376
-4.72375
-4.72374
-4.72373
-4.72372
-4.7237
-4.72369
-4.72368
-4.72367
-4.72366
-4.72365
-4.72364
-4.72363
-4.72362
-4.72361
-4.72361
-4.7236
-4.7236
-4.72359
-4.72359
-4.72359
-4.72359
-4.72359
-4.72358
-4.72358
-4.72358
-4.72358
-4.72358
-4.72357
-4.72357
-4.72356
-4.72355
-4.72354
-4.72353
-4.72352
-4.72351
-4.7235
-4.7235
-4.7235
-4.72351
-4.72352
-4.72353
-4.72355
-4.72357
-4.72358
-4.72358
-4.72358
-4.72357
-4.72356
-4.72355
-4.82213
-4.82213
-4.82212
-4.82212
-4.82211
-4.82211
-4.82211
-4.82212
-4.82212
-4.82212
-4.82212
-4.82211
-4.82211
-4.82212
-4.82212
-4.82213
-4.82213
-4.82214
-4.82215
-4.82215
-4.82216
-4.82217
-4.82217
-4.82218
-4.82218
-4.82219
-4.82219
-4.8222
-4.8222
-4.82221
-4.82221
-4.82221
-4.82221
-4.82222
-4.82222
-4.82222
-4.82222
-4.82222
-4.82222
-4.82222
-4.82222
-4.82221
-4.82221
-4.82221
-4.8222
-4.8222
-4.82219
-4.82219
-4.82218
-4.82217
-4.82216
-4.82215
-4.82214
-4.82213
-4.82212
-4.82211
-4.8221
-4.82209
-4.82208
-4.82206
-4.82205
-4.82204
-4.82203
-4.82203
-4.82202
-4.82201
-4.82201
-4.822
-4.822
-4.82199
-4.82199
-4.82199
-4.82199
-4.82199
-4.82199
-4.82198
-4.82198
-4.82198
-4.82197
-4.82197
-4.82196
-4.82195
-4.82194
-4.82193
-4.82191
-4.8219
-4.8219
-4.82189
-4.82189
-4.8219
-4.82191
-4.82193
-4.82194
-4.82196
-4.82197
-4.82198
-4.82198
-4.82197
-4.82196
-4.82195
)
;

boundaryField
{
    floor
    {
        type            calculated;
        value           nonuniform List<scalar> 
100
(
0.0491776
0.049193
0.0491897
0.0491792
0.0491666
0.0491546
0.0491435
0.049133
0.0491227
0.0491122
0.0491014
0.04909
0.0490782
0.0490657
0.0490527
0.0490391
0.049025
0.0490105
0.0489957
0.0489806
0.0489655
0.0489505
0.0489357
0.0489214
0.0489076
0.0488946
0.0488823
0.048871
0.0488605
0.0488509
0.0488421
0.0488342
0.048827
0.0488206
0.0488148
0.0488096
0.048805
0.0488011
0.0487978
0.0487953
0.0487937
0.0487931
0.0487938
0.0487959
0.0487996
0.0488048
0.0488117
0.0488202
0.0488303
0.0488415
0.0488538
0.0488666
0.0488796
0.0488923
0.0489043
0.048915
0.0489239
0.048931
0.0489336
0.0489288
0.0489234
0.0489202
0.0489182
0.0489165
0.0489149
0.0489134
0.048912
0.0489109
0.0489103
0.0489106
0.0489122
0.0489152
0.0489196
0.0489251
0.048931
0.0489354
0.048936
0.0489332
0.0489249
0.0489084
0.0488854
0.0488642
0.0488519
0.0488496
0.0488551
0.048865
0.0488679
0.0488655
0.0488616
0.0488629
0.0488672
0.0488737
0.0488815
0.0488903
0.0488994
0.0489069
0.0489104
0.048903
0.0488943
0.0488867
)
;
    }
    ceiling
    {
        type            calculated;
        value           nonuniform List<scalar> 
100
(
-4.87134
-4.87134
-4.87133
-4.87132
-4.87132
-4.87132
-4.87132
-4.87132
-4.87132
-4.87132
-4.87132
-4.87132
-4.87132
-4.87133
-4.87133
-4.87134
-4.87134
-4.87135
-4.87136
-4.87136
-4.87137
-4.87138
-4.87138
-4.87139
-4.87139
-4.8714
-4.8714
-4.87141
-4.87141
-4.87141
-4.87142
-4.87142
-4.87142
-4.87142
-4.87143
-4.87143
-4.87143
-4.87143
-4.87143
-4.87143
-4.87142
-4.87142
-4.87142
-4.87142
-4.87141
-4.87141
-4.8714
-4.87139
-4.87139
-4.87138
-4.87137
-4.87136
-4.87135
-4.87134
-4.87133
-4.87132
-4.8713
-4.87129
-4.87128
-4.87127
-4.87126
-4.87125
-4.87124
-4.87123
-4.87122
-4.87122
-4.87121
-4.8712
-4.8712
-4.8712
-4.8712
-4.87119
-4.87119
-4.87119
-4.87119
-4.87119
-4.87118
-4.87118
-4.87117
-4.87117
-4.87116
-4.87115
-4.87114
-4.87113
-4.87112
-4.87111
-4.8711
-4.87109
-4.8711
-4.8711
-4.87111
-4.87113
-4.87115
-4.87116
-4.87118
-4.87118
-4.87118
-4.87118
-4.87117
-4.87116
)
;
    }
    fixedWalls
    {
        type            calculated;
        value           nonuniform List<scalar> 
100
(
6.93889e-18
-0.098388
-0.196809
-0.295233
-0.393655
-0.492074
-0.590492
-0.688908
-0.787323
-0.885738
-0.984153
-1.08257
-1.18098
-1.2794
-1.37781
-1.47622
-1.57464
-1.67305
-1.77146
-1.86988
-1.96829
-2.0667
-2.16511
-2.26352
-2.36192
-2.46033
-2.55874
-2.65714
-2.75554
-2.85395
-2.95235
-3.05075
-3.14915
-3.24756
-3.34596
-3.44436
-3.54276
-3.64117
-3.73957
-3.83798
-3.93639
-4.0348
-4.13322
-4.23164
-4.33005
-4.42847
-4.52689
-4.6253
-4.72371
-4.82213
-0.00029834
-0.0986887
-0.197091
-0.295494
-0.393898
-0.492302
-0.590704
-0.689102
-0.787494
-0.88588
-0.984262
-1.08264
-1.18103
-1.27941
-1.3778
-1.4762
-1.57459
-1.673
-1.77139
-1.8698
-1.9682
-2.06661
-2.16502
-2.26342
-2.36183
-2.46024
-2.55864
-2.65705
-2.75545
-2.85385
-2.95225
-3.05065
-3.14906
-3.24747
-3.34588
-3.44429
-3.54269
-3.6411
-3.73951
-3.83793
-3.93634
-4.03476
-4.13317
-4.23158
-4.32999
-4.42838
-4.52677
-4.62516
-4.72355
-4.82195
)
;
    }
    frontAndBack
    {
        type            empty;
    }
}


// ************************************************************************* //
