/*--------------------------------*- C++ -*----------------------------------*\
| =========                 |                                                 |
| \\      /  F ield         | OpenFOAM: The Open Source CFD Toolbox           |
|  \\    /   O peration     | Version:  4.1                                   |
|   \\  /    A nd           | Web:      www.OpenFOAM.org                      |
|    \\/     M anipulation  |                                                 |
\*---------------------------------------------------------------------------*/
FoamFile
{
    version     2.0;
    format      ascii;
    class       volScalarField;
    location    "1820";
    object      p;
}
// * * * * * * * * * * * * * * * * * * * * * * * * * * * * * * * * * * * * * //

dimensions      [0 2 -2 0 0 0 0];

internalField   nonuniform List<scalar> 
5000
(
0
1.34055e-05
1.5771e-05
1.81725e-05
2.64238e-05
2.8634e-05
2.61681e-05
3.77861e-05
5.4443e-05
6.5497e-05
6.95204e-05
7.0537e-05
7.27246e-05
7.85542e-05
8.50631e-05
8.14781e-05
8.15696e-05
8.15886e-05
8.19095e-05
8.26393e-05
8.38061e-05
8.5411e-05
8.74352e-05
8.98397e-05
9.25585e-05
9.54773e-05
9.83946e-05
0.000100846
0.000102437
0.000102989
0.00010247
0.000100935
9.84861e-05
9.52456e-05
9.13413e-05
8.68935e-05
8.2009e-05
7.67791e-05
7.12806e-05
6.55778e-05
5.97267e-05
5.378e-05
4.77931e-05
4.18299e-05
3.59648e-05
3.02734e-05
2.48085e-05
1.95569e-05
1.436e-05
8.81838e-06
2.24132e-06
-6.19374e-06
-1.66266e-05
-2.67467e-05
-3.12433e-05
-2.25831e-05
-1.14703e-05
-2.68124e-05
-5.2411e-05
-6.82113e-05
-7.40005e-05
-7.38864e-05
-7.12823e-05
-5.98766e-05
-4.30734e-05
-2.84993e-05
-1.72559e-05
-8.09803e-06
2.33069e-07
8.49944e-06
1.70913e-05
2.59728e-05
3.45345e-05
4.16146e-05
4.58192e-05
4.72016e-05
4.61223e-05
4.26074e-05
3.70527e-05
2.98305e-05
2.12632e-05
1.16773e-05
1.44062e-06
-9.03792e-06
-1.93263e-05
-2.89938e-05
-3.76479e-05
-4.4979e-05
-5.07946e-05
-5.50462e-05
-5.78403e-05
-5.93789e-05
-5.98938e-05
-5.96611e-05
-5.90218e-05
-5.82971e-05
-5.74207e-05
-5.51491e-05
-4.82185e-05
-3.11638e-05
-0.0983965
-0.098399
-0.0983969
-0.0983933
-0.0983769
-0.0983739
-0.0983802
-0.0983712
-0.0983536
-0.0983376
-0.0983264
-0.0983189
-0.0983157
-0.0983149
-0.0983145
-0.0983112
-0.0983102
-0.0983084
-0.0983065
-0.0983044
-0.0983021
-0.0982996
-0.0982969
-0.0982942
-0.0982915
-0.098289
-0.0982868
-0.0982854
-0.0982849
-0.0982851
-0.0982862
-0.098288
-0.0982904
-0.0982934
-0.0982968
-0.0983006
-0.0983047
-0.0983089
-0.0983132
-0.0983176
-0.0983219
-0.0983263
-0.0983305
-0.0983347
-0.0983389
-0.0983433
-0.0983479
-0.0983529
-0.0983587
-0.0983655
-0.0983736
-0.0983832
-0.0983935
-0.0984016
-0.0984026
-0.0983898
-0.0983784
-0.0984018
-0.0984294
-0.0984434
-0.0984444
-0.0984427
-0.0984433
-0.0984455
-0.0984381
-0.0984264
-0.0984154
-0.0984065
-0.0983992
-0.0983925
-0.0983858
-0.0983788
-0.0983717
-0.0983654
-0.098361
-0.0983591
-0.0983595
-0.0983618
-0.0983663
-0.0983727
-0.0983805
-0.0983893
-0.0983988
-0.0984085
-0.0984179
-0.0984265
-0.098434
-0.09844
-0.0984442
-0.0984465
-0.0984471
-0.0984462
-0.098444
-0.0984409
-0.0984371
-0.0984328
-0.0984281
-0.0984219
-0.0984115
-0.0983893
-0.196792
-0.196802
-0.196811
-0.196808
-0.196796
-0.196799
-0.196807
-0.196798
-0.196776
-0.196757
-0.196745
-0.196737
-0.196733
-0.196732
-0.196731
-0.196729
-0.196727
-0.196725
-0.196723
-0.196721
-0.196719
-0.196716
-0.196713
-0.19671
-0.196707
-0.196705
-0.196702
-0.196701
-0.1967
-0.196701
-0.196702
-0.196704
-0.196706
-0.196709
-0.196713
-0.196716
-0.19672
-0.196725
-0.196729
-0.196733
-0.196737
-0.196741
-0.196746
-0.19675
-0.196754
-0.196758
-0.196762
-0.196767
-0.196773
-0.196779
-0.196787
-0.196797
-0.196808
-0.196817
-0.196819
-0.19681
-0.196802
-0.196825
-0.196856
-0.196871
-0.196866
-0.196851
-0.196836
-0.196843
-0.196842
-0.196837
-0.196829
-0.196821
-0.196815
-0.196809
-0.196803
-0.196797
-0.196791
-0.196784
-0.19678
-0.196778
-0.196779
-0.196781
-0.196785
-0.196791
-0.196799
-0.196808
-0.196817
-0.196827
-0.196837
-0.196846
-0.196853
-0.196859
-0.196864
-0.196866
-0.196866
-0.196864
-0.196861
-0.196857
-0.196851
-0.196845
-0.196838
-0.196829
-0.196817
-0.196796
-0.295192
-0.295204
-0.295216
-0.295215
-0.29521
-0.295219
-0.295228
-0.295217
-0.295194
-0.295174
-0.295162
-0.295155
-0.295151
-0.295149
-0.295148
-0.295146
-0.295145
-0.295143
-0.295141
-0.295139
-0.295136
-0.295133
-0.29513
-0.295127
-0.295124
-0.295121
-0.295119
-0.295117
-0.295117
-0.295117
-0.295118
-0.29512
-0.295123
-0.295126
-0.295129
-0.295133
-0.295137
-0.295141
-0.295145
-0.295149
-0.295153
-0.295157
-0.295161
-0.295165
-0.295169
-0.295173
-0.295177
-0.295182
-0.295187
-0.295193
-0.295201
-0.295211
-0.295223
-0.295235
-0.295242
-0.295239
-0.295236
-0.295252
-0.295282
-0.295297
-0.295289
-0.295272
-0.29525
-0.295239
-0.29524
-0.295241
-0.295238
-0.295234
-0.295229
-0.295225
-0.29522
-0.295216
-0.29521
-0.295204
-0.2952
-0.295198
-0.295198
-0.2952
-0.295204
-0.29521
-0.295218
-0.295227
-0.295237
-0.295247
-0.295257
-0.295266
-0.295274
-0.29528
-0.295284
-0.295286
-0.295286
-0.295284
-0.29528
-0.295275
-0.295269
-0.295263
-0.295255
-0.295247
-0.295237
-0.29522
-0.393591
-0.393603
-0.39361
-0.393612
-0.393613
-0.393625
-0.393631
-0.393621
-0.393603
-0.393587
-0.393577
-0.393571
-0.393568
-0.393566
-0.393565
-0.393563
-0.393562
-0.39356
-0.393558
-0.393556
-0.393553
-0.39355
-0.393547
-0.393544
-0.393541
-0.393538
-0.393536
-0.393534
-0.393534
-0.393534
-0.393536
-0.393538
-0.39354
-0.393543
-0.393546
-0.39355
-0.393553
-0.393557
-0.393561
-0.393565
-0.393569
-0.393572
-0.393576
-0.39358
-0.393584
-0.393588
-0.393592
-0.393596
-0.3936
-0.393606
-0.393613
-0.393623
-0.393635
-0.393649
-0.39366
-0.393661
-0.393657
-0.393666
-0.393686
-0.3937
-0.393698
-0.393682
-0.39366
-0.393637
-0.393635
-0.393639
-0.393642
-0.393642
-0.393642
-0.39364
-0.393637
-0.393634
-0.39363
-0.393625
-0.39362
-0.393617
-0.393617
-0.393619
-0.393623
-0.393629
-0.393637
-0.393646
-0.393656
-0.393667
-0.393678
-0.393687
-0.393696
-0.393702
-0.393706
-0.393708
-0.393708
-0.393705
-0.393701
-0.393696
-0.39369
-0.393683
-0.393675
-0.393668
-0.393661
-0.393647
-0.491987
-0.491995
-0.491999
-0.492002
-0.492008
-0.492021
-0.492022
-0.492018
-0.492007
-0.491997
-0.49199
-0.491986
-0.491984
-0.491982
-0.491981
-0.49198
-0.491979
-0.491977
-0.491975
-0.491973
-0.49197
-0.491967
-0.491964
-0.491961
-0.491958
-0.491955
-0.491953
-0.491952
-0.491951
-0.491952
-0.491953
-0.491955
-0.491958
-0.491961
-0.491964
-0.491967
-0.491971
-0.491974
-0.491978
-0.491981
-0.491985
-0.491988
-0.491992
-0.491995
-0.491999
-0.492002
-0.492006
-0.492009
-0.492013
-0.492018
-0.492024
-0.492033
-0.492044
-0.492058
-0.49207
-0.492073
-0.492065
-0.492065
-0.492077
-0.492087
-0.492088
-0.492078
-0.492061
-0.492042
-0.492035
-0.492038
-0.492044
-0.492049
-0.492052
-0.492054
-0.492054
-0.492053
-0.49205
-0.492046
-0.492041
-0.492037
-0.492036
-0.492038
-0.492042
-0.492048
-0.492056
-0.492065
-0.492076
-0.492087
-0.492099
-0.492109
-0.492118
-0.492125
-0.492129
-0.492131
-0.49213
-0.492127
-0.492123
-0.492118
-0.492111
-0.492104
-0.492097
-0.49209
-0.492085
-0.492074
-0.590384
-0.590388
-0.59039
-0.590392
-0.590398
-0.590415
-0.590418
-0.590417
-0.590411
-0.590406
-0.590402
-0.5904
-0.590398
-0.590398
-0.590397
-0.590396
-0.590395
-0.590394
-0.590392
-0.59039
-0.590387
-0.590384
-0.590381
-0.590378
-0.590375
-0.590373
-0.590371
-0.59037
-0.59037
-0.59037
-0.590372
-0.590374
-0.590376
-0.590379
-0.590382
-0.590385
-0.590388
-0.590392
-0.590395
-0.590398
-0.590401
-0.590405
-0.590408
-0.590411
-0.590414
-0.590417
-0.59042
-0.590423
-0.590426
-0.590429
-0.590434
-0.59044
-0.590449
-0.590461
-0.590472
-0.590473
-0.590462
-0.590456
-0.590461
-0.590469
-0.590471
-0.590467
-0.590457
-0.590446
-0.590438
-0.59044
-0.590446
-0.590454
-0.590461
-0.590466
-0.59047
-0.590472
-0.590471
-0.590467
-0.590461
-0.590456
-0.590454
-0.590455
-0.590459
-0.590465
-0.590474
-0.590484
-0.590495
-0.590507
-0.590519
-0.590531
-0.59054
-0.590547
-0.590552
-0.590554
-0.590553
-0.59055
-0.590545
-0.59054
-0.590534
-0.590527
-0.590521
-0.590514
-0.590509
-0.590501
-0.688784
-0.688786
-0.688786
-0.688785
-0.68879
-0.688804
-0.688816
-0.688817
-0.688816
-0.688815
-0.688813
-0.688813
-0.688813
-0.688813
-0.688813
-0.688813
-0.688812
-0.688811
-0.688809
-0.688807
-0.688805
-0.688802
-0.688799
-0.688796
-0.688793
-0.688791
-0.68879
-0.688789
-0.688788
-0.688789
-0.68879
-0.688792
-0.688795
-0.688798
-0.6888
-0.688803
-0.688807
-0.68881
-0.688813
-0.688816
-0.688819
-0.688821
-0.688824
-0.688827
-0.688829
-0.688831
-0.688834
-0.688836
-0.688838
-0.68884
-0.688843
-0.688847
-0.688852
-0.688859
-0.688866
-0.688863
-0.688851
-0.688843
-0.688846
-0.688852
-0.688856
-0.688856
-0.688853
-0.688848
-0.688844
-0.688845
-0.68885
-0.688859
-0.688868
-0.688877
-0.688885
-0.68889
-0.688892
-0.688889
-0.688882
-0.688874
-0.68887
-0.688871
-0.688875
-0.688881
-0.68889
-0.688901
-0.688913
-0.688926
-0.688939
-0.688951
-0.688962
-0.68897
-0.688974
-0.688976
-0.688975
-0.688972
-0.688967
-0.688962
-0.688956
-0.68895
-0.688944
-0.688938
-0.688934
-0.688927
-0.787189
-0.78719
-0.787189
-0.787186
-0.787188
-0.787196
-0.78721
-0.787218
-0.787222
-0.787224
-0.787225
-0.787226
-0.787227
-0.787228
-0.787228
-0.787229
-0.787229
-0.787228
-0.787227
-0.787225
-0.787223
-0.78722
-0.787217
-0.787214
-0.787211
-0.787209
-0.787208
-0.787208
-0.787207
-0.787208
-0.78721
-0.787212
-0.787214
-0.787217
-0.787219
-0.787222
-0.787225
-0.787228
-0.787231
-0.787234
-0.787236
-0.787239
-0.787241
-0.787243
-0.787245
-0.787247
-0.787248
-0.787249
-0.787251
-0.787251
-0.787252
-0.787253
-0.787255
-0.787257
-0.787257
-0.78725
-0.787238
-0.787231
-0.787233
-0.787239
-0.787245
-0.787249
-0.787251
-0.787251
-0.787251
-0.787252
-0.787257
-0.787264
-0.787274
-0.787285
-0.787296
-0.787304
-0.787309
-0.787308
-0.7873
-0.787289
-0.787284
-0.787284
-0.787288
-0.787295
-0.787304
-0.787316
-0.787329
-0.787343
-0.787357
-0.78737
-0.787381
-0.78739
-0.787395
-0.787397
-0.787396
-0.787392
-0.787388
-0.787383
-0.787378
-0.787372
-0.787367
-0.787362
-0.787358
-0.787352
-0.885601
-0.885601
-0.8856
-0.885597
-0.885597
-0.885601
-0.885614
-0.885624
-0.885631
-0.885635
-0.885638
-0.88564
-0.885642
-0.885643
-0.885644
-0.885645
-0.885646
-0.885646
-0.885645
-0.885644
-0.885641
-0.885639
-0.885636
-0.885633
-0.88563
-0.885628
-0.885628
-0.885627
-0.885627
-0.885628
-0.885629
-0.885631
-0.885633
-0.885636
-0.885639
-0.885641
-0.885644
-0.885647
-0.885649
-0.885652
-0.885654
-0.885656
-0.885658
-0.88566
-0.885661
-0.885662
-0.885663
-0.885664
-0.885664
-0.885663
-0.885662
-0.885661
-0.885659
-0.885656
-0.885651
-0.885641
-0.88563
-0.885626
-0.885628
-0.885635
-0.885642
-0.885648
-0.885653
-0.885656
-0.885658
-0.885661
-0.885665
-0.885671
-0.885679
-0.885689
-0.8857
-0.885709
-0.885716
-0.885715
-0.88571
-0.885699
-0.885692
-0.885692
-0.885697
-0.885705
-0.885716
-0.885728
-0.885743
-0.885758
-0.885773
-0.885786
-0.885798
-0.885807
-0.885812
-0.885815
-0.885814
-0.885811
-0.885807
-0.885803
-0.885798
-0.885793
-0.885789
-0.885784
-0.885781
-0.885776
-0.984017
-0.984017
-0.984016
-0.984014
-0.984013
-0.984017
-0.984027
-0.984037
-0.984044
-0.984049
-0.984052
-0.984055
-0.984057
-0.984059
-0.984061
-0.984062
-0.984063
-0.984064
-0.984064
-0.984063
-0.984061
-0.984058
-0.984055
-0.984052
-0.984049
-0.984048
-0.984047
-0.984046
-0.984046
-0.984047
-0.984049
-0.984051
-0.984053
-0.984055
-0.984058
-0.984061
-0.984063
-0.984066
-0.984068
-0.98407
-0.984073
-0.984074
-0.984076
-0.984077
-0.984078
-0.984079
-0.984079
-0.984079
-0.984078
-0.984076
-0.984074
-0.984071
-0.984066
-0.98406
-0.984052
-0.984041
-0.984032
-0.984029
-0.984032
-0.984039
-0.984046
-0.984053
-0.984059
-0.984064
-0.984067
-0.98407
-0.984074
-0.984079
-0.984085
-0.984092
-0.9841
-0.984106
-0.98411
-0.984111
-0.984107
-0.984098
-0.984094
-0.984096
-0.984102
-0.984111
-0.984123
-0.984137
-0.984153
-0.984169
-0.984184
-0.984198
-0.98421
-0.984219
-0.984225
-0.984228
-0.984228
-0.984226
-0.984223
-0.98422
-0.984216
-0.984212
-0.984209
-0.984205
-0.984203
-0.984196
-1.08244
-1.08244
-1.08244
-1.08243
-1.08243
-1.08244
-1.08245
-1.08245
-1.08246
-1.08246
-1.08247
-1.08247
-1.08247
-1.08248
-1.08248
-1.08248
-1.08248
-1.08248
-1.08248
-1.08248
-1.08248
-1.08248
-1.08247
-1.08247
-1.08247
-1.08247
-1.08247
-1.08247
-1.08247
-1.08247
-1.08247
-1.08247
-1.08247
-1.08248
-1.08248
-1.08248
-1.08248
-1.08249
-1.08249
-1.08249
-1.08249
-1.08249
-1.08249
-1.0825
-1.0825
-1.0825
-1.0825
-1.08249
-1.08249
-1.08249
-1.08249
-1.08248
-1.08248
-1.08247
-1.08246
-1.08245
-1.08244
-1.08244
-1.08244
-1.08245
-1.08246
-1.08246
-1.08247
-1.08247
-1.08248
-1.08248
-1.08248
-1.08249
-1.08249
-1.0825
-1.0825
-1.0825
-1.0825
-1.0825
-1.08249
-1.08249
-1.08249
-1.08249
-1.0825
-1.08251
-1.08253
-1.08254
-1.08256
-1.08258
-1.08259
-1.08261
-1.08262
-1.08263
-1.08263
-1.08264
-1.08264
-1.08264
-1.08264
-1.08263
-1.08263
-1.08263
-1.08263
-1.08262
-1.08262
-1.08261
-1.18086
-1.18086
-1.18086
-1.18086
-1.18086
-1.18086
-1.18086
-1.18087
-1.18088
-1.18088
-1.18088
-1.18089
-1.18089
-1.18089
-1.1809
-1.1809
-1.1809
-1.1809
-1.1809
-1.1809
-1.1809
-1.1809
-1.1809
-1.18089
-1.18089
-1.18089
-1.18089
-1.18089
-1.18089
-1.18089
-1.18089
-1.18089
-1.18089
-1.1809
-1.1809
-1.1809
-1.1809
-1.1809
-1.18091
-1.18091
-1.18091
-1.18091
-1.18091
-1.18091
-1.18091
-1.18091
-1.18091
-1.18091
-1.18091
-1.18091
-1.1809
-1.1809
-1.18089
-1.18089
-1.18088
-1.18087
-1.18086
-1.18086
-1.18086
-1.18087
-1.18087
-1.18088
-1.18088
-1.18089
-1.18089
-1.18089
-1.18089
-1.1809
-1.1809
-1.1809
-1.1809
-1.1809
-1.18089
-1.18089
-1.18088
-1.18088
-1.18088
-1.18089
-1.1809
-1.18092
-1.18093
-1.18095
-1.18096
-1.18098
-1.181
-1.18101
-1.18102
-1.18103
-1.18104
-1.18104
-1.18105
-1.18105
-1.18105
-1.18104
-1.18104
-1.18104
-1.18104
-1.18103
-1.18103
-1.18101
-1.27927
-1.27928
-1.27928
-1.27928
-1.27928
-1.27928
-1.27928
-1.27929
-1.27929
-1.2793
-1.2793
-1.2793
-1.27931
-1.27931
-1.27931
-1.27932
-1.27932
-1.27932
-1.27932
-1.27932
-1.27932
-1.27932
-1.27932
-1.27931
-1.27931
-1.27931
-1.27931
-1.27931
-1.27931
-1.27931
-1.27931
-1.27931
-1.27931
-1.27932
-1.27932
-1.27932
-1.27932
-1.27932
-1.27933
-1.27933
-1.27933
-1.27933
-1.27933
-1.27933
-1.27933
-1.27933
-1.27933
-1.27933
-1.27933
-1.27933
-1.27932
-1.27932
-1.27931
-1.2793
-1.2793
-1.27929
-1.27929
-1.27928
-1.27929
-1.27929
-1.27929
-1.2793
-1.2793
-1.2793
-1.2793
-1.27931
-1.27931
-1.27931
-1.27931
-1.27931
-1.2793
-1.2793
-1.27929
-1.27928
-1.27928
-1.27927
-1.27928
-1.27929
-1.2793
-1.27932
-1.27933
-1.27935
-1.27936
-1.27938
-1.2794
-1.27941
-1.27942
-1.27943
-1.27944
-1.27944
-1.27945
-1.27945
-1.27945
-1.27945
-1.27944
-1.27944
-1.27944
-1.27943
-1.27942
-1.2794
-1.37769
-1.37769
-1.3777
-1.3777
-1.3777
-1.3777
-1.3777
-1.37771
-1.37771
-1.37771
-1.37772
-1.37772
-1.37772
-1.37773
-1.37773
-1.37774
-1.37774
-1.37774
-1.37774
-1.37775
-1.37774
-1.37774
-1.37774
-1.37774
-1.37773
-1.37773
-1.37773
-1.37773
-1.37773
-1.37773
-1.37773
-1.37773
-1.37773
-1.37774
-1.37774
-1.37774
-1.37774
-1.37775
-1.37775
-1.37775
-1.37775
-1.37775
-1.37775
-1.37775
-1.37775
-1.37775
-1.37775
-1.37775
-1.37775
-1.37774
-1.37774
-1.37774
-1.37773
-1.37773
-1.37772
-1.37771
-1.37771
-1.37771
-1.37771
-1.37771
-1.37771
-1.37771
-1.37772
-1.37772
-1.37772
-1.37772
-1.37772
-1.37772
-1.37772
-1.37772
-1.37771
-1.3777
-1.37769
-1.37768
-1.37767
-1.37767
-1.37768
-1.37769
-1.3777
-1.37772
-1.37773
-1.37775
-1.37777
-1.37778
-1.3778
-1.37781
-1.37782
-1.37783
-1.37783
-1.37784
-1.37784
-1.37784
-1.37784
-1.37784
-1.37783
-1.37783
-1.37782
-1.37781
-1.3778
-1.37778
-1.47611
-1.47611
-1.47611
-1.47612
-1.47612
-1.47612
-1.47612
-1.47613
-1.47613
-1.47613
-1.47613
-1.47614
-1.47614
-1.47615
-1.47615
-1.47616
-1.47616
-1.47616
-1.47617
-1.47617
-1.47617
-1.47617
-1.47616
-1.47616
-1.47616
-1.47616
-1.47615
-1.47615
-1.47615
-1.47615
-1.47615
-1.47615
-1.47616
-1.47616
-1.47616
-1.47616
-1.47616
-1.47617
-1.47617
-1.47617
-1.47617
-1.47617
-1.47617
-1.47617
-1.47617
-1.47617
-1.47617
-1.47617
-1.47617
-1.47617
-1.47616
-1.47616
-1.47615
-1.47615
-1.47614
-1.47614
-1.47614
-1.47613
-1.47613
-1.47613
-1.47613
-1.47613
-1.47613
-1.47613
-1.47613
-1.47613
-1.47613
-1.47613
-1.47613
-1.47613
-1.47612
-1.47611
-1.4761
-1.47609
-1.47608
-1.47608
-1.47608
-1.47609
-1.47611
-1.47612
-1.47614
-1.47615
-1.47617
-1.47618
-1.4762
-1.47621
-1.47622
-1.47622
-1.47623
-1.47623
-1.47623
-1.47623
-1.47623
-1.47622
-1.47621
-1.4762
-1.47619
-1.47618
-1.47616
-1.47614
-1.57453
-1.57453
-1.57453
-1.57453
-1.57454
-1.57454
-1.57454
-1.57454
-1.57455
-1.57455
-1.57455
-1.57456
-1.57456
-1.57457
-1.57457
-1.57458
-1.57458
-1.57459
-1.57459
-1.57459
-1.57459
-1.57459
-1.57459
-1.57459
-1.57458
-1.57458
-1.57458
-1.57457
-1.57457
-1.57457
-1.57457
-1.57457
-1.57458
-1.57458
-1.57458
-1.57458
-1.57459
-1.57459
-1.57459
-1.57459
-1.57459
-1.57459
-1.5746
-1.5746
-1.5746
-1.57459
-1.57459
-1.57459
-1.57459
-1.57459
-1.57458
-1.57458
-1.57458
-1.57457
-1.57457
-1.57456
-1.57456
-1.57456
-1.57456
-1.57455
-1.57455
-1.57455
-1.57455
-1.57455
-1.57455
-1.57455
-1.57455
-1.57455
-1.57455
-1.57454
-1.57454
-1.57452
-1.57451
-1.5745
-1.57449
-1.57449
-1.57449
-1.5745
-1.57452
-1.57453
-1.57455
-1.57456
-1.57458
-1.57459
-1.5746
-1.57461
-1.57462
-1.57462
-1.57462
-1.57462
-1.57462
-1.57462
-1.57461
-1.5746
-1.57459
-1.57457
-1.57456
-1.57454
-1.57451
-1.5745
-1.67295
-1.67295
-1.67295
-1.67295
-1.67295
-1.67296
-1.67296
-1.67296
-1.67296
-1.67297
-1.67297
-1.67297
-1.67298
-1.67298
-1.67299
-1.673
-1.673
-1.67301
-1.67301
-1.67301
-1.67302
-1.67302
-1.67301
-1.67301
-1.67301
-1.673
-1.673
-1.673
-1.673
-1.67299
-1.673
-1.673
-1.673
-1.673
-1.673
-1.673
-1.67301
-1.67301
-1.67301
-1.67301
-1.67301
-1.67302
-1.67302
-1.67302
-1.67302
-1.67302
-1.67302
-1.67301
-1.67301
-1.67301
-1.67301
-1.673
-1.673
-1.673
-1.67299
-1.67299
-1.67298
-1.67298
-1.67298
-1.67298
-1.67298
-1.67297
-1.67297
-1.67297
-1.67297
-1.67297
-1.67297
-1.67296
-1.67296
-1.67296
-1.67295
-1.67294
-1.67293
-1.67291
-1.6729
-1.6729
-1.67291
-1.67292
-1.67293
-1.67295
-1.67296
-1.67297
-1.67299
-1.673
-1.67301
-1.67302
-1.67302
-1.67302
-1.67302
-1.67302
-1.67302
-1.67301
-1.673
-1.67299
-1.67297
-1.67295
-1.67293
-1.67291
-1.67289
-1.67288
-1.77137
-1.77137
-1.77137
-1.77137
-1.77137
-1.77137
-1.77138
-1.77138
-1.77138
-1.77138
-1.77139
-1.77139
-1.7714
-1.7714
-1.77141
-1.77141
-1.77142
-1.77143
-1.77143
-1.77144
-1.77144
-1.77144
-1.77144
-1.77144
-1.77143
-1.77143
-1.77142
-1.77142
-1.77142
-1.77142
-1.77142
-1.77142
-1.77142
-1.77142
-1.77142
-1.77143
-1.77143
-1.77143
-1.77143
-1.77144
-1.77144
-1.77144
-1.77144
-1.77144
-1.77144
-1.77144
-1.77144
-1.77144
-1.77144
-1.77143
-1.77143
-1.77143
-1.77142
-1.77142
-1.77142
-1.77141
-1.77141
-1.77141
-1.7714
-1.7714
-1.7714
-1.7714
-1.77139
-1.77139
-1.77139
-1.77139
-1.77138
-1.77138
-1.77138
-1.77137
-1.77137
-1.77136
-1.77134
-1.77133
-1.77132
-1.77132
-1.77133
-1.77134
-1.77135
-1.77136
-1.77138
-1.77139
-1.7714
-1.77141
-1.77142
-1.77143
-1.77143
-1.77143
-1.77143
-1.77143
-1.77142
-1.77141
-1.7714
-1.77138
-1.77137
-1.77134
-1.77132
-1.7713
-1.77128
-1.77127
-1.86979
-1.86979
-1.86979
-1.86979
-1.86979
-1.86979
-1.86979
-1.8698
-1.8698
-1.8698
-1.8698
-1.86981
-1.86981
-1.86982
-1.86983
-1.86983
-1.86984
-1.86985
-1.86986
-1.86986
-1.86986
-1.86987
-1.86986
-1.86986
-1.86986
-1.86985
-1.86985
-1.86984
-1.86984
-1.86984
-1.86984
-1.86984
-1.86984
-1.86984
-1.86985
-1.86985
-1.86985
-1.86985
-1.86986
-1.86986
-1.86986
-1.86986
-1.86986
-1.86986
-1.86986
-1.86986
-1.86986
-1.86986
-1.86986
-1.86986
-1.86986
-1.86985
-1.86985
-1.86985
-1.86984
-1.86984
-1.86983
-1.86983
-1.86983
-1.86982
-1.86982
-1.86982
-1.86981
-1.86981
-1.86981
-1.86981
-1.8698
-1.8698
-1.8698
-1.86979
-1.86978
-1.86978
-1.86976
-1.86975
-1.86975
-1.86975
-1.86975
-1.86976
-1.86977
-1.86979
-1.8698
-1.86981
-1.86982
-1.86983
-1.86984
-1.86985
-1.86985
-1.86985
-1.86985
-1.86984
-1.86983
-1.86982
-1.86981
-1.86979
-1.86977
-1.86975
-1.86973
-1.86971
-1.86969
-1.86968
-1.9682
-1.9682
-1.9682
-1.96821
-1.96821
-1.96821
-1.96821
-1.96821
-1.96822
-1.96822
-1.96822
-1.96822
-1.96823
-1.96824
-1.96824
-1.96825
-1.96826
-1.96827
-1.96828
-1.96828
-1.96829
-1.96829
-1.96829
-1.96829
-1.96828
-1.96827
-1.96827
-1.96827
-1.96826
-1.96826
-1.96826
-1.96826
-1.96826
-1.96827
-1.96827
-1.96827
-1.96827
-1.96828
-1.96828
-1.96828
-1.96828
-1.96829
-1.96829
-1.96829
-1.96829
-1.96829
-1.96829
-1.96829
-1.96829
-1.96828
-1.96828
-1.96828
-1.96827
-1.96827
-1.96827
-1.96826
-1.96826
-1.96826
-1.96825
-1.96825
-1.96824
-1.96824
-1.96824
-1.96823
-1.96823
-1.96823
-1.96822
-1.96822
-1.96821
-1.96821
-1.9682
-1.9682
-1.96819
-1.96818
-1.96817
-1.96817
-1.96818
-1.96819
-1.9682
-1.96821
-1.96822
-1.96823
-1.96824
-1.96825
-1.96826
-1.96827
-1.96827
-1.96827
-1.96826
-1.96826
-1.96825
-1.96824
-1.96822
-1.96821
-1.96819
-1.96817
-1.96814
-1.96812
-1.9681
-1.9681
-2.06662
-2.06662
-2.06662
-2.06662
-2.06662
-2.06663
-2.06663
-2.06663
-2.06663
-2.06663
-2.06664
-2.06664
-2.06665
-2.06665
-2.06666
-2.06667
-2.06668
-2.06668
-2.06669
-2.0667
-2.06671
-2.06671
-2.06671
-2.06671
-2.0667
-2.0667
-2.06669
-2.06669
-2.06668
-2.06668
-2.06668
-2.06668
-2.06669
-2.06669
-2.06669
-2.06669
-2.0667
-2.0667
-2.0667
-2.06671
-2.06671
-2.06671
-2.06671
-2.06671
-2.06671
-2.06671
-2.06671
-2.06671
-2.06671
-2.06671
-2.06671
-2.0667
-2.0667
-2.0667
-2.06669
-2.06669
-2.06669
-2.06668
-2.06668
-2.06667
-2.06667
-2.06666
-2.06666
-2.06666
-2.06665
-2.06665
-2.06664
-2.06664
-2.06664
-2.06663
-2.06663
-2.06662
-2.06661
-2.0666
-2.0666
-2.0666
-2.06661
-2.06662
-2.06663
-2.06664
-2.06665
-2.06666
-2.06667
-2.06668
-2.06668
-2.06669
-2.06669
-2.06669
-2.06668
-2.06668
-2.06667
-2.06665
-2.06664
-2.06662
-2.06661
-2.06659
-2.06656
-2.06654
-2.06653
-2.06652
-2.16504
-2.16504
-2.16504
-2.16504
-2.16504
-2.16504
-2.16504
-2.16505
-2.16505
-2.16505
-2.16505
-2.16506
-2.16506
-2.16507
-2.16507
-2.16508
-2.16509
-2.1651
-2.16511
-2.16512
-2.16512
-2.16513
-2.16513
-2.16513
-2.16512
-2.16512
-2.16511
-2.16511
-2.16511
-2.1651
-2.1651
-2.16511
-2.16511
-2.16511
-2.16511
-2.16512
-2.16512
-2.16512
-2.16513
-2.16513
-2.16513
-2.16513
-2.16514
-2.16514
-2.16514
-2.16514
-2.16514
-2.16514
-2.16514
-2.16514
-2.16513
-2.16513
-2.16513
-2.16512
-2.16512
-2.16512
-2.16511
-2.16511
-2.1651
-2.1651
-2.16509
-2.16509
-2.16508
-2.16508
-2.16507
-2.16507
-2.16507
-2.16506
-2.16506
-2.16505
-2.16505
-2.16504
-2.16504
-2.16503
-2.16503
-2.16503
-2.16504
-2.16505
-2.16506
-2.16507
-2.16508
-2.16509
-2.16509
-2.1651
-2.16511
-2.16511
-2.16511
-2.16511
-2.1651
-2.1651
-2.16509
-2.16507
-2.16506
-2.16505
-2.16503
-2.16501
-2.16499
-2.16497
-2.16496
-2.16495
-2.26345
-2.26345
-2.26345
-2.26346
-2.26346
-2.26346
-2.26346
-2.26346
-2.26347
-2.26347
-2.26347
-2.26347
-2.26348
-2.26348
-2.26349
-2.26349
-2.2635
-2.26351
-2.26352
-2.26353
-2.26354
-2.26354
-2.26354
-2.26354
-2.26354
-2.26354
-2.26353
-2.26353
-2.26353
-2.26352
-2.26353
-2.26353
-2.26353
-2.26353
-2.26354
-2.26354
-2.26354
-2.26355
-2.26355
-2.26355
-2.26356
-2.26356
-2.26356
-2.26356
-2.26356
-2.26357
-2.26357
-2.26356
-2.26356
-2.26356
-2.26356
-2.26356
-2.26355
-2.26355
-2.26355
-2.26354
-2.26354
-2.26353
-2.26353
-2.26352
-2.26352
-2.26351
-2.26351
-2.2635
-2.2635
-2.26349
-2.26349
-2.26348
-2.26348
-2.26348
-2.26347
-2.26347
-2.26346
-2.26346
-2.26346
-2.26346
-2.26347
-2.26348
-2.26349
-2.2635
-2.2635
-2.26351
-2.26352
-2.26353
-2.26353
-2.26353
-2.26353
-2.26353
-2.26353
-2.26352
-2.26351
-2.2635
-2.26348
-2.26347
-2.26345
-2.26344
-2.26342
-2.2634
-2.26339
-2.26339
-2.36187
-2.36187
-2.36187
-2.36187
-2.36187
-2.36188
-2.36188
-2.36188
-2.36188
-2.36188
-2.36189
-2.36189
-2.36189
-2.36189
-2.3619
-2.36191
-2.36191
-2.36192
-2.36193
-2.36194
-2.36194
-2.36195
-2.36195
-2.36195
-2.36195
-2.36195
-2.36195
-2.36194
-2.36194
-2.36194
-2.36195
-2.36195
-2.36195
-2.36196
-2.36196
-2.36196
-2.36197
-2.36197
-2.36198
-2.36198
-2.36198
-2.36199
-2.36199
-2.36199
-2.36199
-2.36199
-2.36199
-2.36199
-2.36199
-2.36199
-2.36199
-2.36198
-2.36198
-2.36198
-2.36197
-2.36197
-2.36196
-2.36196
-2.36195
-2.36195
-2.36194
-2.36194
-2.36193
-2.36193
-2.36192
-2.36192
-2.36191
-2.36191
-2.3619
-2.3619
-2.3619
-2.36189
-2.36189
-2.36189
-2.36189
-2.36189
-2.3619
-2.36191
-2.36192
-2.36192
-2.36193
-2.36194
-2.36195
-2.36195
-2.36196
-2.36196
-2.36196
-2.36195
-2.36195
-2.36194
-2.36193
-2.36192
-2.36191
-2.36189
-2.36188
-2.36186
-2.36185
-2.36183
-2.36182
-2.36182
-2.46029
-2.46029
-2.46029
-2.46029
-2.46029
-2.46029
-2.46029
-2.4603
-2.4603
-2.4603
-2.4603
-2.4603
-2.4603
-2.46031
-2.46031
-2.46032
-2.46032
-2.46033
-2.46034
-2.46035
-2.46035
-2.46036
-2.46036
-2.46036
-2.46036
-2.46036
-2.46036
-2.46036
-2.46036
-2.46036
-2.46037
-2.46037
-2.46037
-2.46038
-2.46038
-2.46039
-2.46039
-2.4604
-2.4604
-2.4604
-2.46041
-2.46041
-2.46041
-2.46042
-2.46042
-2.46042
-2.46042
-2.46042
-2.46042
-2.46042
-2.46041
-2.46041
-2.46041
-2.4604
-2.4604
-2.46039
-2.46039
-2.46038
-2.46038
-2.46037
-2.46037
-2.46036
-2.46036
-2.46035
-2.46035
-2.46034
-2.46034
-2.46033
-2.46033
-2.46033
-2.46032
-2.46032
-2.46032
-2.46032
-2.46032
-2.46032
-2.46033
-2.46034
-2.46034
-2.46035
-2.46036
-2.46037
-2.46037
-2.46038
-2.46038
-2.46038
-2.46038
-2.46038
-2.46037
-2.46036
-2.46036
-2.46034
-2.46033
-2.46032
-2.46031
-2.46029
-2.46028
-2.46027
-2.46026
-2.46025
-2.5587
-2.5587
-2.5587
-2.5587
-2.55871
-2.55871
-2.55871
-2.55871
-2.55871
-2.55871
-2.55872
-2.55872
-2.55872
-2.55872
-2.55872
-2.55873
-2.55873
-2.55874
-2.55874
-2.55875
-2.55875
-2.55876
-2.55876
-2.55877
-2.55877
-2.55877
-2.55877
-2.55878
-2.55878
-2.55878
-2.55879
-2.55879
-2.5588
-2.5588
-2.55881
-2.55881
-2.55882
-2.55882
-2.55883
-2.55883
-2.55883
-2.55884
-2.55884
-2.55884
-2.55884
-2.55884
-2.55884
-2.55884
-2.55884
-2.55884
-2.55884
-2.55884
-2.55883
-2.55883
-2.55883
-2.55882
-2.55882
-2.55881
-2.5588
-2.5588
-2.55879
-2.55879
-2.55878
-2.55878
-2.55877
-2.55877
-2.55876
-2.55876
-2.55875
-2.55875
-2.55875
-2.55875
-2.55874
-2.55875
-2.55875
-2.55875
-2.55876
-2.55877
-2.55877
-2.55878
-2.55879
-2.55879
-2.5588
-2.5588
-2.55881
-2.55881
-2.5588
-2.5588
-2.5588
-2.55879
-2.55878
-2.55877
-2.55876
-2.55875
-2.55873
-2.55872
-2.55871
-2.5587
-2.55869
-2.55868
-2.65712
-2.65712
-2.65712
-2.65712
-2.65712
-2.65712
-2.65713
-2.65713
-2.65713
-2.65713
-2.65713
-2.65713
-2.65713
-2.65713
-2.65713
-2.65714
-2.65714
-2.65714
-2.65715
-2.65715
-2.65716
-2.65716
-2.65716
-2.65717
-2.65717
-2.65718
-2.65718
-2.65719
-2.65719
-2.6572
-2.65721
-2.65721
-2.65722
-2.65722
-2.65723
-2.65724
-2.65724
-2.65725
-2.65725
-2.65726
-2.65726
-2.65726
-2.65727
-2.65727
-2.65727
-2.65727
-2.65727
-2.65727
-2.65727
-2.65727
-2.65727
-2.65726
-2.65726
-2.65726
-2.65725
-2.65725
-2.65724
-2.65724
-2.65723
-2.65722
-2.65722
-2.65721
-2.65721
-2.6572
-2.6572
-2.65719
-2.65719
-2.65718
-2.65718
-2.65718
-2.65717
-2.65717
-2.65717
-2.65717
-2.65718
-2.65718
-2.65719
-2.65719
-2.6572
-2.65721
-2.65722
-2.65722
-2.65723
-2.65723
-2.65723
-2.65723
-2.65723
-2.65722
-2.65722
-2.65721
-2.6572
-2.65719
-2.65718
-2.65717
-2.65716
-2.65715
-2.65714
-2.65713
-2.65712
-2.65712
-2.75554
-2.75554
-2.75554
-2.75554
-2.75554
-2.75554
-2.75554
-2.75554
-2.75555
-2.75555
-2.75555
-2.75554
-2.75554
-2.75554
-2.75554
-2.75554
-2.75555
-2.75555
-2.75556
-2.75556
-2.75556
-2.75556
-2.75557
-2.75557
-2.75558
-2.75559
-2.75559
-2.7556
-2.75561
-2.75562
-2.75563
-2.75563
-2.75564
-2.75565
-2.75565
-2.75566
-2.75567
-2.75567
-2.75568
-2.75568
-2.75568
-2.75569
-2.75569
-2.75569
-2.7557
-2.7557
-2.7557
-2.7557
-2.7557
-2.7557
-2.75569
-2.75569
-2.75569
-2.75568
-2.75568
-2.75567
-2.75567
-2.75566
-2.75566
-2.75565
-2.75564
-2.75564
-2.75563
-2.75563
-2.75562
-2.75561
-2.75561
-2.75561
-2.7556
-2.7556
-2.7556
-2.7556
-2.7556
-2.7556
-2.7556
-2.75561
-2.75561
-2.75562
-2.75563
-2.75564
-2.75564
-2.75565
-2.75565
-2.75565
-2.75565
-2.75565
-2.75565
-2.75565
-2.75564
-2.75564
-2.75563
-2.75562
-2.75561
-2.7556
-2.75559
-2.75558
-2.75557
-2.75556
-2.75555
-2.75555
-2.85396
-2.85396
-2.85396
-2.85396
-2.85396
-2.85396
-2.85396
-2.85396
-2.85396
-2.85396
-2.85396
-2.85396
-2.85396
-2.85396
-2.85396
-2.85396
-2.85396
-2.85396
-2.85396
-2.85396
-2.85396
-2.85396
-2.85397
-2.85398
-2.85399
-2.854
-2.85401
-2.85402
-2.85403
-2.85404
-2.85404
-2.85405
-2.85406
-2.85407
-2.85408
-2.85408
-2.85409
-2.8541
-2.8541
-2.85411
-2.85411
-2.85411
-2.85412
-2.85412
-2.85412
-2.85412
-2.85412
-2.85412
-2.85412
-2.85412
-2.85412
-2.85412
-2.85411
-2.85411
-2.8541
-2.8541
-2.85409
-2.85409
-2.85408
-2.85407
-2.85407
-2.85406
-2.85406
-2.85405
-2.85404
-2.85404
-2.85403
-2.85403
-2.85403
-2.85403
-2.85402
-2.85402
-2.85402
-2.85403
-2.85403
-2.85403
-2.85404
-2.85405
-2.85405
-2.85406
-2.85407
-2.85407
-2.85408
-2.85408
-2.85408
-2.85408
-2.85408
-2.85407
-2.85407
-2.85406
-2.85405
-2.85404
-2.85403
-2.85402
-2.85401
-2.854
-2.85399
-2.85398
-2.85398
-2.85397
-2.95238
-2.95238
-2.95238
-2.95238
-2.95238
-2.95238
-2.95238
-2.95238
-2.95238
-2.95238
-2.95238
-2.95238
-2.95238
-2.95238
-2.95237
-2.95237
-2.95237
-2.95237
-2.95237
-2.95237
-2.95237
-2.95237
-2.95237
-2.95238
-2.95239
-2.95241
-2.95242
-2.95243
-2.95244
-2.95245
-2.95246
-2.95247
-2.95248
-2.95249
-2.9525
-2.95251
-2.95251
-2.95252
-2.95252
-2.95253
-2.95253
-2.95254
-2.95254
-2.95255
-2.95255
-2.95255
-2.95255
-2.95255
-2.95255
-2.95255
-2.95255
-2.95254
-2.95254
-2.95253
-2.95253
-2.95252
-2.95252
-2.95251
-2.9525
-2.9525
-2.95249
-2.95249
-2.95248
-2.95247
-2.95247
-2.95246
-2.95246
-2.95246
-2.95245
-2.95245
-2.95245
-2.95245
-2.95245
-2.95245
-2.95245
-2.95246
-2.95247
-2.95247
-2.95248
-2.95249
-2.95249
-2.9525
-2.9525
-2.9525
-2.9525
-2.9525
-2.9525
-2.9525
-2.95249
-2.95248
-2.95247
-2.95246
-2.95245
-2.95244
-2.95243
-2.95243
-2.95242
-2.95241
-2.9524
-2.9524
-3.0508
-3.0508
-3.0508
-3.0508
-3.0508
-3.0508
-3.0508
-3.0508
-3.0508
-3.0508
-3.0508
-3.0508
-3.0508
-3.0508
-3.05079
-3.05079
-3.05079
-3.05079
-3.05079
-3.05078
-3.05078
-3.05078
-3.05079
-3.05079
-3.0508
-3.05082
-3.05083
-3.05084
-3.05086
-3.05087
-3.05088
-3.05089
-3.0509
-3.05091
-3.05092
-3.05093
-3.05094
-3.05094
-3.05095
-3.05095
-3.05096
-3.05096
-3.05097
-3.05097
-3.05097
-3.05097
-3.05098
-3.05098
-3.05097
-3.05097
-3.05097
-3.05097
-3.05096
-3.05096
-3.05095
-3.05095
-3.05094
-3.05093
-3.05093
-3.05092
-3.05092
-3.05091
-3.0509
-3.0509
-3.05089
-3.05089
-3.05088
-3.05088
-3.05088
-3.05087
-3.05087
-3.05087
-3.05087
-3.05087
-3.05088
-3.05088
-3.05089
-3.0509
-3.0509
-3.05091
-3.05091
-3.05092
-3.05092
-3.05093
-3.05093
-3.05093
-3.05092
-3.05092
-3.05091
-3.0509
-3.0509
-3.05089
-3.05088
-3.05087
-3.05086
-3.05085
-3.05084
-3.05083
-3.05083
-3.05083
-3.14922
-3.14922
-3.14922
-3.14922
-3.14922
-3.14922
-3.14922
-3.14922
-3.14922
-3.14922
-3.14922
-3.14922
-3.14922
-3.14922
-3.14921
-3.14921
-3.14921
-3.14921
-3.1492
-3.1492
-3.1492
-3.1492
-3.1492
-3.14921
-3.14922
-3.14923
-3.14924
-3.14926
-3.14927
-3.14929
-3.1493
-3.14931
-3.14932
-3.14933
-3.14934
-3.14935
-3.14936
-3.14937
-3.14937
-3.14938
-3.14938
-3.14939
-3.14939
-3.1494
-3.1494
-3.1494
-3.1494
-3.1494
-3.1494
-3.1494
-3.1494
-3.14939
-3.14939
-3.14938
-3.14938
-3.14937
-3.14936
-3.14936
-3.14935
-3.14934
-3.14934
-3.14933
-3.14932
-3.14932
-3.14931
-3.14931
-3.1493
-3.1493
-3.1493
-3.1493
-3.14929
-3.14929
-3.14929
-3.14929
-3.1493
-3.1493
-3.14931
-3.14932
-3.14932
-3.14933
-3.14934
-3.14934
-3.14935
-3.14935
-3.14935
-3.14935
-3.14934
-3.14934
-3.14933
-3.14933
-3.14932
-3.14931
-3.1493
-3.14929
-3.14928
-3.14927
-3.14926
-3.14925
-3.14925
-3.14925
-3.24764
-3.24764
-3.24764
-3.24764
-3.24764
-3.24764
-3.24765
-3.24765
-3.24765
-3.24765
-3.24764
-3.24764
-3.24764
-3.24764
-3.24763
-3.24763
-3.24763
-3.24762
-3.24762
-3.24762
-3.24761
-3.24762
-3.24762
-3.24763
-3.24763
-3.24765
-3.24766
-3.24768
-3.24769
-3.24771
-3.24772
-3.24773
-3.24774
-3.24775
-3.24776
-3.24777
-3.24778
-3.24779
-3.2478
-3.2478
-3.24781
-3.24781
-3.24782
-3.24782
-3.24782
-3.24782
-3.24782
-3.24782
-3.24782
-3.24782
-3.24782
-3.24782
-3.24781
-3.24781
-3.2478
-3.24779
-3.24779
-3.24778
-3.24777
-3.24777
-3.24776
-3.24775
-3.24775
-3.24774
-3.24774
-3.24773
-3.24773
-3.24772
-3.24772
-3.24772
-3.24771
-3.24771
-3.24771
-3.24771
-3.24772
-3.24772
-3.24773
-3.24774
-3.24774
-3.24775
-3.24776
-3.24776
-3.24777
-3.24777
-3.24777
-3.24777
-3.24777
-3.24776
-3.24775
-3.24775
-3.24774
-3.24773
-3.24772
-3.24771
-3.2477
-3.24769
-3.24768
-3.24767
-3.24767
-3.24767
-3.34606
-3.34606
-3.34606
-3.34606
-3.34607
-3.34607
-3.34607
-3.34607
-3.34607
-3.34607
-3.34607
-3.34607
-3.34606
-3.34606
-3.34606
-3.34605
-3.34605
-3.34604
-3.34604
-3.34604
-3.34603
-3.34603
-3.34604
-3.34604
-3.34605
-3.34606
-3.34608
-3.34609
-3.34611
-3.34612
-3.34614
-3.34615
-3.34616
-3.34617
-3.34619
-3.34619
-3.3462
-3.34621
-3.34622
-3.34622
-3.34623
-3.34624
-3.34624
-3.34624
-3.34625
-3.34625
-3.34625
-3.34625
-3.34625
-3.34625
-3.34624
-3.34624
-3.34623
-3.34623
-3.34622
-3.34622
-3.34621
-3.3462
-3.3462
-3.34619
-3.34618
-3.34617
-3.34617
-3.34616
-3.34616
-3.34615
-3.34615
-3.34614
-3.34614
-3.34614
-3.34613
-3.34613
-3.34613
-3.34613
-3.34613
-3.34614
-3.34615
-3.34615
-3.34616
-3.34617
-3.34618
-3.34618
-3.34619
-3.34619
-3.34619
-3.34619
-3.34619
-3.34618
-3.34617
-3.34616
-3.34615
-3.34614
-3.34613
-3.34612
-3.34611
-3.34611
-3.3461
-3.34609
-3.34609
-3.34608
-3.44448
-3.44448
-3.44449
-3.44449
-3.44449
-3.44449
-3.44449
-3.44449
-3.44449
-3.44449
-3.44449
-3.44449
-3.44448
-3.44448
-3.44448
-3.44447
-3.44447
-3.44446
-3.44446
-3.44446
-3.44446
-3.44445
-3.44446
-3.44446
-3.44447
-3.44448
-3.44449
-3.44451
-3.44452
-3.44454
-3.44455
-3.44457
-3.44458
-3.44459
-3.4446
-3.44461
-3.44462
-3.44463
-3.44464
-3.44465
-3.44465
-3.44466
-3.44466
-3.44467
-3.44467
-3.44467
-3.44467
-3.44467
-3.44467
-3.44467
-3.44467
-3.44466
-3.44466
-3.44465
-3.44464
-3.44464
-3.44463
-3.44462
-3.44462
-3.44461
-3.4446
-3.44459
-3.44459
-3.44458
-3.44457
-3.44457
-3.44457
-3.44456
-3.44456
-3.44455
-3.44455
-3.44454
-3.44454
-3.44454
-3.44455
-3.44456
-3.44456
-3.44457
-3.44458
-3.44459
-3.44459
-3.4446
-3.4446
-3.44461
-3.44461
-3.44461
-3.4446
-3.4446
-3.44459
-3.44458
-3.44457
-3.44456
-3.44455
-3.44454
-3.44453
-3.44452
-3.44451
-3.44451
-3.4445
-3.4445
-3.54291
-3.54291
-3.54291
-3.54291
-3.54291
-3.54291
-3.54291
-3.54291
-3.54291
-3.54291
-3.54291
-3.54291
-3.54291
-3.5429
-3.5429
-3.54289
-3.54289
-3.54289
-3.54288
-3.54288
-3.54288
-3.54288
-3.54288
-3.54288
-3.54289
-3.5429
-3.54291
-3.54292
-3.54294
-3.54295
-3.54297
-3.54298
-3.543
-3.54301
-3.54302
-3.54303
-3.54304
-3.54305
-3.54306
-3.54307
-3.54307
-3.54308
-3.54308
-3.54309
-3.54309
-3.54309
-3.54309
-3.54309
-3.54309
-3.54309
-3.54309
-3.54308
-3.54308
-3.54307
-3.54307
-3.54306
-3.54305
-3.54304
-3.54304
-3.54303
-3.54302
-3.54301
-3.54301
-3.543
-3.54299
-3.54299
-3.54298
-3.54298
-3.54298
-3.54297
-3.54296
-3.54296
-3.54295
-3.54296
-3.54296
-3.54297
-3.54298
-3.54298
-3.54299
-3.543
-3.54301
-3.54302
-3.54302
-3.54302
-3.54303
-3.54302
-3.54302
-3.54301
-3.54301
-3.543
-3.54299
-3.54297
-3.54296
-3.54295
-3.54294
-3.54293
-3.54292
-3.54292
-3.54291
-3.54291
-3.64133
-3.64133
-3.64133
-3.64133
-3.64133
-3.64133
-3.64133
-3.64134
-3.64134
-3.64133
-3.64133
-3.64133
-3.64133
-3.64132
-3.64132
-3.64132
-3.64131
-3.64131
-3.6413
-3.6413
-3.6413
-3.64129
-3.64129
-3.6413
-3.6413
-3.64131
-3.64132
-3.64134
-3.64135
-3.64137
-3.64138
-3.6414
-3.64141
-3.64143
-3.64144
-3.64145
-3.64146
-3.64147
-3.64148
-3.64149
-3.6415
-3.6415
-3.64151
-3.64151
-3.64151
-3.64151
-3.64152
-3.64152
-3.64151
-3.64151
-3.64151
-3.6415
-3.6415
-3.64149
-3.64149
-3.64148
-3.64147
-3.64146
-3.64145
-3.64145
-3.64144
-3.64143
-3.64142
-3.64142
-3.64141
-3.6414
-3.6414
-3.6414
-3.64139
-3.64138
-3.64137
-3.64136
-3.64136
-3.64137
-3.64137
-3.64138
-3.64139
-3.64139
-3.6414
-3.64141
-3.64142
-3.64143
-3.64144
-3.64144
-3.64144
-3.64144
-3.64143
-3.64143
-3.64142
-3.64141
-3.6414
-3.64139
-3.64137
-3.64136
-3.64135
-3.64134
-3.64133
-3.64133
-3.64132
-3.64132
-3.73975
-3.73975
-3.73975
-3.73975
-3.73975
-3.73975
-3.73976
-3.73976
-3.73976
-3.73976
-3.73975
-3.73975
-3.73975
-3.73975
-3.73974
-3.73974
-3.73973
-3.73973
-3.73972
-3.73972
-3.73972
-3.73971
-3.73971
-3.73971
-3.73972
-3.73972
-3.73973
-3.73975
-3.73976
-3.73978
-3.73979
-3.73981
-3.73983
-3.73984
-3.73986
-3.73987
-3.73988
-3.73989
-3.7399
-3.73991
-3.73992
-3.73992
-3.73993
-3.73993
-3.73993
-3.73994
-3.73994
-3.73994
-3.73993
-3.73993
-3.73993
-3.73992
-3.73992
-3.73991
-3.73991
-3.7399
-3.73989
-3.73988
-3.73987
-3.73986
-3.73986
-3.73985
-3.73984
-3.73983
-3.73983
-3.73982
-3.73981
-3.73981
-3.7398
-3.73979
-3.73978
-3.73977
-3.73977
-3.73977
-3.73978
-3.73978
-3.73979
-3.7398
-3.73981
-3.73982
-3.73983
-3.73984
-3.73985
-3.73985
-3.73985
-3.73985
-3.73985
-3.73984
-3.73983
-3.73982
-3.73981
-3.7398
-3.73978
-3.73977
-3.73976
-3.73975
-3.73974
-3.73973
-3.73973
-3.73973
-3.83816
-3.83816
-3.83817
-3.83817
-3.83817
-3.83817
-3.83817
-3.83818
-3.83818
-3.83818
-3.83817
-3.83817
-3.83817
-3.83816
-3.83816
-3.83816
-3.83815
-3.83815
-3.83814
-3.83814
-3.83813
-3.83813
-3.83813
-3.83813
-3.83813
-3.83813
-3.83814
-3.83816
-3.83817
-3.83819
-3.8382
-3.83822
-3.83824
-3.83826
-3.83827
-3.83828
-3.8383
-3.83831
-3.83832
-3.83833
-3.83833
-3.83834
-3.83835
-3.83835
-3.83835
-3.83836
-3.83836
-3.83836
-3.83835
-3.83835
-3.83835
-3.83834
-3.83834
-3.83833
-3.83832
-3.83832
-3.83831
-3.8383
-3.83829
-3.83828
-3.83827
-3.83826
-3.83825
-3.83825
-3.83824
-3.83823
-3.83823
-3.83822
-3.8382
-3.83819
-3.83818
-3.83817
-3.83817
-3.83817
-3.83818
-3.83819
-3.8382
-3.83821
-3.83822
-3.83823
-3.83824
-3.83825
-3.83826
-3.83826
-3.83826
-3.83826
-3.83826
-3.83825
-3.83824
-3.83823
-3.83822
-3.8382
-3.83819
-3.83818
-3.83817
-3.83816
-3.83815
-3.83814
-3.83813
-3.83813
-3.93658
-3.93658
-3.93658
-3.93658
-3.93659
-3.93659
-3.93659
-3.93659
-3.93659
-3.93659
-3.93659
-3.93659
-3.93659
-3.93658
-3.93658
-3.93657
-3.93657
-3.93657
-3.93656
-3.93656
-3.93655
-3.93655
-3.93654
-3.93654
-3.93654
-3.93654
-3.93655
-3.93656
-3.93658
-3.93659
-3.93661
-3.93663
-3.93665
-3.93667
-3.93668
-3.9367
-3.93671
-3.93672
-3.93674
-3.93674
-3.93675
-3.93676
-3.93677
-3.93677
-3.93677
-3.93678
-3.93678
-3.93678
-3.93677
-3.93677
-3.93677
-3.93676
-3.93676
-3.93675
-3.93674
-3.93674
-3.93673
-3.93672
-3.93671
-3.9367
-3.93669
-3.93668
-3.93667
-3.93666
-3.93665
-3.93664
-3.93663
-3.93662
-3.93661
-3.93659
-3.93658
-3.93657
-3.93657
-3.93657
-3.93658
-3.93659
-3.9366
-3.93661
-3.93663
-3.93664
-3.93665
-3.93666
-3.93667
-3.93667
-3.93667
-3.93667
-3.93666
-3.93666
-3.93665
-3.93664
-3.93662
-3.93661
-3.9366
-3.93658
-3.93657
-3.93656
-3.93655
-3.93654
-3.93654
-3.93653
-4.03499
-4.03499
-4.035
-4.035
-4.035
-4.03501
-4.03501
-4.03501
-4.03501
-4.03501
-4.03501
-4.03501
-4.03501
-4.035
-4.035
-4.03499
-4.03499
-4.03498
-4.03498
-4.03497
-4.03496
-4.03496
-4.03495
-4.03495
-4.03495
-4.03495
-4.03495
-4.03496
-4.03498
-4.03499
-4.03501
-4.03503
-4.03505
-4.03507
-4.03509
-4.03511
-4.03512
-4.03514
-4.03515
-4.03516
-4.03517
-4.03518
-4.03518
-4.03519
-4.03519
-4.03519
-4.0352
-4.0352
-4.03519
-4.03519
-4.03519
-4.03518
-4.03518
-4.03517
-4.03516
-4.03515
-4.03514
-4.03513
-4.03512
-4.03511
-4.0351
-4.03509
-4.03508
-4.03507
-4.03506
-4.03505
-4.03504
-4.03502
-4.035
-4.03498
-4.03497
-4.03497
-4.03497
-4.03497
-4.03498
-4.03499
-4.035
-4.03502
-4.03503
-4.03504
-4.03505
-4.03506
-4.03507
-4.03508
-4.03508
-4.03508
-4.03507
-4.03506
-4.03505
-4.03504
-4.03503
-4.03502
-4.035
-4.03499
-4.03497
-4.03496
-4.03495
-4.03494
-4.03494
-4.03493
-4.13341
-4.13341
-4.13341
-4.13341
-4.13342
-4.13342
-4.13342
-4.13343
-4.13343
-4.13343
-4.13343
-4.13342
-4.13342
-4.13342
-4.13341
-4.13341
-4.1334
-4.1334
-4.13339
-4.13339
-4.13338
-4.13337
-4.13336
-4.13336
-4.13335
-4.13335
-4.13335
-4.13336
-4.13338
-4.13339
-4.13341
-4.13343
-4.13346
-4.13348
-4.1335
-4.13352
-4.13354
-4.13355
-4.13356
-4.13358
-4.13359
-4.1336
-4.1336
-4.13361
-4.13361
-4.13361
-4.13362
-4.13361
-4.13361
-4.13361
-4.13361
-4.1336
-4.1336
-4.13359
-4.13358
-4.13357
-4.13356
-4.13355
-4.13354
-4.13353
-4.13352
-4.1335
-4.13349
-4.13348
-4.13347
-4.13345
-4.13343
-4.13341
-4.13339
-4.13337
-4.13336
-4.13336
-4.13336
-4.13337
-4.13338
-4.13339
-4.1334
-4.13342
-4.13343
-4.13345
-4.13346
-4.13347
-4.13348
-4.13348
-4.13348
-4.13348
-4.13348
-4.13347
-4.13346
-4.13345
-4.13343
-4.13342
-4.1334
-4.13339
-4.13338
-4.13336
-4.13335
-4.13334
-4.13333
-4.13333
-4.23181
-4.23182
-4.23182
-4.23182
-4.23183
-4.23183
-4.23184
-4.23184
-4.23184
-4.23184
-4.23184
-4.23184
-4.23184
-4.23183
-4.23183
-4.23182
-4.23182
-4.23181
-4.23181
-4.2318
-4.23179
-4.23178
-4.23177
-4.23176
-4.23175
-4.23175
-4.23175
-4.23176
-4.23177
-4.23179
-4.23181
-4.23183
-4.23186
-4.23188
-4.2319
-4.23192
-4.23194
-4.23196
-4.23198
-4.23199
-4.232
-4.23201
-4.23202
-4.23202
-4.23203
-4.23203
-4.23203
-4.23203
-4.23203
-4.23203
-4.23203
-4.23202
-4.23201
-4.23201
-4.232
-4.23199
-4.23198
-4.23197
-4.23195
-4.23194
-4.23193
-4.23191
-4.2319
-4.23188
-4.23186
-4.23184
-4.23182
-4.23179
-4.23177
-4.23175
-4.23174
-4.23174
-4.23175
-4.23176
-4.23177
-4.23179
-4.2318
-4.23182
-4.23183
-4.23185
-4.23186
-4.23187
-4.23188
-4.23189
-4.23189
-4.23189
-4.23188
-4.23187
-4.23186
-4.23185
-4.23184
-4.23182
-4.23181
-4.23179
-4.23178
-4.23176
-4.23175
-4.23174
-4.23173
-4.23173
-4.33022
-4.33022
-4.33023
-4.33023
-4.33024
-4.33025
-4.33025
-4.33025
-4.33026
-4.33026
-4.33026
-4.33026
-4.33025
-4.33025
-4.33025
-4.33024
-4.33023
-4.33023
-4.33022
-4.33021
-4.3302
-4.33019
-4.33018
-4.33016
-4.33015
-4.33015
-4.33015
-4.33015
-4.33017
-4.33018
-4.3302
-4.33023
-4.33025
-4.33028
-4.3303
-4.33033
-4.33035
-4.33037
-4.33038
-4.3304
-4.33041
-4.33042
-4.33043
-4.33044
-4.33044
-4.33045
-4.33045
-4.33045
-4.33045
-4.33045
-4.33044
-4.33044
-4.33043
-4.33042
-4.33041
-4.3304
-4.33039
-4.33038
-4.33037
-4.33035
-4.33034
-4.33032
-4.3303
-4.33028
-4.33026
-4.33023
-4.3302
-4.33017
-4.33014
-4.33013
-4.33012
-4.33013
-4.33014
-4.33015
-4.33017
-4.33018
-4.3302
-4.33022
-4.33024
-4.33025
-4.33027
-4.33028
-4.33029
-4.33029
-4.33029
-4.33029
-4.33029
-4.33028
-4.33027
-4.33025
-4.33024
-4.33022
-4.33021
-4.33019
-4.33018
-4.33016
-4.33015
-4.33014
-4.33013
-4.33012
-4.42862
-4.42863
-4.42863
-4.42864
-4.42865
-4.42866
-4.42866
-4.42867
-4.42867
-4.42867
-4.42867
-4.42867
-4.42867
-4.42867
-4.42866
-4.42866
-4.42865
-4.42864
-4.42863
-4.42862
-4.42861
-4.4286
-4.42858
-4.42857
-4.42855
-4.42854
-4.42854
-4.42854
-4.42856
-4.42857
-4.4286
-4.42862
-4.42865
-4.42867
-4.4287
-4.42873
-4.42875
-4.42877
-4.42879
-4.42881
-4.42882
-4.42883
-4.42884
-4.42885
-4.42886
-4.42886
-4.42886
-4.42887
-4.42886
-4.42886
-4.42886
-4.42885
-4.42885
-4.42884
-4.42883
-4.42882
-4.4288
-4.42879
-4.42878
-4.42876
-4.42874
-4.42872
-4.4287
-4.42867
-4.42864
-4.42861
-4.42857
-4.42854
-4.42851
-4.4285
-4.4285
-4.42851
-4.42853
-4.42854
-4.42856
-4.42858
-4.4286
-4.42862
-4.42864
-4.42865
-4.42867
-4.42868
-4.42869
-4.42869
-4.4287
-4.42869
-4.42869
-4.42868
-4.42867
-4.42866
-4.42864
-4.42863
-4.42861
-4.42859
-4.42858
-4.42856
-4.42855
-4.42853
-4.42852
-4.42851
-4.52701
-4.52702
-4.52703
-4.52705
-4.52706
-4.52707
-4.52708
-4.52708
-4.52709
-4.52709
-4.52709
-4.52709
-4.52709
-4.52708
-4.52708
-4.52707
-4.52706
-4.52705
-4.52704
-4.52703
-4.52702
-4.527
-4.52699
-4.52697
-4.52695
-4.52694
-4.52693
-4.52694
-4.52695
-4.52697
-4.52699
-4.52701
-4.52704
-4.52707
-4.5271
-4.52712
-4.52715
-4.52717
-4.52719
-4.52721
-4.52723
-4.52724
-4.52725
-4.52726
-4.52727
-4.52727
-4.52728
-4.52728
-4.52728
-4.52728
-4.52727
-4.52727
-4.52726
-4.52725
-4.52724
-4.52723
-4.52722
-4.5272
-4.52718
-4.52716
-4.52714
-4.52712
-4.52709
-4.52706
-4.52702
-4.52698
-4.52694
-4.5269
-4.52688
-4.52687
-4.52687
-4.52689
-4.52691
-4.52694
-4.52696
-4.52698
-4.527
-4.52702
-4.52704
-4.52706
-4.52707
-4.52709
-4.52709
-4.5271
-4.5271
-4.5271
-4.52709
-4.52709
-4.52708
-4.52706
-4.52705
-4.52703
-4.52701
-4.527
-4.52698
-4.52696
-4.52694
-4.52693
-4.52692
-4.52691
-4.62538
-4.62541
-4.62543
-4.62545
-4.62547
-4.62548
-4.62549
-4.62549
-4.6255
-4.6255
-4.6255
-4.6255
-4.6255
-4.6255
-4.62549
-4.62548
-4.62548
-4.62547
-4.62545
-4.62544
-4.62543
-4.62541
-4.62539
-4.62537
-4.62535
-4.62534
-4.62533
-4.62533
-4.62534
-4.62536
-4.62538
-4.62541
-4.62543
-4.62546
-4.62549
-4.62552
-4.62555
-4.62557
-4.6256
-4.62562
-4.62563
-4.62565
-4.62566
-4.62567
-4.62568
-4.62568
-4.62569
-4.62569
-4.62569
-4.62569
-4.62568
-4.62568
-4.62567
-4.62566
-4.62565
-4.62564
-4.62562
-4.62561
-4.62559
-4.62556
-4.62554
-4.62551
-4.62548
-4.62544
-4.6254
-4.62535
-4.62531
-4.62527
-4.62524
-4.62524
-4.62525
-4.62527
-4.6253
-4.62533
-4.62535
-4.62538
-4.6254
-4.62543
-4.62545
-4.62546
-4.62548
-4.62549
-4.6255
-4.62551
-4.62551
-4.62551
-4.6255
-4.62549
-4.62548
-4.62547
-4.62545
-4.62544
-4.62542
-4.6254
-4.62538
-4.62536
-4.62535
-4.62533
-4.62532
-4.62531
-4.72375
-4.72378
-4.72382
-4.72385
-4.72387
-4.72389
-4.7239
-4.72391
-4.72391
-4.72392
-4.72392
-4.72392
-4.72391
-4.72391
-4.7239
-4.7239
-4.72389
-4.72388
-4.72386
-4.72385
-4.72383
-4.72381
-4.72379
-4.72377
-4.72376
-4.72374
-4.72373
-4.72374
-4.72375
-4.72376
-4.72378
-4.72381
-4.72383
-4.72386
-4.72389
-4.72392
-4.72395
-4.72397
-4.724
-4.72402
-4.72404
-4.72405
-4.72407
-4.72408
-4.72409
-4.72409
-4.7241
-4.7241
-4.7241
-4.7241
-4.72409
-4.72409
-4.72408
-4.72407
-4.72406
-4.72405
-4.72403
-4.72401
-4.72399
-4.72397
-4.72394
-4.72391
-4.72387
-4.72383
-4.72378
-4.72373
-4.72368
-4.72364
-4.72361
-4.72361
-4.72362
-4.72365
-4.72368
-4.72372
-4.72375
-4.72378
-4.72381
-4.72383
-4.72385
-4.72387
-4.72389
-4.7239
-4.72391
-4.72391
-4.72392
-4.72391
-4.72391
-4.7239
-4.72389
-4.72388
-4.72386
-4.72384
-4.72382
-4.72381
-4.72379
-4.72377
-4.72375
-4.72373
-4.72372
-4.72371
-4.82211
-4.82214
-4.82219
-4.82224
-4.82227
-4.82229
-4.8223
-4.82232
-4.82232
-4.82233
-4.82233
-4.82233
-4.82233
-4.82232
-4.82232
-4.82231
-4.8223
-4.82229
-4.82227
-4.82226
-4.82224
-4.82222
-4.8222
-4.82219
-4.82217
-4.82216
-4.82215
-4.82215
-4.82216
-4.82217
-4.82219
-4.82222
-4.82224
-4.82227
-4.8223
-4.82233
-4.82236
-4.82238
-4.82241
-4.82243
-4.82245
-4.82246
-4.82248
-4.82249
-4.82249
-4.8225
-4.82251
-4.82251
-4.82251
-4.82251
-4.8225
-4.8225
-4.82249
-4.82248
-4.82247
-4.82245
-4.82244
-4.82242
-4.8224
-4.82237
-4.82234
-4.82231
-4.82227
-4.82222
-4.82217
-4.82212
-4.82206
-4.82202
-4.82199
-4.82198
-4.82199
-4.82203
-4.82207
-4.82211
-4.82215
-4.82218
-4.82221
-4.82224
-4.82226
-4.82228
-4.8223
-4.82231
-4.82232
-4.82232
-4.82232
-4.82232
-4.82232
-4.82231
-4.8223
-4.82228
-4.82227
-4.82225
-4.82223
-4.82222
-4.8222
-4.82218
-4.82216
-4.82215
-4.82213
-4.82212
)
;

boundaryField
{
    floor
    {
        type            calculated;
        value           nonuniform List<scalar> 
100
(
0.0491916
0.0492138
0.0492142
0.0492143
0.0492189
0.0492143
0.0492153
0.04923
0.0492483
0.0492576
0.0492562
0.0492493
0.0492488
0.0492633
0.0492794
0.049265
0.0492643
0.0492629
0.0492618
0.0492613
0.0492613
0.0492621
0.0492635
0.0492657
0.0492686
0.0492721
0.0492761
0.0492797
0.0492822
0.0492834
0.0492833
0.0492819
0.0492794
0.0492759
0.0492715
0.0492665
0.0492608
0.0492547
0.0492481
0.0492412
0.0492339
0.0492264
0.0492187
0.049211
0.0492035
0.0491964
0.04919
0.0491848
0.0491804
0.0491764
0.0491715
0.0491641
0.0491529
0.04914
0.0491322
0.0491366
0.0491497
0.0491409
0.0491139
0.0490953
0.0490879
0.0490947
0.0491105
0.0491278
0.0491473
0.0491628
0.0491735
0.0491823
0.0491911
0.0492005
0.0492106
0.0492208
0.0492304
0.049238
0.0492423
0.049243
0.049241
0.0492367
0.0492305
0.0492226
0.0492133
0.049203
0.049192
0.0491807
0.0491695
0.0491588
0.0491489
0.0491403
0.0491329
0.0491269
0.0491223
0.049119
0.0491166
0.0491149
0.0491135
0.0491121
0.0491107
0.0491106
0.0491147
0.0491281
)
;
    }
    ceiling
    {
        type            calculated;
        value           nonuniform List<scalar> 
100
(
-4.87131
-4.87135
-4.8714
-4.87145
-4.87148
-4.8715
-4.87151
-4.87152
-4.87153
-4.87153
-4.87153
-4.87153
-4.87153
-4.87153
-4.87152
-4.87151
-4.87151
-4.87149
-4.87148
-4.87147
-4.87145
-4.87143
-4.87141
-4.87139
-4.87138
-4.87136
-4.87136
-4.87136
-4.87137
-4.87138
-4.8714
-4.87142
-4.87145
-4.87148
-4.87151
-4.87154
-4.87156
-4.87159
-4.87161
-4.87163
-4.87165
-4.87167
-4.87168
-4.87169
-4.8717
-4.87171
-4.87171
-4.87171
-4.87171
-4.87171
-4.87171
-4.8717
-4.87169
-4.87168
-4.87167
-4.87166
-4.87164
-4.87162
-4.8716
-4.87158
-4.87155
-4.87151
-4.87147
-4.87143
-4.87138
-4.87132
-4.87127
-4.87122
-4.87119
-4.87119
-4.8712
-4.87123
-4.87128
-4.87132
-4.87136
-4.87139
-4.87142
-4.87144
-4.87147
-4.87149
-4.8715
-4.87151
-4.87152
-4.87153
-4.87153
-4.87153
-4.87152
-4.87152
-4.8715
-4.87149
-4.87148
-4.87146
-4.87144
-4.87142
-4.8714
-4.87139
-4.87137
-4.87135
-4.87134
-4.87133
)
;
    }
    fixedWalls
    {
        type            calculated;
        value           nonuniform List<scalar> 
100
(
6.93889e-18
-0.0983965
-0.196792
-0.295192
-0.393591
-0.491987
-0.590384
-0.688784
-0.787189
-0.885601
-0.984017
-1.08244
-1.18086
-1.27927
-1.37769
-1.47611
-1.57453
-1.67295
-1.77137
-1.86979
-1.9682
-2.06662
-2.16504
-2.26345
-2.36187
-2.46029
-2.5587
-2.65712
-2.75554
-2.85396
-2.95238
-3.0508
-3.14922
-3.24764
-3.34606
-3.44448
-3.54291
-3.64133
-3.73975
-3.83816
-3.93658
-4.03499
-4.13341
-4.23181
-4.33022
-4.42862
-4.52701
-4.62538
-4.72375
-4.82211
-3.11638e-05
-0.0983893
-0.196796
-0.29522
-0.393647
-0.492074
-0.590501
-0.688927
-0.787352
-0.885776
-0.984196
-1.08261
-1.18101
-1.2794
-1.37778
-1.47614
-1.5745
-1.67288
-1.77127
-1.86968
-1.9681
-2.06652
-2.16495
-2.26339
-2.36182
-2.46025
-2.55868
-2.65712
-2.75555
-2.85397
-2.9524
-3.05083
-3.14925
-3.24767
-3.34608
-3.4445
-3.54291
-3.64132
-3.73973
-3.83813
-3.93653
-4.03493
-4.13333
-4.23173
-4.33012
-4.42851
-4.52691
-4.62531
-4.72371
-4.82212
)
;
    }
    frontAndBack
    {
        type            empty;
    }
}


// ************************************************************************* //
