/*--------------------------------*- C++ -*----------------------------------*\
| =========                 |                                                 |
| \\      /  F ield         | OpenFOAM: The Open Source CFD Toolbox           |
|  \\    /   O peration     | Version:  4.1                                   |
|   \\  /    A nd           | Web:      www.OpenFOAM.org                      |
|    \\/     M anipulation  |                                                 |
\*---------------------------------------------------------------------------*/
FoamFile
{
    version     2.0;
    format      ascii;
    class       volScalarField;
    location    "1200";
    object      p_rgh;
}
// * * * * * * * * * * * * * * * * * * * * * * * * * * * * * * * * * * * * * //

dimensions      [0 2 -2 0 0 0 0];

internalField   nonuniform List<scalar> 
5000
(
0.0491928
0.0491814
0.0491711
0.0491612
0.0491518
0.049143
0.049135
0.0491278
0.0491218
0.0491172
0.0491139
0.0491123
0.0491125
0.0491145
0.0491185
0.0491243
0.0491318
0.0491409
0.0491513
0.0491626
0.0491743
0.049186
0.0491971
0.0492072
0.0492158
0.0492227
0.0492276
0.0492306
0.0492316
0.0492312
0.04923
0.0492271
0.0492218
0.0492148
0.0492064
0.049197
0.0491868
0.049176
0.0491646
0.0491527
0.0491403
0.0491277
0.0491148
0.0491018
0.0490888
0.0490757
0.0490629
0.0490502
0.0490379
0.0490259
0.0490144
0.0490035
0.0489931
0.0489833
0.0489742
0.0489658
0.0489581
0.0489511
0.0489448
0.0489392
0.0489345
0.0489304
0.0489271
0.0489244
0.0489223
0.0489209
0.04892
0.0489197
0.04892
0.0489207
0.0489219
0.0489236
0.0489257
0.0489283
0.0489312
0.0489345
0.0489382
0.0489421
0.0489464
0.0489509
0.0489556
0.0489605
0.0489656
0.0489707
0.048976
0.0489812
0.0489865
0.0489917
0.0489968
0.0490017
0.0490063
0.0490103
0.0490137
0.0490181
0.0490297
0.0490485
0.0490529
0.0490639
0.0490699
0.0490565
0.049195
0.0492008
0.0492007
0.0491956
0.0491886
0.049181
0.0491735
0.0491665
0.0491602
0.0491549
0.0491507
0.0491479
0.0491465
0.0491467
0.0491487
0.0491528
0.0491589
0.0491666
0.0491758
0.0491861
0.0491969
0.0492078
0.0492182
0.0492276
0.0492356
0.049242
0.0492463
0.0492486
0.0492489
0.0492481
0.049246
0.0492424
0.0492372
0.0492305
0.0492228
0.049214
0.0492044
0.0491942
0.0491833
0.049172
0.0491602
0.0491482
0.0491359
0.0491236
0.0491112
0.0490988
0.0490867
0.0490748
0.0490633
0.0490523
0.0490417
0.0490318
0.0490225
0.049014
0.0490061
0.0489991
0.0489928
0.0489874
0.0489826
0.0489786
0.0489751
0.0489723
0.0489701
0.0489685
0.0489675
0.048967
0.0489671
0.0489676
0.0489687
0.0489702
0.0489723
0.0489747
0.0489776
0.0489809
0.0489847
0.0489888
0.0489932
0.048998
0.0490031
0.0490085
0.0490141
0.04902
0.049026
0.0490321
0.0490383
0.0490445
0.0490507
0.049057
0.0490632
0.0490693
0.049075
0.0490779
0.0490726
0.0490559
0.049039
0.0490332
0.0490497
0.0490773
0.0490866
0.0490597
0.049174
0.0492025
0.0492125
0.0492096
0.0492019
0.0491923
0.0491823
0.0491726
0.0491638
0.0491563
0.0491503
0.049146
0.0491436
0.0491433
0.0491452
0.0491491
0.049155
0.0491627
0.0491718
0.049182
0.0491929
0.0492037
0.0492141
0.0492234
0.0492314
0.0492374
0.0492414
0.0492431
0.0492434
0.0492426
0.0492404
0.0492366
0.0492314
0.0492249
0.0492174
0.0492088
0.0491994
0.0491894
0.0491787
0.0491675
0.0491559
0.0491439
0.0491318
0.0491195
0.0491072
0.049095
0.0490829
0.0490712
0.0490597
0.0490488
0.0490383
0.0490285
0.0490192
0.0490107
0.049003
0.048996
0.0489898
0.0489844
0.0489799
0.0489762
0.0489733
0.0489712
0.0489699
0.0489693
0.0489693
0.04897
0.0489713
0.0489732
0.0489756
0.0489785
0.0489819
0.0489857
0.0489899
0.0489945
0.0489995
0.0490049
0.0490105
0.0490165
0.0490227
0.0490291
0.0490358
0.0490427
0.0490498
0.0490569
0.0490642
0.0490714
0.0490787
0.0490859
0.0490931
0.0491
0.0491062
0.0491097
0.0491047
0.0490832
0.0490519
0.049032
0.0490368
0.0490563
0.0490879
0.0490689
0.0491389
0.049192
0.0492118
0.0492111
0.0492027
0.0491918
0.0491804
0.0491697
0.0491601
0.0491519
0.0491455
0.049141
0.0491384
0.0491379
0.0491394
0.0491431
0.0491488
0.0491563
0.0491654
0.0491757
0.0491866
0.0491975
0.0492079
0.0492172
0.049225
0.0492308
0.0492343
0.0492357
0.0492359
0.0492351
0.0492327
0.0492288
0.0492236
0.0492173
0.0492099
0.0492015
0.0491924
0.0491825
0.049172
0.049161
0.0491496
0.0491379
0.0491259
0.0491138
0.0491017
0.0490896
0.0490777
0.0490661
0.0490548
0.0490439
0.0490336
0.0490238
0.0490147
0.0490063
0.0489986
0.0489916
0.0489855
0.0489801
0.0489756
0.0489719
0.0489691
0.048967
0.0489657
0.0489652
0.0489654
0.0489663
0.0489678
0.04897
0.0489728
0.0489761
0.0489799
0.0489842
0.048989
0.0489942
0.0489998
0.0490057
0.049012
0.0490187
0.0490256
0.0490327
0.0490401
0.0490478
0.0490556
0.0490636
0.0490717
0.0490799
0.0490882
0.0490964
0.0491045
0.0491124
0.0491196
0.0491244
0.0491219
0.0491028
0.0490682
0.0490394
0.0490352
0.0490524
0.0490829
0.0490838
0.0490995
0.0491758
0.0492044
0.0492056
0.0491973
0.0491861
0.0491745
0.0491637
0.049154
0.0491458
0.0491393
0.0491345
0.0491316
0.0491307
0.0491318
0.0491351
0.0491405
0.0491478
0.0491569
0.0491672
0.0491782
0.0491893
0.0491999
0.0492093
0.049217
0.0492224
0.0492254
0.0492265
0.0492269
0.0492258
0.0492233
0.0492194
0.0492143
0.0492081
0.0492009
0.0491928
0.049184
0.0491744
0.0491643
0.0491536
0.0491425
0.049131
0.0491193
0.0491075
0.0490956
0.0490837
0.0490721
0.0490606
0.0490495
0.0490388
0.0490287
0.049019
0.04901
0.0490017
0.0489941
0.0489872
0.0489811
0.0489758
0.0489713
0.0489676
0.0489647
0.0489626
0.0489612
0.0489607
0.0489608
0.0489617
0.0489632
0.0489653
0.0489681
0.0489715
0.0489754
0.0489798
0.0489847
0.0489901
0.0489959
0.0490021
0.0490086
0.0490155
0.0490228
0.0490303
0.0490381
0.0490462
0.0490545
0.049063
0.0490716
0.0490805
0.0490894
0.0490983
0.0491073
0.049116
0.0491241
0.0491302
0.0491303
0.0491156
0.0490827
0.0490487
0.0490359
0.0490486
0.049078
0.0490917
0.0490598
0.0491573
0.0491934
0.0491964
0.0491886
0.0491777
0.0491665
0.0491559
0.0491464
0.0491382
0.0491315
0.0491264
0.049123
0.0491214
0.0491219
0.0491247
0.0491297
0.0491368
0.0491459
0.0491564
0.0491677
0.0491791
0.04919
0.0491996
0.0492073
0.0492125
0.049215
0.049216
0.0492164
0.0492151
0.0492125
0.0492086
0.0492036
0.0491977
0.0491908
0.0491831
0.0491747
0.0491655
0.0491558
0.0491455
0.0491348
0.0491238
0.0491124
0.0491009
0.0490894
0.0490778
0.0490665
0.0490553
0.0490444
0.049034
0.049024
0.0490146
0.0490057
0.0489975
0.04899
0.0489832
0.0489772
0.0489719
0.0489673
0.0489636
0.0489606
0.0489585
0.048957
0.0489564
0.0489564
0.0489571
0.0489585
0.0489606
0.0489632
0.0489665
0.0489703
0.0489747
0.0489796
0.048985
0.0489908
0.048997
0.0490037
0.0490107
0.049018
0.0490257
0.0490337
0.049042
0.0490505
0.0490593
0.0490683
0.0490775
0.0490869
0.0490963
0.0491057
0.049115
0.0491238
0.049131
0.0491332
0.0491225
0.0490927
0.0490555
0.0490343
0.04904
0.0490681
0.0490886
0.0490206
0.0491376
0.0491804
0.049185
0.0491779
0.0491676
0.0491569
0.0491468
0.0491375
0.0491292
0.0491221
0.0491165
0.0491124
0.04911
0.0491098
0.0491118
0.0491164
0.0491233
0.0491324
0.0491431
0.0491549
0.0491669
0.0491783
0.0491883
0.0491962
0.0492012
0.0492034
0.0492043
0.0492046
0.0492032
0.0492005
0.0491968
0.0491921
0.0491865
0.04918
0.0491728
0.0491649
0.0491563
0.0491471
0.0491374
0.0491272
0.0491167
0.0491058
0.0490947
0.0490836
0.0490724
0.0490614
0.0490505
0.04904
0.0490298
0.0490201
0.0490109
0.0490022
0.0489942
0.0489868
0.0489801
0.0489741
0.0489689
0.0489644
0.0489606
0.0489576
0.0489553
0.0489537
0.0489529
0.0489527
0.0489533
0.0489545
0.0489563
0.0489588
0.0489619
0.0489656
0.0489698
0.0489745
0.0489798
0.0489855
0.0489917
0.0489983
0.0490053
0.0490127
0.0490204
0.0490284
0.0490368
0.0490454
0.0490544
0.0490635
0.0490729
0.0490825
0.0490921
0.0491019
0.0491115
0.0491207
0.0491286
0.0491323
0.0491246
0.0490976
0.0490582
0.0490287
0.0490254
0.0490496
0.0490752
0.0489821
0.0491173
0.0491662
0.0491723
0.049166
0.0491565
0.0491464
0.0491366
0.0491273
0.0491189
0.0491113
0.0491048
0.0490998
0.0490965
0.0490952
0.0490964
0.0491004
0.0491071
0.0491162
0.0491274
0.0491399
0.0491528
0.049165
0.0491756
0.0491838
0.0491888
0.0491909
0.0491917
0.0491917
0.0491903
0.0491877
0.0491842
0.0491799
0.0491748
0.0491689
0.0491623
0.0491551
0.0491472
0.0491387
0.0491296
0.04912
0.04911
0.0490997
0.0490891
0.0490784
0.0490677
0.0490571
0.0490466
0.0490363
0.0490265
0.049017
0.0490081
0.0489997
0.0489918
0.0489846
0.0489781
0.0489722
0.048967
0.0489626
0.0489588
0.0489557
0.0489533
0.0489516
0.0489506
0.0489502
0.0489505
0.0489514
0.048953
0.0489552
0.048958
0.0489614
0.0489654
0.0489699
0.048975
0.0489805
0.0489865
0.048993
0.0489999
0.0490071
0.0490148
0.0490228
0.0490311
0.0490398
0.0490487
0.0490579
0.0490673
0.049077
0.0490868
0.0490966
0.0491065
0.0491159
0.0491242
0.0491288
0.049123
0.0490981
0.0490567
0.0490192
0.0490061
0.0490248
0.0490534
0.0489446
0.0490966
0.0491513
0.0491589
0.0491535
0.0491446
0.0491351
0.0491255
0.0491163
0.0491074
0.0490991
0.0490916
0.0490854
0.0490808
0.0490784
0.0490786
0.0490819
0.0490883
0.0490976
0.0491093
0.0491227
0.0491367
0.0491501
0.0491617
0.0491705
0.0491756
0.0491775
0.0491783
0.0491781
0.0491767
0.0491744
0.0491712
0.0491674
0.0491629
0.0491578
0.049152
0.0491455
0.0491384
0.0491307
0.0491223
0.0491134
0.0491041
0.0490943
0.0490842
0.049074
0.0490636
0.0490534
0.0490432
0.0490334
0.0490238
0.0490147
0.049006
0.0489978
0.0489903
0.0489833
0.048977
0.0489713
0.0489662
0.0489618
0.0489581
0.048955
0.0489525
0.0489507
0.0489495
0.048949
0.048949
0.0489497
0.0489509
0.0489528
0.0489552
0.0489583
0.0489619
0.0489661
0.0489708
0.0489761
0.0489818
0.048988
0.0489947
0.0490018
0.0490092
0.0490171
0.0490253
0.0490338
0.0490427
0.0490519
0.0490613
0.0490709
0.0490806
0.0490905
0.0491004
0.0491099
0.0491184
0.0491234
0.0491187
0.0490949
0.0490515
0.0490063
0.0489833
0.048996
0.0490258
0.0489081
0.0490758
0.049136
0.0491453
0.0491406
0.0491324
0.0491233
0.049114
0.0491045
0.049095
0.0490857
0.049077
0.0490693
0.0490633
0.0490595
0.0490586
0.0490611
0.0490671
0.0490766
0.049089
0.0491035
0.049119
0.0491339
0.0491468
0.0491564
0.0491617
0.0491636
0.0491643
0.049164
0.0491627
0.0491606
0.049158
0.0491549
0.0491512
0.0491469
0.049142
0.0491364
0.0491302
0.0491233
0.0491157
0.0491075
0.0490987
0.0490894
0.0490798
0.0490699
0.04906
0.04905
0.0490402
0.0490307
0.0490214
0.0490126
0.0490042
0.0489964
0.0489891
0.0489824
0.0489763
0.0489709
0.0489661
0.0489618
0.0489582
0.0489552
0.0489528
0.048951
0.0489497
0.0489489
0.0489488
0.0489491
0.04895
0.0489515
0.0489536
0.0489563
0.0489595
0.0489632
0.0489675
0.0489724
0.0489778
0.0489836
0.04899
0.0489968
0.049004
0.0490116
0.0490196
0.0490279
0.0490366
0.0490456
0.0490549
0.0490644
0.049074
0.0490838
0.0490936
0.0491031
0.0491116
0.0491167
0.0491124
0.0490889
0.0490431
0.0489908
0.0489581
0.0489647
0.048995
0.0488726
0.049055
0.0491206
0.0491316
0.0491278
0.0491202
0.0491115
0.0491022
0.0490924
0.0490821
0.0490717
0.0490614
0.0490521
0.0490444
0.0490391
0.0490369
0.0490385
0.0490441
0.0490536
0.0490667
0.0490825
0.0490998
0.0491166
0.0491312
0.0491418
0.0491475
0.0491493
0.04915
0.0491496
0.0491484
0.0491468
0.0491449
0.0491425
0.0491397
0.0491364
0.0491325
0.0491279
0.0491226
0.0491165
0.0491096
0.049102
0.0490937
0.0490848
0.0490756
0.049066
0.0490563
0.0490466
0.0490371
0.0490278
0.0490189
0.0490103
0.0490023
0.0489948
0.0489879
0.0489815
0.0489758
0.0489706
0.0489661
0.0489622
0.0489589
0.0489561
0.0489538
0.048952
0.0489507
0.0489499
0.0489496
0.0489497
0.0489503
0.0489515
0.0489532
0.0489554
0.0489581
0.0489614
0.0489652
0.0489696
0.0489745
0.0489799
0.0489859
0.0489922
0.0489991
0.0490064
0.0490141
0.0490221
0.0490306
0.0490393
0.0490484
0.0490577
0.0490672
0.0490768
0.0490864
0.0490957
0.049104
0.0491089
0.0491045
0.0490807
0.0490323
0.0489731
0.0489313
0.0489321
0.0489629
0.0488381
0.0490343
0.0491053
0.0491181
0.0491152
0.0491081
0.0490998
0.0490905
0.0490803
0.0490691
0.0490574
0.0490455
0.0490343
0.0490247
0.0490178
0.0490143
0.049015
0.04902
0.0490295
0.0490431
0.0490603
0.0490795
0.0490986
0.0491152
0.0491271
0.0491332
0.049135
0.0491355
0.0491351
0.0491342
0.0491332
0.049132
0.0491305
0.0491286
0.0491264
0.0491235
0.0491199
0.0491155
0.0491103
0.049104
0.0490969
0.049089
0.0490804
0.0490712
0.0490618
0.0490523
0.0490428
0.0490334
0.0490243
0.0490157
0.0490074
0.0489997
0.0489926
0.0489861
0.0489801
0.0489748
0.0489701
0.048966
0.0489625
0.0489595
0.048957
0.0489551
0.0489535
0.0489523
0.0489515
0.0489511
0.0489512
0.0489516
0.0489524
0.0489537
0.0489555
0.0489577
0.0489605
0.0489638
0.0489677
0.0489721
0.048977
0.0489824
0.0489883
0.0489947
0.0490016
0.0490089
0.0490166
0.0490247
0.0490331
0.0490419
0.0490509
0.0490602
0.0490696
0.0490789
0.049088
0.049096
0.0491005
0.0490956
0.0490709
0.0490196
0.0489537
0.0489034
0.0488991
0.0489307
0.0488044
0.0490136
0.0490902
0.049105
0.049103
0.0490966
0.0490886
0.0490793
0.0490686
0.0490566
0.0490434
0.0490297
0.0490166
0.0490053
0.0489968
0.048992
0.0489917
0.0489959
0.049005
0.049019
0.0490374
0.0490587
0.0490804
0.0490993
0.0491126
0.0491191
0.049121
0.0491213
0.0491208
0.0491203
0.0491198
0.0491194
0.0491189
0.0491181
0.0491169
0.0491151
0.0491126
0.0491091
0.0491046
0.0490989
0.049092
0.0490842
0.0490757
0.0490665
0.0490571
0.0490476
0.0490381
0.0490289
0.04902
0.0490116
0.0490037
0.0489964
0.0489896
0.0489835
0.0489781
0.0489732
0.048969
0.0489654
0.0489624
0.0489599
0.0489578
0.0489563
0.048955
0.0489541
0.0489535
0.0489532
0.0489532
0.0489534
0.0489541
0.048955
0.0489564
0.0489582
0.0489605
0.0489633
0.0489666
0.0489703
0.0489747
0.0489795
0.0489849
0.0489907
0.0489971
0.049004
0.0490113
0.049019
0.0490271
0.0490356
0.0490443
0.0490533
0.0490624
0.0490714
0.0490802
0.0490878
0.0490918
0.049086
0.0490598
0.0490054
0.0489332
0.048875
0.0488664
0.0488991
0.0487716
0.0489929
0.0490752
0.0490924
0.0490915
0.0490857
0.049078
0.0490688
0.0490578
0.0490449
0.0490304
0.049015
0.0490001
0.048987
0.0489772
0.0489714
0.0489701
0.0489733
0.0489815
0.0489953
0.0490146
0.0490381
0.0490625
0.0490839
0.0490986
0.0491055
0.0491074
0.0491074
0.0491069
0.0491068
0.049107
0.0491075
0.0491079
0.0491082
0.0491082
0.0491075
0.049106
0.0491034
0.0490994
0.049094
0.0490872
0.0490793
0.0490706
0.0490613
0.0490516
0.049042
0.0490326
0.0490234
0.0490148
0.0490066
0.0489991
0.0489922
0.0489859
0.0489804
0.0489754
0.0489711
0.0489675
0.0489644
0.0489619
0.0489599
0.0489584
0.0489572
0.0489564
0.0489559
0.0489555
0.0489554
0.0489555
0.0489557
0.0489562
0.0489569
0.048958
0.0489593
0.0489611
0.0489633
0.048966
0.0489692
0.0489729
0.0489771
0.0489819
0.0489872
0.048993
0.0489994
0.0490062
0.0490136
0.0490213
0.0490294
0.0490379
0.0490465
0.0490553
0.0490641
0.0490725
0.0490796
0.0490828
0.049076
0.049048
0.0489902
0.048912
0.0488466
0.0488343
0.0488686
0.0487394
0.0489722
0.0490605
0.0490803
0.0490806
0.0490756
0.0490685
0.0490594
0.0490482
0.0490346
0.0490189
0.0490021
0.0489856
0.0489712
0.0489604
0.048954
0.0489516
0.0489533
0.04896
0.048973
0.0489928
0.0490182
0.0490454
0.0490694
0.0490855
0.0490928
0.0490945
0.0490941
0.0490937
0.0490939
0.0490949
0.0490962
0.0490977
0.0490991
0.0491002
0.0491007
0.0491003
0.0490983
0.0490947
0.0490894
0.0490824
0.0490741
0.049065
0.0490553
0.0490455
0.0490357
0.0490263
0.0490173
0.0490089
0.0490011
0.048994
0.0489877
0.048982
0.0489769
0.0489726
0.0489688
0.0489657
0.0489632
0.0489612
0.0489597
0.0489587
0.0489581
0.0489577
0.0489576
0.0489576
0.0489577
0.0489579
0.0489581
0.0489585
0.0489591
0.0489598
0.0489608
0.0489621
0.0489637
0.0489658
0.0489683
0.0489714
0.048975
0.0489791
0.0489838
0.0489891
0.048995
0.0490014
0.0490084
0.0490158
0.0490236
0.0490317
0.0490401
0.0490485
0.049057
0.049065
0.0490715
0.049074
0.0490658
0.0490357
0.0489743
0.0488903
0.0488184
0.048803
0.0488393
0.0487076
0.0489512
0.049046
0.0490687
0.0490705
0.0490665
0.0490599
0.0490512
0.04904
0.049026
0.0490095
0.0489916
0.048974
0.0489587
0.0489477
0.0489412
0.0489376
0.0489372
0.0489415
0.0489529
0.0489728
0.0489998
0.0490297
0.0490562
0.0490737
0.0490812
0.0490826
0.0490817
0.0490813
0.0490819
0.0490836
0.0490859
0.0490884
0.0490909
0.0490933
0.0490949
0.0490954
0.049094
0.0490906
0.049085
0.0490775
0.0490686
0.0490589
0.0490488
0.0490387
0.0490289
0.0490196
0.0490108
0.0490028
0.0489956
0.0489891
0.0489833
0.0489783
0.0489739
0.0489702
0.048967
0.0489645
0.0489624
0.0489609
0.0489599
0.0489592
0.048959
0.0489591
0.0489593
0.0489596
0.0489599
0.0489603
0.0489606
0.0489609
0.0489613
0.0489617
0.0489623
0.0489631
0.0489642
0.0489656
0.0489675
0.0489699
0.0489729
0.0489764
0.0489806
0.0489854
0.0489908
0.0489968
0.0490034
0.0490105
0.049018
0.0490259
0.049034
0.0490422
0.0490503
0.0490579
0.0490638
0.0490653
0.0490556
0.0490232
0.0489581
0.0488685
0.0487907
0.0487728
0.048811
0.048676
0.0489298
0.0490315
0.0490576
0.0490612
0.0490583
0.0490526
0.0490445
0.0490335
0.0490195
0.0490026
0.048984
0.0489657
0.0489503
0.0489399
0.0489337
0.0489287
0.0489254
0.0489268
0.0489359
0.0489552
0.0489836
0.0490159
0.0490447
0.0490634
0.049071
0.0490717
0.0490704
0.0490699
0.0490711
0.0490734
0.0490766
0.0490801
0.0490838
0.0490873
0.0490901
0.0490914
0.0490904
0.0490868
0.0490807
0.0490725
0.0490629
0.0490526
0.0490422
0.0490319
0.0490221
0.049013
0.0490047
0.0489972
0.0489905
0.0489847
0.0489797
0.0489754
0.0489718
0.0489688
0.0489663
0.0489643
0.0489627
0.0489615
0.0489608
0.0489605
0.0489605
0.0489608
0.0489613
0.0489618
0.0489623
0.0489627
0.048963
0.0489632
0.0489633
0.0489634
0.0489636
0.0489638
0.0489643
0.0489651
0.0489664
0.0489682
0.0489705
0.0489735
0.0489772
0.0489816
0.0489866
0.0489923
0.0489987
0.0490056
0.0490129
0.0490206
0.0490285
0.0490364
0.0490442
0.0490513
0.0490566
0.0490571
0.0490457
0.0490107
0.0489417
0.0488468
0.0487637
0.0487437
0.0487838
0.0486445
0.0489076
0.0490169
0.0490468
0.0490526
0.049051
0.0490464
0.0490391
0.0490288
0.0490151
0.0489982
0.0489794
0.048961
0.0489462
0.0489375
0.0489316
0.0489245
0.0489178
0.0489158
0.0489222
0.0489405
0.0489699
0.0490044
0.0490352
0.0490548
0.0490623
0.0490622
0.0490603
0.0490599
0.0490615
0.0490645
0.0490684
0.049073
0.0490778
0.0490826
0.0490865
0.0490884
0.0490876
0.0490835
0.0490766
0.0490675
0.0490572
0.0490464
0.0490357
0.0490254
0.0490158
0.0490071
0.0489992
0.0489923
0.0489863
0.0489813
0.0489771
0.0489737
0.0489709
0.0489687
0.0489669
0.0489655
0.0489644
0.0489635
0.048963
0.0489628
0.0489629
0.0489633
0.0489638
0.0489643
0.0489648
0.0489651
0.0489652
0.0489652
0.0489649
0.0489646
0.0489642
0.0489639
0.0489638
0.048964
0.0489646
0.0489658
0.0489677
0.0489702
0.0489735
0.0489776
0.0489825
0.048988
0.0489943
0.0490011
0.0490083
0.0490159
0.0490236
0.0490313
0.0490387
0.0490454
0.0490501
0.0490494
0.0490361
0.0489982
0.0489253
0.0488253
0.0487376
0.0487159
0.0487576
0.0486133
0.0488835
0.0490017
0.0490364
0.0490446
0.0490447
0.0490412
0.049035
0.0490257
0.0490128
0.0489964
0.0489778
0.0489599
0.0489464
0.0489404
0.0489339
0.0489238
0.0489136
0.0489081
0.0489119
0.0489289
0.048959
0.0489953
0.0490278
0.0490483
0.0490553
0.0490542
0.0490517
0.0490513
0.0490533
0.049057
0.0490617
0.0490671
0.0490731
0.0490791
0.0490839
0.0490864
0.0490853
0.0490806
0.0490728
0.0490629
0.0490519
0.0490408
0.04903
0.0490198
0.0490105
0.049002
0.0489946
0.0489882
0.0489828
0.0489785
0.0489752
0.0489726
0.0489708
0.0489696
0.0489686
0.0489679
0.0489673
0.0489668
0.0489665
0.0489663
0.0489663
0.0489665
0.0489668
0.0489671
0.0489673
0.0489672
0.048967
0.0489664
0.0489656
0.0489647
0.0489637
0.0489628
0.0489621
0.0489617
0.0489619
0.0489627
0.0489642
0.0489665
0.0489696
0.0489736
0.0489784
0.048984
0.0489903
0.0489971
0.0490043
0.0490118
0.0490194
0.049027
0.0490341
0.0490403
0.0490442
0.0490422
0.0490269
0.0489861
0.0489091
0.0488043
0.0487125
0.0486894
0.0487324
0.0485849
0.0488553
0.0489848
0.0490256
0.0490371
0.049039
0.0490371
0.0490322
0.0490242
0.0490124
0.0489971
0.0489794
0.0489623
0.0489508
0.0489482
0.0489385
0.0489249
0.0489112
0.0489028
0.0489044
0.0489203
0.0489509
0.0489891
0.0490234
0.0490442
0.0490502
0.0490478
0.0490447
0.0490443
0.0490468
0.0490509
0.0490563
0.0490626
0.0490697
0.0490768
0.0490824
0.0490851
0.0490837
0.0490781
0.0490694
0.0490588
0.0490475
0.0490362
0.0490254
0.0490154
0.0490062
0.048998
0.0489908
0.0489847
0.0489798
0.048976
0.0489733
0.0489716
0.0489707
0.0489703
0.0489704
0.0489705
0.0489707
0.0489707
0.0489706
0.0489704
0.0489702
0.0489701
0.0489699
0.0489696
0.0489691
0.0489685
0.0489675
0.0489663
0.0489648
0.0489632
0.0489615
0.04896
0.0489588
0.0489581
0.048958
0.0489585
0.0489599
0.0489622
0.0489655
0.0489696
0.0489746
0.0489804
0.0489868
0.0489938
0.0490012
0.0490087
0.0490162
0.0490236
0.0490304
0.0490361
0.0490391
0.0490358
0.0490183
0.0489743
0.0488931
0.0487838
0.0486884
0.0486643
0.0487083
0.0485627
0.0488243
0.0489633
0.0490134
0.0490293
0.0490337
0.0490336
0.0490304
0.049024
0.0490139
0.0490002
0.0489843
0.0489694
0.0489617
0.0489587
0.0489429
0.0489258
0.04891
0.0488993
0.048899
0.0489145
0.0489462
0.0489865
0.0490222
0.0490427
0.0490471
0.0490431
0.0490394
0.0490392
0.0490419
0.0490464
0.0490523
0.0490595
0.0490675
0.0490755
0.0490817
0.0490845
0.0490825
0.0490761
0.0490667
0.0490557
0.0490442
0.0490329
0.0490222
0.0490122
0.049003
0.0489947
0.0489875
0.0489815
0.0489766
0.048973
0.0489706
0.0489693
0.048969
0.0489695
0.0489705
0.0489716
0.0489727
0.0489734
0.0489738
0.0489738
0.0489735
0.0489728
0.0489718
0.0489706
0.0489692
0.0489676
0.0489658
0.0489637
0.0489615
0.0489593
0.0489571
0.0489552
0.0489538
0.0489529
0.0489528
0.0489535
0.0489552
0.0489578
0.0489614
0.0489659
0.0489713
0.0489774
0.0489842
0.0489914
0.048999
0.0490066
0.0490141
0.0490212
0.0490277
0.0490328
0.049035
0.0490302
0.0490103
0.0489629
0.0488775
0.0487638
0.0486655
0.0486407
0.0486854
0.0485483
0.0487951
0.0489361
0.0489967
0.0490194
0.0490276
0.04903
0.0490289
0.0490247
0.0490169
0.0490057
0.0489925
0.0489806
0.0489778
0.0489656
0.0489469
0.0489271
0.0489092
0.0488968
0.0488956
0.0489114
0.0489451
0.0489877
0.0490243
0.0490437
0.0490459
0.0490402
0.049036
0.0490358
0.0490387
0.0490435
0.0490498
0.0490575
0.0490664
0.0490751
0.0490817
0.0490843
0.0490818
0.0490748
0.049065
0.0490538
0.0490423
0.0490311
0.0490203
0.0490102
0.0490008
0.0489923
0.0489847
0.0489783
0.048973
0.048969
0.0489663
0.0489649
0.0489647
0.0489654
0.0489669
0.0489688
0.0489708
0.0489725
0.0489736
0.0489741
0.0489737
0.0489723
0.0489703
0.048968
0.0489656
0.0489631
0.0489605
0.0489578
0.0489551
0.0489525
0.0489502
0.0489483
0.048947
0.0489465
0.0489468
0.048948
0.0489502
0.0489534
0.0489577
0.0489628
0.0489687
0.0489754
0.0489826
0.0489902
0.0489979
0.0490057
0.0490132
0.0490202
0.0490262
0.0490307
0.0490318
0.0490254
0.0490031
0.048952
0.0488623
0.0487444
0.0486436
0.0486186
0.0486639
0.0485431
0.0487697
0.0489077
0.0489751
0.0490051
0.0490184
0.0490242
0.0490258
0.0490244
0.0490197
0.0490117
0.0490017
0.0489933
0.0489876
0.0489697
0.0489484
0.0489271
0.0489083
0.0488953
0.048894
0.0489114
0.0489479
0.0489929
0.0490299
0.0490473
0.0490466
0.0490391
0.0490344
0.0490343
0.0490372
0.049042
0.0490485
0.0490567
0.0490661
0.0490753
0.0490821
0.0490845
0.0490816
0.0490743
0.0490644
0.0490534
0.049042
0.0490308
0.0490199
0.0490095
0.0489997
0.0489906
0.0489824
0.0489751
0.048969
0.0489641
0.0489604
0.048958
0.048957
0.0489571
0.0489582
0.0489601
0.0489625
0.0489647
0.0489665
0.0489674
0.0489669
0.0489649
0.0489622
0.0489594
0.0489565
0.0489536
0.0489508
0.048948
0.0489453
0.048943
0.0489411
0.0489397
0.0489391
0.0489393
0.0489405
0.0489426
0.0489457
0.0489498
0.0489549
0.0489607
0.0489674
0.0489746
0.0489823
0.0489902
0.0489983
0.0490062
0.0490138
0.0490206
0.0490262
0.0490298
0.0490298
0.0490216
0.0489965
0.0489416
0.0488474
0.0487255
0.0486229
0.0485981
0.048644
0.0485481
0.0487498
0.0488803
0.0489508
0.0489864
0.0490044
0.0490137
0.0490182
0.0490195
0.0490179
0.0490134
0.0490069
0.0490002
0.0489879
0.0489684
0.0489469
0.0489258
0.0489073
0.0488947
0.0488947
0.0489149
0.048955
0.0490024
0.049039
0.0490532
0.049049
0.0490397
0.0490348
0.0490347
0.0490374
0.0490419
0.0490484
0.0490567
0.0490664
0.0490758
0.0490826
0.0490848
0.0490818
0.0490747
0.0490651
0.0490543
0.0490432
0.049032
0.0490209
0.0490101
0.0489998
0.04899
0.0489809
0.0489726
0.0489652
0.0489588
0.0489536
0.0489495
0.0489467
0.0489451
0.0489447
0.0489452
0.0489466
0.0489482
0.0489497
0.0489505
0.0489503
0.0489489
0.0489467
0.0489445
0.0489421
0.0489397
0.0489374
0.0489352
0.0489333
0.0489318
0.0489309
0.0489306
0.0489311
0.0489325
0.0489349
0.0489381
0.0489424
0.0489475
0.0489535
0.0489602
0.0489675
0.0489753
0.0489835
0.0489918
0.0490002
0.0490084
0.0490161
0.0490228
0.0490278
0.0490304
0.0490289
0.0490187
0.0489906
0.0489316
0.0488327
0.048707
0.0486033
0.0485794
0.048626
0.0485632
0.048737
0.0488558
0.0489257
0.0489644
0.0489857
0.0489977
0.0490045
0.0490079
0.0490085
0.0490065
0.0490021
0.048995
0.0489806
0.0489622
0.0489425
0.0489233
0.0489064
0.0488955
0.0488981
0.0489224
0.0489669
0.0490164
0.0490513
0.0490611
0.0490529
0.0490421
0.049037
0.0490367
0.0490389
0.049043
0.0490492
0.0490574
0.049067
0.0490763
0.049083
0.0490852
0.0490824
0.0490758
0.0490668
0.0490565
0.0490457
0.0490345
0.0490233
0.0490122
0.0490014
0.0489908
0.0489808
0.0489713
0.0489625
0.0489545
0.0489474
0.0489413
0.0489363
0.0489325
0.0489297
0.0489279
0.048927
0.0489268
0.048927
0.0489274
0.0489277
0.0489278
0.0489272
0.0489262
0.048925
0.0489237
0.0489225
0.0489216
0.048921
0.0489209
0.0489214
0.0489225
0.0489245
0.0489273
0.048931
0.0489355
0.0489409
0.048947
0.0489539
0.0489614
0.0489694
0.0489778
0.0489865
0.0489952
0.0490041
0.0490126
0.0490206
0.0490271
0.0490314
0.0490327
0.0490293
0.0490168
0.0489854
0.0489218
0.048818
0.0486888
0.0485847
0.0485628
0.0486101
0.0485878
0.0487319
0.0488362
0.048902
0.048941
0.0489637
0.0489771
0.048985
0.0489895
0.0489912
0.0489905
0.0489869
0.0489798
0.0489674
0.0489524
0.0489362
0.0489202
0.0489062
0.0488981
0.0489047
0.0489346
0.0489841
0.049035
0.0490665
0.0490705
0.0490579
0.0490461
0.049041
0.0490403
0.0490417
0.0490451
0.0490507
0.0490584
0.0490677
0.0490767
0.0490831
0.0490854
0.0490832
0.0490775
0.0490693
0.0490597
0.0490492
0.0490383
0.0490271
0.0490159
0.0490047
0.0489936
0.0489827
0.0489722
0.0489621
0.0489526
0.0489438
0.0489358
0.0489287
0.0489226
0.0489176
0.0489137
0.0489109
0.048909
0.0489079
0.0489075
0.0489076
0.0489082
0.0489085
0.0489087
0.0489087
0.0489089
0.0489091
0.0489097
0.0489106
0.0489121
0.0489141
0.0489169
0.0489203
0.0489245
0.0489295
0.0489353
0.0489417
0.0489488
0.0489565
0.0489647
0.0489733
0.0489822
0.0489913
0.0490006
0.04901
0.0490191
0.0490274
0.0490339
0.0490373
0.0490368
0.049031
0.0490157
0.0489806
0.0489119
0.0488028
0.0486704
0.0485675
0.0485488
0.0485968
0.0486203
0.0487342
0.0488224
0.0488816
0.0489185
0.0489406
0.0489537
0.0489615
0.048966
0.0489681
0.0489679
0.0489652
0.0489594
0.0489511
0.0489407
0.048929
0.0489173
0.048907
0.048903
0.0489152
0.0489523
0.0490069
0.0490577
0.0490839
0.0490807
0.049064
0.0490516
0.0490466
0.0490452
0.0490456
0.0490479
0.0490526
0.0490596
0.0490681
0.0490763
0.0490825
0.0490852
0.049084
0.0490793
0.0490722
0.0490634
0.0490536
0.0490431
0.0490322
0.0490211
0.0490099
0.0489986
0.0489873
0.0489761
0.0489652
0.0489546
0.0489444
0.0489349
0.0489262
0.0489183
0.0489115
0.0489057
0.0489012
0.0488977
0.0488953
0.048894
0.0488935
0.0488937
0.0488946
0.0488955
0.0488966
0.0488979
0.0488995
0.0489015
0.0489039
0.0489069
0.0489104
0.0489146
0.0489194
0.0489249
0.048931
0.0489378
0.0489452
0.0489531
0.0489614
0.0489702
0.0489793
0.0489886
0.0489982
0.049008
0.049018
0.0490277
0.0490366
0.0490431
0.0490454
0.0490426
0.0490339
0.0490151
0.0489756
0.0489011
0.0487854
0.0486512
0.0485528
0.0485381
0.0485862
0.0486589
0.0487435
0.0488151
0.0488661
0.0488988
0.0489183
0.0489297
0.0489362
0.0489399
0.0489417
0.048942
0.0489407
0.0489375
0.0489338
0.0489285
0.0489221
0.0489153
0.0489097
0.0489108
0.0489306
0.0489762
0.0490354
0.0490839
0.0491022
0.0490908
0.0490707
0.0490586
0.0490535
0.0490511
0.0490502
0.0490513
0.0490549
0.0490605
0.0490677
0.0490751
0.0490811
0.0490843
0.0490841
0.0490807
0.0490747
0.049067
0.0490581
0.0490483
0.0490381
0.0490275
0.0490166
0.0490056
0.0489944
0.0489832
0.0489721
0.048961
0.0489502
0.0489397
0.0489299
0.0489207
0.0489124
0.0489052
0.0488991
0.0488943
0.0488907
0.0488882
0.0488869
0.0488867
0.0488874
0.0488887
0.0488904
0.0488926
0.0488952
0.0488983
0.0489019
0.0489061
0.0489108
0.0489162
0.0489221
0.0489287
0.0489357
0.0489433
0.0489514
0.0489599
0.0489688
0.0489781
0.0489876
0.0489974
0.0490073
0.0490176
0.0490281
0.0490384
0.0490476
0.0490542
0.0490555
0.04905
0.0490374
0.0490143
0.0489693
0.0488854
0.048764
0.0486331
0.0485414
0.0485312
0.048579
0.0487016
0.0487597
0.0488153
0.048857
0.0488839
0.0488993
0.0489074
0.0489115
0.0489137
0.048915
0.048916
0.0489166
0.0489166
0.0489174
0.0489175
0.0489168
0.0489154
0.048915
0.0489226
0.048952
0.0490068
0.0490688
0.0491121
0.0491201
0.0491
0.049078
0.0490668
0.0490615
0.0490577
0.0490553
0.0490549
0.0490568
0.0490609
0.0490667
0.0490731
0.0490788
0.0490823
0.049083
0.0490809
0.0490762
0.0490697
0.0490619
0.0490532
0.0490438
0.0490341
0.049024
0.0490137
0.0490033
0.0489927
0.048982
0.0489713
0.0489606
0.04895
0.0489397
0.0489299
0.0489207
0.0489123
0.048905
0.0488989
0.0488941
0.0488906
0.0488884
0.0488875
0.0488877
0.0488889
0.0488909
0.0488935
0.0488967
0.0489006
0.048905
0.0489101
0.0489158
0.048922
0.0489287
0.048936
0.0489437
0.0489519
0.0489605
0.0489694
0.0489788
0.0489885
0.0489983
0.0490084
0.0490187
0.0490293
0.04904
0.0490503
0.0490596
0.049066
0.0490661
0.0490576
0.0490402
0.0490113
0.0489558
0.0488627
0.0487412
0.0486167
0.0485339
0.0485287
0.0485756
0.0487456
0.0487835
0.0488251
0.0488572
0.048877
0.0488869
0.0488906
0.0488912
0.0488912
0.0488919
0.0488938
0.0488966
0.0489002
0.0489044
0.04891
0.0489151
0.048919
0.0489239
0.0489395
0.0489806
0.0490442
0.0491059
0.0491404
0.0491358
0.0491078
0.0490859
0.0490761
0.04907
0.0490647
0.0490606
0.0490583
0.0490584
0.0490608
0.0490649
0.0490701
0.0490751
0.0490787
0.0490802
0.0490791
0.0490758
0.0490705
0.0490639
0.0490563
0.049048
0.0490393
0.0490303
0.0490212
0.0490119
0.0490025
0.0489931
0.0489835
0.0489739
0.0489642
0.0489544
0.0489447
0.0489354
0.0489265
0.0489183
0.0489112
0.0489053
0.0489007
0.0488975
0.0488957
0.0488953
0.0488961
0.048898
0.0489007
0.0489042
0.0489084
0.0489133
0.0489189
0.0489251
0.0489319
0.0489391
0.0489468
0.048955
0.0489635
0.0489723
0.0489816
0.0489913
0.0490014
0.0490116
0.0490218
0.0490323
0.0490428
0.049053
0.0490627
0.0490712
0.0490766
0.049075
0.0490625
0.0490385
0.0489986
0.0489323
0.0488355
0.0487174
0.0486027
0.0485309
0.0485308
0.0485762
0.048788
0.0488205
0.048851
0.0488736
0.0488856
0.0488888
0.0488866
0.0488827
0.0488798
0.0488792
0.0488815
0.0488864
0.0488932
0.0489009
0.0489101
0.0489194
0.0489274
0.0489373
0.0489629
0.0490174
0.0490875
0.0491444
0.0491664
0.0491478
0.0491141
0.0490946
0.0490859
0.0490786
0.0490715
0.0490657
0.0490617
0.0490598
0.0490601
0.0490624
0.049066
0.04907
0.0490732
0.0490749
0.0490747
0.0490723
0.0490682
0.0490626
0.049056
0.0490488
0.0490411
0.0490332
0.0490253
0.0490174
0.0490095
0.0490018
0.0489941
0.0489864
0.0489786
0.0489707
0.0489625
0.0489542
0.0489458
0.0489377
0.0489301
0.0489233
0.0489177
0.0489135
0.0489107
0.0489094
0.0489097
0.0489111
0.0489136
0.0489171
0.0489214
0.0489265
0.0489323
0.0489387
0.0489457
0.0489532
0.0489611
0.0489694
0.048978
0.048987
0.0489964
0.0490065
0.0490172
0.0490275
0.0490377
0.0490477
0.0490572
0.049066
0.0490739
0.0490802
0.0490829
0.0490776
0.0490583
0.0490231
0.0489734
0.0489013
0.0488048
0.0486941
0.0485923
0.0485328
0.0485377
0.0485811
0.0488284
0.0488797
0.0489077
0.0489226
0.0489268
0.0489222
0.0489124
0.0489017
0.0488933
0.0488891
0.0488895
0.0488941
0.0489021
0.0489118
0.0489218
0.0489318
0.0489415
0.0489561
0.0489945
0.0490626
0.0491341
0.0491812
0.0491876
0.0491551
0.0491194
0.0491039
0.0490955
0.0490868
0.0490783
0.0490708
0.0490649
0.0490609
0.0490591
0.0490592
0.0490609
0.0490633
0.0490656
0.049067
0.049067
0.0490652
0.0490617
0.0490569
0.0490509
0.0490443
0.0490373
0.0490301
0.049023
0.0490162
0.0490097
0.0490036
0.0489979
0.0489926
0.0489876
0.0489826
0.0489775
0.0489721
0.0489663
0.0489599
0.0489533
0.0489466
0.0489405
0.0489354
0.0489316
0.0489294
0.0489287
0.0489297
0.0489318
0.0489349
0.0489391
0.0489441
0.0489498
0.0489563
0.0489633
0.0489708
0.0489787
0.048987
0.0489956
0.0490046
0.0490141
0.0490246
0.0490358
0.049046
0.0490551
0.049063
0.0490698
0.0490753
0.0490795
0.0490815
0.0490788
0.0490651
0.0490356
0.0489936
0.0489384
0.0488645
0.0487724
0.0486729
0.0485862
0.04854
0.0485495
0.0485901
0.0488688
0.0489575
0.049006
0.049027
0.0490271
0.0490142
0.0489935
0.0489709
0.0489508
0.0489363
0.0489283
0.0489267
0.0489303
0.048937
0.0489449
0.0489521
0.0489596
0.0489803
0.0490358
0.0491143
0.0491803
0.0492131
0.049202
0.0491574
0.0491246
0.0491133
0.0491045
0.0490946
0.0490847
0.0490757
0.049068
0.0490619
0.0490578
0.0490556
0.0490549
0.0490553
0.0490561
0.0490564
0.0490558
0.0490538
0.0490504
0.0490456
0.0490397
0.0490331
0.0490261
0.049019
0.049012
0.0490054
0.0489994
0.0489942
0.0489899
0.0489865
0.048984
0.0489823
0.0489811
0.0489802
0.0489791
0.0489774
0.0489748
0.0489711
0.0489667
0.0489619
0.0489576
0.0489544
0.0489528
0.0489531
0.0489546
0.0489573
0.0489611
0.0489659
0.0489715
0.0489778
0.0489847
0.048992
0.0489998
0.0490079
0.0490164
0.0490253
0.049035
0.0490455
0.049055
0.0490617
0.0490663
0.0490694
0.0490714
0.0490721
0.0490712
0.0490668
0.0490555
0.0490329
0.0489984
0.0489533
0.0488964
0.0488248
0.0487412
0.0486554
0.0485852
0.0485521
0.0485657
0.0486031
0.0489024
0.0490322
0.0491094
0.0491554
0.0491644
0.04915
0.0491199
0.0490828
0.0490461
0.0490147
0.0489914
0.0489768
0.04897
0.0489685
0.0489699
0.0489721
0.0489782
0.0490115
0.0490872
0.049168
0.0492214
0.0492373
0.0492083
0.0491557
0.0491303
0.0491221
0.0491126
0.0491018
0.0490909
0.0490805
0.0490711
0.049063
0.0490565
0.0490518
0.0490485
0.0490464
0.049045
0.0490435
0.0490415
0.0490385
0.0490342
0.0490287
0.0490222
0.0490148
0.049007
0.048999
0.0489912
0.0489839
0.0489773
0.0489717
0.0489674
0.0489645
0.0489631
0.0489633
0.048965
0.048968
0.048972
0.0489765
0.0489809
0.0489845
0.0489866
0.048987
0.0489857
0.0489835
0.0489815
0.0489808
0.0489816
0.0489838
0.0489871
0.0489914
0.0489966
0.0490026
0.0490091
0.0490161
0.0490233
0.0490306
0.0490376
0.0490441
0.0490498
0.0490539
0.0490559
0.0490559
0.0490552
0.0490541
0.0490522
0.0490489
0.0490429
0.0490322
0.0490143
0.0489874
0.0489513
0.0489063
0.0488513
0.0487859
0.0487133
0.048643
0.0485893
0.0485685
0.0485856
0.0486201
0.0489201
0.0490762
0.0491636
0.0492086
0.0492238
0.0492187
0.0491976
0.0491641
0.0491241
0.0490838
0.0490488
0.049022
0.049004
0.0489931
0.0489871
0.0489851
0.0489978
0.0490555
0.0491457
0.0492172
0.0492536
0.0492525
0.0492065
0.0491526
0.0491368
0.0491298
0.0491199
0.0491085
0.0490968
0.0490853
0.0490744
0.0490644
0.0490557
0.0490484
0.0490423
0.0490374
0.0490333
0.0490294
0.0490252
0.0490203
0.0490144
0.0490074
0.0489994
0.0489906
0.0489813
0.0489718
0.0489623
0.0489534
0.0489452
0.0489381
0.0489324
0.0489284
0.0489262
0.048926
0.048928
0.0489321
0.0489383
0.0489465
0.0489562
0.0489669
0.0489778
0.048988
0.0489966
0.0490026
0.0490056
0.0490062
0.0490067
0.0490083
0.0490109
0.0490143
0.0490182
0.0490223
0.0490262
0.0490295
0.0490316
0.0490322
0.0490315
0.0490298
0.0490276
0.0490253
0.0490232
0.0490212
0.0490193
0.0490169
0.0490132
0.0490071
0.0489974
0.0489828
0.048962
0.0489342
0.0488992
0.048857
0.0488072
0.0487505
0.0486909
0.0486362
0.0485982
0.0485885
0.0486086
0.0486417
0.0489215
0.0490906
0.0491612
0.049202
0.0492152
0.0492073
0.0491937
0.0491751
0.0491478
0.0491135
0.0490774
0.0490454
0.0490204
0.049003
0.0489924
0.0489928
0.0490268
0.0491142
0.0492021
0.0492554
0.0492751
0.0492589
0.049198
0.0491507
0.0491432
0.0491363
0.0491264
0.0491148
0.0491026
0.0490902
0.0490781
0.0490666
0.0490559
0.0490461
0.0490373
0.0490295
0.0490224
0.0490156
0.0490087
0.0490013
0.0489931
0.0489841
0.0489742
0.0489635
0.0489523
0.0489409
0.0489295
0.0489186
0.0489083
0.0488991
0.0488912
0.048885
0.0488806
0.0488783
0.0488784
0.0488809
0.0488859
0.0488934
0.0489033
0.0489154
0.0489294
0.0489445
0.0489599
0.0489747
0.0489874
0.048997
0.0490019
0.0490036
0.0490044
0.0490045
0.0490036
0.0490015
0.0489981
0.0489936
0.0489885
0.0489834
0.0489789
0.0489753
0.0489729
0.0489714
0.0489705
0.0489697
0.0489683
0.0489655
0.0489605
0.0489527
0.0489412
0.0489254
0.0489045
0.0488783
0.0488467
0.0488097
0.0487673
0.0487212
0.0486751
0.0486356
0.0486118
0.0486114
0.048635
0.0486701
0.0489166
0.0490786
0.0491503
0.0492007
0.0492073
0.0491868
0.0491645
0.0491491
0.0491327
0.0491086
0.0490775
0.0490455
0.0490182
0.0489986
0.0489897
0.049006
0.0490758
0.0491767
0.0492455
0.0492797
0.0492872
0.049258
0.0491856
0.0491525
0.0491482
0.0491418
0.0491322
0.0491208
0.0491084
0.0490956
0.0490827
0.04907
0.0490576
0.0490458
0.0490345
0.0490239
0.0490139
0.0490041
0.0489944
0.0489844
0.0489738
0.0489626
0.0489507
0.0489382
0.0489252
0.048912
0.0488989
0.048886
0.0488737
0.0488622
0.0488519
0.048843
0.0488358
0.0488306
0.0488276
0.0488269
0.0488287
0.0488331
0.04884
0.0488493
0.0488607
0.048874
0.0488883
0.0489029
0.0489166
0.0489284
0.0489369
0.0489398
0.048939
0.0489364
0.0489324
0.0489276
0.0489224
0.0489176
0.0489136
0.0489108
0.0489092
0.0489088
0.0489092
0.04891
0.0489106
0.0489104
0.048909
0.0489058
0.0489002
0.048892
0.0488806
0.0488657
0.048847
0.0488245
0.048798
0.0487679
0.0487346
0.0486998
0.0486671
0.0486416
0.0486301
0.048638
0.0486663
0.0487099
0.0489146
0.0490615
0.0491633
0.0492145
0.049202
0.0491601
0.0491254
0.0491088
0.0491007
0.0490853
0.0490592
0.0490292
0.0490031
0.0489869
0.0489908
0.049039
0.0491394
0.0492254
0.0492707
0.0492921
0.0492926
0.0492522
0.0491759
0.0491554
0.0491521
0.0491465
0.0491377
0.0491267
0.0491144
0.0491015
0.0490883
0.0490749
0.0490615
0.0490482
0.0490351
0.0490223
0.0490098
0.0489976
0.0489853
0.048973
0.0489604
0.0489473
0.0489339
0.04892
0.0489058
0.0488914
0.0488769
0.0488625
0.0488483
0.0488346
0.0488217
0.0488099
0.0487995
0.0487907
0.0487839
0.0487792
0.0487767
0.0487765
0.0487787
0.0487831
0.0487895
0.0487976
0.0488067
0.0488164
0.0488257
0.0488339
0.0488403
0.0488445
0.0488456
0.0488449
0.0488434
0.0488415
0.0488399
0.0488389
0.0488388
0.0488396
0.0488411
0.048843
0.0488449
0.0488466
0.0488475
0.0488474
0.0488459
0.0488428
0.0488377
0.0488304
0.0488208
0.0488087
0.048794
0.0487766
0.0487568
0.0487347
0.0487112
0.048688
0.0486679
0.0486552
0.0486547
0.0486706
0.0487059
0.048766
0.0489175
0.0490738
0.0492008
0.0492359
0.0491923
0.0491237
0.0490777
0.049067
0.0490672
0.049056
0.0490324
0.0490053
0.0489844
0.04898
0.0490105
0.0490935
0.0491942
0.0492511
0.0492803
0.0492966
0.0492944
0.0492448
0.049174
0.0491577
0.0491552
0.0491509
0.049143
0.0491327
0.0491209
0.0491082
0.0490951
0.0490816
0.0490679
0.049054
0.0490399
0.0490258
0.0490118
0.0489979
0.048984
0.0489702
0.0489564
0.0489424
0.0489282
0.0489138
0.0488991
0.0488841
0.0488687
0.0488529
0.048837
0.048821
0.0488052
0.0487901
0.0487759
0.0487631
0.0487519
0.0487427
0.0487355
0.0487304
0.0487275
0.0487267
0.0487278
0.0487305
0.0487345
0.0487394
0.0487446
0.0487497
0.0487543
0.0487582
0.0487611
0.048763
0.0487645
0.0487658
0.0487674
0.0487692
0.0487715
0.0487741
0.0487768
0.0487794
0.0487817
0.0487835
0.0487845
0.0487847
0.0487838
0.0487817
0.0487784
0.0487736
0.0487672
0.0487593
0.0487499
0.0487388
0.0487264
0.048713
0.0486996
0.0486877
0.0486797
0.0486789
0.0486891
0.0487139
0.0487587
0.0488377
0.0489278
0.0491275
0.049253
0.0492552
0.0491732
0.0490801
0.0490337
0.0490353
0.0490379
0.0490262
0.049005
0.0489841
0.0489743
0.0489908
0.0490542
0.0491502
0.0492245
0.0492585
0.0492806
0.0492966
0.0492948
0.049243
0.0491781
0.0491598
0.0491578
0.049155
0.0491485
0.0491391
0.049128
0.0491158
0.0491032
0.0490902
0.0490768
0.0490631
0.0490492
0.0490349
0.0490206
0.0490062
0.0489919
0.0489778
0.0489638
0.0489499
0.0489359
0.0489217
0.0489071
0.0488918
0.0488759
0.048859
0.0488413
0.0488228
0.048804
0.0487852
0.0487669
0.0487496
0.0487339
0.0487199
0.0487079
0.048698
0.0486902
0.0486845
0.0486808
0.048679
0.0486787
0.0486797
0.0486817
0.0486844
0.0486874
0.0486905
0.0486939
0.048697
0.0486999
0.0487027
0.0487056
0.0487086
0.0487117
0.0487148
0.0487177
0.0487205
0.0487229
0.048725
0.0487267
0.0487279
0.0487286
0.0487288
0.0487283
0.0487271
0.0487253
0.0487226
0.0487193
0.0487152
0.0487108
0.0487064
0.0487031
0.0487023
0.0487061
0.0487173
0.048739
0.048775
0.0488325
0.0489145
0.0489535
0.0492059
0.0493041
0.049265
0.049147
0.0490426
0.0490116
0.0490141
0.0490129
0.0490019
0.0489863
0.0489757
0.048982
0.0490243
0.0491082
0.0491887
0.049234
0.0492559
0.0492757
0.0492937
0.0492951
0.0492526
0.0491875
0.0491626
0.0491601
0.0491591
0.0491543
0.0491462
0.0491359
0.0491244
0.0491124
0.0491001
0.0490877
0.049075
0.049062
0.0490488
0.0490353
0.0490217
0.0490082
0.0489948
0.0489816
0.0489685
0.0489553
0.0489417
0.0489275
0.0489124
0.048896
0.0488781
0.0488588
0.048838
0.0488161
0.0487937
0.0487713
0.0487496
0.0487292
0.0487105
0.0486939
0.0486794
0.0486671
0.048657
0.0486491
0.0486432
0.0486393
0.048637
0.0486362
0.0486366
0.0486379
0.04864
0.0486429
0.0486458
0.0486489
0.0486521
0.0486553
0.0486586
0.0486619
0.0486651
0.0486684
0.0486716
0.0486747
0.0486779
0.0486811
0.0486843
0.0486876
0.048691
0.0486944
0.0486977
0.0487011
0.0487044
0.0487076
0.048711
0.0487148
0.0487196
0.0487264
0.0487367
0.0487525
0.0487767
0.0488122
0.0488624
0.0489328
0.0489837
0.0490052
0.049285
0.0493434
0.0492658
0.049127
0.0490324
0.0490064
0.0490022
0.0489982
0.0489899
0.0489821
0.0489841
0.0490085
0.049075
0.0491526
0.0492066
0.0492329
0.0492491
0.0492682
0.0492886
0.0492955
0.0492711
0.0492071
0.0491683
0.0491623
0.0491632
0.0491606
0.0491541
0.0491449
0.049134
0.0491226
0.049111
0.0490996
0.0490882
0.0490768
0.0490652
0.0490534
0.0490415
0.0490295
0.0490176
0.0490057
0.0489937
0.0489814
0.0489686
0.0489549
0.0489399
0.0489232
0.0489047
0.0488841
0.0488615
0.0488374
0.048812
0.0487862
0.0487607
0.0487361
0.0487132
0.0486923
0.0486736
0.0486574
0.0486435
0.0486319
0.0486226
0.0486155
0.0486103
0.048607
0.0486053
0.048605
0.0486061
0.048608
0.0486105
0.0486133
0.0486165
0.0486199
0.0486235
0.0486274
0.0486314
0.0486356
0.0486401
0.048645
0.0486503
0.048656
0.0486623
0.0486691
0.0486765
0.0486845
0.0486929
0.0487019
0.0487113
0.0487214
0.0487322
0.0487441
0.048758
0.0487748
0.0487963
0.0488246
0.0488624
0.0489133
0.0489802
0.0490463
0.0490415
0.049084
0.0493574
0.0493673
0.0492671
0.0491365
0.0490502
0.0490133
0.0490021
0.0489968
0.0489926
0.0489937
0.0490089
0.0490538
0.0491242
0.0491805
0.0492128
0.0492287
0.0492418
0.0492598
0.0492818
0.0492949
0.0492885
0.0492426
0.0491847
0.0491656
0.0491672
0.0491673
0.0491631
0.0491554
0.0491452
0.049134
0.0491227
0.0491118
0.0491014
0.0490913
0.0490814
0.0490715
0.0490614
0.0490513
0.0490409
0.0490304
0.0490196
0.0490083
0.0489963
0.0489831
0.0489684
0.0489517
0.0489329
0.0489118
0.0488884
0.0488629
0.0488358
0.0488077
0.0487795
0.048752
0.0487258
0.0487015
0.0486795
0.04866
0.0486431
0.0486286
0.0486167
0.0486071
0.0485998
0.0485946
0.0485913
0.0485899
0.04859
0.0485913
0.0485935
0.0485965
0.0486001
0.0486044
0.0486092
0.0486145
0.0486205
0.048627
0.0486342
0.0486421
0.0486508
0.0486603
0.0486707
0.048682
0.0486941
0.048707
0.0487207
0.0487351
0.0487504
0.0487667
0.0487843
0.0488037
0.0488257
0.0488515
0.0488829
0.048922
0.0489713
0.0490336
0.0491112
0.0491439
0.0490875
0.0491699
0.0494076
0.0493792
0.0492888
0.0491786
0.0490852
0.0490345
0.0490153
0.049009
0.0490097
0.0490201
0.0490509
0.0491063
0.0491607
0.049197
0.0492159
0.049226
0.0492366
0.0492526
0.0492742
0.0492923
0.0492991
0.0492812
0.0492269
0.0491773
0.0491714
0.049174
0.0491731
0.0491678
0.0491588
0.0491477
0.0491359
0.0491246
0.0491141
0.0491045
0.0490956
0.049087
0.0490785
0.0490698
0.049061
0.049052
0.0490425
0.0490324
0.0490214
0.0490091
0.0489952
0.0489792
0.0489607
0.0489396
0.0489159
0.0488899
0.0488621
0.048833
0.0488034
0.0487742
0.0487461
0.0487196
0.0486955
0.0486738
0.0486548
0.0486385
0.0486248
0.0486137
0.0486051
0.0485988
0.0485948
0.0485928
0.0485926
0.0485939
0.0485966
0.0486006
0.0486057
0.0486119
0.0486191
0.0486274
0.0486367
0.048647
0.0486585
0.048671
0.0486846
0.0486993
0.0487149
0.0487314
0.0487487
0.0487667
0.0487853
0.0488046
0.0488247
0.0488458
0.0488684
0.0488929
0.0489203
0.0489518
0.0489888
0.049033
0.0490856
0.0491463
0.0492113
0.0492122
0.0491208
0.0492421
0.0494329
0.0493959
0.0493295
0.0492388
0.0491417
0.049075
0.0490438
0.0490348
0.0490406
0.0490631
0.0491038
0.0491509
0.049188
0.0492103
0.0492214
0.049228
0.049236
0.049249
0.049268
0.0492879
0.0493023
0.049307
0.0492852
0.04922
0.0491843
0.0491814
0.0491835
0.0491821
0.0491756
0.0491652
0.0491527
0.0491399
0.049128
0.0491175
0.0491082
0.0490998
0.0490921
0.0490846
0.0490772
0.0490697
0.0490619
0.0490536
0.0490444
0.0490339
0.0490216
0.0490068
0.0489891
0.0489684
0.0489447
0.0489185
0.0488903
0.0488608
0.0488308
0.0488011
0.0487722
0.048745
0.0487198
0.0486971
0.0486771
0.0486599
0.0486455
0.0486338
0.0486248
0.0486183
0.0486142
0.0486122
0.0486123
0.0486145
0.0486184
0.0486242
0.0486316
0.0486406
0.0486513
0.0486635
0.0486772
0.0486925
0.0487093
0.0487275
0.0487469
0.0487675
0.048789
0.0488111
0.0488336
0.0488564
0.0488792
0.0489021
0.0489252
0.0489487
0.0489731
0.0489989
0.0490271
0.0490585
0.0490941
0.0491342
0.0491781
0.0492222
0.0492597
0.0492534
0.0491428
0.0492947
0.0494421
0.0494173
0.049375
0.0493101
0.0492214
0.0491415
0.0490926
0.0490764
0.0490894
0.0491181
0.0491551
0.0491891
0.0492129
0.0492264
0.0492331
0.0492372
0.0492426
0.0492516
0.0492661
0.0492844
0.049301
0.0493151
0.0493255
0.0492931
0.0492386
0.0492044
0.049196
0.0491977
0.049196
0.0491884
0.0491762
0.0491618
0.0491471
0.0491337
0.0491222
0.0491125
0.0491043
0.0490972
0.0490909
0.049085
0.0490794
0.0490735
0.0490671
0.0490594
0.0490496
0.0490369
0.0490206
0.0490004
0.0489767
0.0489501
0.0489214
0.0488917
0.0488616
0.048832
0.0488033
0.0487762
0.0487512
0.0487285
0.0487085
0.0486913
0.0486768
0.0486652
0.0486563
0.04865
0.048646
0.0486444
0.0486453
0.0486485
0.048654
0.0486616
0.0486714
0.0486832
0.0486971
0.0487129
0.0487307
0.0487504
0.0487719
0.0487951
0.0488196
0.0488452
0.0488716
0.0488983
0.048925
0.0489514
0.0489771
0.049002
0.0490261
0.0490495
0.0490727
0.0490961
0.0491205
0.0491465
0.0491744
0.0492035
0.049232
0.0492565
0.0492749
0.0492755
0.0491558
0.0493177
0.0494434
0.0494334
0.0494125
0.0493776
0.0493145
0.0492358
0.0491664
0.0491442
0.0491567
0.0491808
0.0492071
0.0492285
0.0492423
0.0492497
0.0492532
0.0492553
0.0492578
0.0492624
0.0492712
0.0492853
0.0493009
0.0493144
0.0493313
0.0493467
0.0493384
0.0492998
0.0492504
0.0492222
0.0492191
0.0492174
0.0492089
0.0491952
0.049178
0.0491602
0.0491441
0.0491304
0.0491194
0.0491108
0.0491043
0.0490994
0.0490959
0.0490932
0.0490906
0.049087
0.0490811
0.0490716
0.0490574
0.0490382
0.0490143
0.0489868
0.0489573
0.0489269
0.0488967
0.0488674
0.0488394
0.0488132
0.0487891
0.0487673
0.048748
0.0487313
0.0487174
0.0487062
0.0486975
0.0486913
0.0486875
0.0486864
0.0486878
0.0486916
0.048698
0.0487067
0.0487178
0.0487311
0.0487467
0.0487645
0.0487844
0.0488064
0.0488302
0.0488557
0.0488825
0.0489104
0.0489389
0.0489675
0.0489959
0.0490235
0.0490499
0.0490748
0.0490981
0.0491197
0.0491401
0.0491599
0.0491796
0.0491995
0.0492193
0.0492382
0.0492545
0.0492667
0.049275
0.0492733
0.0491666
0.0493202
0.049408
0.049423
0.0494225
0.0494158
0.0493925
0.0493372
0.0492668
0.0492422
0.049244
0.0492551
0.0492672
0.0492762
0.0492811
0.0492829
0.0492828
0.0492821
0.049281
0.0492809
0.0492845
0.0492942
0.049308
0.0493199
0.0493297
0.0493478
0.0493723
0.0493832
0.0493684
0.0493339
0.0492925
0.0492603
0.0492487
0.0492435
0.0492295
0.0492088
0.0491863
0.0491654
0.0491481
0.0491345
0.0491246
0.0491183
0.0491153
0.0491152
0.0491169
0.0491187
0.0491185
0.0491139
0.0491031
0.0490853
0.0490612
0.0490326
0.0490015
0.0489699
0.048939
0.0489097
0.0488824
0.0488574
0.0488348
0.0488146
0.0487968
0.0487814
0.0487685
0.048758
0.0487497
0.0487439
0.0487404
0.0487394
0.0487408
0.0487447
0.0487509
0.0487596
0.0487706
0.0487839
0.0487995
0.0488172
0.048837
0.0488588
0.0488823
0.0489071
0.0489329
0.048959
0.0489847
0.0490094
0.0490326
0.0490541
0.0490742
0.0490938
0.0491135
0.0491336
0.0491537
0.0491733
0.049192
0.0492092
0.0492247
0.049238
0.0492485
0.0492558
0.0492597
0.0492534
0.0491787
0.0493178
0.0493596
0.0493682
0.0493732
0.0493798
0.0493869
0.0493827
0.0493572
0.0493379
0.0493299
0.0493273
0.0493257
0.0493232
0.0493195
0.0493149
0.0493101
0.0493065
0.0493041
0.0493035
0.0493064
0.0493153
0.0493307
0.0493471
0.049359
0.0493738
0.0494025
0.049434
0.0494424
0.0494185
0.0493802
0.0493438
0.0493158
0.049302
0.0493005
0.0492959
0.0492753
0.0492452
0.0492158
0.0491924
0.0491747
0.0491623
0.0491554
0.0491543
0.0491578
0.0491639
0.0491692
0.0491703
0.0491639
0.0491486
0.0491249
0.0490954
0.049063
0.0490301
0.0489985
0.0489688
0.0489416
0.0489169
0.0488948
0.0488753
0.0488584
0.048844
0.048832
0.0488224
0.0488153
0.0488104
0.0488075
0.0488066
0.0488077
0.0488108
0.0488159
0.0488229
0.0488318
0.0488424
0.0488545
0.048868
0.0488824
0.0488973
0.0489122
0.0489263
0.0489393
0.0489512
0.0489624
0.048974
0.0489876
0.0490043
0.0490241
0.0490464
0.0490703
0.0490946
0.0491185
0.0491411
0.0491617
0.0491798
0.0491951
0.0492076
0.0492172
0.0492245
0.0492296
0.0492281
0.0491932
0.0493478
0.0493676
0.0493795
0.0493904
0.0494008
0.0494105
0.0494176
0.049419
0.0494159
0.0494116
0.049407
0.0494022
0.0493975
0.0493933
0.0493901
0.0493884
0.0493872
0.0493863
0.0493862
0.0493888
0.0493979
0.0494185
0.0494523
0.0494956
0.0495427
0.0495902
0.0496314
0.049651
0.0496368
0.0495964
0.0495554
0.0495292
0.0495215
0.0495234
0.0495206
0.0495024
0.0494635
0.049412
0.0493643
0.0493305
0.0493099
0.0492968
0.0492874
0.0492802
0.0492751
0.0492718
0.0492685
0.0492613
0.0492473
0.0492259
0.0491995
0.0491713
0.0491439
0.0491186
0.0490957
0.0490753
0.049057
0.0490406
0.0490257
0.0490122
0.0490001
0.048989
0.0489791
0.0489703
0.0489631
0.0489579
0.0489544
0.0489528
0.0489528
0.0489545
0.0489577
0.0489623
0.0489681
0.0489751
0.0489829
0.0489913
0.0489999
0.0490084
0.0490165
0.0490241
0.0490314
0.0490392
0.0490481
0.0490585
0.0490705
0.049084
0.0490991
0.0491153
0.0491323
0.0491494
0.049166
0.0491813
0.0491948
0.0492059
0.0492143
0.0492204
0.0492254
0.0492312
0.0492363
0.0492285
)
;

boundaryField
{
    floor
    {
        type            fixedFluxPressure;
        gradient        uniform 0;
        value           nonuniform List<scalar> 
100
(
0.0491928
0.0491814
0.0491711
0.0491612
0.0491518
0.049143
0.049135
0.0491278
0.0491218
0.0491172
0.0491139
0.0491123
0.0491125
0.0491145
0.0491185
0.0491243
0.0491318
0.0491409
0.0491513
0.0491626
0.0491743
0.049186
0.0491971
0.0492072
0.0492158
0.0492227
0.0492276
0.0492306
0.0492316
0.0492312
0.04923
0.0492271
0.0492218
0.0492148
0.0492064
0.049197
0.0491868
0.049176
0.0491646
0.0491527
0.0491403
0.0491277
0.0491148
0.0491018
0.0490888
0.0490757
0.0490629
0.0490502
0.0490379
0.0490259
0.0490144
0.0490035
0.0489931
0.0489833
0.0489742
0.0489658
0.0489581
0.0489511
0.0489448
0.0489392
0.0489345
0.0489304
0.0489271
0.0489244
0.0489223
0.0489209
0.04892
0.0489197
0.04892
0.0489207
0.0489219
0.0489236
0.0489257
0.0489283
0.0489312
0.0489345
0.0489382
0.0489421
0.0489464
0.0489509
0.0489556
0.0489605
0.0489656
0.0489707
0.048976
0.0489812
0.0489865
0.0489917
0.0489968
0.0490017
0.0490063
0.0490103
0.0490137
0.0490181
0.0490297
0.0490485
0.0490529
0.0490639
0.0490699
0.0490565
)
;
    }
    ceiling
    {
        type            fixedFluxPressure;
        gradient        nonuniform List<scalar> 
100
(
0.683665
0.679117
0.676226
0.673964
0.67211
0.670624
0.669705
0.669827
0.670411
0.670694
0.670604
0.670303
0.669917
0.669486
0.668991
0.668414
0.667931
0.667628
0.66733
0.666601
0.664578
0.6602
0.653053
0.643887
0.633863
0.623678
0.614731
0.610178
0.612495
0.620132
0.627858
0.632501
0.633329
0.632084
0.631812
0.634639
0.6416
0.651041
0.659652
0.665355
0.668374
0.669916
0.670852
0.671532
0.671913
0.672036
0.672274
0.673248
0.675476
0.678959
0.683202
0.687577
0.691628
0.695159
0.698164
0.70073
0.702968
0.704975
0.706826
0.708575
0.710256
0.711892
0.713496
0.715065
0.716462
0.717653
0.718639
0.719425
0.720018
0.720421
0.720644
0.720703
0.720628
0.720461
0.720265
0.72012
0.720119
0.720349
0.720874
0.721699
0.722769
0.723926
0.725018
0.725945
0.726674
0.72717
0.727421
0.727444
0.727269
0.726938
0.726505
0.726033
0.725589
0.72524
0.725052
0.725095
0.725459
0.726292
0.72794
0.731497
)
;
        value           nonuniform List<scalar> 
100
(
0.0527661
0.0527631
0.0527607
0.0527602
0.0527614
0.0527636
0.0527661
0.0527681
0.0527679
0.052765
0.05276
0.0527538
0.0527471
0.0527407
0.0527351
0.0527304
0.0527269
0.0527245
0.0527229
0.0527218
0.0527208
0.0527195
0.0527176
0.0527151
0.052712
0.0527086
0.0527051
0.0527019
0.0526993
0.052697
0.0526946
0.0526918
0.0526881
0.0526838
0.0526797
0.0526755
0.0526715
0.0526673
0.0526625
0.0526573
0.0526518
0.0526464
0.0526417
0.0526378
0.0526347
0.052632
0.0526298
0.0526276
0.0526247
0.0526207
0.0526155
0.0526092
0.052602
0.0525944
0.0525866
0.052579
0.0525719
0.0525654
0.0525598
0.0525551
0.0525513
0.0525485
0.0525466
0.0525456
0.0525454
0.0525461
0.0525476
0.0525499
0.0525529
0.0525566
0.0525609
0.0525658
0.0525713
0.0525774
0.0525843
0.0525919
0.0526005
0.0526102
0.0526208
0.0526326
0.0526452
0.0526588
0.0526732
0.0526882
0.0527038
0.0527199
0.0527362
0.0527525
0.0527687
0.0527841
0.0527985
0.0528115
0.0528227
0.0528321
0.0528396
0.0528459
0.0528527
0.0528627
0.052876
0.0528859
)
;
    }
    fixedWalls
    {
        type            fixedFluxPressure;
        gradient        uniform 0;
        value           nonuniform List<scalar> 
100
(
0.0491928
0.049195
0.049174
0.0491389
0.0490995
0.0490598
0.0490206
0.0489821
0.0489446
0.0489081
0.0488726
0.0488381
0.0488044
0.0487716
0.0487394
0.0487076
0.048676
0.0486445
0.0486133
0.0485849
0.0485627
0.0485483
0.0485431
0.0485481
0.0485632
0.0485878
0.0486203
0.0486589
0.0487016
0.0487456
0.048788
0.0488284
0.0488688
0.0489024
0.0489201
0.0489215
0.0489166
0.0489146
0.0489175
0.0489278
0.0489535
0.0490052
0.049084
0.0491699
0.0492421
0.0492947
0.0493177
0.0493202
0.0493178
0.0493478
0.0490565
0.0490597
0.0490689
0.0490838
0.0490917
0.0490886
0.0490752
0.0490534
0.0490258
0.048995
0.0489629
0.0489307
0.0488991
0.0488686
0.0488393
0.048811
0.0487838
0.0487576
0.0487324
0.0487083
0.0486854
0.0486639
0.048644
0.048626
0.0486101
0.0485968
0.0485862
0.048579
0.0485756
0.0485762
0.0485811
0.0485901
0.0486031
0.0486201
0.0486417
0.0486701
0.0487099
0.048766
0.0488377
0.0489145
0.0489837
0.0490415
0.0490875
0.0491208
0.0491428
0.0491558
0.0491666
0.0491787
0.0491932
0.0492285
)
;
    }
    frontAndBack
    {
        type            empty;
    }
}


// ************************************************************************* //
