/*--------------------------------*- C++ -*----------------------------------*\
| =========                 |                                                 |
| \\      /  F ield         | OpenFOAM: The Open Source CFD Toolbox           |
|  \\    /   O peration     | Version:  4.1                                   |
|   \\  /    A nd           | Web:      www.OpenFOAM.org                      |
|    \\/     M anipulation  |                                                 |
\*---------------------------------------------------------------------------*/
FoamFile
{
    version     2.0;
    format      ascii;
    class       volScalarField;
    location    "1840";
    object      p_rgh;
}
// * * * * * * * * * * * * * * * * * * * * * * * * * * * * * * * * * * * * * //

dimensions      [0 2 -2 0 0 0 0];

internalField   nonuniform List<scalar> 
5000
(
0.0491787
0.049177
0.0491774
0.0491766
0.0491733
0.049169
0.0491643
0.04916
0.0491571
0.0491563
0.0491557
0.0491522
0.0491441
0.0491292
0.0491097
0.0490924
0.0490863
0.0490955
0.0490893
0.0490927
0.0491104
0.0491351
0.0491578
0.0491744
0.0491872
0.0491981
0.0492078
0.049216
0.0492224
0.0492274
0.0492312
0.0492345
0.0492374
0.0492393
0.0492401
0.0492398
0.0492387
0.0492368
0.0492344
0.0492315
0.0492284
0.0492251
0.0492218
0.0492185
0.0492152
0.0492121
0.0492092
0.0492065
0.049204
0.0492016
0.0491994
0.0491973
0.0491953
0.0491934
0.0491913
0.0491891
0.0491866
0.0491834
0.0491793
0.0491741
0.0491681
0.0491627
0.0491624
0.0491736
0.0491876
0.0491853
0.0491852
0.049186
0.0491867
0.0491871
0.0491875
0.0491888
0.0491917
0.049197
0.049205
0.0492154
0.0492262
0.0492351
0.0492317
0.0492188
0.0492003
0.0491806
0.049162
0.0491454
0.0491311
0.0491192
0.0491098
0.0491027
0.0490978
0.0490947
0.0490932
0.0490928
0.0490932
0.0490941
0.0490954
0.0490968
0.0490984
0.0491008
0.049105
0.049114
0.0491858
0.0492129
0.0492261
0.0492235
0.0492189
0.0492147
0.0492107
0.0492066
0.0492019
0.049196
0.0491883
0.0491776
0.0491624
0.0491408
0.0491138
0.0490859
0.0490557
0.0490553
0.0490635
0.0490917
0.0491324
0.0491672
0.0491889
0.0492032
0.0492143
0.0492243
0.0492338
0.0492425
0.0492505
0.0492575
0.0492632
0.0492678
0.0492716
0.0492746
0.0492765
0.0492774
0.0492775
0.0492769
0.0492758
0.0492743
0.0492725
0.0492706
0.0492687
0.0492668
0.049265
0.0492633
0.0492619
0.0492606
0.0492596
0.0492589
0.0492584
0.0492582
0.0492582
0.0492585
0.0492589
0.0492595
0.04926
0.0492601
0.049259
0.0492554
0.0492444
0.0492206
0.0491883
0.0491703
0.0491772
0.0492064
0.0492123
0.0492142
0.0492146
0.0492138
0.0492123
0.0492106
0.0492094
0.0492098
0.0492129
0.0492181
0.0492245
0.0492293
0.0492277
0.0492177
0.0492027
0.0491866
0.0491714
0.049158
0.0491468
0.049138
0.0491319
0.0491278
0.0491256
0.0491249
0.0491255
0.0491272
0.0491296
0.0491324
0.0491354
0.0491381
0.0491398
0.0491383
0.049129
0.0491115
0.0491739
0.0492194
0.0492289
0.0492241
0.0492186
0.0492138
0.0492096
0.0492056
0.0492011
0.0491958
0.0491885
0.0491777
0.0491607
0.049134
0.0490967
0.0490585
0.0490329
0.0490249
0.0490375
0.0490848
0.0491395
0.0491759
0.0491933
0.0492035
0.0492125
0.0492214
0.0492304
0.049239
0.0492471
0.0492543
0.0492603
0.0492652
0.0492693
0.0492726
0.0492747
0.0492758
0.0492761
0.0492756
0.0492747
0.0492733
0.0492717
0.04927
0.0492682
0.0492665
0.0492649
0.0492634
0.0492621
0.0492611
0.0492602
0.0492597
0.0492594
0.0492594
0.0492596
0.0492602
0.049261
0.0492622
0.0492636
0.0492652
0.0492667
0.0492672
0.049263
0.0492429
0.0491985
0.0491566
0.0491537
0.0491896
0.0492227
0.0492263
0.0492246
0.0492201
0.0492142
0.0492085
0.0492046
0.0492035
0.0492049
0.0492081
0.0492137
0.0492168
0.0492141
0.0492046
0.049191
0.0491763
0.0491623
0.0491498
0.0491392
0.049131
0.0491252
0.0491222
0.0491217
0.0491233
0.0491266
0.0491312
0.0491366
0.0491424
0.0491481
0.0491533
0.0491567
0.0491548
0.0491354
0.0490853
0.0491561
0.049218
0.0492268
0.0492211
0.0492151
0.0492101
0.049206
0.0492024
0.0491986
0.0491943
0.0491885
0.0491793
0.0491638
0.049139
0.0491055
0.0490703
0.049041
0.0490275
0.0490414
0.0490961
0.0491565
0.049187
0.0491965
0.0492028
0.0492099
0.0492176
0.0492259
0.0492343
0.0492424
0.0492498
0.0492561
0.0492612
0.0492656
0.0492692
0.0492716
0.0492729
0.0492734
0.0492731
0.0492723
0.049271
0.0492696
0.049268
0.0492663
0.0492647
0.0492632
0.0492619
0.0492608
0.0492599
0.0492592
0.0492588
0.0492587
0.0492589
0.0492593
0.0492601
0.0492611
0.0492625
0.0492643
0.0492664
0.0492687
0.0492709
0.0492701
0.0492543
0.0492064
0.0491478
0.049131
0.0491664
0.0492126
0.0492309
0.0492281
0.0492208
0.0492122
0.0492044
0.0491992
0.0491973
0.0491976
0.0491998
0.049205
0.0492067
0.0492022
0.0491919
0.0491786
0.0491646
0.0491514
0.0491396
0.0491295
0.0491214
0.0491159
0.0491131
0.0491131
0.0491156
0.0491202
0.0491265
0.0491338
0.0491416
0.0491494
0.0491565
0.0491615
0.0491599
0.0491327
0.0490498
0.0491361
0.0492111
0.0492206
0.0492149
0.0492089
0.0492043
0.0492008
0.0491981
0.0491957
0.0491932
0.0491899
0.0491844
0.0491747
0.0491586
0.0491357
0.0491073
0.0490804
0.049066
0.0490793
0.0491301
0.04918
0.0491954
0.0491982
0.0492018
0.0492069
0.0492133
0.0492207
0.0492287
0.0492368
0.0492444
0.0492511
0.0492566
0.0492614
0.0492654
0.0492681
0.0492696
0.0492703
0.0492702
0.0492695
0.0492685
0.0492671
0.0492656
0.0492641
0.0492627
0.0492613
0.0492601
0.0492592
0.0492584
0.049258
0.0492578
0.0492579
0.0492582
0.0492589
0.0492599
0.0492612
0.0492628
0.0492648
0.0492672
0.0492699
0.0492727
0.0492734
0.0492613
0.0492152
0.0491472
0.0491157
0.0491441
0.0491964
0.0492276
0.0492297
0.0492208
0.0492105
0.0492016
0.0491956
0.0491929
0.0491927
0.0491951
0.0491998
0.0492
0.0491932
0.0491813
0.0491676
0.049154
0.0491412
0.0491296
0.0491197
0.0491116
0.0491059
0.0491029
0.049103
0.049106
0.0491114
0.0491187
0.0491274
0.0491367
0.049146
0.0491546
0.0491609
0.0491598
0.0491274
0.0490143
0.0491115
0.0491979
0.0492094
0.0492047
0.0491993
0.0491955
0.0491932
0.0491922
0.0491919
0.049192
0.049192
0.0491912
0.0491885
0.0491822
0.049171
0.0491539
0.0491355
0.0491248
0.0491352
0.0491705
0.0491964
0.0491991
0.0491983
0.0491995
0.0492028
0.0492079
0.0492144
0.049222
0.0492301
0.049238
0.0492452
0.0492512
0.0492564
0.0492609
0.049264
0.049266
0.0492669
0.0492671
0.0492666
0.0492657
0.0492645
0.0492631
0.0492618
0.0492605
0.0492593
0.0492582
0.0492575
0.0492569
0.0492566
0.0492566
0.0492569
0.0492575
0.0492584
0.0492596
0.0492611
0.049263
0.0492652
0.0492677
0.0492706
0.0492737
0.0492751
0.049266
0.0492241
0.0491525
0.0491083
0.049126
0.0491791
0.0492201
0.0492295
0.0492217
0.0492106
0.0492011
0.0491932
0.0491905
0.0491905
0.0491939
0.0491986
0.0491967
0.0491871
0.0491735
0.0491593
0.0491457
0.049133
0.0491215
0.0491114
0.049103
0.0490968
0.0490932
0.0490929
0.0490959
0.0491018
0.0491099
0.0491196
0.04913
0.0491406
0.0491504
0.0491578
0.0491576
0.0491217
0.0489808
0.0490793
0.0491768
0.0491924
0.0491897
0.0491854
0.049183
0.0491826
0.0491839
0.0491866
0.0491899
0.0491934
0.0491967
0.0491993
0.0492002
0.049198
0.0491917
0.0491828
0.0491768
0.0491818
0.0491966
0.0492023
0.0491988
0.0491962
0.0491957
0.0491974
0.0492011
0.0492069
0.0492141
0.0492222
0.0492305
0.0492382
0.0492448
0.0492508
0.0492558
0.0492594
0.0492618
0.0492631
0.0492636
0.0492634
0.0492627
0.0492617
0.0492606
0.0492594
0.0492582
0.0492572
0.0492563
0.0492557
0.0492553
0.0492552
0.0492554
0.0492559
0.0492568
0.0492579
0.0492593
0.049261
0.0492631
0.0492654
0.0492681
0.0492711
0.0492742
0.049276
0.0492691
0.0492325
0.0491614
0.0491073
0.049113
0.0491625
0.0492103
0.0492279
0.0492233
0.0492127
0.0492015
0.049192
0.0491901
0.0491908
0.0491963
0.0492009
0.049196
0.0491836
0.0491687
0.0491543
0.0491407
0.0491281
0.0491162
0.0491056
0.0490965
0.0490896
0.0490852
0.0490841
0.0490866
0.0490925
0.049101
0.0491115
0.0491229
0.0491345
0.0491454
0.0491538
0.0491547
0.0491162
0.048949
0.0490399
0.0491467
0.0491688
0.0491702
0.0491671
0.0491659
0.049168
0.0491721
0.0491786
0.0491862
0.0491935
0.0492001
0.0492059
0.0492106
0.0492132
0.0492128
0.0492095
0.0492058
0.0492049
0.0492056
0.0492021
0.0491966
0.0491925
0.0491904
0.0491906
0.0491932
0.0491981
0.049205
0.0492132
0.0492219
0.0492302
0.0492376
0.0492443
0.04925
0.0492542
0.0492571
0.0492589
0.0492598
0.0492599
0.0492595
0.0492588
0.0492579
0.0492569
0.049256
0.0492551
0.0492545
0.049254
0.0492538
0.0492539
0.0492543
0.049255
0.049256
0.0492573
0.0492589
0.0492608
0.049263
0.0492655
0.0492683
0.0492713
0.0492743
0.0492764
0.0492713
0.0492399
0.0491722
0.0491113
0.0491049
0.0491478
0.049199
0.0492246
0.0492245
0.0492145
0.0492
0.049191
0.0491914
0.0491936
0.0492021
0.0492054
0.0491969
0.0491823
0.0491671
0.0491529
0.0491395
0.0491265
0.049114
0.0491024
0.0490922
0.0490843
0.0490793
0.0490773
0.049079
0.0490844
0.049093
0.0491039
0.0491161
0.0491286
0.0491404
0.0491498
0.0491517
0.0491114
0.0489189
0.0490021
0.0491068
0.0491376
0.0491464
0.0491455
0.0491432
0.0491473
0.0491551
0.0491657
0.0491791
0.049192
0.0492022
0.04921
0.0492162
0.0492202
0.0492215
0.0492198
0.0492159
0.0492114
0.0492061
0.0491995
0.049193
0.0491877
0.0491841
0.0491829
0.0491844
0.0491887
0.0491953
0.0492036
0.0492126
0.0492215
0.0492298
0.0492373
0.0492436
0.0492484
0.0492519
0.0492542
0.0492556
0.0492561
0.0492561
0.0492558
0.0492551
0.0492544
0.0492537
0.0492531
0.0492527
0.0492524
0.0492524
0.0492527
0.0492532
0.0492541
0.0492553
0.0492568
0.0492585
0.0492606
0.0492629
0.0492655
0.0492683
0.0492713
0.0492743
0.0492763
0.0492726
0.0492464
0.0491839
0.0491188
0.049101
0.0491353
0.0491869
0.0492192
0.0492242
0.0492134
0.0491958
0.0491909
0.0491952
0.0491991
0.0492106
0.0492109
0.0491987
0.0491833
0.0491688
0.0491551
0.0491415
0.0491278
0.0491142
0.049101
0.049089
0.0490796
0.0490739
0.0490721
0.0490733
0.049078
0.0490863
0.0490974
0.0491101
0.0491233
0.0491359
0.0491461
0.049149
0.0491074
0.0488905
0.0489781
0.0490666
0.0490999
0.0491171
0.0491243
0.0491191
0.049119
0.0491307
0.0491447
0.0491655
0.0491867
0.0492032
0.0492135
0.04922
0.0492239
0.0492249
0.0492228
0.0492182
0.0492119
0.0492045
0.0491968
0.0491894
0.0491828
0.0491778
0.0491754
0.0491758
0.0491794
0.0491856
0.0491938
0.0492032
0.0492126
0.0492217
0.0492298
0.0492367
0.0492422
0.0492463
0.0492492
0.049251
0.0492521
0.0492525
0.0492525
0.0492523
0.0492519
0.0492515
0.0492512
0.049251
0.0492509
0.0492511
0.0492516
0.0492523
0.0492533
0.0492546
0.0492562
0.0492581
0.0492603
0.0492627
0.0492653
0.0492681
0.049271
0.0492739
0.0492759
0.0492732
0.0492516
0.0491953
0.0491286
0.0491006
0.0491251
0.0491745
0.0492117
0.0492213
0.0492087
0.04919
0.0491936
0.0492017
0.0492072
0.0492204
0.049216
0.0492014
0.049187
0.0491734
0.0491597
0.0491456
0.0491309
0.0491157
0.0491005
0.0490862
0.0490743
0.0490667
0.0490657
0.0490681
0.0490731
0.0490812
0.0490922
0.0491052
0.0491189
0.0491322
0.0491431
0.0491469
0.0491042
0.0488636
0.0489757
0.0490399
0.0490682
0.0490871
0.0491004
0.0491024
0.0490895
0.0490846
0.0491139
0.0491416
0.049174
0.0492011
0.049217
0.0492237
0.049227
0.0492273
0.0492244
0.0492189
0.0492117
0.0492036
0.0491951
0.0491867
0.0491789
0.0491727
0.0491691
0.0491686
0.0491713
0.0491769
0.0491848
0.0491942
0.049204
0.0492135
0.0492222
0.0492296
0.0492357
0.0492403
0.0492438
0.0492462
0.0492477
0.0492487
0.0492492
0.0492494
0.0492494
0.0492494
0.0492494
0.0492494
0.0492496
0.04925
0.0492506
0.0492515
0.0492526
0.049254
0.0492557
0.0492576
0.0492598
0.0492622
0.0492649
0.0492676
0.0492705
0.0492732
0.0492751
0.0492732
0.0492555
0.0492056
0.0491394
0.0491027
0.049117
0.0491623
0.0492024
0.0492154
0.0492015
0.0491857
0.0491997
0.0492098
0.0492175
0.0492294
0.0492202
0.0492064
0.0491932
0.0491799
0.0491658
0.0491507
0.0491346
0.0491178
0.0491006
0.0490836
0.0490685
0.0490573
0.0490545
0.0490615
0.0490689
0.0490775
0.0490885
0.0491016
0.0491156
0.0491294
0.0491409
0.0491454
0.0491019
0.0488382
0.0490049
0.04904
0.049054
0.0490671
0.0490814
0.0490885
0.04908
0.0490589
0.0490627
0.0491056
0.0491505
0.0491918
0.0492186
0.0492285
0.0492305
0.04923
0.0492264
0.0492203
0.0492126
0.049204
0.0491951
0.0491859
0.0491772
0.0491699
0.0491652
0.0491636
0.0491653
0.04917
0.0491773
0.0491862
0.0491961
0.0492058
0.0492148
0.0492226
0.0492291
0.0492342
0.0492382
0.0492411
0.0492433
0.0492448
0.0492459
0.0492466
0.0492471
0.0492474
0.0492478
0.0492482
0.0492486
0.0492492
0.04925
0.0492509
0.0492521
0.0492535
0.0492552
0.0492571
0.0492593
0.0492616
0.0492642
0.0492668
0.0492695
0.049272
0.0492739
0.0492724
0.0492579
0.0492144
0.0491501
0.0491065
0.0491107
0.0491504
0.0491914
0.0492068
0.0491926
0.0491822
0.0492074
0.0492184
0.049229
0.0492357
0.0492252
0.049213
0.0492006
0.0491872
0.0491724
0.0491562
0.0491386
0.0491199
0.0491006
0.0490814
0.0490631
0.0490475
0.0490389
0.0490473
0.0490618
0.0490742
0.0490861
0.0490993
0.0491135
0.0491275
0.0491393
0.0491444
0.0491004
0.0488141
0.0490849
0.0490798
0.0490664
0.0490638
0.049072
0.0490803
0.0490767
0.0490562
0.0490369
0.0490548
0.0491178
0.0491727
0.0492141
0.0492333
0.0492358
0.0492339
0.0492293
0.0492225
0.0492143
0.0492055
0.0491964
0.0491869
0.0491778
0.0491698
0.0491641
0.0491614
0.0491619
0.0491654
0.0491717
0.04918
0.0491895
0.0491991
0.0492081
0.049216
0.0492227
0.0492282
0.0492326
0.0492361
0.0492389
0.049241
0.0492426
0.0492439
0.0492449
0.0492458
0.0492465
0.0492472
0.049248
0.0492488
0.0492497
0.0492507
0.0492519
0.0492532
0.0492548
0.0492566
0.0492586
0.0492608
0.0492632
0.0492656
0.0492681
0.0492704
0.049272
0.0492708
0.0492588
0.049221
0.0491597
0.0491107
0.0491054
0.0491386
0.0491789
0.0491956
0.0491818
0.0491785
0.0492153
0.0492267
0.0492385
0.0492413
0.0492313
0.0492203
0.0492082
0.0491945
0.0491791
0.0491618
0.0491428
0.0491224
0.0491009
0.0490792
0.0490582
0.0490391
0.049024
0.0490227
0.0490461
0.0490675
0.0490837
0.049098
0.0491124
0.0491265
0.0491385
0.049144
0.0490995
0.0487912
0.0492006
0.0491401
0.0490952
0.049073
0.0490709
0.0490767
0.0490753
0.0490581
0.0490374
0.04904
0.0490828
0.0491468
0.0492017
0.0492329
0.0492428
0.0492406
0.049234
0.0492257
0.0492168
0.0492077
0.0491987
0.0491895
0.0491804
0.0491722
0.0491659
0.0491622
0.0491613
0.0491635
0.0491685
0.0491759
0.0491845
0.0491936
0.0492022
0.04921
0.0492168
0.0492225
0.0492273
0.0492313
0.0492346
0.0492374
0.0492397
0.0492416
0.0492432
0.0492446
0.0492458
0.0492469
0.0492479
0.0492488
0.0492498
0.0492508
0.0492519
0.0492531
0.0492545
0.0492561
0.0492578
0.0492597
0.0492618
0.049264
0.0492661
0.049268
0.0492693
0.0492682
0.0492581
0.0492252
0.0491672
0.0491143
0.0491003
0.0491267
0.049165
0.049182
0.0491688
0.049176
0.0492211
0.0492339
0.0492462
0.0492467
0.0492376
0.0492274
0.0492154
0.0492014
0.0491854
0.0491673
0.0491472
0.0491253
0.049102
0.0490779
0.049054
0.0490317
0.0490128
0.0489999
0.0490189
0.0490515
0.0490775
0.0490962
0.0491119
0.0491262
0.0491384
0.0491441
0.0490992
0.0487693
0.0492389
0.0491675
0.049113
0.0490804
0.0490714
0.0490747
0.0490737
0.0490585
0.0490396
0.0490413
0.0490759
0.0491328
0.0491892
0.0492283
0.049246
0.0492473
0.0492402
0.0492304
0.0492203
0.0492108
0.0492018
0.0491931
0.0491845
0.0491765
0.0491698
0.0491652
0.049163
0.0491638
0.0491676
0.0491737
0.0491814
0.0491896
0.0491976
0.0492049
0.0492115
0.0492173
0.0492224
0.0492269
0.0492308
0.0492343
0.0492373
0.0492399
0.0492421
0.049244
0.0492457
0.0492472
0.0492484
0.0492495
0.0492505
0.0492514
0.0492523
0.0492533
0.0492543
0.0492555
0.0492568
0.0492583
0.04926
0.0492617
0.0492634
0.0492648
0.0492656
0.0492643
0.0492555
0.0492267
0.0491722
0.0491164
0.0490945
0.049114
0.0491494
0.0491657
0.0491532
0.0491742
0.0492248
0.0492401
0.0492523
0.0492515
0.0492434
0.0492335
0.0492217
0.0492076
0.0491914
0.0491729
0.0491521
0.0491292
0.0491043
0.0490781
0.0490516
0.049026
0.0490033
0.0489856
0.0489861
0.0490256
0.0490634
0.0490912
0.0491109
0.0491264
0.0491388
0.0491446
0.0490993
0.0487483
0.0492237
0.0491574
0.0491076
0.049077
0.0490684
0.0490716
0.0490704
0.0490562
0.0490409
0.0490469
0.0490829
0.0491369
0.0491903
0.0492295
0.0492498
0.0492535
0.049247
0.0492364
0.0492253
0.0492151
0.049206
0.0491976
0.0491895
0.0491818
0.0491749
0.0491695
0.0491664
0.049166
0.0491685
0.0491735
0.04918
0.0491871
0.0491941
0.0492009
0.0492071
0.0492129
0.0492182
0.0492232
0.0492277
0.0492319
0.0492356
0.049239
0.0492419
0.0492444
0.0492465
0.0492483
0.0492498
0.0492509
0.0492518
0.0492526
0.0492532
0.0492537
0.0492543
0.0492549
0.0492557
0.0492566
0.0492576
0.0492587
0.0492597
0.0492605
0.0492606
0.049259
0.0492509
0.0492252
0.0491738
0.049116
0.0490871
0.0490999
0.0491319
0.0491466
0.0491348
0.0491731
0.0492284
0.0492448
0.0492566
0.0492554
0.0492478
0.0492384
0.0492269
0.0492132
0.0491972
0.0491788
0.0491578
0.0491343
0.0491083
0.0490804
0.0490515
0.0490229
0.0489964
0.0489746
0.0489619
0.0489929
0.0490403
0.04908
0.0491074
0.0491262
0.0491395
0.0491455
0.0490997
0.0487282
0.0492176
0.0491374
0.0490853
0.0490645
0.0490613
0.0490662
0.0490646
0.0490521
0.049044
0.0490598
0.0491031
0.0491568
0.0492055
0.0492403
0.0492583
0.0492615
0.0492548
0.0492436
0.0492317
0.0492209
0.0492116
0.0492033
0.0491955
0.0491879
0.0491807
0.0491747
0.0491708
0.0491695
0.0491711
0.0491748
0.04918
0.0491859
0.0491919
0.0491978
0.0492036
0.0492093
0.049215
0.0492204
0.0492257
0.0492306
0.0492351
0.0492392
0.0492428
0.0492459
0.0492484
0.0492505
0.0492521
0.0492532
0.0492539
0.0492543
0.0492545
0.0492544
0.0492544
0.0492543
0.0492543
0.0492544
0.0492546
0.0492549
0.0492551
0.0492549
0.0492541
0.0492518
0.049244
0.0492204
0.0491716
0.0491122
0.0490771
0.0490836
0.0491119
0.0491242
0.049114
0.0491725
0.0492306
0.0492489
0.0492591
0.0492576
0.0492507
0.0492418
0.049231
0.0492181
0.0492029
0.0491851
0.0491644
0.0491408
0.0491143
0.0490852
0.0490544
0.0490231
0.0489933
0.0489675
0.0489496
0.0489557
0.0490116
0.0490617
0.0490996
0.0491245
0.0491401
0.0491467
0.0491005
0.0487089
0.0492206
0.0491319
0.049061
0.0490491
0.0490522
0.0490589
0.0490574
0.0490502
0.0490553
0.0490871
0.0491393
0.049191
0.0492323
0.0492591
0.0492715
0.0492717
0.0492636
0.0492515
0.049239
0.0492279
0.0492184
0.0492101
0.0492023
0.0491945
0.049187
0.0491805
0.049176
0.0491741
0.0491748
0.0491775
0.0491814
0.0491859
0.0491907
0.0491958
0.0492012
0.0492069
0.0492129
0.0492189
0.0492249
0.0492307
0.0492361
0.0492409
0.0492452
0.0492487
0.0492516
0.0492538
0.0492554
0.0492563
0.0492567
0.0492566
0.0492561
0.0492554
0.0492544
0.0492534
0.0492524
0.0492515
0.0492507
0.04925
0.049249
0.0492477
0.0492457
0.0492423
0.0492342
0.0492121
0.0491652
0.0491042
0.0490637
0.0490646
0.0490889
0.0490982
0.0490922
0.0491699
0.0492299
0.04925
0.0492597
0.0492579
0.0492517
0.0492438
0.0492341
0.0492224
0.0492083
0.0491916
0.0491717
0.0491486
0.0491222
0.0490925
0.0490604
0.049027
0.0489943
0.0489647
0.048942
0.048934
0.0489756
0.0490379
0.0490866
0.04912
0.0491399
0.0491479
0.0491014
0.0486905
0.0492333
0.0491426
0.0490586
0.0490374
0.0490438
0.0490519
0.0490541
0.0490601
0.0490863
0.0491384
0.0491928
0.0492361
0.0492655
0.0492816
0.0492864
0.0492822
0.049272
0.0492591
0.0492465
0.0492354
0.049226
0.0492176
0.0492096
0.0492014
0.0491934
0.0491866
0.0491819
0.0491797
0.0491797
0.0491812
0.0491836
0.0491867
0.0491904
0.0491948
0.0492
0.0492059
0.0492123
0.0492191
0.0492259
0.0492326
0.0492388
0.0492443
0.0492491
0.0492531
0.0492562
0.0492584
0.0492598
0.0492604
0.0492602
0.0492594
0.0492581
0.0492563
0.0492543
0.0492522
0.04925
0.0492479
0.0492458
0.0492437
0.0492414
0.0492385
0.0492348
0.0492299
0.0492212
0.0491997
0.0491539
0.0490913
0.049046
0.049042
0.0490625
0.0490684
0.0490699
0.049165
0.0492261
0.0492484
0.0492588
0.0492563
0.049251
0.0492443
0.049236
0.0492258
0.0492133
0.049198
0.0491795
0.0491576
0.0491318
0.0491024
0.0490697
0.0490348
0.0489996
0.0489668
0.04894
0.0489252
0.0489386
0.049009
0.0490686
0.0491117
0.0491379
0.0491488
0.0491026
0.0486729
0.0492584
0.0491758
0.0490834
0.0490399
0.0490389
0.0490534
0.0490694
0.0490998
0.0491519
0.0492123
0.0492558
0.0492829
0.049297
0.0493012
0.0492983
0.04929
0.0492782
0.0492652
0.0492531
0.0492426
0.0492336
0.0492252
0.0492168
0.0492082
0.0491999
0.0491931
0.0491885
0.0491861
0.0491853
0.0491856
0.0491865
0.0491883
0.049191
0.0491949
0.0492001
0.0492064
0.0492136
0.0492212
0.049229
0.0492365
0.0492435
0.0492497
0.0492549
0.0492591
0.0492622
0.0492642
0.0492652
0.0492652
0.0492642
0.0492625
0.0492601
0.0492572
0.0492539
0.0492505
0.0492469
0.0492433
0.0492397
0.0492359
0.0492317
0.0492267
0.0492209
0.0492141
0.0492042
0.0491828
0.0491374
0.0490729
0.0490234
0.0490155
0.0490325
0.0490348
0.0490482
0.0491573
0.0492186
0.0492428
0.0492542
0.049253
0.0492486
0.0492434
0.0492368
0.0492283
0.0492176
0.0492041
0.0491875
0.0491672
0.0491429
0.0491145
0.0490821
0.0490465
0.0490095
0.0489736
0.0489425
0.0489218
0.0489219
0.0489697
0.0490458
0.0490989
0.0491332
0.0491487
0.0491038
0.0486562
0.0492935
0.0492327
0.0491454
0.0490758
0.0490502
0.0490862
0.0491296
0.0491877
0.0492525
0.0492921
0.0493115
0.0493182
0.0493175
0.0493123
0.049304
0.0492933
0.0492813
0.0492692
0.0492583
0.0492488
0.0492405
0.0492322
0.0492234
0.0492145
0.0492064
0.0492001
0.0491958
0.0491932
0.0491914
0.0491902
0.0491897
0.0491903
0.0491924
0.0491963
0.0492019
0.049209
0.0492171
0.0492257
0.0492344
0.0492428
0.0492504
0.049257
0.0492625
0.0492667
0.0492695
0.0492711
0.0492714
0.0492705
0.0492686
0.0492658
0.0492621
0.0492578
0.049253
0.0492479
0.0492427
0.0492373
0.0492319
0.0492261
0.0492195
0.0492118
0.0492031
0.049194
0.0491827
0.049161
0.0491152
0.0490484
0.0489955
0.048985
0.0489986
0.048998
0.0490275
0.0491471
0.0492083
0.0492343
0.0492473
0.0492477
0.0492449
0.0492413
0.0492364
0.0492298
0.049221
0.0492096
0.0491951
0.0491771
0.049155
0.0491284
0.0490973
0.049062
0.0490239
0.0489853
0.0489502
0.0489239
0.0489145
0.0489376
0.0490118
0.0490808
0.0491245
0.0491467
0.0491048
0.0486401
0.0493309
0.0493072
0.0492473
0.0491755
0.0491126
0.0491837
0.0492503
0.0493106
0.0493391
0.049345
0.0493406
0.0493325
0.0493233
0.0493139
0.0493038
0.0492929
0.0492819
0.0492715
0.0492621
0.0492539
0.0492461
0.0492377
0.0492289
0.0492203
0.0492131
0.0492079
0.049204
0.0492006
0.0491974
0.0491946
0.0491928
0.0491927
0.0491948
0.0491992
0.0492057
0.0492138
0.049223
0.0492328
0.0492424
0.0492515
0.0492596
0.0492664
0.0492718
0.0492756
0.049278
0.0492788
0.0492782
0.0492762
0.0492731
0.0492689
0.0492637
0.0492577
0.0492512
0.0492443
0.0492372
0.0492298
0.0492222
0.049214
0.0492043
0.0491929
0.0491806
0.0491688
0.0491561
0.0491339
0.049087
0.0490175
0.0489622
0.0489505
0.0489605
0.04896
0.049008
0.0491349
0.0491959
0.0492238
0.0492389
0.049241
0.04924
0.049238
0.0492349
0.0492301
0.0492233
0.0492142
0.0492021
0.0491867
0.0491674
0.0491436
0.0491148
0.0490809
0.0490428
0.0490023
0.048963
0.0489301
0.0489114
0.0489194
0.0489729
0.0490532
0.0491105
0.0491415
0.0491047
0.048624
0.0493508
0.0493622
0.0493518
0.0493304
0.0492665
0.0493351
0.0493748
0.0493812
0.0493714
0.0493568
0.0493423
0.0493297
0.0493193
0.0493098
0.0493003
0.0492907
0.0492812
0.0492724
0.0492646
0.0492575
0.04925
0.0492416
0.0492332
0.0492262
0.0492209
0.0492168
0.0492125
0.0492076
0.0492026
0.0491983
0.0491958
0.0491958
0.0491986
0.0492041
0.0492119
0.0492213
0.0492318
0.0492426
0.049253
0.0492626
0.0492709
0.0492775
0.0492825
0.0492857
0.0492871
0.0492869
0.0492851
0.0492819
0.0492773
0.0492715
0.0492647
0.0492569
0.0492484
0.0492395
0.0492301
0.0492204
0.0492102
0.049199
0.0491853
0.0491691
0.0491524
0.0491377
0.049124
0.0491014
0.0490527
0.0489803
0.0489237
0.048912
0.048919
0.0489226
0.0489897
0.0491212
0.0491821
0.0492121
0.0492294
0.0492333
0.0492341
0.0492338
0.0492324
0.0492294
0.0492246
0.0492177
0.0492081
0.0491956
0.0491795
0.0491591
0.0491337
0.0491027
0.0490661
0.049025
0.0489821
0.0489424
0.0489135
0.0489068
0.0489393
0.0490147
0.049088
0.0491312
0.0491004
0.0486061
0.0493563
0.0493845
0.0493968
0.0494172
0.0494078
0.0494118
0.0493999
0.0493834
0.0493654
0.0493478
0.0493325
0.0493207
0.0493117
0.0493037
0.0492955
0.0492874
0.0492795
0.0492723
0.0492658
0.0492593
0.0492518
0.0492441
0.0492379
0.0492337
0.0492304
0.0492262
0.0492202
0.0492131
0.0492064
0.0492013
0.049199
0.0492
0.0492042
0.0492113
0.0492207
0.0492317
0.0492434
0.0492551
0.0492661
0.0492758
0.0492838
0.0492899
0.0492941
0.0492962
0.0492965
0.049295
0.0492918
0.0492871
0.049281
0.0492735
0.0492648
0.0492551
0.0492445
0.0492331
0.0492213
0.0492089
0.0491957
0.0491806
0.0491616
0.0491391
0.0491172
0.0491001
0.0490864
0.0490635
0.0490121
0.0489358
0.0488815
0.0488712
0.048876
0.0488873
0.0489724
0.0491064
0.0491674
0.0491996
0.0492193
0.049225
0.0492276
0.049229
0.0492292
0.049228
0.049225
0.04922
0.0492129
0.0492032
0.0491905
0.0491741
0.0491531
0.0491263
0.0490932
0.0490536
0.0490088
0.0489628
0.0489222
0.0488986
0.0489092
0.0489716
0.0490523
0.0491109
0.0490769
0.0485892
0.0493544
0.0493915
0.0494101
0.0494162
0.0494135
0.0494032
0.0493888
0.049372
0.0493538
0.0493358
0.0493205
0.0493101
0.0493029
0.0492965
0.04929
0.0492833
0.0492769
0.049271
0.0492654
0.0492586
0.0492518
0.0492471
0.0492453
0.0492442
0.0492409
0.0492343
0.0492254
0.0492163
0.0492088
0.0492041
0.0492031
0.0492058
0.0492121
0.0492212
0.0492324
0.0492449
0.0492577
0.0492701
0.0492812
0.0492906
0.0492979
0.049303
0.0493059
0.0493067
0.0493055
0.0493026
0.049298
0.0492918
0.049284
0.0492748
0.0492641
0.0492522
0.0492392
0.0492252
0.0492105
0.049195
0.0491782
0.0491581
0.0491315
0.0491008
0.0490736
0.0490558
0.0490437
0.0490201
0.0489628
0.0488877
0.0488383
0.048829
0.0488331
0.0488546
0.0489557
0.0490909
0.0491521
0.0491867
0.0492091
0.0492165
0.0492207
0.0492239
0.0492256
0.0492259
0.0492246
0.0492215
0.0492164
0.0492093
0.0491998
0.0491875
0.0491714
0.0491502
0.0491226
0.0490874
0.0490441
0.0489945
0.0489434
0.0489007
0.0488845
0.0489222
0.0490033
0.0490669
0.049027
0.0485806
0.0493497
0.049393
0.0494143
0.0494128
0.049405
0.0493934
0.0493791
0.0493624
0.0493439
0.0493249
0.0493084
0.049299
0.0492938
0.049289
0.0492838
0.0492784
0.0492731
0.0492681
0.0492623
0.0492563
0.0492534
0.0492553
0.0492578
0.0492562
0.0492493
0.0492388
0.0492274
0.0492174
0.0492105
0.0492075
0.0492088
0.049214
0.0492227
0.0492339
0.049247
0.0492607
0.0492743
0.0492869
0.0492977
0.0493062
0.0493124
0.049316
0.0493173
0.0493166
0.0493139
0.0493094
0.0493033
0.0492956
0.0492862
0.0492751
0.0492624
0.0492481
0.0492325
0.0492156
0.0491976
0.0491784
0.0491569
0.0491286
0.0490907
0.0490504
0.0490203
0.0490056
0.0489966
0.0489692
0.0489107
0.0488397
0.0487952
0.0487867
0.0487917
0.0488249
0.0489396
0.0490752
0.0491367
0.0491738
0.049199
0.049208
0.0492139
0.0492187
0.049222
0.0492237
0.0492238
0.0492223
0.049219
0.049214
0.0492073
0.0491986
0.0491873
0.0491722
0.0491519
0.0491242
0.0490871
0.0490395
0.0489829
0.0489234
0.0488758
0.0488669
0.0489297
0.0489935
0.048958
0.0485863
0.0493443
0.0493942
0.049415
0.0494095
0.0493991
0.0493872
0.0493732
0.0493564
0.0493372
0.0493166
0.0492976
0.0492877
0.0492844
0.0492811
0.0492769
0.0492724
0.0492678
0.0492627
0.0492572
0.0492568
0.0492638
0.0492714
0.049272
0.0492646
0.0492523
0.0492387
0.0492265
0.0492175
0.0492127
0.0492125
0.0492167
0.0492247
0.0492359
0.0492493
0.0492639
0.0492786
0.0492925
0.0493048
0.0493146
0.0493219
0.0493263
0.0493282
0.0493278
0.0493253
0.0493211
0.0493152
0.0493077
0.0492985
0.0492875
0.0492745
0.0492596
0.0492429
0.0492245
0.0492043
0.0491823
0.0491585
0.0491286
0.0490854
0.0490315
0.0489842
0.0489584
0.0489523
0.0489456
0.0489173
0.0488593
0.0487929
0.048753
0.0487452
0.0487528
0.0487981
0.048924
0.0490597
0.0491216
0.0491611
0.0491895
0.0492
0.0492073
0.0492136
0.0492185
0.0492216
0.049223
0.0492228
0.0492209
0.0492176
0.049213
0.0492072
0.0491999
0.0491905
0.0491779
0.0491598
0.0491335
0.0490957
0.0490439
0.0489781
0.0489055
0.0488469
0.048843
0.0488987
0.0488842
0.0486099
0.0493389
0.0493971
0.0494154
0.049407
0.0493963
0.049385
0.0493709
0.0493535
0.0493333
0.0493116
0.0492914
0.0492779
0.049275
0.0492724
0.0492692
0.0492654
0.0492606
0.0492557
0.0492592
0.049272
0.0492862
0.0492887
0.0492799
0.0492653
0.0492495
0.0492354
0.0492247
0.0492183
0.0492166
0.0492196
0.049227
0.0492379
0.0492515
0.0492667
0.0492826
0.0492978
0.0493115
0.0493228
0.0493312
0.0493366
0.0493391
0.049339
0.0493367
0.0493326
0.049327
0.0493198
0.0493111
0.0493005
0.0492879
0.0492729
0.0492558
0.0492365
0.0492149
0.0491908
0.0491637
0.0491316
0.0490831
0.0490151
0.0489473
0.0489059
0.0488963
0.0489008
0.0488972
0.0488673
0.0488099
0.0487483
0.0487126
0.0487057
0.0487173
0.0487743
0.048909
0.0490448
0.0491071
0.049149
0.0491808
0.0491926
0.0492011
0.0492089
0.0492153
0.0492199
0.0492224
0.0492234
0.0492227
0.0492207
0.0492176
0.0492138
0.0492094
0.0492043
0.049198
0.0491893
0.0491759
0.0491542
0.0491193
0.0490662
0.0489921
0.0489037
0.0488274
0.0488147
0.0488206
0.0486502
0.0493334
0.0494018
0.0494156
0.0494067
0.0493972
0.0493856
0.0493708
0.049353
0.0493328
0.0493112
0.0492906
0.0492743
0.0492653
0.0492625
0.0492597
0.049257
0.0492569
0.0492656
0.0492849
0.049303
0.0493068
0.0492948
0.0492771
0.0492593
0.0492438
0.0492316
0.0492237
0.0492206
0.0492224
0.0492289
0.0492394
0.049253
0.0492688
0.0492856
0.0493022
0.0493174
0.0493303
0.04934
0.0493465
0.0493496
0.0493499
0.0493479
0.0493439
0.0493384
0.0493315
0.0493232
0.0493134
0.0493015
0.0492871
0.0492701
0.0492506
0.0492284
0.049203
0.0491735
0.0491375
0.049084
0.0490022
0.0489115
0.0488508
0.0488346
0.0488443
0.0488565
0.0488522
0.0488198
0.0487635
0.0487066
0.0486746
0.0486691
0.0486857
0.0487534
0.0488947
0.049031
0.0490935
0.0491375
0.0491732
0.0491861
0.0491956
0.0492046
0.0492125
0.0492185
0.0492223
0.0492243
0.0492248
0.0492238
0.0492219
0.0492194
0.0492168
0.0492143
0.0492121
0.0492098
0.0492068
0.0492012
0.0491893
0.049165
0.0491199
0.0490462
0.048945
0.0488404
0.0487963
0.0487033
0.0493281
0.0494076
0.0494167
0.0494089
0.0493995
0.0493873
0.0493724
0.0493554
0.049337
0.0493178
0.0492988
0.0492815
0.0492678
0.0492601
0.0492612
0.0492712
0.0492901
0.04931
0.0493221
0.0493228
0.0493091
0.0492878
0.0492681
0.0492515
0.0492383
0.049229
0.0492243
0.0492247
0.04923
0.0492398
0.0492533
0.0492694
0.049287
0.049305
0.0493218
0.0493364
0.0493478
0.0493556
0.0493596
0.0493605
0.0493586
0.0493547
0.0493493
0.0493425
0.0493346
0.0493254
0.0493144
0.049301
0.0492849
0.0492656
0.0492435
0.0492178
0.0491869
0.0491481
0.0490942
0.0489998
0.0488897
0.048808
0.0487759
0.0487831
0.0488039
0.0488178
0.0488102
0.0487754
0.0487207
0.0486683
0.0486397
0.0486362
0.0486585
0.0487356
0.0488815
0.0490185
0.049081
0.0491268
0.049167
0.0491808
0.0491908
0.0492008
0.04921
0.0492175
0.0492227
0.0492257
0.0492272
0.0492272
0.0492263
0.0492248
0.0492234
0.0492224
0.0492222
0.0492231
0.0492255
0.0492293
0.049234
0.0492375
0.0492347
0.0492164
0.0491693
0.0490761
0.0489248
0.0488059
0.0493233
0.0494128
0.0494191
0.0494115
0.0494015
0.0493893
0.0493758
0.0493619
0.0493486
0.0493366
0.049327
0.049321
0.0493196
0.049323
0.0493302
0.0493382
0.0493428
0.0493418
0.0493342
0.0493202
0.0492995
0.0492768
0.0492589
0.0492449
0.0492342
0.0492277
0.0492262
0.0492301
0.0492389
0.0492519
0.0492681
0.0492864
0.0493055
0.049324
0.0493406
0.0493539
0.0493633
0.0493686
0.0493703
0.0493688
0.0493651
0.0493596
0.0493529
0.0493452
0.0493363
0.049326
0.0493137
0.0492987
0.0492806
0.049259
0.0492338
0.0492037
0.0491647
0.0491085
0.0490138
0.0489031
0.0488025
0.0487412
0.0487275
0.0487459
0.0487703
0.0487821
0.0487708
0.0487341
0.0486814
0.0486336
0.0486084
0.0486078
0.0486363
0.0487215
0.0488702
0.0490074
0.0490699
0.0491165
0.0491623
0.0491767
0.049187
0.0491977
0.0492079
0.0492167
0.0492235
0.0492277
0.0492301
0.049231
0.0492308
0.0492302
0.0492297
0.0492297
0.0492308
0.0492332
0.0492373
0.0492439
0.0492538
0.0492679
0.0492867
0.0493099
0.0493349
0.0493494
0.0493061
0.0491225
0.049319
0.0494168
0.0494214
0.0494136
0.0494034
0.0493927
0.0493826
0.0493738
0.0493665
0.0493612
0.0493579
0.0493566
0.0493568
0.0493576
0.0493578
0.049356
0.0493508
0.0493413
0.0493274
0.0493094
0.0492889
0.0492677
0.0492516
0.0492397
0.0492312
0.0492273
0.049229
0.0492363
0.0492483
0.0492643
0.049283
0.0493031
0.0493232
0.0493419
0.0493575
0.049369
0.049376
0.0493789
0.0493782
0.0493747
0.0493694
0.0493628
0.0493551
0.0493463
0.0493365
0.049325
0.0493112
0.0492944
0.0492744
0.049251
0.0492225
0.0491852
0.0491322
0.0490545
0.0489491
0.0488396
0.048749
0.0486996
0.0486947
0.0487164
0.0487398
0.0487481
0.0487334
0.0486958
0.0486459
0.0486027
0.0485814
0.0485849
0.0486201
0.0487124
0.0488621
0.0489979
0.0490604
0.0491063
0.0491591
0.049174
0.0491841
0.0491951
0.049206
0.0492161
0.0492244
0.0492301
0.0492334
0.0492351
0.0492356
0.0492356
0.0492357
0.0492366
0.0492387
0.049242
0.049247
0.0492541
0.0492643
0.0492785
0.0492982
0.0493249
0.0493604
0.0494047
0.0494484
0.0494626
0.0493149
0.0494192
0.0494233
0.0494169
0.0494086
0.0494002
0.0493928
0.0493868
0.0493822
0.0493785
0.0493756
0.0493733
0.0493712
0.0493685
0.0493646
0.0493583
0.0493489
0.0493358
0.049319
0.0492997
0.0492796
0.049261
0.0492459
0.0492355
0.0492289
0.0492276
0.0492324
0.0492428
0.0492579
0.0492765
0.0492973
0.0493189
0.0493396
0.0493578
0.0493719
0.0493812
0.0493859
0.0493865
0.0493837
0.0493786
0.0493722
0.0493645
0.0493559
0.0493462
0.0493352
0.0493225
0.0493075
0.0492897
0.0492686
0.0492428
0.0492094
0.0491633
0.0490979
0.0490083
0.0489038
0.0487992
0.0487165
0.0486734
0.0486706
0.0486907
0.0487107
0.0487152
0.0486979
0.0486607
0.0486144
0.0485764
0.0485599
0.0485685
0.0486111
0.0487106
0.048859
0.04899
0.0490529
0.0490958
0.0491564
0.0491728
0.0491823
0.0491931
0.0492045
0.0492155
0.0492252
0.0492326
0.0492372
0.0492397
0.0492406
0.0492408
0.0492413
0.0492429
0.0492456
0.0492497
0.0492553
0.0492626
0.0492722
0.0492849
0.0493019
0.0493245
0.0493537
0.0493888
0.049424
0.0494503
0.0493106
0.0494201
0.0494243
0.0494196
0.0494137
0.0494078
0.0494024
0.0493975
0.0493929
0.0493891
0.0493856
0.0493822
0.0493785
0.0493739
0.0493676
0.0493589
0.0493469
0.0493314
0.0493126
0.0492922
0.0492724
0.0492552
0.0492416
0.049232
0.0492271
0.0492282
0.0492359
0.0492491
0.0492669
0.0492879
0.0493105
0.0493329
0.0493538
0.0493711
0.0493833
0.0493904
0.049393
0.0493915
0.0493871
0.0493809
0.0493735
0.049365
0.0493556
0.0493451
0.0493333
0.0493198
0.0493041
0.0492855
0.049263
0.0492342
0.0491956
0.0491424
0.04907
0.0489779
0.0488753
0.048776
0.0486987
0.0486575
0.0486524
0.0486678
0.048683
0.0486837
0.048665
0.0486294
0.0485877
0.0485557
0.048545
0.0485602
0.0486117
0.048719
0.0488604
0.048985
0.0490486
0.0490876
0.0491514
0.0491729
0.0491816
0.0491918
0.0492031
0.0492147
0.0492256
0.0492349
0.0492413
0.0492447
0.0492459
0.0492459
0.0492464
0.0492482
0.0492515
0.0492561
0.0492621
0.0492693
0.0492781
0.0492889
0.0493026
0.0493201
0.0493422
0.0493686
0.0493961
0.0494213
0.0493058
0.0494197
0.0494242
0.0494208
0.0494164
0.0494119
0.0494076
0.0494035
0.0493995
0.0493956
0.0493919
0.0493881
0.0493837
0.0493782
0.0493707
0.0493604
0.0493465
0.0493288
0.0493082
0.0492867
0.0492668
0.0492505
0.0492381
0.0492296
0.0492259
0.0492292
0.0492393
0.049255
0.0492751
0.0492979
0.0493218
0.0493448
0.0493655
0.0493813
0.0493916
0.0493967
0.0493972
0.0493943
0.049389
0.0493821
0.049374
0.0493649
0.0493549
0.0493439
0.0493315
0.0493175
0.0493013
0.0492819
0.0492577
0.0492261
0.0491836
0.049126
0.0490506
0.0489604
0.0488615
0.048767
0.0486928
0.0486503
0.0486398
0.0486483
0.0486578
0.0486552
0.048636
0.0486034
0.0485674
0.0485423
0.0485386
0.0485621
0.0486252
0.0487354
0.0488686
0.0489859
0.0490483
0.0490837
0.0491458
0.049173
0.049182
0.0491912
0.0492019
0.0492135
0.0492253
0.0492363
0.0492451
0.04925
0.0492512
0.0492506
0.0492508
0.0492526
0.0492562
0.0492611
0.0492673
0.0492743
0.0492822
0.049291
0.0493014
0.049314
0.0493296
0.0493486
0.0493705
0.0493963
0.0493005
0.0494183
0.0494233
0.0494209
0.0494174
0.0494138
0.0494102
0.0494067
0.0494032
0.0493997
0.0493961
0.0493924
0.049388
0.0493823
0.0493743
0.0493629
0.0493475
0.049328
0.0493056
0.0492829
0.0492628
0.0492469
0.0492353
0.0492278
0.0492256
0.0492305
0.0492424
0.0492601
0.049282
0.0493062
0.0493309
0.0493539
0.0493733
0.0493878
0.0493967
0.0494004
0.0493998
0.0493961
0.0493901
0.0493826
0.049374
0.0493645
0.0493541
0.0493427
0.0493301
0.0493158
0.0492992
0.0492789
0.0492534
0.0492198
0.0491752
0.0491164
0.0490422
0.048955
0.0488608
0.0487708
0.048698
0.0486523
0.0486345
0.0486347
0.0486379
0.0486322
0.0486136
0.048585
0.0485557
0.0485386
0.0485434
0.0485776
0.0486515
0.0487611
0.0488858
0.0489942
0.0490529
0.049084
0.0491419
0.0491735
0.0491836
0.0491913
0.0492009
0.049212
0.0492237
0.0492358
0.0492471
0.0492547
0.0492561
0.0492543
0.0492541
0.0492559
0.0492596
0.0492648
0.0492711
0.0492779
0.049285
0.0492921
0.0492995
0.0493078
0.0493178
0.0493309
0.0493485
0.0493755
0.0492948
0.0494162
0.0494218
0.0494201
0.0494173
0.0494142
0.0494111
0.049408
0.0494049
0.0494019
0.0493989
0.0493957
0.0493918
0.0493863
0.0493783
0.0493666
0.0493501
0.049329
0.0493049
0.0492809
0.0492602
0.0492446
0.0492335
0.0492267
0.0492256
0.0492318
0.0492452
0.0492642
0.0492871
0.0493121
0.0493369
0.0493596
0.0493783
0.0493918
0.0493998
0.0494026
0.0494013
0.0493969
0.0493905
0.0493826
0.0493736
0.0493639
0.0493533
0.0493418
0.049329
0.0493146
0.0492977
0.0492769
0.0492507
0.0492165
0.0491718
0.0491142
0.0490435
0.0489611
0.0488726
0.048787
0.048715
0.0486652
0.0486394
0.0486307
0.0486272
0.0486187
0.0486013
0.0485776
0.0485559
0.0485477
0.0485626
0.04861
0.0486908
0.0487981
0.0489132
0.0490109
0.0490629
0.0490886
0.0491406
0.0491748
0.0491868
0.0491934
0.0492009
0.0492102
0.0492206
0.0492319
0.0492442
0.0492551
0.0492583
0.0492561
0.049256
0.0492579
0.0492619
0.0492673
0.0492738
0.0492805
0.0492869
0.0492926
0.0492976
0.0493024
0.049308
0.0493164
0.0493309
0.0493593
0.0492887
0.0494139
0.04942
0.0494189
0.0494166
0.0494139
0.049411
0.0494081
0.0494055
0.0494031
0.0494007
0.0493982
0.049395
0.0493902
0.0493828
0.0493712
0.0493542
0.0493319
0.0493062
0.0492807
0.0492594
0.0492437
0.0492329
0.0492264
0.0492259
0.0492329
0.0492472
0.0492669
0.0492903
0.0493155
0.0493403
0.0493626
0.0493808
0.0493936
0.049401
0.0494033
0.0494016
0.0493969
0.0493902
0.0493821
0.049373
0.0493631
0.0493525
0.049341
0.0493282
0.0493138
0.0492969
0.0492763
0.0492503
0.0492169
0.049174
0.04912
0.0490542
0.0489782
0.0488963
0.0488157
0.0487451
0.0486917
0.0486583
0.0486409
0.0486307
0.0486195
0.0486038
0.0485855
0.048572
0.0485735
0.0486003
0.0486602
0.0487449
0.0488476
0.0489517
0.0490363
0.0490785
0.0490974
0.0491426
0.0491775
0.0491913
0.0491973
0.0492029
0.0492101
0.0492184
0.0492276
0.0492374
0.0492463
0.049253
0.0492548
0.0492559
0.0492586
0.049263
0.0492689
0.0492756
0.0492822
0.0492883
0.049293
0.0492962
0.0492984
0.0493007
0.0493057
0.0493177
0.0493475
0.0492824
0.0494116
0.0494184
0.0494178
0.0494158
0.0494133
0.0494106
0.049408
0.0494058
0.0494039
0.0494022
0.0494004
0.0493979
0.049394
0.0493875
0.0493765
0.0493596
0.0493366
0.0493094
0.0492826
0.0492604
0.0492446
0.0492338
0.0492273
0.0492267
0.0492339
0.0492483
0.0492681
0.0492915
0.0493164
0.0493409
0.0493628
0.0493806
0.0493931
0.0494003
0.0494025
0.0494007
0.049396
0.0493893
0.0493811
0.049372
0.0493622
0.0493516
0.0493402
0.0493277
0.0493136
0.0492971
0.0492772
0.0492525
0.0492213
0.0491818
0.0491329
0.0490738
0.0490056
0.0489317
0.0488573
0.0487894
0.0487342
0.0486949
0.04867
0.0486537
0.0486402
0.0486263
0.0486138
0.0486086
0.0486198
0.0486603
0.0487289
0.0488144
0.0489099
0.049001
0.0490701
0.0490994
0.0491101
0.0491482
0.0491821
0.0491971
0.0492029
0.0492069
0.0492118
0.0492179
0.0492248
0.0492323
0.0492393
0.0492454
0.0492496
0.0492535
0.0492579
0.0492633
0.0492698
0.0492768
0.0492836
0.0492896
0.0492938
0.0492959
0.0492962
0.0492962
0.0492989
0.0493091
0.0493403
0.0492761
0.0494097
0.0494172
0.049417
0.0494153
0.049413
0.0494105
0.0494084
0.0494066
0.0494053
0.049404
0.0494027
0.0494008
0.0493977
0.0493922
0.0493823
0.0493661
0.0493429
0.0493148
0.0492867
0.0492636
0.0492475
0.0492366
0.0492296
0.0492283
0.0492349
0.0492487
0.0492679
0.0492906
0.0493148
0.0493386
0.04936
0.0493775
0.04939
0.0493973
0.0493998
0.0493984
0.0493939
0.0493874
0.0493794
0.0493705
0.0493608
0.0493505
0.0493394
0.0493273
0.0493139
0.0492984
0.04928
0.0492575
0.0492296
0.0491949
0.0491523
0.0491013
0.0490424
0.0489779
0.0489116
0.0488487
0.0487944
0.0487521
0.048722
0.0487013
0.0486861
0.0486743
0.0486673
0.04867
0.0486898
0.0487435
0.0488165
0.0488989
0.0489842
0.0490596
0.0491108
0.0491248
0.0491261
0.0491572
0.0491889
0.0492044
0.0492099
0.0492125
0.0492153
0.0492191
0.0492237
0.049229
0.0492344
0.0492397
0.0492448
0.0492501
0.0492559
0.0492626
0.0492699
0.0492775
0.0492848
0.049291
0.0492951
0.0492966
0.049296
0.0492947
0.049296
0.0493051
0.0493376
0.0492698
0.0494084
0.0494167
0.0494168
0.0494154
0.0494133
0.0494111
0.0494093
0.0494082
0.0494075
0.0494066
0.0494052
0.0494036
0.0494012
0.0493967
0.0493882
0.0493733
0.0493507
0.0493222
0.0492931
0.0492692
0.0492528
0.0492417
0.0492338
0.0492311
0.0492363
0.0492487
0.0492664
0.0492876
0.0493104
0.0493331
0.0493538
0.049371
0.0493836
0.0493915
0.0493947
0.0493939
0.0493902
0.0493842
0.0493767
0.0493681
0.0493588
0.0493489
0.0493384
0.0493271
0.0493147
0.0493007
0.0492844
0.049265
0.0492413
0.0492124
0.0491773
0.0491354
0.049087
0.0490334
0.0489772
0.0489222
0.0488723
0.0488307
0.048799
0.0487763
0.0487608
0.0487516
0.0487497
0.0487591
0.0487856
0.0488481
0.0489212
0.0489964
0.0490679
0.049125
0.0491562
0.0491529
0.0491447
0.0491693
0.049198
0.0492132
0.0492184
0.0492197
0.0492205
0.049222
0.0492244
0.0492277
0.0492316
0.0492361
0.0492412
0.0492472
0.049254
0.0492616
0.0492698
0.0492781
0.0492859
0.0492924
0.0492966
0.0492982
0.0492975
0.049296
0.049297
0.0493058
0.0493394
0.0492638
0.0494079
0.049417
0.0494175
0.0494163
0.0494143
0.0494123
0.0494108
0.04941
0.0494097
0.0494094
0.0494079
0.0494065
0.0494045
0.0494009
0.0493937
0.0493804
0.0493591
0.0493311
0.0493017
0.0492773
0.0492608
0.0492495
0.0492405
0.0492357
0.0492385
0.0492486
0.0492639
0.0492827
0.0493033
0.0493242
0.0493436
0.0493603
0.0493731
0.0493816
0.0493859
0.0493863
0.0493837
0.0493787
0.0493721
0.0493643
0.0493557
0.0493466
0.049337
0.0493268
0.0493159
0.0493039
0.0492903
0.0492745
0.0492557
0.0492332
0.0492061
0.0491741
0.0491371
0.0490957
0.0490515
0.0490071
0.0489652
0.0489288
0.0488996
0.0488783
0.0488646
0.0488585
0.0488613
0.0488756
0.0489059
0.0489697
0.0490385
0.0491022
0.0491568
0.0491931
0.0492028
0.0491818
0.0491648
0.0491842
0.0492095
0.0492235
0.0492281
0.0492282
0.0492271
0.0492265
0.0492268
0.0492282
0.0492307
0.0492344
0.0492393
0.0492455
0.0492528
0.0492611
0.0492699
0.0492789
0.0492872
0.049294
0.0492986
0.0493006
0.0493004
0.0492996
0.0493013
0.0493109
0.0493458
0.0492579
0.0494083
0.0494184
0.0494191
0.049418
0.0494161
0.0494141
0.0494126
0.0494116
0.0494112
0.0494108
0.04941
0.049409
0.0494075
0.0494045
0.0493981
0.0493867
0.0493674
0.0493411
0.0493122
0.0492878
0.0492715
0.0492604
0.0492501
0.0492426
0.0492421
0.0492487
0.0492606
0.0492759
0.0492933
0.0493114
0.0493288
0.0493444
0.049357
0.0493661
0.0493715
0.0493735
0.0493726
0.0493692
0.049364
0.0493576
0.0493504
0.0493425
0.0493343
0.0493257
0.0493167
0.0493071
0.0492967
0.0492849
0.0492714
0.0492555
0.0492369
0.0492149
0.0491896
0.0491611
0.0491303
0.0490986
0.049068
0.0490405
0.049018
0.0490017
0.0489922
0.0489903
0.0489969
0.0490142
0.0490447
0.0491011
0.0491614
0.0492098
0.0492445
0.0492588
0.049247
0.0492089
0.0491857
0.0492013
0.049223
0.0492351
0.0492385
0.0492374
0.0492347
0.0492321
0.0492305
0.0492303
0.0492315
0.0492343
0.0492388
0.0492449
0.0492524
0.049261
0.0492703
0.0492797
0.0492884
0.0492957
0.0493008
0.0493035
0.0493045
0.0493051
0.0493086
0.04932
0.0493568
0.0492524
0.0494085
0.0494204
0.0494215
0.0494203
0.0494183
0.0494162
0.0494145
0.0494132
0.0494124
0.0494119
0.0494113
0.0494105
0.0494091
0.0494063
0.0494009
0.0493913
0.0493739
0.0493508
0.0493238
0.0493006
0.0492852
0.0492748
0.0492635
0.0492526
0.0492476
0.0492498
0.049257
0.0492676
0.0492805
0.0492945
0.0493087
0.049322
0.0493336
0.0493427
0.049349
0.0493526
0.0493536
0.0493524
0.0493495
0.0493452
0.04934
0.0493342
0.0493281
0.0493217
0.0493152
0.0493085
0.0493016
0.0492942
0.049286
0.0492768
0.0492664
0.0492543
0.0492404
0.0492246
0.0492075
0.0491896
0.0491722
0.0491564
0.0491438
0.0491355
0.0491324
0.0491353
0.0491452
0.0491631
0.0491905
0.0492326
0.0492795
0.0493096
0.0493231
0.0493158
0.0492844
0.0492321
0.0492068
0.04922
0.049238
0.0492475
0.0492493
0.0492467
0.0492425
0.0492383
0.049235
0.0492333
0.0492334
0.0492354
0.0492394
0.0492452
0.0492527
0.0492613
0.0492707
0.0492803
0.0492892
0.0492968
0.0493025
0.0493065
0.0493092
0.0493123
0.0493185
0.0493327
0.0493723
0.049249
0.0494047
0.0494221
0.049424
0.0494228
0.0494206
0.0494182
0.0494161
0.0494144
0.0494132
0.0494125
0.0494118
0.049411
0.0494093
0.0494061
0.0494003
0.0493909
0.0493771
0.0493589
0.0493354
0.0493149
0.0493013
0.0492927
0.049281
0.0492664
0.049256
0.0492524
0.0492538
0.0492584
0.0492652
0.0492737
0.0492829
0.0492924
0.0493012
0.0493089
0.0493151
0.0493195
0.0493222
0.0493231
0.0493227
0.0493212
0.0493188
0.0493159
0.0493127
0.0493094
0.0493061
0.049303
0.0493
0.0492971
0.0492945
0.0492919
0.0492892
0.0492863
0.049283
0.0492791
0.0492749
0.0492706
0.0492666
0.0492635
0.0492622
0.0492633
0.0492676
0.0492755
0.0492875
0.0493039
0.049325
0.0493514
0.0493777
0.0493892
0.0493829
0.0493578
0.049312
0.0492507
0.0492282
0.0492398
0.0492534
0.0492596
0.0492593
0.0492551
0.0492494
0.0492438
0.0492392
0.0492364
0.0492355
0.0492368
0.0492402
0.0492456
0.0492527
0.049261
0.0492702
0.0492795
0.0492884
0.0492963
0.049303
0.0493087
0.0493141
0.0493206
0.0493306
0.0493486
0.0493917
0.0492484
0.0493949
0.0494204
0.0494247
0.049424
0.0494217
0.0494189
0.0494163
0.0494142
0.0494125
0.0494115
0.0494104
0.0494088
0.0494063
0.049402
0.0493955
0.0493861
0.0493739
0.0493598
0.0493453
0.0493297
0.0493194
0.0493138
0.0493032
0.049285
0.0492682
0.0492578
0.0492522
0.0492494
0.0492487
0.0492497
0.049252
0.0492553
0.0492592
0.0492632
0.0492671
0.0492704
0.0492731
0.0492751
0.0492765
0.0492773
0.0492778
0.049278
0.0492782
0.0492785
0.0492791
0.04928
0.0492815
0.0492836
0.0492866
0.0492904
0.049295
0.0493004
0.0493064
0.0493131
0.0493202
0.0493277
0.0493358
0.0493443
0.0493535
0.0493635
0.0493744
0.0493862
0.0493986
0.0494114
0.0494239
0.0494348
0.0494408
0.0494354
0.0494161
0.049382
0.0493299
0.0492658
0.0492502
0.0492595
0.0492678
0.0492697
0.0492666
0.0492606
0.0492535
0.0492468
0.0492412
0.0492375
0.0492358
0.0492365
0.0492393
0.0492441
0.0492505
0.0492581
0.0492666
0.0492754
0.0492843
0.0492928
0.0493011
0.0493095
0.0493186
0.0493297
0.0493446
0.0493674
0.0494148
0.0492515
0.0493774
0.0494091
0.0494172
0.0494181
0.0494163
0.0494136
0.0494107
0.049408
0.0494058
0.0494041
0.0494019
0.0493989
0.0493947
0.049389
0.0493819
0.0493734
0.0493643
0.0493552
0.0493473
0.0493419
0.049338
0.0493369
0.0493299
0.0493098
0.049286
0.0492678
0.0492544
0.0492433
0.0492336
0.0492254
0.0492186
0.0492133
0.0492095
0.0492069
0.0492053
0.0492046
0.0492045
0.049205
0.0492058
0.0492071
0.0492088
0.049211
0.0492137
0.0492171
0.0492212
0.0492261
0.049232
0.0492389
0.0492471
0.0492567
0.0492677
0.0492802
0.049294
0.049309
0.0493251
0.049342
0.0493593
0.0493768
0.049394
0.0494105
0.0494258
0.0494395
0.0494508
0.049459
0.0494634
0.0494629
0.0494566
0.049443
0.0494219
0.0493913
0.0493429
0.0492799
0.0492723
0.049277
0.0492781
0.0492745
0.0492677
0.0492593
0.0492507
0.0492428
0.0492364
0.049232
0.0492297
0.0492298
0.0492318
0.0492357
0.0492412
0.0492479
0.0492558
0.0492646
0.0492742
0.0492845
0.0492958
0.0493084
0.0493228
0.0493397
0.0493605
0.0493888
0.0494409
0.0492588
0.0493514
0.0493803
0.0493895
0.0493916
0.0493907
0.0493884
0.0493855
0.0493824
0.0493795
0.0493765
0.0493726
0.0493681
0.0493632
0.049358
0.0493531
0.0493489
0.0493459
0.0493446
0.0493455
0.0493487
0.0493542
0.0493603
0.0493608
0.049343
0.0493129
0.0492861
0.0492648
0.0492451
0.0492259
0.0492074
0.04919
0.0491741
0.04916
0.0491478
0.0491377
0.0491296
0.0491233
0.0491188
0.0491159
0.0491145
0.0491146
0.049116
0.0491189
0.0491232
0.0491289
0.0491361
0.0491449
0.0491553
0.0491672
0.0491809
0.0491965
0.0492139
0.0492331
0.0492538
0.0492759
0.0492988
0.0493222
0.0493453
0.0493675
0.049388
0.049406
0.0494208
0.0494317
0.0494383
0.0494401
0.0494375
0.0494308
0.0494209
0.0494078
0.0493889
0.0493553
0.0492957
0.0492923
0.0492885
0.0492799
0.0492688
0.0492568
0.0492449
0.049234
0.0492245
0.0492169
0.0492114
0.0492084
0.0492074
0.0492086
0.0492118
0.0492169
0.0492239
0.0492328
0.0492437
0.0492565
0.0492713
0.0492882
0.0493072
0.0493286
0.0493524
0.0493796
0.0494135
0.0494698
0.0492693
0.0493179
0.0493297
0.0493307
0.0493289
0.0493258
0.0493221
0.0493179
0.0493137
0.0493095
0.0493055
0.049303
0.0493021
0.0493028
0.0493053
0.0493098
0.0493162
0.0493247
0.0493351
0.0493469
0.0493597
0.0493729
0.0493853
0.0493973
0.0493906
0.0493571
0.0493209
0.0492927
0.049266
0.049239
0.0492115
0.0491843
0.0491578
0.0491328
0.0491097
0.0490889
0.0490707
0.049055
0.049042
0.0490315
0.0490235
0.0490178
0.0490145
0.0490135
0.0490148
0.0490183
0.0490241
0.0490323
0.0490429
0.049056
0.0490712
0.0490887
0.0491083
0.04913
0.0491535
0.0491785
0.0492047
0.0492313
0.0492577
0.049283
0.0493065
0.0493274
0.0493449
0.0493586
0.0493684
0.0493744
0.0493774
0.0493786
0.0493794
0.0493803
0.049378
0.0493631
0.0493148
0.0493073
0.0492901
0.0492684
0.0492471
0.0492275
0.04921
0.0491949
0.0491823
0.0491723
0.0491651
0.0491605
0.0491592
0.0491613
0.0491666
0.0491752
0.0491869
0.0492017
0.0492195
0.0492399
0.049263
0.0492883
0.0493155
0.0493445
0.0493749
0.0494075
0.0494454
0.0495045
0.0493042
0.0493164
0.0493093
0.0493007
0.0492954
0.0492925
0.049291
0.0492907
0.0492916
0.0492939
0.0492977
0.0493031
0.0493101
0.0493186
0.0493287
0.0493403
0.0493536
0.0493682
0.0493839
0.0494003
0.0494171
0.0494337
0.0494503
0.0494681
0.0494841
0.0494486
0.0493998
0.0493673
0.0493394
0.0493119
0.0492839
0.0492557
0.0492278
0.0492008
0.0491751
0.0491511
0.0491292
0.0491094
0.0490919
0.0490766
0.0490635
0.0490527
0.049044
0.0490375
0.0490331
0.0490309
0.049031
0.0490333
0.0490382
0.0490456
0.0490557
0.0490684
0.0490839
0.0491019
0.0491223
0.0491447
0.0491688
0.0491938
0.0492193
0.0492442
0.0492678
0.0492893
0.0493081
0.0493236
0.0493359
0.0493452
0.0493525
0.0493593
0.0493675
0.0493778
0.049387
0.0493846
0.0493615
0.0493491
0.0493216
0.0492904
0.0492623
0.0492386
0.0492191
0.0492036
0.0491921
0.0491845
0.0491808
0.0491809
0.0491845
0.0491915
0.0492019
0.0492152
0.0492315
0.0492506
0.0492722
0.0492962
0.0493221
0.0493498
0.0493787
0.0494086
0.0494395
0.0494721
0.0495098
0.049569
)
;

boundaryField
{
    floor
    {
        type            fixedFluxPressure;
        gradient        uniform 0;
        value           nonuniform List<scalar> 
100
(
0.0491787
0.049177
0.0491774
0.0491766
0.0491733
0.049169
0.0491643
0.04916
0.0491571
0.0491563
0.0491557
0.0491522
0.0491441
0.0491292
0.0491097
0.0490924
0.0490863
0.0490955
0.0490893
0.0490927
0.0491104
0.0491351
0.0491578
0.0491744
0.0491872
0.0491981
0.0492078
0.049216
0.0492224
0.0492274
0.0492312
0.0492345
0.0492374
0.0492393
0.0492401
0.0492398
0.0492387
0.0492368
0.0492344
0.0492315
0.0492284
0.0492251
0.0492218
0.0492185
0.0492152
0.0492121
0.0492092
0.0492065
0.049204
0.0492016
0.0491994
0.0491973
0.0491953
0.0491934
0.0491913
0.0491891
0.0491866
0.0491834
0.0491793
0.0491741
0.0491681
0.0491627
0.0491624
0.0491736
0.0491876
0.0491853
0.0491852
0.049186
0.0491867
0.0491871
0.0491875
0.0491888
0.0491917
0.049197
0.049205
0.0492154
0.0492262
0.0492351
0.0492317
0.0492188
0.0492003
0.0491806
0.049162
0.0491454
0.0491311
0.0491192
0.0491098
0.0491027
0.0490978
0.0490947
0.0490932
0.0490928
0.0490932
0.0490941
0.0490954
0.0490968
0.0490984
0.0491008
0.049105
0.049114
)
;
    }
    ceiling
    {
        type            fixedFluxPressure;
        gradient        nonuniform List<scalar> 
100
(
1.05183
1.04652
1.04323
1.04089
1.03909
1.03765
1.03646
1.03545
1.03458
1.0338
1.03307
1.03238
1.0317
1.03104
1.03038
1.02972
1.02904
1.02833
1.02756
1.02671
1.02571
1.02446
1.0228
1.02037
1.01771
1.02464
1.03334
1.03785
1.04064
1.04269
1.04433
1.0457
1.0469
1.04797
1.04895
1.04984
1.05068
1.05147
1.05222
1.05293
1.05361
1.05427
1.0549
1.05551
1.0561
1.05666
1.0572
1.05773
1.05823
1.0587
1.05916
1.05961
1.06005
1.06049
1.06095
1.06142
1.06192
1.06246
1.06304
1.06367
1.06436
1.06509
1.06589
1.06674
1.06764
1.0686
1.06963
1.07074
1.07199
1.07347
1.0754
1.07853
1.08381
1.08304
1.08162
1.08008
1.07854
1.07704
1.0756
1.07421
1.07285
1.07152
1.0702
1.06888
1.06756
1.06624
1.06491
1.06356
1.06218
1.06075
1.05926
1.05769
1.05601
1.05417
1.05213
1.04976
1.04692
1.04324
1.03785
1.02739
)
;
        value           nonuniform List<scalar> 
100
(
0.0545633
0.054549
0.0545255
0.0545052
0.0544909
0.0544808
0.0544733
0.0544679
0.0544645
0.0544629
0.0544631
0.054465
0.0544686
0.0544738
0.0544806
0.0544889
0.0544988
0.0545098
0.0545217
0.0545339
0.0545456
0.054556
0.0545643
0.05457
0.0545727
0.0545718
0.0545665
0.0545566
0.0545426
0.0545253
0.0545055
0.0544842
0.0544624
0.0544407
0.0544198
0.0544004
0.0543826
0.0543668
0.0543529
0.0543412
0.0543316
0.054324
0.0543185
0.054315
0.0543136
0.0543142
0.054317
0.054322
0.0543293
0.0543391
0.0543515
0.0543665
0.0543841
0.0544043
0.054427
0.0544518
0.0544784
0.0545062
0.0545345
0.0545625
0.0545896
0.0546148
0.0546375
0.0546573
0.0546741
0.0546883
0.0547007
0.054713
0.0547274
0.0547451
0.054764
0.0547773
0.0547806
0.0547643
0.0547297
0.0546907
0.054655
0.0546239
0.0545972
0.0545747
0.0545564
0.0545421
0.0545318
0.0545253
0.0545223
0.0545228
0.0545264
0.054533
0.0545424
0.0545543
0.0545685
0.0545846
0.0546022
0.0546206
0.0546393
0.0546575
0.0546741
0.0546883
0.054699
0.0547059
)
;
    }
    fixedWalls
    {
        type            fixedFluxPressure;
        gradient        uniform 0;
        value           nonuniform List<scalar> 
100
(
0.0491787
0.0491858
0.0491739
0.0491561
0.0491361
0.0491115
0.0490793
0.0490399
0.0490021
0.0489781
0.0489757
0.0490049
0.0490849
0.0492006
0.0492389
0.0492237
0.0492176
0.0492206
0.0492333
0.0492584
0.0492935
0.0493309
0.0493508
0.0493563
0.0493544
0.0493497
0.0493443
0.0493389
0.0493334
0.0493281
0.0493233
0.049319
0.0493149
0.0493106
0.0493058
0.0493005
0.0492948
0.0492887
0.0492824
0.0492761
0.0492698
0.0492638
0.0492579
0.0492524
0.049249
0.0492484
0.0492515
0.0492588
0.0492693
0.0493042
0.049114
0.0491115
0.0490853
0.0490498
0.0490143
0.0489808
0.048949
0.0489189
0.0488905
0.0488636
0.0488382
0.0488141
0.0487912
0.0487693
0.0487483
0.0487282
0.0487089
0.0486905
0.0486729
0.0486562
0.0486401
0.048624
0.0486061
0.0485892
0.0485806
0.0485863
0.0486099
0.0486502
0.0487033
0.0488059
0.0491225
0.0494626
0.0494503
0.0494213
0.0493963
0.0493755
0.0493593
0.0493475
0.0493403
0.0493376
0.0493394
0.0493458
0.0493568
0.0493723
0.0493917
0.0494148
0.0494409
0.0494698
0.0495045
0.049569
)
;
    }
    frontAndBack
    {
        type            empty;
    }
}


// ************************************************************************* //
