/*--------------------------------*- C++ -*----------------------------------*\
| =========                 |                                                 |
| \\      /  F ield         | OpenFOAM: The Open Source CFD Toolbox           |
|  \\    /   O peration     | Version:  4.1                                   |
|   \\  /    A nd           | Web:      www.OpenFOAM.org                      |
|    \\/     M anipulation  |                                                 |
\*---------------------------------------------------------------------------*/
FoamFile
{
    version     2.0;
    format      ascii;
    class       volScalarField;
    location    "940";
    object      p_rgh;
}
// * * * * * * * * * * * * * * * * * * * * * * * * * * * * * * * * * * * * * //

dimensions      [0 2 -2 0 0 0 0];

internalField   nonuniform List<scalar> 
5000
(
0.0492026
0.049204
0.0492077
0.0492077
0.0492047
0.0492012
0.049198
0.0491952
0.049193
0.0491913
0.0491899
0.0491879
0.0491839
0.0491768
0.0491644
0.0491502
0.0491448
0.0491358
0.0491446
0.0491682
0.0491927
0.0492028
0.0492044
0.0492049
0.0492072
0.0492109
0.0492153
0.0492194
0.0492233
0.0492267
0.0492294
0.0492312
0.0492319
0.0492315
0.04923
0.0492273
0.0492236
0.0492191
0.049214
0.0492085
0.0492028
0.0491971
0.0491915
0.0491861
0.049181
0.0491762
0.0491719
0.049168
0.0491646
0.0491615
0.0491585
0.0491556
0.0491526
0.0491493
0.0491455
0.0491414
0.0491384
0.0491393
0.0491671
0.0491783
0.0491738
0.0491483
0.0491122
0.0490815
0.0490657
0.0490577
0.0490616
0.0490777
0.0490902
0.0490916
0.0490905
0.049095
0.0491046
0.0491137
0.0491184
0.0491209
0.0491243
0.0491299
0.0491376
0.0491465
0.0491555
0.0491639
0.0491717
0.0491789
0.0491857
0.0491922
0.0491981
0.0492034
0.0492077
0.0492107
0.0492117
0.0492101
0.049206
0.0491994
0.0491901
0.0491782
0.0491647
0.0491524
0.0491447
0.0491432
0.0492088
0.0492435
0.0492574
0.0492563
0.049254
0.0492515
0.0492488
0.049246
0.0492431
0.0492398
0.0492358
0.0492305
0.0492222
0.049209
0.0491884
0.0491585
0.04913
0.0491215
0.0491446
0.0491963
0.0492288
0.0492396
0.0492462
0.0492514
0.0492557
0.0492592
0.0492623
0.049265
0.0492674
0.0492695
0.049271
0.0492718
0.0492717
0.0492707
0.0492687
0.0492659
0.0492622
0.049258
0.0492534
0.0492486
0.0492439
0.0492394
0.0492353
0.0492318
0.049229
0.0492269
0.0492254
0.0492238
0.0492219
0.0492197
0.049217
0.0492141
0.0492108
0.0492069
0.0491998
0.0491839
0.0491553
0.0491399
0.0491728
0.0491971
0.0491932
0.0491664
0.0491279
0.0490809
0.0490498
0.0490428
0.0490862
0.0491396
0.0491498
0.0491533
0.049148
0.0491252
0.049115
0.0491189
0.0491261
0.0491333
0.0491413
0.0491498
0.0491579
0.0491655
0.049173
0.0491803
0.0491873
0.049194
0.0492005
0.0492066
0.0492123
0.0492173
0.0492213
0.0492239
0.0492246
0.0492229
0.0492186
0.0492121
0.0492043
0.0491961
0.0491895
0.0491783
0.049167
0.0491416
0.0491943
0.049249
0.0492607
0.049259
0.0492563
0.0492535
0.0492506
0.0492478
0.0492448
0.0492418
0.0492382
0.0492336
0.0492263
0.0492137
0.0491932
0.0491662
0.0491388
0.0491226
0.049146
0.0492085
0.0492372
0.0492429
0.0492476
0.0492519
0.0492558
0.0492592
0.0492622
0.0492647
0.0492669
0.0492689
0.0492703
0.049271
0.0492708
0.0492697
0.0492675
0.0492646
0.0492608
0.0492565
0.0492519
0.0492472
0.0492425
0.0492382
0.0492343
0.049231
0.0492284
0.0492266
0.0492258
0.0492258
0.0492265
0.0492275
0.0492287
0.0492295
0.0492298
0.0492286
0.0492227
0.0492035
0.0491602
0.0491394
0.0491787
0.0492096
0.0492051
0.0491718
0.0491195
0.049067
0.0490398
0.0490557
0.0491305
0.0491535
0.0491542
0.0491409
0.049128
0.0491135
0.0491059
0.0491106
0.0491214
0.0491322
0.0491414
0.0491493
0.0491566
0.0491638
0.0491709
0.0491777
0.0491842
0.0491904
0.0491964
0.0492022
0.0492075
0.0492122
0.0492159
0.0492183
0.0492188
0.0492172
0.0492132
0.049207
0.0491994
0.0491919
0.0491873
0.0491847
0.0491801
0.0491304
0.0491754
0.0492486
0.0492616
0.0492602
0.0492572
0.0492542
0.0492511
0.0492481
0.0492452
0.0492424
0.0492397
0.0492367
0.0492328
0.049227
0.0492179
0.0492044
0.0491841
0.0491674
0.0491847
0.0492386
0.0492434
0.0492453
0.049248
0.0492511
0.0492543
0.0492574
0.0492603
0.0492628
0.0492648
0.0492666
0.049268
0.0492686
0.0492683
0.049267
0.0492648
0.0492616
0.0492578
0.0492534
0.0492487
0.049244
0.0492394
0.0492351
0.0492314
0.0492283
0.049226
0.0492245
0.0492239
0.0492244
0.0492257
0.0492278
0.0492305
0.0492333
0.0492357
0.0492367
0.0492324
0.0492119
0.0491594
0.0491421
0.0491962
0.0492306
0.0492232
0.0491846
0.0491388
0.0490957
0.0490801
0.0491241
0.0491744
0.0491525
0.0491341
0.0491209
0.0491081
0.0490977
0.0490942
0.0491012
0.0491144
0.0491275
0.0491381
0.0491468
0.0491548
0.0491622
0.0491689
0.0491749
0.0491805
0.0491859
0.0491913
0.0491965
0.0492014
0.0492058
0.0492093
0.0492115
0.049212
0.0492106
0.049207
0.0492013
0.0491942
0.049187
0.049182
0.0491861
0.0491866
0.0491202
0.0491573
0.0492466
0.0492617
0.0492608
0.0492578
0.0492545
0.0492513
0.0492481
0.0492452
0.0492424
0.04924
0.049238
0.0492363
0.0492351
0.0492345
0.049234
0.0492308
0.0492268
0.0492361
0.0492484
0.049246
0.049246
0.0492475
0.0492498
0.0492524
0.0492552
0.0492578
0.0492602
0.0492622
0.0492637
0.049265
0.0492656
0.0492652
0.0492638
0.0492613
0.049258
0.0492539
0.0492494
0.0492446
0.0492399
0.0492354
0.0492313
0.0492278
0.0492249
0.0492229
0.0492217
0.0492215
0.0492223
0.049224
0.0492267
0.0492301
0.049234
0.0492377
0.0492401
0.0492366
0.0492141
0.0491528
0.0491466
0.0492214
0.0492531
0.0492379
0.0492064
0.0491732
0.0491472
0.0491451
0.0491684
0.0491608
0.0491376
0.0491182
0.0491034
0.0490923
0.049086
0.0490868
0.0490959
0.04911
0.0491242
0.0491362
0.0491463
0.0491551
0.0491624
0.049168
0.0491725
0.0491768
0.0491812
0.0491858
0.0491904
0.0491949
0.0491989
0.0492021
0.0492042
0.0492049
0.0492038
0.0492008
0.0491958
0.0491892
0.0491821
0.0491767
0.0491798
0.0491885
0.0491124
0.04914
0.0492437
0.0492613
0.0492609
0.0492579
0.0492545
0.049251
0.0492476
0.0492445
0.0492417
0.0492393
0.0492375
0.0492364
0.0492363
0.0492378
0.0492411
0.0492452
0.0492485
0.0492501
0.0492475
0.0492453
0.049245
0.049246
0.0492478
0.0492501
0.0492526
0.049255
0.0492573
0.0492592
0.0492606
0.0492616
0.0492621
0.0492616
0.0492599
0.0492572
0.0492535
0.0492492
0.0492445
0.0492396
0.0492349
0.0492306
0.0492267
0.0492234
0.0492209
0.0492192
0.0492184
0.0492186
0.0492197
0.0492219
0.049225
0.049229
0.0492336
0.0492382
0.0492414
0.0492377
0.0492112
0.0491384
0.0491559
0.0492496
0.0492702
0.0492475
0.0492205
0.0491954
0.049178
0.0491716
0.0491653
0.0491453
0.0491236
0.0491054
0.0490916
0.0490828
0.0490801
0.0490843
0.0490951
0.0491099
0.0491251
0.0491387
0.04915
0.0491585
0.0491638
0.0491669
0.0491696
0.0491725
0.049176
0.0491799
0.049184
0.049188
0.0491917
0.0491947
0.0491968
0.0491977
0.0491972
0.0491949
0.0491909
0.0491852
0.0491781
0.0491716
0.0491707
0.0491889
0.0491068
0.049123
0.0492402
0.0492602
0.0492604
0.0492575
0.0492538
0.0492501
0.0492464
0.049243
0.0492401
0.0492376
0.0492357
0.0492346
0.0492345
0.0492356
0.0492383
0.0492418
0.0492446
0.0492449
0.0492434
0.0492425
0.0492426
0.0492436
0.0492453
0.0492474
0.0492497
0.049252
0.0492542
0.049256
0.0492572
0.0492579
0.0492582
0.0492575
0.0492555
0.0492524
0.0492484
0.0492437
0.0492387
0.0492338
0.0492291
0.0492249
0.0492213
0.0492184
0.0492162
0.0492149
0.0492146
0.0492151
0.0492167
0.0492193
0.0492229
0.0492274
0.0492325
0.0492377
0.0492412
0.0492361
0.0492027
0.0491147
0.0491757
0.0492739
0.0492749
0.0492524
0.0492279
0.0492051
0.0491869
0.0491725
0.049156
0.0491355
0.0491159
0.0490996
0.0490877
0.0490814
0.0490814
0.049088
0.0491003
0.049116
0.049132
0.0491459
0.0491559
0.0491614
0.0491633
0.0491641
0.0491654
0.0491675
0.0491703
0.0491737
0.0491773
0.049181
0.0491844
0.0491873
0.0491895
0.0491907
0.0491909
0.0491897
0.0491871
0.0491828
0.0491767
0.0491686
0.0491599
0.0491589
0.0491088
0.0491062
0.0492361
0.0492585
0.0492592
0.0492563
0.0492525
0.0492485
0.0492445
0.0492409
0.0492376
0.049235
0.0492329
0.0492317
0.0492313
0.049232
0.0492337
0.049236
0.0492379
0.0492386
0.0492386
0.0492387
0.0492394
0.0492407
0.0492424
0.0492444
0.0492466
0.0492488
0.0492508
0.0492524
0.0492534
0.0492538
0.0492538
0.0492529
0.0492506
0.049247
0.0492425
0.0492374
0.0492321
0.049227
0.0492223
0.0492183
0.0492151
0.0492126
0.0492109
0.0492101
0.0492102
0.0492113
0.0492133
0.0492163
0.0492203
0.0492252
0.0492308
0.0492363
0.0492395
0.0492315
0.0491875
0.0490849
0.049204
0.0492806
0.0492723
0.0492524
0.0492301
0.0492085
0.0491891
0.0491713
0.0491528
0.049134
0.0491168
0.0491028
0.0490933
0.0490893
0.0490914
0.0490995
0.0491124
0.0491276
0.0491422
0.0491531
0.0491588
0.0491602
0.0491598
0.0491596
0.0491603
0.0491619
0.0491643
0.0491673
0.0491706
0.0491739
0.0491772
0.04918
0.0491824
0.049184
0.0491849
0.049185
0.0491842
0.0491824
0.049179
0.0491726
0.0491613
0.0491458
0.0491204
0.0490896
0.0492314
0.0492559
0.0492571
0.0492542
0.0492503
0.0492461
0.0492419
0.0492379
0.0492344
0.0492315
0.0492293
0.0492279
0.0492273
0.0492276
0.0492287
0.0492303
0.0492318
0.0492329
0.0492338
0.0492347
0.0492359
0.0492374
0.0492392
0.0492412
0.0492433
0.0492453
0.049247
0.0492484
0.0492492
0.0492493
0.049249
0.0492477
0.049245
0.0492409
0.0492358
0.0492302
0.0492245
0.0492193
0.0492147
0.049211
0.0492081
0.0492062
0.0492051
0.0492048
0.0492054
0.049207
0.0492094
0.0492129
0.0492173
0.0492225
0.0492284
0.049234
0.0492361
0.0492234
0.0491623
0.0490564
0.0492265
0.0492762
0.049266
0.0492484
0.0492287
0.0492088
0.04919
0.0491723
0.0491551
0.0491388
0.0491245
0.0491133
0.0491063
0.0491043
0.0491077
0.0491159
0.0491274
0.0491397
0.0491497
0.0491554
0.0491568
0.0491558
0.0491545
0.049154
0.0491544
0.0491558
0.0491579
0.0491606
0.0491637
0.0491669
0.04917
0.0491729
0.0491754
0.0491775
0.0491792
0.0491805
0.0491816
0.0491826
0.0491832
0.0491826
0.0491784
0.0491662
0.0491387
0.0490732
0.0492258
0.0492523
0.049254
0.0492511
0.0492472
0.0492428
0.0492384
0.0492342
0.0492304
0.0492274
0.0492251
0.0492235
0.0492228
0.0492229
0.0492237
0.049225
0.0492265
0.0492279
0.0492293
0.0492307
0.0492323
0.049234
0.0492358
0.0492377
0.0492396
0.0492413
0.0492428
0.0492439
0.0492444
0.0492443
0.0492436
0.049242
0.0492388
0.0492342
0.0492285
0.0492222
0.0492161
0.0492107
0.0492062
0.0492028
0.0492005
0.0491991
0.0491986
0.049199
0.0492002
0.0492022
0.0492051
0.0492089
0.0492137
0.0492192
0.0492252
0.0492306
0.0492311
0.0492116
0.0491229
0.049037
0.0492384
0.0492674
0.0492572
0.0492416
0.0492243
0.0492067
0.0491898
0.0491739
0.0491591
0.0491457
0.0491345
0.0491261
0.0491213
0.0491206
0.049124
0.0491306
0.0491387
0.0491461
0.0491507
0.049152
0.0491509
0.0491492
0.0491478
0.0491473
0.0491477
0.049149
0.0491509
0.0491535
0.0491565
0.0491596
0.0491628
0.0491659
0.0491687
0.0491712
0.0491736
0.0491758
0.0491784
0.0491815
0.0491855
0.0491905
0.0491953
0.0491936
0.0491667
0.0490565
0.0492191
0.0492474
0.0492494
0.0492467
0.0492429
0.0492386
0.0492341
0.0492297
0.0492258
0.0492227
0.0492203
0.0492188
0.0492181
0.0492182
0.0492189
0.0492202
0.0492217
0.0492233
0.049225
0.0492268
0.0492285
0.0492303
0.0492321
0.0492338
0.0492355
0.0492369
0.049238
0.0492387
0.049239
0.0492386
0.0492375
0.0492356
0.049232
0.0492268
0.0492204
0.0492135
0.0492069
0.0492013
0.0491969
0.0491939
0.0491921
0.0491914
0.0491917
0.0491927
0.0491944
0.049197
0.0492003
0.0492044
0.0492094
0.0492151
0.0492211
0.0492261
0.0492241
0.049193
0.0490793
0.0490294
0.0492403
0.0492562
0.0492463
0.0492326
0.0492174
0.0492022
0.0491875
0.049174
0.0491618
0.0491511
0.0491424
0.0491362
0.0491327
0.0491322
0.0491343
0.0491381
0.0491421
0.049145
0.0491458
0.0491447
0.0491429
0.0491411
0.04914
0.0491396
0.04914
0.0491413
0.0491433
0.0491458
0.0491488
0.0491521
0.0491554
0.0491587
0.0491619
0.0491649
0.0491678
0.0491708
0.0491743
0.0491786
0.0491842
0.0491919
0.0492021
0.0492129
0.0492166
0.0490393
0.0492109
0.0492407
0.0492432
0.0492408
0.0492374
0.0492333
0.0492289
0.0492246
0.0492207
0.0492176
0.0492153
0.0492139
0.0492133
0.0492135
0.0492143
0.0492157
0.0492174
0.0492192
0.0492211
0.0492229
0.0492247
0.0492265
0.0492281
0.0492295
0.0492308
0.0492318
0.0492326
0.049233
0.0492329
0.0492323
0.049231
0.0492287
0.0492246
0.0492188
0.0492117
0.049204
0.0491969
0.049191
0.0491868
0.0491842
0.0491831
0.0491831
0.0491841
0.0491858
0.0491882
0.0491911
0.0491948
0.0491992
0.0492045
0.0492103
0.0492162
0.0492205
0.0492156
0.0491607
0.0490416
0.0490329
0.0492355
0.0492436
0.0492339
0.0492216
0.0492084
0.0491952
0.0491828
0.0491714
0.0491613
0.0491527
0.0491457
0.0491407
0.0491375
0.0491363
0.0491366
0.0491375
0.0491383
0.0491382
0.049137
0.0491352
0.0491334
0.0491319
0.0491309
0.0491307
0.0491314
0.0491327
0.0491348
0.0491375
0.0491406
0.0491441
0.0491477
0.0491514
0.049155
0.0491584
0.0491618
0.0491654
0.0491693
0.049174
0.04918
0.0491877
0.0491969
0.0492059
0.0492113
0.0490211
0.0492007
0.049232
0.049235
0.0492332
0.0492305
0.0492271
0.049223
0.0492188
0.0492151
0.0492121
0.0492101
0.0492089
0.0492086
0.049209
0.0492101
0.0492116
0.0492134
0.0492153
0.0492172
0.0492191
0.0492208
0.0492223
0.0492237
0.0492248
0.0492257
0.0492263
0.0492267
0.0492267
0.0492263
0.0492255
0.0492238
0.0492212
0.0492167
0.0492103
0.0492024
0.049194
0.0491862
0.0491801
0.049176
0.0491738
0.0491733
0.0491742
0.0491759
0.0491784
0.0491813
0.0491847
0.0491886
0.0491932
0.0491986
0.0492045
0.0492103
0.0492137
0.0492048
0.0491204
0.0490113
0.0490444
0.0492264
0.0492296
0.0492201
0.049209
0.0491973
0.049186
0.0491754
0.0491658
0.0491573
0.0491499
0.0491439
0.0491392
0.0491358
0.0491336
0.0491321
0.049131
0.0491298
0.0491282
0.0491264
0.0491244
0.0491228
0.0491216
0.0491209
0.0491209
0.0491218
0.0491233
0.0491255
0.0491284
0.0491318
0.0491355
0.0491395
0.0491436
0.0491476
0.0491515
0.0491554
0.0491593
0.0491635
0.0491682
0.049174
0.049181
0.0491888
0.049196
0.0492005
0.049001
0.0491879
0.0492207
0.0492245
0.0492237
0.0492221
0.0492198
0.0492164
0.0492125
0.0492091
0.0492065
0.0492048
0.049204
0.049204
0.0492047
0.049206
0.0492077
0.0492096
0.0492115
0.0492134
0.0492152
0.0492167
0.0492179
0.0492189
0.0492197
0.0492201
0.0492203
0.0492202
0.0492199
0.0492192
0.0492181
0.0492162
0.0492132
0.0492082
0.0492012
0.0491926
0.0491834
0.049175
0.0491685
0.0491644
0.0491627
0.0491629
0.0491645
0.049167
0.0491702
0.0491736
0.0491773
0.0491814
0.0491862
0.0491917
0.0491976
0.0492031
0.0492053
0.0491883
0.0490772
0.0489886
0.0490595
0.0492142
0.0492143
0.0492051
0.049195
0.0491846
0.0491748
0.0491656
0.0491573
0.0491498
0.0491433
0.0491377
0.049133
0.0491292
0.049126
0.0491234
0.0491211
0.0491189
0.0491167
0.0491146
0.0491128
0.0491113
0.0491104
0.04911
0.0491103
0.0491114
0.0491131
0.0491155
0.0491186
0.0491222
0.0491263
0.0491307
0.0491352
0.0491397
0.0491441
0.0491484
0.0491526
0.0491568
0.0491613
0.0491665
0.0491725
0.049179
0.0491851
0.0491893
0.0489783
0.0491718
0.0492064
0.0492114
0.0492121
0.0492122
0.0492114
0.049209
0.0492058
0.0492028
0.0492007
0.0491995
0.0491992
0.0491996
0.0492007
0.0492022
0.049204
0.049206
0.0492079
0.0492097
0.0492112
0.0492125
0.0492134
0.049214
0.0492143
0.0492143
0.049214
0.0492135
0.0492128
0.0492118
0.0492104
0.0492083
0.0492047
0.0491993
0.0491917
0.0491823
0.0491723
0.0491631
0.0491562
0.0491521
0.0491508
0.0491516
0.049154
0.0491573
0.0491612
0.0491651
0.049169
0.0491731
0.0491779
0.0491834
0.0491893
0.0491946
0.0491956
0.0491617
0.0490365
0.0489731
0.0490742
0.0491998
0.0491979
0.0491891
0.0491798
0.0491706
0.0491619
0.0491538
0.0491464
0.0491398
0.0491337
0.0491283
0.0491235
0.0491193
0.0491156
0.0491123
0.0491093
0.0491067
0.0491043
0.0491022
0.0491006
0.0490994
0.0490987
0.0490986
0.0490992
0.0491004
0.0491023
0.0491049
0.0491082
0.049112
0.0491164
0.0491212
0.0491262
0.0491312
0.0491361
0.0491407
0.0491451
0.0491493
0.0491535
0.0491579
0.0491628
0.0491682
0.0491734
0.0491776
0.0489519
0.0491519
0.0491888
0.0491955
0.0491981
0.0492005
0.0492018
0.049201
0.0491987
0.0491964
0.0491949
0.0491943
0.0491945
0.0491954
0.0491968
0.0491986
0.0492005
0.0492025
0.0492044
0.049206
0.0492073
0.0492083
0.0492088
0.049209
0.0492087
0.0492082
0.0492074
0.0492065
0.0492054
0.0492042
0.0492025
0.0492
0.049196
0.0491899
0.0491816
0.0491715
0.0491607
0.0491507
0.0491432
0.0491392
0.0491382
0.0491397
0.0491427
0.0491467
0.0491512
0.0491555
0.0491594
0.0491634
0.049168
0.0491735
0.0491794
0.0491846
0.0491845
0.0491284
0.0489986
0.0489634
0.0490852
0.0491837
0.0491806
0.0491723
0.0491638
0.0491555
0.0491477
0.0491406
0.0491339
0.0491278
0.0491221
0.0491169
0.049112
0.0491076
0.0491035
0.0490999
0.0490967
0.0490939
0.0490916
0.0490896
0.0490882
0.0490873
0.0490869
0.0490871
0.0490878
0.0490892
0.0490912
0.0490938
0.0490972
0.0491013
0.0491059
0.049111
0.0491165
0.049122
0.0491274
0.0491324
0.049137
0.0491411
0.0491449
0.0491485
0.0491524
0.0491567
0.0491613
0.0491656
0.0489206
0.0491274
0.0491674
0.0491763
0.0491813
0.0491866
0.0491908
0.0491922
0.0491913
0.0491898
0.0491891
0.0491891
0.0491899
0.0491913
0.0491931
0.0491951
0.0491972
0.0491993
0.0492011
0.0492026
0.0492037
0.0492042
0.0492043
0.0492039
0.0492031
0.049202
0.0492007
0.0491993
0.0491979
0.0491964
0.0491945
0.0491915
0.0491869
0.0491802
0.0491712
0.0491602
0.0491485
0.0491377
0.0491297
0.0491256
0.049125
0.049127
0.0491306
0.0491353
0.0491403
0.0491446
0.0491483
0.0491519
0.0491561
0.0491615
0.0491676
0.0491726
0.0491712
0.0490903
0.0489641
0.0489582
0.0490911
0.0491665
0.0491627
0.0491549
0.0491471
0.0491397
0.0491328
0.0491263
0.0491203
0.0491147
0.0491093
0.0491042
0.0490994
0.0490949
0.0490907
0.049087
0.0490838
0.0490811
0.0490789
0.0490772
0.0490761
0.0490755
0.0490754
0.0490758
0.0490766
0.049078
0.04908
0.0490826
0.049086
0.0490901
0.0490949
0.0491003
0.0491062
0.0491122
0.049118
0.0491235
0.0491283
0.0491324
0.0491358
0.0491387
0.0491417
0.049145
0.049149
0.0491533
0.0488838
0.0490979
0.0491421
0.0491537
0.0491614
0.0491702
0.0491783
0.0491828
0.0491837
0.0491832
0.0491834
0.0491842
0.0491856
0.0491875
0.0491897
0.049192
0.0491943
0.0491964
0.0491981
0.0491995
0.0492003
0.0492004
0.0491999
0.0491989
0.0491974
0.0491956
0.0491938
0.049192
0.0491903
0.0491887
0.0491864
0.049183
0.0491777
0.0491701
0.0491602
0.0491484
0.0491357
0.0491241
0.0491156
0.0491114
0.0491112
0.0491137
0.0491178
0.0491229
0.0491283
0.0491325
0.0491354
0.049138
0.0491417
0.0491471
0.0491535
0.0491585
0.0491543
0.0490491
0.0489333
0.0489558
0.0490917
0.0491485
0.0491444
0.0491372
0.0491302
0.0491235
0.0491173
0.0491115
0.0491061
0.0491009
0.0490958
0.049091
0.0490863
0.0490818
0.0490778
0.0490741
0.0490711
0.0490686
0.0490667
0.0490654
0.0490646
0.0490644
0.0490646
0.0490651
0.049066
0.0490673
0.0490691
0.0490715
0.0490747
0.0490787
0.0490836
0.0490891
0.0490953
0.0491017
0.0491081
0.0491141
0.0491192
0.0491233
0.0491264
0.0491287
0.0491307
0.0491332
0.0491367
0.049141
0.0488418
0.0490631
0.0491129
0.0491279
0.0491385
0.0491511
0.049164
0.0491728
0.0491761
0.0491768
0.0491779
0.0491795
0.0491816
0.049184
0.0491866
0.0491892
0.0491917
0.0491939
0.0491957
0.0491969
0.0491972
0.0491968
0.0491956
0.0491937
0.0491915
0.049189
0.0491866
0.0491845
0.0491828
0.0491809
0.0491783
0.0491743
0.0491682
0.0491597
0.0491487
0.0491359
0.0491224
0.0491099
0.0491009
0.0490967
0.049097
0.0490999
0.0491043
0.0491098
0.0491154
0.0491191
0.0491204
0.0491214
0.0491242
0.0491297
0.0491369
0.0491423
0.0491309
0.0490077
0.0489062
0.0489549
0.0490875
0.04913
0.0491259
0.0491195
0.0491131
0.0491072
0.0491017
0.0490965
0.0490916
0.0490869
0.0490822
0.0490775
0.0490731
0.0490688
0.049065
0.0490616
0.0490589
0.0490568
0.0490554
0.0490546
0.0490543
0.0490544
0.0490547
0.0490553
0.0490561
0.0490572
0.0490588
0.0490609
0.0490637
0.0490674
0.0490721
0.0490777
0.0490841
0.0490909
0.0490977
0.0491041
0.0491096
0.0491139
0.0491168
0.0491186
0.0491199
0.0491215
0.0491245
0.0491289
0.0487965
0.0490232
0.0490803
0.0490993
0.0491126
0.0491291
0.0491479
0.0491623
0.0491687
0.0491707
0.0491728
0.0491753
0.049178
0.049181
0.0491841
0.049187
0.0491898
0.0491921
0.0491939
0.0491948
0.0491946
0.0491935
0.0491913
0.0491885
0.0491853
0.0491821
0.0491793
0.049177
0.0491752
0.0491732
0.0491702
0.0491656
0.0491585
0.0491488
0.0491367
0.0491228
0.0491084
0.0490952
0.0490858
0.0490819
0.0490826
0.049086
0.0490906
0.0490962
0.0491018
0.0491044
0.0491032
0.0491016
0.0491031
0.0491091
0.0491175
0.0491242
0.0491024
0.0489664
0.0488825
0.0489541
0.0490793
0.0491112
0.0491074
0.0491018
0.0490962
0.049091
0.0490862
0.0490817
0.0490773
0.0490729
0.0490686
0.0490643
0.0490601
0.0490562
0.0490526
0.0490497
0.0490475
0.049046
0.0490452
0.049045
0.0490451
0.0490456
0.0490462
0.0490467
0.0490474
0.0490482
0.0490493
0.0490509
0.0490532
0.0490565
0.0490608
0.0490662
0.0490726
0.0490797
0.049087
0.0490939
0.0490999
0.0491044
0.0491073
0.0491087
0.0491093
0.0491102
0.0491126
0.049117
0.0487533
0.0489778
0.0490446
0.0490687
0.0490843
0.0491042
0.0491294
0.0491512
0.0491619
0.0491651
0.0491682
0.0491715
0.049175
0.0491786
0.0491821
0.0491855
0.0491885
0.0491911
0.0491927
0.0491932
0.0491924
0.0491902
0.049187
0.049183
0.0491788
0.0491749
0.0491717
0.0491694
0.0491676
0.0491655
0.0491622
0.0491568
0.0491486
0.0491376
0.0491242
0.0491091
0.0490938
0.0490801
0.0490706
0.0490671
0.0490684
0.0490722
0.0490767
0.0490821
0.0490877
0.0490886
0.0490837
0.0490782
0.0490782
0.0490851
0.0490956
0.0491041
0.0490697
0.048926
0.0488616
0.0489523
0.0490679
0.0490923
0.049089
0.0490843
0.0490796
0.0490752
0.049071
0.0490671
0.0490633
0.0490594
0.0490554
0.0490515
0.0490476
0.0490441
0.049041
0.0490387
0.0490371
0.0490363
0.0490363
0.0490367
0.0490374
0.0490382
0.0490389
0.0490394
0.0490398
0.0490402
0.0490408
0.0490418
0.0490435
0.0490461
0.0490498
0.0490549
0.0490612
0.0490684
0.0490761
0.0490835
0.04909
0.0490949
0.0490979
0.0490991
0.0490991
0.0490993
0.0491013
0.0491057
0.0487169
0.0489302
0.0490061
0.049037
0.0490549
0.0490767
0.0491084
0.0491395
0.0491561
0.0491606
0.0491646
0.0491686
0.0491727
0.0491768
0.0491809
0.0491847
0.0491881
0.0491908
0.0491923
0.0491923
0.0491905
0.049187
0.0491824
0.0491771
0.0491719
0.0491673
0.0491641
0.0491619
0.0491602
0.049158
0.0491543
0.049148
0.0491385
0.049126
0.0491112
0.049095
0.0490788
0.0490647
0.0490555
0.0490528
0.0490549
0.0490589
0.049063
0.0490681
0.0490733
0.0490721
0.0490618
0.049051
0.0490493
0.0490579
0.0490713
0.0490822
0.0490337
0.0488869
0.048843
0.0489487
0.049054
0.0490732
0.0490709
0.0490672
0.0490635
0.0490599
0.0490564
0.0490531
0.0490498
0.0490464
0.0490428
0.0490393
0.0490358
0.0490327
0.0490302
0.0490285
0.0490278
0.0490279
0.0490286
0.0490298
0.049031
0.0490321
0.0490328
0.0490332
0.0490333
0.0490334
0.0490335
0.0490338
0.0490347
0.0490365
0.0490395
0.049044
0.04905
0.0490572
0.0490651
0.0490731
0.0490802
0.0490856
0.0490889
0.04909
0.0490896
0.0490892
0.0490907
0.0490951
0.0486886
0.0488856
0.0489666
0.0490046
0.0490255
0.0490475
0.0490849
0.0491271
0.0491512
0.0491569
0.0491618
0.0491665
0.0491712
0.0491759
0.0491805
0.0491849
0.0491887
0.0491915
0.0491927
0.0491918
0.0491887
0.0491837
0.0491775
0.0491709
0.0491646
0.0491597
0.0491564
0.0491544
0.049153
0.0491508
0.0491466
0.0491391
0.0491282
0.0491141
0.0490977
0.0490804
0.0490637
0.0490496
0.0490411
0.0490395
0.0490425
0.0490464
0.0490499
0.0490543
0.0490592
0.049055
0.0490373
0.0490199
0.0490167
0.0490281
0.0490454
0.0490584
0.0489957
0.0488497
0.0488259
0.0489429
0.0490383
0.0490541
0.049053
0.0490506
0.0490479
0.0490452
0.0490425
0.0490398
0.0490371
0.0490341
0.049031
0.0490278
0.0490248
0.0490222
0.0490203
0.0490194
0.0490195
0.0490205
0.0490221
0.049024
0.0490257
0.049027
0.0490277
0.049028
0.0490279
0.0490277
0.0490272
0.0490269
0.049027
0.0490279
0.04903
0.0490338
0.0490392
0.0490462
0.0490544
0.0490628
0.0490705
0.0490766
0.0490803
0.0490815
0.0490809
0.04908
0.049081
0.0490854
0.048669
0.0488456
0.0489298
0.0489733
0.0489972
0.049018
0.0490591
0.0491143
0.0491474
0.0491544
0.0491601
0.0491655
0.0491708
0.049176
0.0491811
0.049186
0.0491902
0.0491931
0.0491937
0.0491917
0.0491869
0.0491801
0.0491722
0.0491641
0.0491572
0.0491521
0.0491489
0.0491473
0.0491462
0.049144
0.0491391
0.0491303
0.0491176
0.0491018
0.0490841
0.0490658
0.0490488
0.0490351
0.049028
0.049028
0.0490317
0.0490352
0.0490376
0.0490414
0.0490458
0.0490377
0.0490101
0.0489848
0.0489811
0.048997
0.0490191
0.0490323
0.0489579
0.0488146
0.0488096
0.0489344
0.049021
0.0490349
0.0490353
0.0490344
0.049033
0.0490313
0.0490295
0.0490274
0.0490252
0.0490227
0.0490201
0.0490173
0.0490147
0.0490126
0.0490113
0.0490111
0.049012
0.0490139
0.0490164
0.049019
0.0490212
0.0490226
0.0490233
0.0490235
0.0490234
0.0490229
0.049022
0.0490211
0.0490204
0.0490203
0.0490216
0.0490244
0.0490292
0.0490358
0.049044
0.0490528
0.0490612
0.049068
0.0490723
0.0490738
0.049073
0.0490718
0.0490724
0.0490768
0.0486588
0.0488119
0.048896
0.0489451
0.0489716
0.0489889
0.0490305
0.0491009
0.0491449
0.0491531
0.0491596
0.0491656
0.0491714
0.0491771
0.0491827
0.0491881
0.0491927
0.0491955
0.0491953
0.0491917
0.0491851
0.0491762
0.0491665
0.0491572
0.0491498
0.0491446
0.0491417
0.0491406
0.04914
0.0491377
0.0491319
0.0491215
0.049107
0.0490895
0.0490704
0.0490515
0.0490346
0.0490221
0.0490169
0.0490188
0.0490229
0.0490255
0.0490267
0.0490297
0.0490336
0.04902
0.0489796
0.0489458
0.0489439
0.0489662
0.0489938
0.0490056
0.0489215
0.0487817
0.048793
0.0489232
0.0490026
0.0490157
0.0490177
0.0490185
0.0490186
0.0490181
0.0490172
0.0490159
0.0490143
0.0490123
0.0490101
0.0490078
0.0490056
0.0490039
0.0490031
0.0490035
0.0490051
0.0490079
0.0490112
0.0490145
0.049017
0.0490185
0.0490192
0.0490194
0.0490194
0.0490188
0.0490177
0.0490163
0.0490148
0.0490139
0.0490141
0.049016
0.04902
0.0490262
0.0490342
0.0490434
0.0490524
0.04906
0.049065
0.049067
0.0490663
0.0490648
0.0490651
0.0490694
0.0486587
0.0487856
0.0488661
0.0489193
0.0489499
0.048963
0.0489984
0.0490855
0.0491437
0.0491533
0.0491604
0.0491669
0.0491732
0.0491793
0.0491854
0.0491913
0.0491962
0.0491986
0.0491973
0.0491918
0.049183
0.049172
0.0491606
0.0491505
0.0491427
0.0491375
0.0491351
0.0491347
0.0491346
0.049132
0.049125
0.0491129
0.0490964
0.0490772
0.0490571
0.049038
0.0490219
0.0490113
0.0490088
0.0490125
0.0490164
0.0490175
0.0490175
0.04902
0.0490226
0.0490014
0.0489448
0.0489037
0.0489075
0.0489379
0.0489707
0.0489801
0.0488881
0.0487511
0.0487756
0.0489094
0.0489832
0.0489961
0.0489998
0.0490025
0.0490044
0.0490055
0.0490058
0.0490054
0.0490044
0.049003
0.0490012
0.0489993
0.0489975
0.0489961
0.0489957
0.0489965
0.0489986
0.0490019
0.0490059
0.0490099
0.0490128
0.0490143
0.0490149
0.0490154
0.0490156
0.0490153
0.0490141
0.0490123
0.0490102
0.0490085
0.0490078
0.0490087
0.0490119
0.0490174
0.0490253
0.0490346
0.0490442
0.0490527
0.0490586
0.0490612
0.0490608
0.0490592
0.0490593
0.0490635
0.0486686
0.0487673
0.048841
0.0488963
0.048931
0.0489431
0.0489643
0.0490653
0.0491422
0.0491551
0.0491626
0.0491695
0.0491761
0.0491826
0.0491891
0.0491954
0.0492005
0.0492024
0.0491995
0.0491918
0.0491805
0.0491675
0.0491549
0.0491441
0.0491359
0.0491309
0.0491292
0.0491298
0.0491301
0.0491272
0.0491187
0.0491044
0.0490859
0.0490653
0.0490446
0.0490259
0.0490114
0.0490036
0.0490042
0.0490092
0.0490118
0.0490112
0.0490104
0.0490127
0.0490122
0.0489774
0.0489043
0.048861
0.048875
0.0489143
0.048951
0.0489567
0.0488589
0.048723
0.0487568
0.048893
0.0489629
0.048976
0.0489813
0.048986
0.04899
0.0489931
0.0489949
0.0489957
0.0489955
0.0489947
0.0489934
0.0489919
0.0489904
0.0489893
0.048989
0.04899
0.0489922
0.0489958
0.0490002
0.0490046
0.0490079
0.0490094
0.0490102
0.0490112
0.049012
0.0490121
0.049011
0.0490091
0.0490065
0.0490041
0.0490025
0.0490025
0.0490048
0.0490097
0.0490172
0.0490267
0.0490369
0.0490462
0.0490531
0.0490565
0.0490566
0.0490551
0.0490551
0.0490592
0.0486874
0.0487566
0.048821
0.0488766
0.0489144
0.0489275
0.0489379
0.049038
0.0491375
0.0491585
0.0491663
0.0491735
0.0491803
0.049187
0.0491939
0.0492006
0.0492056
0.0492064
0.0492015
0.0491913
0.0491778
0.0491634
0.0491496
0.0491381
0.0491297
0.0491252
0.0491245
0.0491261
0.0491269
0.0491231
0.0491127
0.0490962
0.0490758
0.0490541
0.0490335
0.0490161
0.0490041
0.0489999
0.0490035
0.0490085
0.0490089
0.0490067
0.0490058
0.0490073
0.0490002
0.0489473
0.0488629
0.0488249
0.0488508
0.0488962
0.0489344
0.0489362
0.0488348
0.0486976
0.0487364
0.0488744
0.048942
0.0489551
0.0489616
0.048968
0.0489743
0.0489798
0.0489839
0.0489864
0.0489874
0.0489873
0.0489866
0.0489855
0.0489844
0.0489835
0.0489833
0.0489841
0.0489861
0.0489894
0.0489936
0.048998
0.0490018
0.0490036
0.049005
0.0490069
0.0490085
0.0490091
0.0490084
0.0490063
0.0490035
0.0490005
0.0489982
0.0489974
0.0489989
0.0490032
0.0490103
0.0490198
0.0490306
0.0490408
0.0490487
0.0490532
0.0490539
0.0490527
0.0490526
0.0490567
0.0487128
0.0487522
0.0488058
0.0488602
0.0489001
0.0489146
0.0489217
0.0490165
0.0491253
0.0491623
0.0491716
0.0491788
0.0491857
0.0491925
0.0491996
0.0492065
0.049211
0.0492102
0.049203
0.0491907
0.0491755
0.0491595
0.0491448
0.0491326
0.0491243
0.0491206
0.0491211
0.049124
0.049125
0.04912
0.0491073
0.0490884
0.0490664
0.0490443
0.0490246
0.0490094
0.0490009
0.0490006
0.0490061
0.0490094
0.0490073
0.0490043
0.0490033
0.0490015
0.0489816
0.0489126
0.0488326
0.048803
0.0488344
0.0488826
0.0489204
0.0489188
0.0488163
0.0486753
0.0487146
0.0488537
0.0489203
0.0489334
0.0489404
0.0489479
0.0489561
0.0489643
0.0489714
0.0489766
0.0489795
0.0489807
0.0489807
0.0489802
0.0489795
0.0489788
0.0489786
0.0489791
0.0489808
0.0489835
0.048987
0.0489909
0.0489944
0.0489969
0.0489996
0.0490025
0.049005
0.0490063
0.0490059
0.049004
0.049001
0.0489976
0.0489947
0.0489933
0.0489941
0.0489978
0.0490046
0.0490141
0.0490253
0.0490365
0.0490456
0.0490511
0.0490527
0.049052
0.0490521
0.0490561
0.048741
0.0487522
0.0487949
0.048847
0.048888
0.0489037
0.0489123
0.0490075
0.0491145
0.0491636
0.0491777
0.0491853
0.0491922
0.0491991
0.0492062
0.0492129
0.0492162
0.0492135
0.0492044
0.0491902
0.0491733
0.0491561
0.0491405
0.0491281
0.0491201
0.0491174
0.0491195
0.0491236
0.0491245
0.0491177
0.0491023
0.0490812
0.049058
0.0490363
0.0490185
0.0490065
0.0490022
0.0490054
0.0490107
0.049011
0.0490067
0.0490036
0.0490012
0.0489909
0.0489566
0.0488895
0.0488184
0.0487925
0.0488238
0.0488718
0.0489082
0.0489044
0.0488036
0.0486566
0.048693
0.0488308
0.0488974
0.0489108
0.0489175
0.0489251
0.0489344
0.0489448
0.0489553
0.0489643
0.0489706
0.048974
0.0489754
0.0489757
0.0489755
0.0489752
0.048975
0.0489754
0.0489766
0.0489787
0.0489815
0.0489846
0.0489876
0.0489909
0.0489947
0.0489986
0.0490018
0.0490036
0.0490036
0.0490019
0.0489988
0.0489951
0.0489919
0.04899
0.0489903
0.0489936
0.0490001
0.0490097
0.0490213
0.0490333
0.0490437
0.0490505
0.0490531
0.0490531
0.0490536
0.0490575
0.0487684
0.0487549
0.0487876
0.0488368
0.048878
0.0488951
0.0489089
0.0490068
0.049111
0.0491652
0.0491842
0.0491929
0.0491999
0.0492067
0.0492135
0.0492194
0.0492213
0.0492168
0.0492057
0.0491897
0.0491714
0.0491532
0.0491371
0.0491247
0.0491173
0.0491159
0.0491198
0.0491251
0.0491254
0.0491162
0.0490979
0.0490747
0.0490512
0.049031
0.049016
0.0490081
0.049008
0.0490129
0.0490156
0.0490126
0.0490074
0.049003
0.0489958
0.0489774
0.0489379
0.048876
0.0488134
0.0487892
0.0488171
0.0488629
0.0488974
0.0488927
0.0487964
0.0486424
0.0486747
0.0488054
0.0488717
0.0488871
0.0488934
0.0489001
0.048909
0.0489204
0.0489335
0.0489465
0.0489576
0.0489653
0.0489695
0.0489715
0.0489722
0.0489723
0.0489724
0.0489727
0.0489736
0.0489752
0.0489774
0.0489801
0.0489831
0.0489868
0.0489911
0.0489954
0.048999
0.0490011
0.0490013
0.0489997
0.0489966
0.0489929
0.0489895
0.0489874
0.0489875
0.0489905
0.0489969
0.0490066
0.0490187
0.0490316
0.0490432
0.0490514
0.0490553
0.0490563
0.0490572
0.0490613
0.0487927
0.0487593
0.0487832
0.0488293
0.0488702
0.0488891
0.0489117
0.0490124
0.0491131
0.049169
0.0491915
0.0492014
0.0492085
0.0492151
0.0492214
0.0492262
0.0492263
0.0492199
0.0492069
0.0491893
0.0491698
0.049151
0.0491346
0.0491225
0.0491161
0.0491164
0.0491223
0.0491286
0.0491276
0.0491153
0.0490939
0.0490693
0.0490466
0.0490288
0.0490177
0.0490143
0.0490173
0.049021
0.0490194
0.0490139
0.049008
0.0490013
0.0489891
0.0489652
0.0489243
0.048869
0.0488142
0.0487908
0.0488133
0.0488551
0.0488874
0.0488829
0.0487933
0.0486329
0.0486605
0.0487785
0.0488434
0.0488619
0.0488684
0.0488738
0.0488814
0.0488921
0.048906
0.0489217
0.0489375
0.0489508
0.04896
0.0489654
0.0489681
0.0489694
0.0489702
0.0489708
0.0489717
0.048973
0.048975
0.0489775
0.0489807
0.0489846
0.0489889
0.0489932
0.0489968
0.0489989
0.0489991
0.0489974
0.0489944
0.0489906
0.0489872
0.0489851
0.0489852
0.0489883
0.0489948
0.0490048
0.0490175
0.0490314
0.0490442
0.049054
0.0490593
0.0490614
0.049063
0.0490673
0.0488133
0.048765
0.0487816
0.0488244
0.0488648
0.0488869
0.0489208
0.0490232
0.0491196
0.0491752
0.0491995
0.0492107
0.0492179
0.0492242
0.0492298
0.049233
0.0492311
0.0492226
0.0492077
0.0491889
0.0491687
0.0491496
0.0491334
0.0491219
0.0491168
0.0491191
0.0491272
0.0491341
0.0491309
0.0491148
0.0490906
0.0490655
0.0490447
0.0490305
0.0490239
0.0490245
0.0490273
0.049027
0.0490222
0.0490155
0.0490083
0.0489987
0.0489827
0.0489561
0.0489166
0.0488674
0.0488194
0.0487962
0.0488119
0.048848
0.0488775
0.0488739
0.0487927
0.0486275
0.0486502
0.0487519
0.0488134
0.048835
0.0488423
0.0488467
0.0488527
0.0488618
0.0488749
0.0488914
0.04891
0.0489283
0.0489436
0.0489546
0.0489614
0.0489653
0.0489675
0.048969
0.0489703
0.0489718
0.0489738
0.0489763
0.0489796
0.0489834
0.0489876
0.0489917
0.0489949
0.0489967
0.0489967
0.0489948
0.0489917
0.048988
0.0489848
0.0489829
0.0489833
0.0489867
0.0489937
0.0490043
0.0490177
0.0490327
0.049047
0.0490582
0.0490651
0.0490686
0.0490712
0.0490757
0.048831
0.0487722
0.0487825
0.0488222
0.0488624
0.0488892
0.0489361
0.0490384
0.0491296
0.0491833
0.0492085
0.0492203
0.0492277
0.0492335
0.0492381
0.0492394
0.0492353
0.0492246
0.0492082
0.0491886
0.0491681
0.0491491
0.0491334
0.0491229
0.0491195
0.0491243
0.0491346
0.0491413
0.0491349
0.0491147
0.0490882
0.0490639
0.0490462
0.0490365
0.0490343
0.0490357
0.0490356
0.0490316
0.0490246
0.0490167
0.0490082
0.0489965
0.0489784
0.0489512
0.0489143
0.0488705
0.0488281
0.0488044
0.0488127
0.0488417
0.0488675
0.048865
0.0487927
0.0486263
0.0486434
0.0487271
0.0487827
0.048806
0.0488146
0.0488187
0.0488233
0.0488307
0.0488422
0.0488581
0.0488776
0.0488989
0.0489195
0.0489367
0.0489494
0.0489577
0.0489628
0.0489661
0.0489685
0.0489707
0.048973
0.0489757
0.048979
0.0489827
0.0489865
0.0489901
0.0489928
0.048994
0.0489936
0.0489915
0.0489883
0.0489848
0.0489819
0.0489806
0.0489816
0.0489857
0.0489934
0.0490048
0.0490193
0.0490355
0.0490513
0.0490643
0.0490729
0.0490779
0.0490816
0.0490865
0.0488473
0.048781
0.048786
0.048823
0.0488636
0.048897
0.0489565
0.0490568
0.0491419
0.0491928
0.0492179
0.0492302
0.0492375
0.0492427
0.0492458
0.049245
0.0492385
0.0492258
0.0492083
0.0491883
0.0491681
0.0491497
0.0491348
0.0491257
0.0491244
0.0491321
0.0491446
0.0491502
0.0491393
0.0491147
0.049087
0.0490649
0.0490517
0.0490468
0.0490463
0.0490457
0.0490421
0.049035
0.0490261
0.0490173
0.049008
0.0489957
0.0489775
0.0489514
0.0489175
0.0488783
0.04884
0.0488154
0.048816
0.0488366
0.0488577
0.0488558
0.0487922
0.0486281
0.0486395
0.0487048
0.0487524
0.0487754
0.0487849
0.0487892
0.0487931
0.0487993
0.0488094
0.0488241
0.0488433
0.0488658
0.0488896
0.048912
0.0489306
0.0489446
0.0489542
0.0489606
0.048965
0.0489684
0.0489715
0.0489746
0.048978
0.0489815
0.0489849
0.0489878
0.0489898
0.0489903
0.0489892
0.0489869
0.0489837
0.0489806
0.0489783
0.0489778
0.0489798
0.0489849
0.0489938
0.0490064
0.0490222
0.0490399
0.0490573
0.0490721
0.0490825
0.0490893
0.0490943
0.0490997
0.0488636
0.0487917
0.0487924
0.048827
0.048869
0.0489105
0.0489804
0.0490768
0.0491553
0.0492029
0.0492273
0.0492397
0.0492468
0.049251
0.0492523
0.0492491
0.0492401
0.0492258
0.0492078
0.0491881
0.0491687
0.0491513
0.0491377
0.0491304
0.0491317
0.0491427
0.049157
0.0491601
0.0491437
0.049115
0.0490876
0.0490695
0.0490615
0.0490594
0.0490579
0.0490541
0.0490468
0.0490368
0.0490264
0.0490169
0.0490076
0.0489962
0.04898
0.0489569
0.0489266
0.0488912
0.0488558
0.0488297
0.0488227
0.048834
0.048849
0.0488465
0.0487907
0.0486321
0.0486379
0.0486859
0.048724
0.0487448
0.0487544
0.048759
0.0487626
0.0487682
0.0487773
0.048791
0.0488095
0.0488322
0.0488574
0.0488829
0.0489062
0.0489254
0.04894
0.0489505
0.0489579
0.0489634
0.0489677
0.0489716
0.0489753
0.0489786
0.0489815
0.0489837
0.0489848
0.0489845
0.0489829
0.0489804
0.0489774
0.0489749
0.0489736
0.0489743
0.0489777
0.0489843
0.0489947
0.0490088
0.0490263
0.0490457
0.049065
0.0490817
0.049094
0.0491027
0.0491093
0.0491153
0.0488809
0.0488047
0.0488021
0.0488348
0.0488789
0.0489289
0.0490057
0.0490965
0.0491682
0.0492123
0.0492359
0.0492481
0.0492546
0.0492575
0.0492566
0.0492508
0.0492398
0.0492246
0.0492068
0.0491881
0.04917
0.049154
0.0491422
0.0491372
0.0491418
0.0491563
0.0491717
0.0491706
0.0491476
0.0491158
0.0490907
0.0490782
0.0490745
0.0490722
0.0490681
0.0490605
0.0490495
0.0490368
0.0490248
0.0490145
0.0490057
0.0489965
0.0489843
0.0489662
0.0489408
0.0489095
0.0488763
0.0488485
0.0488343
0.0488357
0.0488431
0.0488384
0.0487882
0.0486385
0.0486393
0.0486719
0.0487001
0.048717
0.0487256
0.04873
0.0487335
0.0487387
0.0487473
0.0487603
0.0487782
0.0488005
0.0488261
0.0488529
0.0488788
0.0489017
0.0489205
0.048935
0.0489458
0.0489538
0.0489599
0.0489649
0.0489692
0.0489726
0.048975
0.0489764
0.0489766
0.0489757
0.0489737
0.0489712
0.0489689
0.0489674
0.0489675
0.0489699
0.0489751
0.0489837
0.0489961
0.0490122
0.0490315
0.0490529
0.0490742
0.0490929
0.0491073
0.049118
0.0491264
0.0491331
0.0488999
0.0488209
0.0488155
0.0488466
0.0488931
0.0489504
0.0490296
0.0491136
0.0491786
0.0492193
0.0492419
0.0492538
0.0492596
0.0492607
0.0492573
0.0492494
0.0492372
0.0492221
0.0492052
0.0491881
0.0491718
0.0491579
0.0491484
0.0491463
0.0491547
0.049173
0.0491882
0.0491807
0.0491506
0.0491176
0.0490974
0.0490909
0.0490884
0.0490842
0.0490765
0.0490648
0.0490501
0.0490348
0.0490208
0.0490093
0.0490006
0.0489935
0.048986
0.0489747
0.0489567
0.0489312
0.0489014
0.0488728
0.0488526
0.0488444
0.0488431
0.0488342
0.0487868
0.0486492
0.0486454
0.0486652
0.0486841
0.0486962
0.0487026
0.0487061
0.0487091
0.0487137
0.0487216
0.0487339
0.0487511
0.0487729
0.048798
0.0488248
0.0488514
0.0488759
0.0488971
0.0489144
0.048928
0.0489384
0.0489464
0.0489527
0.0489577
0.0489612
0.0489633
0.0489642
0.0489639
0.0489626
0.0489607
0.0489588
0.0489575
0.0489576
0.0489597
0.0489643
0.048972
0.048983
0.0489978
0.0490162
0.0490379
0.0490614
0.0490848
0.0491057
0.0491223
0.0491351
0.0491455
0.0491531
0.0489214
0.048841
0.0488331
0.0488625
0.0489107
0.0489723
0.0490498
0.0491258
0.0491841
0.0492217
0.0492433
0.0492549
0.0492595
0.0492588
0.0492535
0.0492443
0.0492321
0.049218
0.0492031
0.0491882
0.0491743
0.0491629
0.0491563
0.0491578
0.0491707
0.0491928
0.0492058
0.0491895
0.0491528
0.0491215
0.0491086
0.0491055
0.0491019
0.0490946
0.0490828
0.049067
0.0490489
0.0490307
0.0490142
0.0490007
0.0489908
0.0489844
0.0489804
0.048976
0.0489672
0.0489506
0.0489275
0.0489015
0.0488782
0.0488623
0.0488522
0.0488375
0.0487905
0.0486678
0.0486602
0.0486699
0.0486805
0.0486874
0.0486909
0.0486924
0.0486938
0.0486968
0.0487033
0.0487143
0.0487304
0.0487511
0.0487751
0.0488008
0.0488264
0.0488506
0.0488721
0.0488903
0.0489052
0.048917
0.0489263
0.0489335
0.0489392
0.0489429
0.0489449
0.0489456
0.0489452
0.0489442
0.0489431
0.0489425
0.0489431
0.0489454
0.0489501
0.0489575
0.0489681
0.0489821
0.0489998
0.049021
0.0490452
0.0490712
0.0490969
0.0491199
0.0491387
0.0491539
0.0491665
0.0491749
0.0489458
0.0488656
0.0488553
0.0488824
0.0489303
0.0489923
0.0490641
0.0491312
0.0491827
0.049217
0.0492375
0.0492486
0.0492521
0.0492502
0.0492443
0.0492354
0.0492245
0.0492126
0.0492004
0.0491884
0.0491776
0.0491693
0.0491663
0.0491721
0.0491901
0.0492153
0.0492232
0.0491961
0.0491545
0.0491291
0.0491229
0.0491202
0.0491141
0.049103
0.0490871
0.0490676
0.0490463
0.0490253
0.049006
0.0489897
0.0489773
0.0489696
0.0489664
0.0489663
0.048966
0.0489603
0.0489477
0.0489292
0.0489082
0.048889
0.0488725
0.0488522
0.0488045
0.0486988
0.0486885
0.0486906
0.0486943
0.0486961
0.0486956
0.0486938
0.048692
0.0486921
0.0486957
0.0487043
0.0487183
0.0487371
0.0487591
0.0487825
0.0488057
0.0488276
0.0488474
0.0488645
0.0488788
0.0488905
0.0488998
0.0489072
0.0489128
0.0489166
0.0489188
0.0489198
0.0489201
0.0489202
0.0489207
0.0489223
0.0489254
0.0489308
0.0489387
0.0489496
0.0489637
0.0489812
0.0490021
0.0490265
0.0490536
0.0490821
0.0491102
0.0491354
0.0491564
0.0491741
0.0491889
0.0491983
0.0489736
0.0488954
0.0488826
0.0489063
0.0489513
0.0490091
0.0490723
0.0491295
0.0491738
0.0492042
0.0492231
0.0492335
0.0492365
0.0492348
0.0492299
0.0492229
0.0492148
0.0492061
0.0491973
0.049189
0.0491817
0.0491773
0.0491785
0.0491894
0.049213
0.04924
0.0492391
0.0491996
0.0491572
0.0491413
0.0491383
0.0491339
0.0491245
0.0491095
0.0490899
0.0490672
0.0490433
0.0490197
0.0489979
0.0489788
0.0489636
0.0489532
0.0489483
0.0489488
0.048953
0.0489567
0.0489553
0.048948
0.0489351
0.0489192
0.0489016
0.0488787
0.0488332
0.0487451
0.0487335
0.0487304
0.0487285
0.0487251
0.0487199
0.0487133
0.0487067
0.048702
0.0487011
0.0487059
0.0487166
0.0487324
0.0487512
0.0487711
0.0487905
0.0488085
0.0488246
0.0488386
0.0488505
0.0488603
0.0488683
0.0488747
0.0488797
0.0488832
0.0488857
0.0488875
0.0488891
0.0488911
0.048894
0.0488985
0.0489051
0.0489141
0.048926
0.0489409
0.048959
0.0489804
0.049005
0.0490328
0.049063
0.0490943
0.0491247
0.049152
0.0491751
0.0491953
0.0492126
0.0492228
0.049005
0.0489306
0.0489152
0.0489342
0.0489734
0.0490234
0.0490759
0.0491226
0.0491591
0.0491849
0.0492015
0.0492108
0.0492144
0.0492143
0.049212
0.0492083
0.0492038
0.0491992
0.0491945
0.0491902
0.0491871
0.049187
0.0491933
0.04921
0.0492394
0.0492658
0.0492511
0.0491998
0.049164
0.0491561
0.049153
0.0491459
0.049133
0.0491146
0.0490919
0.0490669
0.0490411
0.0490159
0.0489921
0.0489707
0.0489527
0.0489392
0.0489314
0.0489299
0.0489343
0.0489425
0.0489496
0.048953
0.0489512
0.0489441
0.0489318
0.0489121
0.0488742
0.0488065
0.0487939
0.0487877
0.0487814
0.0487732
0.0487625
0.04875
0.0487372
0.0487264
0.0487199
0.0487197
0.0487261
0.0487377
0.0487522
0.0487672
0.0487813
0.048794
0.0488049
0.0488142
0.048822
0.0488285
0.0488338
0.0488382
0.0488418
0.0488448
0.0488475
0.0488503
0.0488537
0.0488582
0.0488643
0.0488724
0.0488829
0.0488963
0.0489126
0.0489319
0.0489545
0.0489802
0.0490089
0.0490403
0.0490736
0.0491076
0.0491403
0.0491695
0.0491946
0.0492173
0.049237
0.0492477
0.0490402
0.0489708
0.0489533
0.0489667
0.048998
0.0490379
0.0490786
0.0491146
0.0491429
0.0491635
0.0491773
0.0491855
0.0491902
0.0491925
0.0491934
0.0491935
0.0491933
0.0491929
0.0491925
0.0491926
0.049194
0.0491989
0.0492109
0.0492341
0.049269
0.0492905
0.049257
0.0491989
0.0491759
0.0491711
0.0491662
0.0491561
0.04914
0.0491189
0.0490944
0.0490682
0.0490416
0.0490157
0.0489908
0.0489678
0.0489475
0.0489309
0.0489195
0.0489143
0.0489159
0.048924
0.0489348
0.0489453
0.0489531
0.0489564
0.0489537
0.048943
0.0489185
0.0488753
0.0488617
0.0488545
0.0488454
0.0488331
0.0488171
0.0487985
0.0487792
0.048762
0.0487498
0.0487445
0.0487461
0.0487528
0.0487618
0.0487707
0.0487784
0.0487843
0.0487888
0.0487922
0.0487948
0.0487968
0.0487986
0.0488002
0.048802
0.0488041
0.0488071
0.0488111
0.0488165
0.0488239
0.0488334
0.0488456
0.0488605
0.0488786
0.0488997
0.0489239
0.0489512
0.0489814
0.0490142
0.0490494
0.0490858
0.0491223
0.0491569
0.0491876
0.0492145
0.0492398
0.0492619
0.0492725
0.049079
0.0490157
0.0489966
0.0490042
0.0490267
0.0490556
0.0490847
0.0491102
0.0491305
0.0491456
0.0491563
0.0491635
0.0491691
0.0491736
0.0491775
0.0491812
0.0491849
0.0491886
0.0491925
0.0491969
0.0492031
0.0492135
0.0492318
0.0492619
0.0493012
0.0493112
0.0492548
0.049203
0.0491896
0.049185
0.0491775
0.0491646
0.0491464
0.049124
0.0490991
0.0490731
0.0490472
0.0490217
0.0489968
0.0489729
0.0489506
0.0489311
0.0489157
0.0489059
0.0489028
0.0489068
0.0489171
0.0489301
0.0489435
0.048955
0.0489623
0.0489632
0.0489547
0.0489355
0.0489258
0.0489181
0.0489082
0.0488933
0.0488733
0.0488497
0.0488254
0.0488035
0.048787
0.0487777
0.0487749
0.0487763
0.048779
0.0487809
0.048781
0.0487794
0.0487766
0.0487733
0.0487699
0.0487669
0.0487646
0.0487632
0.0487629
0.0487642
0.0487674
0.0487727
0.0487803
0.0487907
0.0488039
0.0488203
0.04884
0.0488629
0.048889
0.0489182
0.0489503
0.0489851
0.0490221
0.0490608
0.0491001
0.0491388
0.0491747
0.0492064
0.0492347
0.0492625
0.0492866
0.0492962
0.0491201
0.0490638
0.0490444
0.0490469
0.0490608
0.0490791
0.0490974
0.0491133
0.0491261
0.0491359
0.0491434
0.0491495
0.0491553
0.0491611
0.0491673
0.0491737
0.0491806
0.0491878
0.0491954
0.0492041
0.0492153
0.0492316
0.0492567
0.0492937
0.0493343
0.0493229
0.0492487
0.0492123
0.0492031
0.0491971
0.0491873
0.0491727
0.0491537
0.0491317
0.0491082
0.0490843
0.0490606
0.0490369
0.0490131
0.0489892
0.0489656
0.0489433
0.0489238
0.0489087
0.0488994
0.0488972
0.0489027
0.0489139
0.0489283
0.0489437
0.0489578
0.0489685
0.0489738
0.0489729
0.0489712
0.0489667
0.0489574
0.0489424
0.0489208
0.048895
0.0488686
0.0488452
0.0488275
0.0488161
0.0488098
0.0488059
0.0488019
0.048796
0.048788
0.0487784
0.048768
0.0487577
0.0487482
0.0487401
0.0487337
0.0487293
0.0487271
0.0487277
0.0487313
0.048738
0.0487481
0.0487616
0.0487787
0.0487995
0.0488239
0.0488518
0.0488829
0.048917
0.0489538
0.0489929
0.0490337
0.0490755
0.0491173
0.0491574
0.0491939
0.0492257
0.049255
0.0492856
0.0493109
0.0493179
0.0491609
0.0491132
0.0490953
0.0490941
0.0491006
0.0491097
0.0491186
0.0491261
0.0491321
0.0491369
0.0491411
0.0491456
0.0491511
0.0491575
0.0491648
0.0491731
0.0491822
0.049192
0.0492028
0.0492155
0.0492318
0.0492543
0.0492862
0.0493295
0.0493652
0.0493198
0.049248
0.0492234
0.0492154
0.0492076
0.0491965
0.0491818
0.0491641
0.0491447
0.0491246
0.0491045
0.0490844
0.049064
0.0490426
0.0490199
0.048996
0.0489718
0.0489485
0.0489278
0.0489114
0.0489011
0.048898
0.0489028
0.0489137
0.0489282
0.0489443
0.0489599
0.0489732
0.0489828
0.0489886
0.0489895
0.0489847
0.0489731
0.0489535
0.0489287
0.0489041
0.0488835
0.0488678
0.0488565
0.0488477
0.0488387
0.0488278
0.0488141
0.048798
0.0487804
0.0487626
0.0487456
0.0487304
0.0487175
0.0487075
0.0487007
0.0486971
0.0486976
0.048702
0.0487106
0.0487234
0.0487404
0.0487616
0.0487868
0.0488159
0.0488486
0.0488844
0.0489231
0.0489641
0.0490069
0.0490508
0.049095
0.0491383
0.0491789
0.0492149
0.0492458
0.0492763
0.04931
0.049335
0.0493363
0.049198
0.0491622
0.0491482
0.049145
0.0491458
0.0491475
0.0491487
0.0491494
0.0491497
0.0491504
0.0491517
0.0491548
0.0491594
0.0491656
0.0491733
0.0491821
0.0491922
0.0492036
0.0492171
0.0492336
0.0492551
0.0492836
0.0493216
0.0493688
0.0493865
0.0493088
0.0492521
0.0492344
0.0492263
0.0492174
0.0492064
0.0491935
0.0491792
0.0491643
0.0491493
0.0491344
0.0491192
0.0491032
0.0490855
0.0490656
0.0490434
0.0490191
0.0489938
0.0489689
0.0489459
0.0489268
0.0489134
0.048907
0.0489085
0.0489168
0.0489292
0.0489437
0.0489583
0.0489713
0.0489812
0.0489869
0.0489874
0.0489822
0.0489705
0.0489524
0.0489312
0.0489165
0.0489055
0.0488958
0.048885
0.0488714
0.0488539
0.0488328
0.0488091
0.0487843
0.04876
0.0487373
0.0487174
0.048701
0.0486885
0.0486802
0.0486764
0.0486777
0.048684
0.0486953
0.0487114
0.0487324
0.0487579
0.0487876
0.0488212
0.0488582
0.0488981
0.0489405
0.0489846
0.04903
0.0490759
0.0491212
0.0491646
0.0492044
0.0492386
0.0492677
0.0493006
0.0493388
0.0493599
0.0493515
0.0492311
0.0492142
0.0492065
0.0492033
0.0492007
0.0491974
0.0491935
0.0491894
0.0491859
0.0491834
0.0491826
0.0491835
0.0491862
0.0491906
0.0491967
0.0492046
0.0492145
0.049227
0.0492428
0.0492632
0.0492893
0.0493227
0.0493647
0.0494099
0.0493892
0.0493018
0.0492593
0.0492457
0.049237
0.0492275
0.0492173
0.0492072
0.0491974
0.0491879
0.0491786
0.0491694
0.0491597
0.049149
0.0491365
0.0491217
0.049104
0.0490832
0.0490598
0.0490343
0.0490082
0.0489829
0.0489603
0.0489422
0.0489301
0.0489255
0.0489279
0.0489349
0.0489444
0.0489546
0.048964
0.0489714
0.048976
0.0489772
0.0489744
0.0489668
0.0489545
0.048944
0.0489392
0.0489316
0.0489193
0.0489016
0.0488787
0.0488516
0.0488221
0.048792
0.0487631
0.0487368
0.0487143
0.0486964
0.0486834
0.0486758
0.0486736
0.0486774
0.048687
0.0487021
0.0487225
0.0487477
0.0487775
0.0488113
0.0488485
0.0488886
0.0489311
0.0489754
0.0490209
0.0490668
0.0491125
0.0491568
0.0491984
0.0492354
0.0492661
0.0492931
0.0493332
0.0493787
0.0493881
0.0493677
0.0492646
0.0492724
0.0492751
0.0492752
0.0492724
0.0492671
0.0492603
0.0492531
0.0492462
0.0492404
0.0492366
0.0492344
0.0492341
0.0492361
0.0492406
0.049248
0.0492587
0.0492731
0.0492917
0.0493152
0.0493439
0.0493785
0.0494189
0.0494466
0.049381
0.0493034
0.0492723
0.0492612
0.0492517
0.0492408
0.0492295
0.0492191
0.0492104
0.0492035
0.049198
0.0491935
0.0491895
0.0491857
0.0491814
0.0491756
0.0491673
0.0491556
0.04914
0.0491206
0.049098
0.0490732
0.0490477
0.0490228
0.0490001
0.0489812
0.048968
0.0489617
0.0489601
0.0489613
0.0489643
0.048968
0.0489722
0.0489765
0.0489801
0.0489813
0.0489784
0.0489738
0.0489738
0.0489686
0.0489558
0.0489357
0.0489097
0.0488796
0.0488475
0.0488156
0.0487858
0.0487596
0.0487382
0.0487221
0.0487119
0.0487078
0.0487102
0.0487189
0.0487335
0.0487535
0.0487783
0.0488073
0.0488402
0.0488761
0.0489146
0.0489551
0.048997
0.0490397
0.0490829
0.0491257
0.0491675
0.0492072
0.0492435
0.0492748
0.0492996
0.0493256
0.0493875
0.049441
0.0494182
0.0493562
0.049347
0.0493669
0.04938
0.049387
0.0493889
0.0493871
0.0493831
0.0493781
0.0493731
0.0493687
0.0493648
0.0493618
0.0493605
0.0493615
0.0493652
0.0493719
0.0493817
0.0493945
0.0494103
0.0494288
0.0494499
0.0494735
0.0494983
0.0494766
0.0493935
0.0493353
0.0493141
0.0493074
0.049302
0.049295
0.049287
0.0492791
0.0492719
0.0492658
0.049261
0.049258
0.0492571
0.0492574
0.0492586
0.0492599
0.0492603
0.049259
0.0492553
0.0492487
0.0492392
0.0492271
0.0492129
0.0491971
0.0491802
0.0491625
0.0491443
0.0491263
0.0491106
0.0490978
0.0490878
0.0490804
0.0490758
0.0490743
0.0490754
0.0490771
0.0490779
0.0490807
0.0490867
0.0490868
0.0490774
0.0490599
0.0490364
0.0490092
0.0489807
0.048953
0.0489281
0.0489074
0.0488919
0.0488823
0.0488786
0.0488809
0.0488884
0.0489003
0.0489162
0.0489357
0.0489583
0.0489837
0.0490114
0.0490409
0.0490718
0.0491037
0.0491361
0.0491686
0.0492008
0.049232
0.0492618
0.0492892
0.0493133
0.0493329
0.0493483
0.0493793
0.0494986
0.0495526
0.0494936
0.0494372
)
;

boundaryField
{
    floor
    {
        type            fixedFluxPressure;
        gradient        uniform 0;
        value           nonuniform List<scalar> 
100
(
0.0492026
0.049204
0.0492077
0.0492077
0.0492047
0.0492012
0.049198
0.0491952
0.049193
0.0491913
0.0491899
0.0491879
0.0491839
0.0491768
0.0491644
0.0491502
0.0491448
0.0491358
0.0491446
0.0491682
0.0491927
0.0492028
0.0492044
0.0492049
0.0492072
0.0492109
0.0492153
0.0492194
0.0492233
0.0492267
0.0492294
0.0492312
0.0492319
0.0492315
0.04923
0.0492273
0.0492236
0.0492191
0.049214
0.0492085
0.0492028
0.0491971
0.0491915
0.0491861
0.049181
0.0491762
0.0491719
0.049168
0.0491646
0.0491615
0.0491585
0.0491556
0.0491526
0.0491493
0.0491455
0.0491414
0.0491384
0.0491393
0.0491671
0.0491783
0.0491738
0.0491483
0.0491122
0.0490815
0.0490657
0.0490577
0.0490616
0.0490777
0.0490902
0.0490916
0.0490905
0.049095
0.0491046
0.0491137
0.0491184
0.0491209
0.0491243
0.0491299
0.0491376
0.0491465
0.0491555
0.0491639
0.0491717
0.0491789
0.0491857
0.0491922
0.0491981
0.0492034
0.0492077
0.0492107
0.0492117
0.0492101
0.049206
0.0491994
0.0491901
0.0491782
0.0491647
0.0491524
0.0491447
0.0491432
)
;
    }
    ceiling
    {
        type            fixedFluxPressure;
        gradient        nonuniform List<scalar> 
100
(
0.553133
0.549405
0.546331
0.543449
0.540604
0.537834
0.535244
0.53294
0.530989
0.52941
0.528349
0.52772
0.527348
0.527068
0.52674
0.526245
0.525492
0.524406
0.522928
0.521
0.51855
0.515472
0.511824
0.516778
0.533414
0.544442
0.547486
0.547181
0.546352
0.545735
0.545344
0.545084
0.544876
0.544658
0.544368
0.543912
0.543299
0.542666
0.542167
0.541971
0.542253
0.543176
0.544868
0.547404
0.550799
0.55502
0.56
0.565656
0.571903
0.578652
0.585824
0.59319
0.600224
0.6067
0.612562
0.617821
0.622503
0.626643
0.630268
0.633355
0.635721
0.636882
0.636501
0.635762
0.634728
0.633404
0.631788
0.629894
0.627736
0.625329
0.622684
0.619807
0.616705
0.613378
0.60983
0.606065
0.602212
0.598378
0.594568
0.590788
0.587047
0.583356
0.579728
0.57618
0.572731
0.569399
0.566208
0.56318
0.560343
0.557727
0.555371
0.553331
0.551688
0.550526
0.549615
0.544843
0.521461
0.510493
0.522204
0.533809
)
;
        value           nonuniform List<scalar> 
100
(
0.0521127
0.0521139
0.0521117
0.0521043
0.052092
0.0520763
0.0520593
0.0520428
0.052028
0.0520158
0.0520065
0.0520004
0.0519972
0.0519968
0.0519989
0.0520031
0.0520091
0.0520166
0.0520249
0.0520338
0.0520426
0.0520508
0.0520574
0.0520605
0.0520606
0.0520575
0.0520515
0.0520433
0.0520337
0.0520236
0.0520138
0.0520046
0.0519963
0.0519891
0.0519828
0.0519776
0.0519736
0.0519708
0.0519695
0.0519698
0.0519716
0.0519749
0.0519796
0.0519857
0.0519932
0.0520022
0.0520129
0.0520254
0.0520397
0.0520558
0.0520734
0.0520923
0.0521117
0.0521313
0.0521506
0.0521695
0.0521884
0.0522075
0.0522267
0.0522438
0.0522565
0.0522651
0.0522692
0.0522656
0.052251
0.0522269
0.0521953
0.0521587
0.0521193
0.0520796
0.0520415
0.0520064
0.0519755
0.0519491
0.0519277
0.0519112
0.0518995
0.0518922
0.0518891
0.0518896
0.0518936
0.0519005
0.05191
0.0519218
0.0519355
0.0519507
0.0519672
0.0519845
0.0520025
0.0520207
0.0520386
0.0520559
0.0520718
0.0520855
0.0520964
0.0521035
0.0521059
0.052105
0.0521046
0.0521063
)
;
    }
    fixedWalls
    {
        type            fixedFluxPressure;
        gradient        uniform 0;
        value           nonuniform List<scalar> 
100
(
0.0492026
0.0492088
0.0491943
0.0491754
0.0491573
0.04914
0.049123
0.0491062
0.0490896
0.0490732
0.0490565
0.0490393
0.0490211
0.049001
0.0489783
0.0489519
0.0489206
0.0488838
0.0488418
0.0487965
0.0487533
0.0487169
0.0486886
0.048669
0.0486588
0.0486587
0.0486686
0.0486874
0.0487128
0.048741
0.0487684
0.0487927
0.0488133
0.048831
0.0488473
0.0488636
0.0488809
0.0488999
0.0489214
0.0489458
0.0489736
0.049005
0.0490402
0.049079
0.0491201
0.0491609
0.049198
0.0492311
0.0492646
0.049347
0.0491432
0.0491416
0.0491304
0.0491202
0.0491124
0.0491068
0.0491088
0.0491204
0.0491387
0.0491667
0.0492166
0.0492113
0.0492005
0.0491893
0.0491776
0.0491656
0.0491533
0.049141
0.0491289
0.049117
0.0491057
0.0490951
0.0490854
0.0490768
0.0490694
0.0490635
0.0490592
0.0490567
0.0490561
0.0490575
0.0490613
0.0490673
0.0490757
0.0490865
0.0490997
0.0491153
0.0491331
0.0491531
0.0491749
0.0491983
0.0492228
0.0492477
0.0492725
0.0492962
0.0493179
0.0493363
0.0493515
0.0493677
0.0493562
0.0494372
)
;
    }
    frontAndBack
    {
        type            empty;
    }
}


// ************************************************************************* //
