/*--------------------------------*- C++ -*----------------------------------*\
| =========                 |                                                 |
| \\      /  F ield         | OpenFOAM: The Open Source CFD Toolbox           |
|  \\    /   O peration     | Version:  4.1                                   |
|   \\  /    A nd           | Web:      www.OpenFOAM.org                      |
|    \\/     M anipulation  |                                                 |
\*---------------------------------------------------------------------------*/
FoamFile
{
    version     2.0;
    format      ascii;
    class       volScalarField;
    location    "600";
    object      p;
}
// * * * * * * * * * * * * * * * * * * * * * * * * * * * * * * * * * * * * * //

dimensions      [0 2 -2 0 0 0 0];

internalField   nonuniform List<scalar> 
5000
(
0
4.1745e-06
3.30515e-06
-8.79265e-07
-4.59479e-06
-8.15149e-06
-1.09547e-05
-1.24344e-05
-1.22398e-05
-1.03312e-05
-6.93651e-06
2.55424e-07
7.99796e-06
1.27977e-05
1.38347e-05
1.11726e-05
5.29616e-06
-3.22291e-06
-1.38204e-05
-2.59579e-05
-3.91304e-05
-5.28712e-05
-6.67484e-05
-8.03513e-05
-9.32705e-05
-0.000105083
-0.000115359
-0.000123722
-0.000129942
-0.000134003
-0.00013611
-0.000136681
-0.000136268
-0.000135467
-0.000134703
-0.00013382
-0.000131604
-0.000125639
-0.000116624
-0.000119959
-0.000119794
-0.000115108
-0.000113121
-0.000113248
-0.000114423
-0.000116628
-0.000119315
-0.000121729
-0.000123625
-0.000124687
-0.000124147
-0.000133199
-0.000139713
-0.000144308
-0.000148103
-0.000151641
-0.00015517
-0.000158785
-0.000162509
-0.00016632
-0.000170166
-0.000173962
-0.000177595
-0.00018094
-0.000183866
-0.000186239
-0.000187922
-0.000188777
-0.000188673
-0.000187488
-0.00018512
-0.00018149
-0.000176583
-0.000170438
-0.000163118
-0.000154732
-0.000145437
-0.000135423
-0.000124901
-0.000114098
-0.000103244
-9.25627e-05
-8.22705e-05
-7.25718e-05
-6.36626e-05
-5.57303e-05
-4.89483e-05
-4.34936e-05
-3.96686e-05
-3.80779e-05
-3.92546e-05
-4.18447e-05
-4.60604e-05
-5.31135e-05
-6.16675e-05
-6.92553e-05
-7.41119e-05
-7.59318e-05
-7.41467e-05
-6.54393e-05
-0.0984686
-0.0984688
-0.0984688
-0.0984681
-0.0984671
-0.0984656
-0.0984632
-0.0984598
-0.098456
-0.0984526
-0.0984502
-0.0984501
-0.0984515
-0.098453
-0.0984558
-0.0984608
-0.0984681
-0.0984775
-0.0984886
-0.098501
-0.0985142
-0.0985279
-0.0985415
-0.0985549
-0.0985674
-0.0985788
-0.0985885
-0.098596
-0.0986011
-0.0986037
-0.0986041
-0.0986026
-0.0985998
-0.0985963
-0.0985924
-0.0985881
-0.0985827
-0.0985739
-0.0985654
-0.0985788
-0.0985866
-0.0985797
-0.0985749
-0.0985731
-0.0985733
-0.0985744
-0.0985757
-0.0985769
-0.0985777
-0.0985688
-0.0985577
-0.0985644
-0.0985734
-0.0985811
-0.0985879
-0.0985943
-0.0986004
-0.0986064
-0.0986123
-0.0986182
-0.0986241
-0.0986298
-0.0986353
-0.0986404
-0.098645
-0.098649
-0.0986522
-0.0986545
-0.0986558
-0.0986558
-0.0986546
-0.0986521
-0.0986481
-0.0986429
-0.0986363
-0.0986286
-0.09862
-0.0986106
-0.0986006
-0.0985904
-0.0985801
-0.09857
-0.0985602
-0.0985511
-0.0985428
-0.0985354
-0.0985292
-0.0985244
-0.0985213
-0.0985203
-0.0985218
-0.098525
-0.0985294
-0.0985356
-0.0985426
-0.0985482
-0.0985506
-0.0985495
-0.098545
-0.0985328
-0.196952
-0.196954
-0.196954
-0.196954
-0.196953
-0.196951
-0.196947
-0.196944
-0.19694
-0.196937
-0.196936
-0.196938
-0.19694
-0.196943
-0.196947
-0.196953
-0.196961
-0.19697
-0.196981
-0.196994
-0.197007
-0.19702
-0.197034
-0.197047
-0.19706
-0.197071
-0.197081
-0.197088
-0.197093
-0.197095
-0.197094
-0.197091
-0.197086
-0.19708
-0.197074
-0.197067
-0.19706
-0.197052
-0.197047
-0.197056
-0.197067
-0.197062
-0.197059
-0.197058
-0.197059
-0.197061
-0.197063
-0.197064
-0.197063
-0.197044
-0.197031
-0.197035
-0.197044
-0.197053
-0.197062
-0.19707
-0.197077
-0.197085
-0.197092
-0.197099
-0.197106
-0.197113
-0.197119
-0.197125
-0.197131
-0.197136
-0.197139
-0.197142
-0.197144
-0.197144
-0.197143
-0.19714
-0.197136
-0.197131
-0.197124
-0.197117
-0.197108
-0.197098
-0.197089
-0.197078
-0.197068
-0.197058
-0.197049
-0.19704
-0.197032
-0.197025
-0.197019
-0.197015
-0.197012
-0.197012
-0.197013
-0.197017
-0.197022
-0.197028
-0.197034
-0.19704
-0.197042
-0.19704
-0.197035
-0.197024
-0.295438
-0.29544
-0.29544
-0.295441
-0.29544
-0.295439
-0.295436
-0.295433
-0.29543
-0.295428
-0.295428
-0.295429
-0.295431
-0.295435
-0.295439
-0.295446
-0.295454
-0.295464
-0.295476
-0.295488
-0.295501
-0.295514
-0.295528
-0.295541
-0.295553
-0.295565
-0.295575
-0.295582
-0.295587
-0.295588
-0.295586
-0.295582
-0.295575
-0.295568
-0.295559
-0.295551
-0.295543
-0.295536
-0.29553
-0.29553
-0.295536
-0.295539
-0.29554
-0.295542
-0.295545
-0.295549
-0.295551
-0.295554
-0.295545
-0.295528
-0.295519
-0.295523
-0.29553
-0.295539
-0.295547
-0.295555
-0.295563
-0.295571
-0.295579
-0.295586
-0.295594
-0.295601
-0.295608
-0.295614
-0.29562
-0.295625
-0.295628
-0.295631
-0.295633
-0.295633
-0.295632
-0.295629
-0.295625
-0.29562
-0.295613
-0.295605
-0.295596
-0.295587
-0.295577
-0.295567
-0.295557
-0.295547
-0.295538
-0.29553
-0.295522
-0.295516
-0.295511
-0.295507
-0.295505
-0.295504
-0.295506
-0.29551
-0.295515
-0.295521
-0.295528
-0.295533
-0.295534
-0.295533
-0.295529
-0.295521
-0.393925
-0.393927
-0.393928
-0.393928
-0.393928
-0.393927
-0.393925
-0.393923
-0.393921
-0.39392
-0.39392
-0.393921
-0.393923
-0.393927
-0.393933
-0.39394
-0.393949
-0.393959
-0.39397
-0.393983
-0.393996
-0.394009
-0.394022
-0.394035
-0.394048
-0.39406
-0.39407
-0.394078
-0.394082
-0.394083
-0.39408
-0.394074
-0.394066
-0.394056
-0.394046
-0.394036
-0.394027
-0.394019
-0.394009
-0.394003
-0.394009
-0.394015
-0.39402
-0.394026
-0.394031
-0.394037
-0.394041
-0.394041
-0.394029
-0.394016
-0.394011
-0.394015
-0.394021
-0.394029
-0.394036
-0.394044
-0.394052
-0.39406
-0.394067
-0.394075
-0.394082
-0.39409
-0.394097
-0.394103
-0.394109
-0.394114
-0.394118
-0.394121
-0.394122
-0.394122
-0.394121
-0.394118
-0.394114
-0.394108
-0.394102
-0.394094
-0.394085
-0.394076
-0.394066
-0.394056
-0.394047
-0.394037
-0.394028
-0.39402
-0.394013
-0.394007
-0.394003
-0.393999
-0.393998
-0.393998
-0.394
-0.394004
-0.394009
-0.394015
-0.394021
-0.394026
-0.394028
-0.394027
-0.394024
-0.394018
-0.492414
-0.492416
-0.492416
-0.492417
-0.492417
-0.492416
-0.492415
-0.492414
-0.492412
-0.492412
-0.492412
-0.492413
-0.492416
-0.492421
-0.492427
-0.492434
-0.492443
-0.492454
-0.492466
-0.492478
-0.492491
-0.492504
-0.492517
-0.49253
-0.492543
-0.492555
-0.492566
-0.492574
-0.492579
-0.492579
-0.492575
-0.492568
-0.492558
-0.492547
-0.492534
-0.492522
-0.492512
-0.492502
-0.492488
-0.492482
-0.492487
-0.492495
-0.492502
-0.49251
-0.492517
-0.492524
-0.492531
-0.492524
-0.492515
-0.492506
-0.492505
-0.492509
-0.492514
-0.492521
-0.492528
-0.492535
-0.492542
-0.492549
-0.492557
-0.492564
-0.492572
-0.492579
-0.492586
-0.492593
-0.492599
-0.492604
-0.492608
-0.492611
-0.492612
-0.492612
-0.492611
-0.492608
-0.492604
-0.492598
-0.492591
-0.492583
-0.492575
-0.492566
-0.492556
-0.492546
-0.492537
-0.492528
-0.492519
-0.492512
-0.492505
-0.492499
-0.492495
-0.492492
-0.492491
-0.492492
-0.492494
-0.492498
-0.492503
-0.492509
-0.492516
-0.492521
-0.492523
-0.492522
-0.49252
-0.492515
-0.590903
-0.590905
-0.590906
-0.590906
-0.590907
-0.590906
-0.590905
-0.590904
-0.590904
-0.590904
-0.590904
-0.590906
-0.590909
-0.590914
-0.590921
-0.590929
-0.590938
-0.590949
-0.59096
-0.590973
-0.590985
-0.590998
-0.591011
-0.591024
-0.591038
-0.591051
-0.591063
-0.591071
-0.591076
-0.591076
-0.591071
-0.591063
-0.591052
-0.591038
-0.591024
-0.59101
-0.590998
-0.590987
-0.590973
-0.590968
-0.590972
-0.590979
-0.590987
-0.590995
-0.591003
-0.591012
-0.591013
-0.591007
-0.591001
-0.590997
-0.590999
-0.591003
-0.591008
-0.591013
-0.591019
-0.591026
-0.591033
-0.59104
-0.591047
-0.591054
-0.591062
-0.591069
-0.591076
-0.591083
-0.591089
-0.591094
-0.591098
-0.591101
-0.591102
-0.591103
-0.591101
-0.591098
-0.591094
-0.591088
-0.591082
-0.591074
-0.591065
-0.591056
-0.591047
-0.591038
-0.591028
-0.591019
-0.591011
-0.591004
-0.590997
-0.590992
-0.590988
-0.590986
-0.590985
-0.590986
-0.590988
-0.590992
-0.590998
-0.591004
-0.59101
-0.591015
-0.591017
-0.591016
-0.591015
-0.591011
-0.689393
-0.689395
-0.689395
-0.689396
-0.689396
-0.689396
-0.689396
-0.689395
-0.689395
-0.689396
-0.689397
-0.689399
-0.689402
-0.689408
-0.689414
-0.689423
-0.689433
-0.689444
-0.689455
-0.689467
-0.689479
-0.689492
-0.689505
-0.689519
-0.689533
-0.689547
-0.68956
-0.689569
-0.689574
-0.689573
-0.689568
-0.689559
-0.689546
-0.689532
-0.689516
-0.6895
-0.689487
-0.689476
-0.689463
-0.68946
-0.689462
-0.689468
-0.689474
-0.689481
-0.689489
-0.689495
-0.689493
-0.689489
-0.689488
-0.689489
-0.689492
-0.689496
-0.689501
-0.689506
-0.689511
-0.689517
-0.689524
-0.68953
-0.689537
-0.689545
-0.689552
-0.689559
-0.689567
-0.689573
-0.689579
-0.689585
-0.689589
-0.689592
-0.689593
-0.689594
-0.689592
-0.689589
-0.689585
-0.68958
-0.689573
-0.689565
-0.689557
-0.689548
-0.689539
-0.68953
-0.689521
-0.689512
-0.689504
-0.689496
-0.68949
-0.689485
-0.689482
-0.68948
-0.689479
-0.68948
-0.689483
-0.689487
-0.689492
-0.689498
-0.689505
-0.68951
-0.689512
-0.689511
-0.68951
-0.689507
-0.787883
-0.787885
-0.787885
-0.787886
-0.787886
-0.787886
-0.787886
-0.787886
-0.787886
-0.787887
-0.787889
-0.787891
-0.787895
-0.787901
-0.787908
-0.787917
-0.787927
-0.787938
-0.787949
-0.787961
-0.787973
-0.787986
-0.787999
-0.788013
-0.788027
-0.788042
-0.788056
-0.788067
-0.788072
-0.788071
-0.788065
-0.788055
-0.788042
-0.788026
-0.78801
-0.787993
-0.78798
-0.78797
-0.787959
-0.787956
-0.787957
-0.787959
-0.787963
-0.787968
-0.787973
-0.787975
-0.787973
-0.787971
-0.787975
-0.78798
-0.787985
-0.787989
-0.787993
-0.787998
-0.788003
-0.788009
-0.788015
-0.788021
-0.788028
-0.788035
-0.788043
-0.78805
-0.788057
-0.788064
-0.788071
-0.788076
-0.78808
-0.788083
-0.788085
-0.788085
-0.788084
-0.788081
-0.788077
-0.788072
-0.788065
-0.788058
-0.78805
-0.788041
-0.788032
-0.788023
-0.788014
-0.788005
-0.787997
-0.78799
-0.787984
-0.787979
-0.787976
-0.787974
-0.787973
-0.787975
-0.787977
-0.787981
-0.787987
-0.787993
-0.787999
-0.788004
-0.788006
-0.788005
-0.788004
-0.788002
-0.886374
-0.886374
-0.886375
-0.886376
-0.886376
-0.886376
-0.886376
-0.886377
-0.886377
-0.886379
-0.886381
-0.886384
-0.886388
-0.886394
-0.886402
-0.88641
-0.88642
-0.886431
-0.886442
-0.886454
-0.886466
-0.886478
-0.886492
-0.886506
-0.886521
-0.886537
-0.886552
-0.886563
-0.886568
-0.886568
-0.886561
-0.88655
-0.886537
-0.886521
-0.886504
-0.886488
-0.886476
-0.886466
-0.886458
-0.886455
-0.886453
-0.886453
-0.886453
-0.886454
-0.886455
-0.886454
-0.886452
-0.886454
-0.886462
-0.88647
-0.886476
-0.886481
-0.886485
-0.88649
-0.886495
-0.8865
-0.886506
-0.886512
-0.886519
-0.886526
-0.886533
-0.886541
-0.886548
-0.886556
-0.886562
-0.886568
-0.886572
-0.886576
-0.886577
-0.886578
-0.886577
-0.886574
-0.88657
-0.886565
-0.886559
-0.886552
-0.886544
-0.886535
-0.886526
-0.886517
-0.886508
-0.886499
-0.886491
-0.886484
-0.886478
-0.886473
-0.88647
-0.886468
-0.886468
-0.886469
-0.886471
-0.886475
-0.88648
-0.886486
-0.886492
-0.886497
-0.8865
-0.886499
-0.886498
-0.886496
-0.984864
-0.984864
-0.984865
-0.984866
-0.984866
-0.984866
-0.984867
-0.984867
-0.984868
-0.98487
-0.984872
-0.984876
-0.984881
-0.984887
-0.984894
-0.984904
-0.984913
-0.984924
-0.984935
-0.984946
-0.984958
-0.98497
-0.984983
-0.984997
-0.985013
-0.98503
-0.985046
-0.985058
-0.985063
-0.985061
-0.985055
-0.985044
-0.98503
-0.985015
-0.984998
-0.984983
-0.984972
-0.984963
-0.984957
-0.984953
-0.98495
-0.984946
-0.984943
-0.98494
-0.984937
-0.984933
-0.984931
-0.984936
-0.984948
-0.98496
-0.984967
-0.984972
-0.984976
-0.984981
-0.984986
-0.984991
-0.984996
-0.985003
-0.985009
-0.985017
-0.985024
-0.985032
-0.98504
-0.985047
-0.985054
-0.98506
-0.985065
-0.985068
-0.98507
-0.985071
-0.98507
-0.985068
-0.985064
-0.985059
-0.985053
-0.985046
-0.985038
-0.98503
-0.985021
-0.985012
-0.985003
-0.984994
-0.984986
-0.984979
-0.984972
-0.984968
-0.984964
-0.984962
-0.984962
-0.984963
-0.984965
-0.984969
-0.984974
-0.984979
-0.984985
-0.98499
-0.984992
-0.984991
-0.984991
-0.984989
-1.08335
-1.08335
-1.08335
-1.08336
-1.08336
-1.08336
-1.08336
-1.08336
-1.08336
-1.08336
-1.08336
-1.08337
-1.08337
-1.08338
-1.08339
-1.0834
-1.08341
-1.08342
-1.08343
-1.08344
-1.08345
-1.08346
-1.08347
-1.08349
-1.0835
-1.08352
-1.08354
-1.08355
-1.08355
-1.08355
-1.08354
-1.08353
-1.08352
-1.08351
-1.08349
-1.08348
-1.08347
-1.08346
-1.08345
-1.08345
-1.08344
-1.08344
-1.08343
-1.08343
-1.08342
-1.08341
-1.08341
-1.08342
-1.08343
-1.08345
-1.08346
-1.08346
-1.08347
-1.08347
-1.08348
-1.08348
-1.08349
-1.08349
-1.0835
-1.08351
-1.08352
-1.08352
-1.08353
-1.08354
-1.08355
-1.08355
-1.08356
-1.08356
-1.08356
-1.08356
-1.08356
-1.08356
-1.08356
-1.08355
-1.08355
-1.08354
-1.08353
-1.08352
-1.08352
-1.08351
-1.0835
-1.08349
-1.08348
-1.08347
-1.08347
-1.08346
-1.08346
-1.08346
-1.08346
-1.08346
-1.08346
-1.08346
-1.08347
-1.08347
-1.08348
-1.08348
-1.08348
-1.08348
-1.08348
-1.08348
-1.18184
-1.18184
-1.18184
-1.18185
-1.18185
-1.18185
-1.18185
-1.18185
-1.18185
-1.18185
-1.18186
-1.18186
-1.18186
-1.18187
-1.18188
-1.18189
-1.1819
-1.18191
-1.18192
-1.18193
-1.18194
-1.18195
-1.18196
-1.18198
-1.18199
-1.18201
-1.18202
-1.18203
-1.18204
-1.18204
-1.18203
-1.18202
-1.18201
-1.18199
-1.18198
-1.18197
-1.18196
-1.18195
-1.18195
-1.18194
-1.18194
-1.18193
-1.18192
-1.18191
-1.1819
-1.18189
-1.18189
-1.1819
-1.18192
-1.18194
-1.18195
-1.18195
-1.18196
-1.18196
-1.18197
-1.18197
-1.18198
-1.18198
-1.18199
-1.182
-1.18201
-1.18201
-1.18202
-1.18203
-1.18204
-1.18204
-1.18205
-1.18205
-1.18206
-1.18206
-1.18206
-1.18206
-1.18205
-1.18205
-1.18204
-1.18204
-1.18203
-1.18202
-1.18201
-1.182
-1.18199
-1.18198
-1.18198
-1.18197
-1.18196
-1.18196
-1.18195
-1.18195
-1.18195
-1.18195
-1.18195
-1.18195
-1.18196
-1.18196
-1.18197
-1.18197
-1.18197
-1.18197
-1.18197
-1.18197
-1.28033
-1.28033
-1.28033
-1.28033
-1.28034
-1.28034
-1.28034
-1.28034
-1.28034
-1.28034
-1.28035
-1.28035
-1.28036
-1.28036
-1.28037
-1.28038
-1.28039
-1.2804
-1.28041
-1.28042
-1.28043
-1.28044
-1.28045
-1.28046
-1.28048
-1.28049
-1.28051
-1.28052
-1.28052
-1.28052
-1.28051
-1.2805
-1.28049
-1.28048
-1.28047
-1.28046
-1.28045
-1.28044
-1.28044
-1.28043
-1.28043
-1.28042
-1.28041
-1.2804
-1.28039
-1.28038
-1.28037
-1.28039
-1.28041
-1.28043
-1.28044
-1.28044
-1.28045
-1.28045
-1.28046
-1.28046
-1.28047
-1.28047
-1.28048
-1.28049
-1.2805
-1.28051
-1.28051
-1.28052
-1.28053
-1.28054
-1.28054
-1.28055
-1.28055
-1.28055
-1.28055
-1.28055
-1.28055
-1.28054
-1.28054
-1.28053
-1.28053
-1.28052
-1.28051
-1.2805
-1.28049
-1.28048
-1.28047
-1.28046
-1.28046
-1.28045
-1.28045
-1.28044
-1.28044
-1.28044
-1.28044
-1.28045
-1.28045
-1.28045
-1.28046
-1.28046
-1.28046
-1.28046
-1.28046
-1.28046
-1.37882
-1.37882
-1.37882
-1.37882
-1.37883
-1.37883
-1.37883
-1.37883
-1.37883
-1.37883
-1.37884
-1.37884
-1.37885
-1.37885
-1.37886
-1.37887
-1.37888
-1.37889
-1.3789
-1.37891
-1.37892
-1.37893
-1.37894
-1.37895
-1.37896
-1.37897
-1.37898
-1.37899
-1.379
-1.37899
-1.37899
-1.37898
-1.37897
-1.37896
-1.37895
-1.37894
-1.37894
-1.37893
-1.37893
-1.37892
-1.37891
-1.37891
-1.3789
-1.37889
-1.37887
-1.37886
-1.37886
-1.37887
-1.37889
-1.37891
-1.37892
-1.37893
-1.37894
-1.37894
-1.37895
-1.37895
-1.37896
-1.37896
-1.37897
-1.37898
-1.37899
-1.379
-1.37901
-1.37901
-1.37902
-1.37903
-1.37904
-1.37904
-1.37905
-1.37905
-1.37905
-1.37905
-1.37904
-1.37904
-1.37904
-1.37903
-1.37902
-1.37901
-1.379
-1.37899
-1.37899
-1.37898
-1.37897
-1.37896
-1.37895
-1.37895
-1.37894
-1.37894
-1.37893
-1.37893
-1.37894
-1.37894
-1.37894
-1.37895
-1.37895
-1.37895
-1.37895
-1.37895
-1.37895
-1.37895
-1.47731
-1.47731
-1.47731
-1.47731
-1.47731
-1.47732
-1.47732
-1.47732
-1.47732
-1.47732
-1.47733
-1.47733
-1.47734
-1.47734
-1.47735
-1.47736
-1.47737
-1.47738
-1.47738
-1.47739
-1.4774
-1.47741
-1.47742
-1.47743
-1.47744
-1.47745
-1.47746
-1.47747
-1.47747
-1.47747
-1.47746
-1.47745
-1.47745
-1.47744
-1.47743
-1.47743
-1.47742
-1.47742
-1.47741
-1.47741
-1.4774
-1.47739
-1.47738
-1.47737
-1.47736
-1.47735
-1.47735
-1.47736
-1.47738
-1.4774
-1.47741
-1.47742
-1.47742
-1.47743
-1.47744
-1.47744
-1.47745
-1.47745
-1.47746
-1.47747
-1.47748
-1.47749
-1.4775
-1.47751
-1.47751
-1.47752
-1.47753
-1.47754
-1.47754
-1.47754
-1.47754
-1.47754
-1.47754
-1.47754
-1.47753
-1.47752
-1.47752
-1.47751
-1.4775
-1.47749
-1.47748
-1.47747
-1.47746
-1.47745
-1.47745
-1.47744
-1.47743
-1.47743
-1.47743
-1.47743
-1.47743
-1.47743
-1.47743
-1.47743
-1.47744
-1.47744
-1.47744
-1.47744
-1.47744
-1.47744
-1.5758
-1.5758
-1.5758
-1.5758
-1.5758
-1.57581
-1.57581
-1.57581
-1.57581
-1.57581
-1.57582
-1.57582
-1.57583
-1.57583
-1.57584
-1.57585
-1.57586
-1.57586
-1.57587
-1.57588
-1.57589
-1.5759
-1.57591
-1.57591
-1.57592
-1.57593
-1.57593
-1.57594
-1.57594
-1.57594
-1.57593
-1.57593
-1.57592
-1.57591
-1.57591
-1.57591
-1.5759
-1.5759
-1.5759
-1.57589
-1.57588
-1.57588
-1.57587
-1.57586
-1.57585
-1.57584
-1.57584
-1.57584
-1.57586
-1.57589
-1.5759
-1.57591
-1.57591
-1.57592
-1.57592
-1.57593
-1.57594
-1.57594
-1.57595
-1.57596
-1.57597
-1.57598
-1.57599
-1.576
-1.57601
-1.57602
-1.57602
-1.57603
-1.57603
-1.57604
-1.57604
-1.57604
-1.57604
-1.57603
-1.57603
-1.57602
-1.57601
-1.576
-1.576
-1.57599
-1.57598
-1.57597
-1.57596
-1.57595
-1.57594
-1.57593
-1.57593
-1.57592
-1.57592
-1.57592
-1.57592
-1.57592
-1.57592
-1.57592
-1.57593
-1.57593
-1.57593
-1.57593
-1.57593
-1.57593
-1.67429
-1.67429
-1.67429
-1.67429
-1.67429
-1.6743
-1.6743
-1.6743
-1.6743
-1.6743
-1.67431
-1.67431
-1.67432
-1.67432
-1.67433
-1.67434
-1.67434
-1.67435
-1.67436
-1.67437
-1.67437
-1.67438
-1.67439
-1.6744
-1.6744
-1.67441
-1.67441
-1.67441
-1.67441
-1.67441
-1.6744
-1.6744
-1.67439
-1.67439
-1.67438
-1.67438
-1.67438
-1.67438
-1.67438
-1.67437
-1.67437
-1.67436
-1.67435
-1.67434
-1.67434
-1.67433
-1.67433
-1.67433
-1.67435
-1.67437
-1.67439
-1.6744
-1.6744
-1.67441
-1.67441
-1.67442
-1.67443
-1.67443
-1.67444
-1.67445
-1.67446
-1.67447
-1.67448
-1.67449
-1.6745
-1.67451
-1.67452
-1.67452
-1.67453
-1.67453
-1.67453
-1.67453
-1.67453
-1.67453
-1.67452
-1.67452
-1.67451
-1.6745
-1.67449
-1.67448
-1.67447
-1.67446
-1.67445
-1.67444
-1.67443
-1.67442
-1.67442
-1.67441
-1.67441
-1.67441
-1.6744
-1.67441
-1.67441
-1.67441
-1.67441
-1.67442
-1.67442
-1.67442
-1.67442
-1.67441
-1.77278
-1.77278
-1.77278
-1.77278
-1.77278
-1.77279
-1.77279
-1.77279
-1.77279
-1.77279
-1.7728
-1.7728
-1.77281
-1.77281
-1.77282
-1.77283
-1.77283
-1.77284
-1.77285
-1.77285
-1.77286
-1.77287
-1.77287
-1.77288
-1.77288
-1.77288
-1.77289
-1.77288
-1.77288
-1.77288
-1.77288
-1.77287
-1.77287
-1.77286
-1.77286
-1.77286
-1.77286
-1.77286
-1.77286
-1.77285
-1.77285
-1.77284
-1.77283
-1.77283
-1.77282
-1.77282
-1.77282
-1.77281
-1.77283
-1.77286
-1.77288
-1.77288
-1.77289
-1.7729
-1.7729
-1.77291
-1.77291
-1.77292
-1.77293
-1.77294
-1.77295
-1.77296
-1.77297
-1.77298
-1.77299
-1.773
-1.77301
-1.77301
-1.77302
-1.77302
-1.77303
-1.77303
-1.77303
-1.77302
-1.77302
-1.77301
-1.773
-1.77299
-1.77298
-1.77297
-1.77296
-1.77295
-1.77294
-1.77293
-1.77292
-1.77292
-1.77291
-1.7729
-1.7729
-1.77289
-1.77289
-1.77289
-1.77289
-1.7729
-1.7729
-1.7729
-1.7729
-1.7729
-1.7729
-1.7729
-1.87127
-1.87127
-1.87127
-1.87127
-1.87127
-1.87127
-1.87128
-1.87128
-1.87128
-1.87128
-1.87129
-1.87129
-1.8713
-1.8713
-1.87131
-1.87131
-1.87132
-1.87133
-1.87133
-1.87134
-1.87135
-1.87135
-1.87136
-1.87136
-1.87136
-1.87136
-1.87136
-1.87136
-1.87136
-1.87135
-1.87135
-1.87134
-1.87134
-1.87134
-1.87134
-1.87134
-1.87134
-1.87134
-1.87134
-1.87133
-1.87133
-1.87132
-1.87132
-1.87131
-1.87131
-1.8713
-1.8713
-1.8713
-1.87132
-1.87134
-1.87136
-1.87137
-1.87138
-1.87138
-1.87139
-1.8714
-1.8714
-1.87141
-1.87142
-1.87143
-1.87144
-1.87145
-1.87146
-1.87147
-1.87148
-1.87149
-1.8715
-1.87151
-1.87151
-1.87152
-1.87152
-1.87152
-1.87152
-1.87152
-1.87151
-1.8715
-1.8715
-1.87149
-1.87148
-1.87147
-1.87146
-1.87145
-1.87144
-1.87142
-1.87141
-1.8714
-1.8714
-1.87139
-1.87138
-1.87138
-1.87138
-1.87138
-1.87138
-1.87138
-1.87138
-1.87139
-1.87139
-1.87139
-1.87139
-1.87138
-1.96976
-1.96976
-1.96976
-1.96976
-1.96976
-1.96976
-1.96977
-1.96977
-1.96977
-1.96977
-1.96978
-1.96978
-1.96978
-1.96979
-1.9698
-1.9698
-1.96981
-1.96981
-1.96982
-1.96982
-1.96983
-1.96983
-1.96984
-1.96984
-1.96984
-1.96984
-1.96984
-1.96984
-1.96983
-1.96983
-1.96982
-1.96982
-1.96982
-1.96982
-1.96982
-1.96982
-1.96982
-1.96982
-1.96981
-1.96981
-1.96981
-1.9698
-1.9698
-1.9698
-1.96979
-1.96979
-1.96979
-1.96979
-1.9698
-1.96982
-1.96985
-1.96986
-1.96987
-1.96987
-1.96988
-1.96988
-1.96989
-1.9699
-1.9699
-1.96991
-1.96992
-1.96993
-1.96994
-1.96996
-1.96997
-1.96998
-1.96999
-1.97
-1.97
-1.97001
-1.97001
-1.97001
-1.97001
-1.97001
-1.97
-1.97
-1.96999
-1.96998
-1.96997
-1.96996
-1.96995
-1.96994
-1.96993
-1.96991
-1.9699
-1.96989
-1.96988
-1.96988
-1.96987
-1.96986
-1.96986
-1.96986
-1.96986
-1.96986
-1.96987
-1.96987
-1.96987
-1.96987
-1.96987
-1.96986
-2.06825
-2.06825
-2.06825
-2.06825
-2.06825
-2.06825
-2.06825
-2.06826
-2.06826
-2.06826
-2.06826
-2.06827
-2.06827
-2.06828
-2.06828
-2.06829
-2.06829
-2.0683
-2.0683
-2.06831
-2.06831
-2.06832
-2.06832
-2.06833
-2.06833
-2.06833
-2.06832
-2.06832
-2.06831
-2.06831
-2.0683
-2.0683
-2.0683
-2.0683
-2.0683
-2.0683
-2.0683
-2.06829
-2.06829
-2.06829
-2.06829
-2.06829
-2.06828
-2.06828
-2.06828
-2.06828
-2.06828
-2.06828
-2.06829
-2.06831
-2.06833
-2.06834
-2.06835
-2.06836
-2.06836
-2.06837
-2.06838
-2.06838
-2.06839
-2.0684
-2.06841
-2.06842
-2.06843
-2.06844
-2.06845
-2.06847
-2.06848
-2.06849
-2.06849
-2.0685
-2.0685
-2.0685
-2.0685
-2.0685
-2.06849
-2.06849
-2.06848
-2.06847
-2.06846
-2.06845
-2.06844
-2.06843
-2.06842
-2.0684
-2.06839
-2.06838
-2.06837
-2.06836
-2.06835
-2.06835
-2.06834
-2.06834
-2.06834
-2.06834
-2.06834
-2.06835
-2.06835
-2.06835
-2.06835
-2.06834
-2.16674
-2.16674
-2.16674
-2.16674
-2.16674
-2.16674
-2.16674
-2.16675
-2.16675
-2.16675
-2.16675
-2.16676
-2.16676
-2.16676
-2.16677
-2.16677
-2.16678
-2.16679
-2.16679
-2.16679
-2.1668
-2.1668
-2.16681
-2.16681
-2.16681
-2.16681
-2.16681
-2.1668
-2.1668
-2.16679
-2.16679
-2.16678
-2.16678
-2.16678
-2.16678
-2.16678
-2.16678
-2.16678
-2.16677
-2.16677
-2.16677
-2.16677
-2.16677
-2.16677
-2.16677
-2.16677
-2.16677
-2.16677
-2.16678
-2.1668
-2.16681
-2.16683
-2.16684
-2.16684
-2.16685
-2.16686
-2.16686
-2.16687
-2.16688
-2.16689
-2.1669
-2.16691
-2.16692
-2.16693
-2.16694
-2.16695
-2.16696
-2.16697
-2.16698
-2.16699
-2.16699
-2.16699
-2.16699
-2.16699
-2.16698
-2.16698
-2.16697
-2.16696
-2.16695
-2.16694
-2.16693
-2.16692
-2.1669
-2.16689
-2.16688
-2.16687
-2.16686
-2.16685
-2.16684
-2.16683
-2.16682
-2.16682
-2.16682
-2.16682
-2.16682
-2.16682
-2.16682
-2.16682
-2.16682
-2.16681
-2.26523
-2.26523
-2.26523
-2.26523
-2.26523
-2.26523
-2.26523
-2.26523
-2.26524
-2.26524
-2.26524
-2.26524
-2.26525
-2.26525
-2.26526
-2.26526
-2.26527
-2.26527
-2.26528
-2.26528
-2.26528
-2.26529
-2.26529
-2.26529
-2.26529
-2.26529
-2.26529
-2.26529
-2.26528
-2.26528
-2.26527
-2.26527
-2.26527
-2.26526
-2.26526
-2.26526
-2.26526
-2.26526
-2.26526
-2.26526
-2.26525
-2.26525
-2.26525
-2.26525
-2.26525
-2.26525
-2.26526
-2.26526
-2.26527
-2.26528
-2.2653
-2.26531
-2.26532
-2.26533
-2.26534
-2.26534
-2.26535
-2.26536
-2.26536
-2.26537
-2.26538
-2.26539
-2.2654
-2.26541
-2.26542
-2.26544
-2.26545
-2.26546
-2.26547
-2.26547
-2.26548
-2.26548
-2.26548
-2.26548
-2.26547
-2.26547
-2.26546
-2.26545
-2.26544
-2.26543
-2.26541
-2.2654
-2.26539
-2.26538
-2.26536
-2.26535
-2.26534
-2.26533
-2.26532
-2.26531
-2.2653
-2.2653
-2.26529
-2.26529
-2.26529
-2.26529
-2.26529
-2.26529
-2.26528
-2.26527
-2.36372
-2.36372
-2.36372
-2.36372
-2.36372
-2.36372
-2.36372
-2.36372
-2.36372
-2.36373
-2.36373
-2.36373
-2.36373
-2.36374
-2.36374
-2.36375
-2.36375
-2.36376
-2.36376
-2.36377
-2.36377
-2.36377
-2.36378
-2.36378
-2.36378
-2.36378
-2.36378
-2.36377
-2.36377
-2.36377
-2.36376
-2.36376
-2.36375
-2.36375
-2.36375
-2.36375
-2.36375
-2.36374
-2.36374
-2.36374
-2.36374
-2.36374
-2.36374
-2.36374
-2.36374
-2.36374
-2.36374
-2.36375
-2.36375
-2.36377
-2.36378
-2.3638
-2.36381
-2.36382
-2.36382
-2.36383
-2.36384
-2.36384
-2.36385
-2.36386
-2.36387
-2.36388
-2.36389
-2.3639
-2.36391
-2.36392
-2.36393
-2.36394
-2.36395
-2.36396
-2.36396
-2.36397
-2.36397
-2.36396
-2.36396
-2.36395
-2.36394
-2.36393
-2.36392
-2.36391
-2.3639
-2.36389
-2.36388
-2.36386
-2.36385
-2.36384
-2.36382
-2.36381
-2.3638
-2.36379
-2.36378
-2.36377
-2.36376
-2.36376
-2.36376
-2.36375
-2.36375
-2.36375
-2.36374
-2.36373
-2.46221
-2.46221
-2.46221
-2.46221
-2.46221
-2.46221
-2.46221
-2.46221
-2.46221
-2.46221
-2.46222
-2.46222
-2.46222
-2.46223
-2.46223
-2.46223
-2.46224
-2.46224
-2.46225
-2.46225
-2.46225
-2.46226
-2.46226
-2.46226
-2.46226
-2.46226
-2.46226
-2.46226
-2.46226
-2.46226
-2.46225
-2.46225
-2.46224
-2.46224
-2.46224
-2.46223
-2.46223
-2.46223
-2.46223
-2.46223
-2.46222
-2.46222
-2.46222
-2.46222
-2.46223
-2.46223
-2.46223
-2.46223
-2.46224
-2.46225
-2.46227
-2.46228
-2.46229
-2.4623
-2.46231
-2.46231
-2.46232
-2.46233
-2.46233
-2.46234
-2.46235
-2.46236
-2.46237
-2.46238
-2.46239
-2.4624
-2.46241
-2.46242
-2.46243
-2.46244
-2.46244
-2.46245
-2.46245
-2.46245
-2.46244
-2.46244
-2.46243
-2.46242
-2.46241
-2.4624
-2.46239
-2.46237
-2.46236
-2.46235
-2.46233
-2.46232
-2.46231
-2.46229
-2.46228
-2.46227
-2.46226
-2.46225
-2.46224
-2.46223
-2.46222
-2.46222
-2.46221
-2.4622
-2.46219
-2.46218
-2.56069
-2.56069
-2.5607
-2.5607
-2.5607
-2.5607
-2.5607
-2.5607
-2.5607
-2.5607
-2.5607
-2.56071
-2.56071
-2.56071
-2.56071
-2.56072
-2.56072
-2.56073
-2.56073
-2.56073
-2.56074
-2.56074
-2.56075
-2.56075
-2.56075
-2.56075
-2.56075
-2.56075
-2.56075
-2.56074
-2.56074
-2.56074
-2.56073
-2.56073
-2.56073
-2.56072
-2.56072
-2.56072
-2.56071
-2.56071
-2.56071
-2.56071
-2.56071
-2.56071
-2.56071
-2.56071
-2.56072
-2.56072
-2.56073
-2.56074
-2.56075
-2.56077
-2.56078
-2.56079
-2.56079
-2.5608
-2.56081
-2.56081
-2.56082
-2.56083
-2.56083
-2.56084
-2.56085
-2.56086
-2.56087
-2.56088
-2.56089
-2.5609
-2.56091
-2.56092
-2.56092
-2.56093
-2.56093
-2.56093
-2.56092
-2.56092
-2.56091
-2.5609
-2.56089
-2.56088
-2.56087
-2.56086
-2.56084
-2.56083
-2.56082
-2.5608
-2.56079
-2.56077
-2.56076
-2.56075
-2.56073
-2.56072
-2.56071
-2.5607
-2.56069
-2.56068
-2.56067
-2.56066
-2.56064
-2.56063
-2.65918
-2.65918
-2.65918
-2.65918
-2.65919
-2.65919
-2.65919
-2.65919
-2.65919
-2.65919
-2.65919
-2.65919
-2.65919
-2.6592
-2.6592
-2.6592
-2.65921
-2.65921
-2.65922
-2.65922
-2.65922
-2.65923
-2.65923
-2.65923
-2.65923
-2.65924
-2.65924
-2.65924
-2.65924
-2.65923
-2.65923
-2.65923
-2.65922
-2.65922
-2.65922
-2.65921
-2.65921
-2.6592
-2.6592
-2.6592
-2.6592
-2.6592
-2.6592
-2.6592
-2.6592
-2.6592
-2.6592
-2.65921
-2.65921
-2.65922
-2.65924
-2.65925
-2.65926
-2.65927
-2.65928
-2.65928
-2.65929
-2.6593
-2.6593
-2.65931
-2.65932
-2.65932
-2.65933
-2.65934
-2.65935
-2.65936
-2.65937
-2.65938
-2.65939
-2.6594
-2.6594
-2.65941
-2.65941
-2.65941
-2.6594
-2.6594
-2.65939
-2.65938
-2.65937
-2.65936
-2.65935
-2.65934
-2.65933
-2.65931
-2.6593
-2.65928
-2.65927
-2.65925
-2.65924
-2.65922
-2.65921
-2.6592
-2.65918
-2.65917
-2.65916
-2.65915
-2.65914
-2.65912
-2.65911
-2.65909
-2.75767
-2.75767
-2.75767
-2.75767
-2.75767
-2.75767
-2.75768
-2.75768
-2.75768
-2.75768
-2.75768
-2.75768
-2.75768
-2.75768
-2.75769
-2.75769
-2.75769
-2.7577
-2.7577
-2.7577
-2.75771
-2.75771
-2.75771
-2.75772
-2.75772
-2.75772
-2.75772
-2.75772
-2.75772
-2.75772
-2.75772
-2.75772
-2.75771
-2.75771
-2.7577
-2.7577
-2.7577
-2.75769
-2.75769
-2.75768
-2.75768
-2.75768
-2.75768
-2.75768
-2.75768
-2.75768
-2.75769
-2.75769
-2.7577
-2.7577
-2.75772
-2.75773
-2.75775
-2.75776
-2.75776
-2.75777
-2.75777
-2.75778
-2.75779
-2.75779
-2.7578
-2.75781
-2.75781
-2.75782
-2.75783
-2.75784
-2.75785
-2.75786
-2.75787
-2.75787
-2.75788
-2.75788
-2.75788
-2.75788
-2.75788
-2.75788
-2.75787
-2.75786
-2.75786
-2.75785
-2.75783
-2.75782
-2.75781
-2.75779
-2.75778
-2.75776
-2.75775
-2.75773
-2.75772
-2.7577
-2.75769
-2.75767
-2.75766
-2.75764
-2.75763
-2.75762
-2.75761
-2.7576
-2.75758
-2.75757
-2.85616
-2.85616
-2.85616
-2.85616
-2.85616
-2.85616
-2.85616
-2.85616
-2.85616
-2.85616
-2.85616
-2.85616
-2.85617
-2.85617
-2.85617
-2.85617
-2.85618
-2.85618
-2.85618
-2.85619
-2.85619
-2.8562
-2.8562
-2.8562
-2.85621
-2.85621
-2.85621
-2.85621
-2.85621
-2.85621
-2.85621
-2.8562
-2.8562
-2.8562
-2.85619
-2.85619
-2.85618
-2.85618
-2.85617
-2.85617
-2.85617
-2.85617
-2.85616
-2.85616
-2.85617
-2.85617
-2.85617
-2.85617
-2.85618
-2.85619
-2.8562
-2.85621
-2.85623
-2.85624
-2.85625
-2.85625
-2.85626
-2.85626
-2.85627
-2.85627
-2.85628
-2.85629
-2.85629
-2.8563
-2.85631
-2.85632
-2.85633
-2.85634
-2.85634
-2.85635
-2.85636
-2.85636
-2.85636
-2.85636
-2.85636
-2.85636
-2.85635
-2.85634
-2.85634
-2.85633
-2.85632
-2.8563
-2.85629
-2.85627
-2.85626
-2.85624
-2.85623
-2.85621
-2.85619
-2.85618
-2.85616
-2.85615
-2.85613
-2.85612
-2.85611
-2.8561
-2.85609
-2.85608
-2.85607
-2.85607
-2.95465
-2.95465
-2.95465
-2.95465
-2.95465
-2.95465
-2.95465
-2.95465
-2.95465
-2.95465
-2.95465
-2.95465
-2.95465
-2.95465
-2.95465
-2.95466
-2.95466
-2.95466
-2.95467
-2.95467
-2.95467
-2.95468
-2.95468
-2.95469
-2.95469
-2.95469
-2.95469
-2.9547
-2.9547
-2.9547
-2.95469
-2.95469
-2.95469
-2.95468
-2.95468
-2.95467
-2.95467
-2.95466
-2.95466
-2.95466
-2.95465
-2.95465
-2.95465
-2.95465
-2.95465
-2.95465
-2.95465
-2.95466
-2.95466
-2.95467
-2.95468
-2.9547
-2.95471
-2.95472
-2.95473
-2.95473
-2.95474
-2.95475
-2.95475
-2.95476
-2.95476
-2.95477
-2.95478
-2.95478
-2.95479
-2.9548
-2.95481
-2.95481
-2.95482
-2.95483
-2.95483
-2.95484
-2.95484
-2.95484
-2.95484
-2.95483
-2.95483
-2.95482
-2.95482
-2.95481
-2.9548
-2.95478
-2.95477
-2.95475
-2.95474
-2.95472
-2.95471
-2.95469
-2.95467
-2.95466
-2.95464
-2.95462
-2.95461
-2.9546
-2.95459
-2.95458
-2.95457
-2.95456
-2.95456
-2.95455
-3.05314
-3.05314
-3.05314
-3.05314
-3.05314
-3.05314
-3.05314
-3.05314
-3.05314
-3.05313
-3.05313
-3.05313
-3.05313
-3.05314
-3.05314
-3.05314
-3.05314
-3.05315
-3.05315
-3.05315
-3.05316
-3.05316
-3.05317
-3.05317
-3.05317
-3.05318
-3.05318
-3.05318
-3.05318
-3.05318
-3.05318
-3.05318
-3.05317
-3.05317
-3.05316
-3.05316
-3.05315
-3.05315
-3.05314
-3.05314
-3.05314
-3.05313
-3.05313
-3.05313
-3.05313
-3.05313
-3.05314
-3.05314
-3.05314
-3.05315
-3.05316
-3.05318
-3.05319
-3.0532
-3.05321
-3.05322
-3.05322
-3.05323
-3.05323
-3.05324
-3.05324
-3.05325
-3.05326
-3.05326
-3.05327
-3.05328
-3.05328
-3.05329
-3.0533
-3.0533
-3.05331
-3.05331
-3.05331
-3.05332
-3.05331
-3.05331
-3.05331
-3.0533
-3.05329
-3.05329
-3.05327
-3.05326
-3.05325
-3.05323
-3.05322
-3.0532
-3.05318
-3.05317
-3.05315
-3.05313
-3.05312
-3.0531
-3.05309
-3.05308
-3.05307
-3.05306
-3.05305
-3.05305
-3.05304
-3.05304
-3.15162
-3.15162
-3.15162
-3.15162
-3.15162
-3.15162
-3.15162
-3.15162
-3.15162
-3.15162
-3.15162
-3.15162
-3.15162
-3.15162
-3.15162
-3.15162
-3.15163
-3.15163
-3.15163
-3.15164
-3.15164
-3.15164
-3.15165
-3.15165
-3.15166
-3.15166
-3.15166
-3.15166
-3.15166
-3.15166
-3.15166
-3.15166
-3.15166
-3.15165
-3.15165
-3.15164
-3.15164
-3.15163
-3.15163
-3.15162
-3.15162
-3.15162
-3.15161
-3.15161
-3.15161
-3.15161
-3.15162
-3.15162
-3.15162
-3.15163
-3.15164
-3.15165
-3.15167
-3.15168
-3.15169
-3.1517
-3.15171
-3.15171
-3.15171
-3.15172
-3.15172
-3.15173
-3.15174
-3.15174
-3.15175
-3.15176
-3.15176
-3.15177
-3.15177
-3.15178
-3.15179
-3.15179
-3.15179
-3.15179
-3.15179
-3.15179
-3.15179
-3.15178
-3.15177
-3.15176
-3.15175
-3.15174
-3.15173
-3.15171
-3.1517
-3.15168
-3.15166
-3.15164
-3.15163
-3.15161
-3.15159
-3.15158
-3.15157
-3.15155
-3.15154
-3.15154
-3.15153
-3.15153
-3.15152
-3.15152
-3.25011
-3.25011
-3.25011
-3.25011
-3.25011
-3.25011
-3.25011
-3.25011
-3.25011
-3.2501
-3.2501
-3.2501
-3.2501
-3.2501
-3.2501
-3.2501
-3.25011
-3.25011
-3.25011
-3.25012
-3.25012
-3.25013
-3.25013
-3.25013
-3.25014
-3.25014
-3.25014
-3.25015
-3.25015
-3.25015
-3.25015
-3.25014
-3.25014
-3.25014
-3.25013
-3.25013
-3.25012
-3.25011
-3.25011
-3.25011
-3.2501
-3.2501
-3.2501
-3.25009
-3.25009
-3.25009
-3.2501
-3.2501
-3.2501
-3.25011
-3.25012
-3.25013
-3.25015
-3.25016
-3.25017
-3.25018
-3.25019
-3.25019
-3.2502
-3.2502
-3.25021
-3.25021
-3.25022
-3.25022
-3.25023
-3.25023
-3.25024
-3.25025
-3.25025
-3.25026
-3.25026
-3.25027
-3.25027
-3.25027
-3.25027
-3.25027
-3.25026
-3.25026
-3.25025
-3.25024
-3.25023
-3.25022
-3.25021
-3.25019
-3.25017
-3.25016
-3.25014
-3.25012
-3.2501
-3.25009
-3.25007
-3.25006
-3.25004
-3.25003
-3.25002
-3.25002
-3.25001
-3.25001
-3.25
-3.25
-3.34859
-3.34859
-3.34859
-3.3486
-3.3486
-3.3486
-3.34859
-3.34859
-3.34859
-3.34859
-3.34858
-3.34858
-3.34858
-3.34858
-3.34858
-3.34859
-3.34859
-3.34859
-3.3486
-3.3486
-3.3486
-3.34861
-3.34861
-3.34862
-3.34862
-3.34862
-3.34863
-3.34863
-3.34863
-3.34863
-3.34863
-3.34863
-3.34862
-3.34862
-3.34861
-3.34861
-3.3486
-3.3486
-3.34859
-3.34859
-3.34858
-3.34858
-3.34858
-3.34857
-3.34857
-3.34857
-3.34858
-3.34858
-3.34858
-3.34859
-3.3486
-3.34861
-3.34862
-3.34864
-3.34865
-3.34866
-3.34867
-3.34867
-3.34868
-3.34868
-3.34869
-3.34869
-3.3487
-3.3487
-3.34871
-3.34871
-3.34872
-3.34873
-3.34873
-3.34874
-3.34874
-3.34874
-3.34875
-3.34875
-3.34875
-3.34875
-3.34874
-3.34874
-3.34873
-3.34872
-3.34871
-3.3487
-3.34868
-3.34867
-3.34865
-3.34863
-3.34861
-3.3486
-3.34858
-3.34856
-3.34855
-3.34853
-3.34852
-3.34851
-3.3485
-3.34849
-3.34849
-3.34849
-3.34848
-3.34848
-3.44708
-3.44708
-3.44708
-3.44708
-3.44708
-3.44708
-3.44708
-3.44708
-3.44707
-3.44707
-3.44707
-3.44707
-3.44706
-3.44706
-3.44707
-3.44707
-3.44707
-3.44707
-3.44708
-3.44708
-3.44708
-3.44709
-3.44709
-3.4471
-3.4471
-3.4471
-3.44711
-3.44711
-3.44711
-3.44711
-3.44711
-3.44711
-3.4471
-3.4471
-3.44709
-3.44709
-3.44708
-3.44708
-3.44707
-3.44707
-3.44706
-3.44706
-3.44706
-3.44706
-3.44705
-3.44705
-3.44706
-3.44706
-3.44706
-3.44707
-3.44707
-3.44709
-3.4471
-3.44711
-3.44713
-3.44714
-3.44715
-3.44715
-3.44716
-3.44716
-3.44717
-3.44717
-3.44718
-3.44718
-3.44719
-3.44719
-3.4472
-3.4472
-3.44721
-3.44721
-3.44722
-3.44722
-3.44723
-3.44723
-3.44723
-3.44722
-3.44722
-3.44722
-3.44721
-3.4472
-3.44719
-3.44717
-3.44716
-3.44714
-3.44713
-3.44711
-3.44709
-3.44707
-3.44706
-3.44704
-3.44702
-3.44701
-3.447
-3.44699
-3.44698
-3.44697
-3.44697
-3.44697
-3.44696
-3.44696
-3.54556
-3.54556
-3.54556
-3.54556
-3.54556
-3.54556
-3.54556
-3.54556
-3.54555
-3.54555
-3.54555
-3.54555
-3.54555
-3.54555
-3.54555
-3.54555
-3.54555
-3.54555
-3.54556
-3.54556
-3.54556
-3.54557
-3.54557
-3.54558
-3.54558
-3.54558
-3.54559
-3.54559
-3.54559
-3.54559
-3.54559
-3.54559
-3.54558
-3.54558
-3.54558
-3.54557
-3.54556
-3.54556
-3.54555
-3.54555
-3.54554
-3.54554
-3.54554
-3.54554
-3.54553
-3.54553
-3.54554
-3.54554
-3.54554
-3.54555
-3.54555
-3.54556
-3.54557
-3.54559
-3.5456
-3.54561
-3.54562
-3.54563
-3.54564
-3.54564
-3.54565
-3.54565
-3.54565
-3.54566
-3.54567
-3.54567
-3.54568
-3.54568
-3.54569
-3.54569
-3.5457
-3.5457
-3.5457
-3.54571
-3.54571
-3.5457
-3.5457
-3.54569
-3.54569
-3.54568
-3.54566
-3.54565
-3.54563
-3.54562
-3.5456
-3.54558
-3.54556
-3.54555
-3.54553
-3.54551
-3.5455
-3.54549
-3.54548
-3.54547
-3.54546
-3.54545
-3.54545
-3.54544
-3.54544
-3.54544
-3.64404
-3.64404
-3.64405
-3.64405
-3.64405
-3.64404
-3.64404
-3.64404
-3.64404
-3.64403
-3.64403
-3.64403
-3.64403
-3.64403
-3.64403
-3.64403
-3.64403
-3.64403
-3.64404
-3.64404
-3.64404
-3.64405
-3.64405
-3.64406
-3.64406
-3.64406
-3.64407
-3.64407
-3.64407
-3.64407
-3.64407
-3.64407
-3.64406
-3.64406
-3.64406
-3.64405
-3.64405
-3.64404
-3.64403
-3.64403
-3.64402
-3.64402
-3.64402
-3.64401
-3.64401
-3.64401
-3.64401
-3.64402
-3.64402
-3.64402
-3.64403
-3.64403
-3.64404
-3.64406
-3.64407
-3.64408
-3.64409
-3.6441
-3.64411
-3.64412
-3.64412
-3.64413
-3.64413
-3.64414
-3.64414
-3.64415
-3.64416
-3.64416
-3.64417
-3.64417
-3.64418
-3.64418
-3.64418
-3.64418
-3.64418
-3.64418
-3.64418
-3.64417
-3.64416
-3.64415
-3.64414
-3.64412
-3.64411
-3.64409
-3.64407
-3.64406
-3.64404
-3.64402
-3.644
-3.64399
-3.64398
-3.64396
-3.64395
-3.64394
-3.64394
-3.64393
-3.64393
-3.64392
-3.64392
-3.64392
-3.74253
-3.74253
-3.74253
-3.74253
-3.74253
-3.74253
-3.74252
-3.74252
-3.74252
-3.74252
-3.74251
-3.74251
-3.74251
-3.74251
-3.74251
-3.74251
-3.74251
-3.74251
-3.74252
-3.74252
-3.74252
-3.74253
-3.74253
-3.74253
-3.74254
-3.74254
-3.74254
-3.74255
-3.74255
-3.74255
-3.74255
-3.74255
-3.74254
-3.74254
-3.74254
-3.74253
-3.74253
-3.74252
-3.74251
-3.74251
-3.7425
-3.7425
-3.7425
-3.74249
-3.74249
-3.74249
-3.74249
-3.7425
-3.7425
-3.7425
-3.7425
-3.74251
-3.74252
-3.74253
-3.74254
-3.74255
-3.74256
-3.74257
-3.74258
-3.74259
-3.7426
-3.74261
-3.74261
-3.74262
-3.74262
-3.74263
-3.74264
-3.74264
-3.74265
-3.74265
-3.74266
-3.74266
-3.74266
-3.74266
-3.74266
-3.74266
-3.74265
-3.74265
-3.74264
-3.74263
-3.74261
-3.7426
-3.74258
-3.74256
-3.74255
-3.74253
-3.74251
-3.74249
-3.74248
-3.74246
-3.74245
-3.74244
-3.74243
-3.74242
-3.74241
-3.74241
-3.7424
-3.7424
-3.7424
-3.7424
-3.84101
-3.84101
-3.84101
-3.84101
-3.84101
-3.84101
-3.84101
-3.841
-3.841
-3.841
-3.84099
-3.84099
-3.84099
-3.84099
-3.84099
-3.84099
-3.84099
-3.84099
-3.84099
-3.841
-3.841
-3.84101
-3.84101
-3.84101
-3.84102
-3.84102
-3.84102
-3.84103
-3.84103
-3.84103
-3.84103
-3.84103
-3.84102
-3.84102
-3.84102
-3.84101
-3.84101
-3.841
-3.84099
-3.84099
-3.84098
-3.84098
-3.84098
-3.84097
-3.84097
-3.84097
-3.84097
-3.84098
-3.84098
-3.84098
-3.84098
-3.84098
-3.84099
-3.84099
-3.841
-3.84101
-3.84103
-3.84104
-3.84105
-3.84106
-3.84107
-3.84108
-3.84109
-3.84109
-3.8411
-3.84111
-3.84111
-3.84112
-3.84113
-3.84113
-3.84114
-3.84114
-3.84114
-3.84114
-3.84114
-3.84114
-3.84113
-3.84112
-3.84111
-3.8411
-3.84108
-3.84107
-3.84105
-3.84103
-3.84102
-3.841
-3.84098
-3.84097
-3.84095
-3.84094
-3.84093
-3.84091
-3.84091
-3.8409
-3.84089
-3.84089
-3.84088
-3.84088
-3.84088
-3.84088
-3.93949
-3.93949
-3.93949
-3.93949
-3.93949
-3.93949
-3.93949
-3.93949
-3.93948
-3.93948
-3.93947
-3.93947
-3.93947
-3.93947
-3.93947
-3.93947
-3.93947
-3.93947
-3.93947
-3.93948
-3.93948
-3.93948
-3.93949
-3.93949
-3.9395
-3.9395
-3.9395
-3.9395
-3.93951
-3.93951
-3.93951
-3.93951
-3.9395
-3.9395
-3.9395
-3.93949
-3.93948
-3.93948
-3.93947
-3.93947
-3.93946
-3.93946
-3.93946
-3.93945
-3.93945
-3.93945
-3.93945
-3.93946
-3.93946
-3.93946
-3.93946
-3.93946
-3.93946
-3.93946
-3.93946
-3.93947
-3.93949
-3.9395
-3.93951
-3.93953
-3.93954
-3.93955
-3.93956
-3.93957
-3.93958
-3.93958
-3.93959
-3.9396
-3.9396
-3.93961
-3.93961
-3.93962
-3.93962
-3.93962
-3.93961
-3.93961
-3.9396
-3.93959
-3.93958
-3.93957
-3.93955
-3.93954
-3.93952
-3.9395
-3.93949
-3.93947
-3.93945
-3.93944
-3.93942
-3.93941
-3.9394
-3.93939
-3.93938
-3.93938
-3.93937
-3.93937
-3.93936
-3.93936
-3.93936
-3.93936
-4.03797
-4.03797
-4.03797
-4.03797
-4.03797
-4.03797
-4.03797
-4.03797
-4.03796
-4.03796
-4.03796
-4.03795
-4.03795
-4.03795
-4.03795
-4.03794
-4.03795
-4.03795
-4.03795
-4.03795
-4.03796
-4.03796
-4.03797
-4.03797
-4.03798
-4.03798
-4.03798
-4.03798
-4.03799
-4.03799
-4.03799
-4.03798
-4.03798
-4.03798
-4.03798
-4.03797
-4.03797
-4.03796
-4.03795
-4.03795
-4.03794
-4.03794
-4.03794
-4.03794
-4.03793
-4.03793
-4.03794
-4.03794
-4.03794
-4.03794
-4.03794
-4.03793
-4.03792
-4.03792
-4.03792
-4.03793
-4.03794
-4.03795
-4.03797
-4.03799
-4.038
-4.03801
-4.03803
-4.03804
-4.03805
-4.03806
-4.03807
-4.03807
-4.03808
-4.03809
-4.03809
-4.03809
-4.03809
-4.03809
-4.03809
-4.03808
-4.03807
-4.03806
-4.03805
-4.03804
-4.03802
-4.03801
-4.03799
-4.03797
-4.03796
-4.03794
-4.03792
-4.03791
-4.0379
-4.03789
-4.03788
-4.03787
-4.03786
-4.03785
-4.03785
-4.03785
-4.03784
-4.03784
-4.03784
-4.03784
-4.13645
-4.13645
-4.13645
-4.13645
-4.13646
-4.13645
-4.13645
-4.13645
-4.13645
-4.13644
-4.13644
-4.13643
-4.13643
-4.13643
-4.13642
-4.13642
-4.13642
-4.13642
-4.13643
-4.13643
-4.13644
-4.13644
-4.13645
-4.13645
-4.13645
-4.13646
-4.13646
-4.13646
-4.13647
-4.13647
-4.13647
-4.13646
-4.13646
-4.13646
-4.13646
-4.13645
-4.13645
-4.13644
-4.13644
-4.13643
-4.13643
-4.13642
-4.13642
-4.13642
-4.13642
-4.13642
-4.13642
-4.13642
-4.13642
-4.13642
-4.13641
-4.1364
-4.13639
-4.13638
-4.13638
-4.13638
-4.13639
-4.1364
-4.13642
-4.13644
-4.13646
-4.13647
-4.13649
-4.1365
-4.13652
-4.13653
-4.13654
-4.13655
-4.13655
-4.13656
-4.13656
-4.13657
-4.13657
-4.13656
-4.13656
-4.13655
-4.13654
-4.13653
-4.13652
-4.1365
-4.13649
-4.13647
-4.13646
-4.13644
-4.13642
-4.13641
-4.13639
-4.13638
-4.13637
-4.13636
-4.13635
-4.13634
-4.13634
-4.13633
-4.13633
-4.13633
-4.13632
-4.13632
-4.13632
-4.13632
-4.23493
-4.23493
-4.23493
-4.23494
-4.23494
-4.23494
-4.23494
-4.23493
-4.23493
-4.23493
-4.23492
-4.23492
-4.23491
-4.23491
-4.2349
-4.2349
-4.2349
-4.2349
-4.2349
-4.23491
-4.23491
-4.23492
-4.23492
-4.23493
-4.23493
-4.23494
-4.23494
-4.23494
-4.23495
-4.23495
-4.23495
-4.23495
-4.23494
-4.23494
-4.23494
-4.23493
-4.23493
-4.23492
-4.23492
-4.23491
-4.23491
-4.2349
-4.2349
-4.2349
-4.2349
-4.2349
-4.2349
-4.2349
-4.2349
-4.2349
-4.23489
-4.23487
-4.23485
-4.23484
-4.23483
-4.23483
-4.23483
-4.23485
-4.23487
-4.23489
-4.23491
-4.23493
-4.23495
-4.23496
-4.23498
-4.23499
-4.235
-4.23501
-4.23502
-4.23503
-4.23503
-4.23503
-4.23503
-4.23503
-4.23503
-4.23502
-4.23501
-4.235
-4.23499
-4.23497
-4.23496
-4.23494
-4.23492
-4.23491
-4.23489
-4.23488
-4.23487
-4.23485
-4.23484
-4.23483
-4.23483
-4.23482
-4.23482
-4.23481
-4.23481
-4.23481
-4.23481
-4.2348
-4.2348
-4.2348
-4.33341
-4.33341
-4.33342
-4.33342
-4.33342
-4.33342
-4.33342
-4.33342
-4.33341
-4.33341
-4.3334
-4.3334
-4.33339
-4.33339
-4.33338
-4.33338
-4.33338
-4.33338
-4.33338
-4.33338
-4.33339
-4.3334
-4.3334
-4.33341
-4.33341
-4.33342
-4.33342
-4.33342
-4.33343
-4.33343
-4.33343
-4.33343
-4.33342
-4.33342
-4.33342
-4.33341
-4.33341
-4.3334
-4.3334
-4.3334
-4.33339
-4.33339
-4.33338
-4.33338
-4.33338
-4.33338
-4.33338
-4.33338
-4.33338
-4.33338
-4.33336
-4.33334
-4.33331
-4.33329
-4.33328
-4.33327
-4.33328
-4.33329
-4.33331
-4.33333
-4.33336
-4.33338
-4.3334
-4.33342
-4.33344
-4.33345
-4.33347
-4.33348
-4.33349
-4.3335
-4.3335
-4.3335
-4.3335
-4.3335
-4.33349
-4.33349
-4.33348
-4.33346
-4.33345
-4.33344
-4.33342
-4.33341
-4.33339
-4.33338
-4.33336
-4.33335
-4.33334
-4.33333
-4.33332
-4.33331
-4.3333
-4.3333
-4.3333
-4.33329
-4.33329
-4.33329
-4.33329
-4.33329
-4.33329
-4.33329
-4.43189
-4.43189
-4.43189
-4.4319
-4.4319
-4.4319
-4.4319
-4.4319
-4.4319
-4.43189
-4.43189
-4.43188
-4.43187
-4.43187
-4.43186
-4.43186
-4.43185
-4.43185
-4.43186
-4.43186
-4.43187
-4.43187
-4.43188
-4.43188
-4.43189
-4.4319
-4.4319
-4.4319
-4.43191
-4.43191
-4.43191
-4.43191
-4.43191
-4.43191
-4.4319
-4.4319
-4.43189
-4.43189
-4.43188
-4.43188
-4.43188
-4.43187
-4.43187
-4.43187
-4.43186
-4.43186
-4.43186
-4.43186
-4.43186
-4.43185
-4.43183
-4.4318
-4.43177
-4.43174
-4.43172
-4.43172
-4.43172
-4.43173
-4.43175
-4.43178
-4.4318
-4.43183
-4.43185
-4.43188
-4.4319
-4.43192
-4.43193
-4.43194
-4.43195
-4.43196
-4.43197
-4.43197
-4.43197
-4.43197
-4.43196
-4.43195
-4.43194
-4.43193
-4.43192
-4.4319
-4.43189
-4.43187
-4.43186
-4.43184
-4.43183
-4.43182
-4.43181
-4.4318
-4.43179
-4.43179
-4.43178
-4.43178
-4.43178
-4.43178
-4.43177
-4.43177
-4.43177
-4.43177
-4.43177
-4.43177
-4.53036
-4.53037
-4.53037
-4.53038
-4.53038
-4.53039
-4.53039
-4.53038
-4.53038
-4.53038
-4.53037
-4.53036
-4.53035
-4.53035
-4.53034
-4.53033
-4.53033
-4.53033
-4.53033
-4.53034
-4.53034
-4.53035
-4.53035
-4.53036
-4.53037
-4.53037
-4.53038
-4.53038
-4.53039
-4.53039
-4.53039
-4.53039
-4.53039
-4.53039
-4.53039
-4.53038
-4.53038
-4.53037
-4.53037
-4.53036
-4.53036
-4.53036
-4.53035
-4.53035
-4.53035
-4.53035
-4.53034
-4.53034
-4.53033
-4.53032
-4.53029
-4.53026
-4.53022
-4.53019
-4.53017
-4.53016
-4.53016
-4.53018
-4.5302
-4.53022
-4.53025
-4.53028
-4.53031
-4.53033
-4.53036
-4.53038
-4.53039
-4.53041
-4.53042
-4.53043
-4.53043
-4.53044
-4.53044
-4.53043
-4.53043
-4.53042
-4.53041
-4.5304
-4.53038
-4.53037
-4.53036
-4.53034
-4.53033
-4.53031
-4.5303
-4.53029
-4.53028
-4.53027
-4.53027
-4.53026
-4.53026
-4.53026
-4.53026
-4.53026
-4.53026
-4.53026
-4.53026
-4.53025
-4.53025
-4.53025
-4.62884
-4.62884
-4.62885
-4.62886
-4.62886
-4.62887
-4.62887
-4.62887
-4.62886
-4.62886
-4.62885
-4.62884
-4.62884
-4.62883
-4.62882
-4.62881
-4.62881
-4.62881
-4.62881
-4.62881
-4.62882
-4.62882
-4.62883
-4.62884
-4.62884
-4.62885
-4.62886
-4.62886
-4.62887
-4.62887
-4.62887
-4.62887
-4.62887
-4.62887
-4.62887
-4.62886
-4.62886
-4.62886
-4.62885
-4.62885
-4.62884
-4.62884
-4.62884
-4.62883
-4.62883
-4.62883
-4.62882
-4.62881
-4.6288
-4.62878
-4.62875
-4.62871
-4.62867
-4.62864
-4.62862
-4.62861
-4.62861
-4.62862
-4.62864
-4.62867
-4.6287
-4.62873
-4.62876
-4.62879
-4.62882
-4.62884
-4.62886
-4.62887
-4.62889
-4.6289
-4.6289
-4.6289
-4.6289
-4.6289
-4.6289
-4.62889
-4.62888
-4.62887
-4.62885
-4.62884
-4.62883
-4.62881
-4.6288
-4.62879
-4.62878
-4.62877
-4.62876
-4.62875
-4.62875
-4.62874
-4.62874
-4.62874
-4.62874
-4.62874
-4.62874
-4.62874
-4.62874
-4.62874
-4.62874
-4.62874
-4.72731
-4.72732
-4.72733
-4.72734
-4.72735
-4.72735
-4.72735
-4.72735
-4.72735
-4.72734
-4.72733
-4.72733
-4.72732
-4.72731
-4.7273
-4.7273
-4.72729
-4.72729
-4.72729
-4.72729
-4.7273
-4.7273
-4.72731
-4.72731
-4.72732
-4.72733
-4.72733
-4.72734
-4.72734
-4.72735
-4.72735
-4.72735
-4.72735
-4.72735
-4.72735
-4.72734
-4.72734
-4.72734
-4.72733
-4.72733
-4.72732
-4.72732
-4.72732
-4.72731
-4.72731
-4.7273
-4.7273
-4.72729
-4.72727
-4.72725
-4.72721
-4.72717
-4.72713
-4.72709
-4.72707
-4.72706
-4.72706
-4.72707
-4.7271
-4.72713
-4.72716
-4.72719
-4.72723
-4.72726
-4.72728
-4.72731
-4.72733
-4.72734
-4.72736
-4.72737
-4.72737
-4.72738
-4.72738
-4.72737
-4.72737
-4.72736
-4.72735
-4.72734
-4.72733
-4.72731
-4.7273
-4.72729
-4.72727
-4.72726
-4.72725
-4.72724
-4.72724
-4.72723
-4.72723
-4.72722
-4.72722
-4.72722
-4.72722
-4.72722
-4.72722
-4.72722
-4.72722
-4.72723
-4.72723
-4.72723
-4.82578
-4.82579
-4.8258
-4.82582
-4.82583
-4.82583
-4.82583
-4.82583
-4.82583
-4.82582
-4.82582
-4.82581
-4.8258
-4.8258
-4.82579
-4.82578
-4.82578
-4.82578
-4.82578
-4.82578
-4.82578
-4.82579
-4.82579
-4.8258
-4.8258
-4.82581
-4.82581
-4.82582
-4.82582
-4.82583
-4.82583
-4.82583
-4.82583
-4.82583
-4.82583
-4.82582
-4.82582
-4.82582
-4.82581
-4.82581
-4.8258
-4.8258
-4.82579
-4.82579
-4.82578
-4.82578
-4.82577
-4.82576
-4.82574
-4.82571
-4.82567
-4.82563
-4.82558
-4.82555
-4.82553
-4.82552
-4.82552
-4.82553
-4.82556
-4.82559
-4.82563
-4.82566
-4.82569
-4.82573
-4.82575
-4.82578
-4.8258
-4.82582
-4.82583
-4.82584
-4.82585
-4.82585
-4.82585
-4.82585
-4.82584
-4.82584
-4.82583
-4.82581
-4.8258
-4.82579
-4.82578
-4.82576
-4.82575
-4.82574
-4.82573
-4.82572
-4.82572
-4.82571
-4.82571
-4.82571
-4.82571
-4.82571
-4.82571
-4.82571
-4.82571
-4.82571
-4.82571
-4.82571
-4.82571
-4.82572
)
;

boundaryField
{
    floor
    {
        type            calculated;
        value           nonuniform List<scalar> 
100
(
0.0492249
0.0492354
0.0492341
0.0492242
0.0492158
0.049207
0.0491991
0.0491939
0.0491912
0.0491911
0.0491936
0.0492068
0.0492252
0.0492344
0.0492378
0.0492366
0.0492316
0.0492238
0.0492136
0.0492017
0.0491887
0.049175
0.0491611
0.0491473
0.0491342
0.049122
0.0491112
0.0491021
0.0490951
0.0490902
0.0490872
0.0490857
0.0490852
0.049085
0.0490846
0.0490839
0.0490836
0.0490854
0.0490874
0.0490899
0.0490995
0.0491054
0.0491054
0.0491033
0.0491009
0.0490976
0.0490932
0.0490896
0.0490883
0.0490837
0.0490757
0.0490683
0.0490641
0.0490613
0.0490591
0.0490571
0.049055
0.0490527
0.0490502
0.0490476
0.0490449
0.0490423
0.0490397
0.0490375
0.0490356
0.0490342
0.0490335
0.0490336
0.0490346
0.0490368
0.04904
0.0490446
0.0490504
0.0490574
0.0490655
0.0490746
0.0490845
0.0490951
0.0491061
0.0491174
0.0491286
0.0491397
0.0491503
0.0491603
0.0491696
0.0491778
0.0491848
0.0491906
0.0491947
0.0491966
0.0491957
0.0491935
0.049189
0.0491815
0.0491721
0.0491631
0.049156
0.0491517
0.0491506
0.0491553
)
;
    }
    ceiling
    {
        type            calculated;
        value           nonuniform List<scalar> 
100
(
-4.87502
-4.87503
-4.87505
-4.87506
-4.87507
-4.87507
-4.87508
-4.87508
-4.87507
-4.87507
-4.87506
-4.87505
-4.87505
-4.87504
-4.87503
-4.87503
-4.87502
-4.87502
-4.87502
-4.87502
-4.87502
-4.87503
-4.87503
-4.87504
-4.87504
-4.87505
-4.87506
-4.87506
-4.87507
-4.87507
-4.87507
-4.87507
-4.87507
-4.87507
-4.87507
-4.87506
-4.87506
-4.87506
-4.87505
-4.87505
-4.87504
-4.87504
-4.87503
-4.87503
-4.87502
-4.87502
-4.87501
-4.875
-4.87498
-4.87495
-4.87491
-4.87487
-4.87482
-4.87479
-4.87477
-4.87476
-4.87476
-4.87477
-4.8748
-4.87483
-4.87486
-4.8749
-4.87493
-4.87496
-4.87499
-4.87502
-4.87504
-4.87506
-4.87507
-4.87508
-4.87509
-4.87509
-4.87509
-4.87509
-4.87508
-4.87507
-4.87507
-4.87505
-4.87504
-4.87503
-4.87502
-4.875
-4.87499
-4.87498
-4.87497
-4.87496
-4.87496
-4.87495
-4.87495
-4.87495
-4.87495
-4.87495
-4.87495
-4.87496
-4.87496
-4.87496
-4.87496
-4.87496
-4.87496
-4.87496
)
;
    }
    fixedWalls
    {
        type            calculated;
        value           nonuniform List<scalar> 
100
(
6.93889e-18
-0.0984686
-0.196952
-0.295438
-0.393925
-0.492414
-0.590903
-0.689393
-0.787883
-0.886374
-0.984864
-1.08335
-1.18184
-1.28033
-1.37882
-1.47731
-1.5758
-1.67429
-1.77278
-1.87127
-1.96976
-2.06825
-2.16674
-2.26523
-2.36372
-2.46221
-2.56069
-2.65918
-2.75767
-2.85616
-2.95465
-3.05314
-3.15162
-3.25011
-3.34859
-3.44708
-3.54556
-3.64404
-3.74253
-3.84101
-3.93949
-4.03797
-4.13645
-4.23493
-4.33341
-4.43189
-4.53036
-4.62884
-4.72731
-4.82578
-6.54393e-05
-0.0985328
-0.197024
-0.295521
-0.394018
-0.492515
-0.591011
-0.689507
-0.788002
-0.886496
-0.984989
-1.08348
-1.18197
-1.28046
-1.37895
-1.47744
-1.57593
-1.67441
-1.7729
-1.87138
-1.96986
-2.06834
-2.16681
-2.26527
-2.36373
-2.46218
-2.56063
-2.65909
-2.75757
-2.85607
-2.95455
-3.05304
-3.15152
-3.25
-3.34848
-3.44696
-3.54544
-3.64392
-3.7424
-3.84088
-3.93936
-4.03784
-4.13632
-4.2348
-4.33329
-4.43177
-4.53025
-4.62874
-4.72723
-4.82572
)
;
    }
    frontAndBack
    {
        type            empty;
    }
}


// ************************************************************************* //
