/*--------------------------------*- C++ -*----------------------------------*\
| =========                 |                                                 |
| \\      /  F ield         | OpenFOAM: The Open Source CFD Toolbox           |
|  \\    /   O peration     | Version:  4.1                                   |
|   \\  /    A nd           | Web:      www.OpenFOAM.org                      |
|    \\/     M anipulation  |                                                 |
\*---------------------------------------------------------------------------*/
FoamFile
{
    version     2.0;
    format      ascii;
    class       volScalarField;
    location    "20";
    object      mag(U);
}
// * * * * * * * * * * * * * * * * * * * * * * * * * * * * * * * * * * * * * //

dimensions      [0 1 -1 0 0 0 0];

internalField   nonuniform List<scalar> 
5000
(
3.96764e-06
4.50725e-06
4.66964e-06
1.6568e-06
9.20572e-07
5.09059e-07
3.29173e-07
2.67008e-07
2.50681e-07
2.21783e-07
1.97414e-07
1.84388e-07
1.72844e-07
1.63315e-07
1.47475e-07
1.33655e-07
1.3199e-07
1.26106e-07
1.19865e-07
1.14193e-07
1.04633e-07
9.90129e-08
9.75964e-08
9.80367e-08
9.55774e-08
8.94016e-08
8.67497e-08
8.31334e-08
7.76104e-08
7.74544e-08
8.05616e-08
8.0073e-08
7.68575e-08
7.54217e-08
7.49557e-08
7.17658e-08
6.73681e-08
6.67178e-08
6.93099e-08
7.03023e-08
6.92776e-08
6.89036e-08
6.92937e-08
6.75766e-08
6.19028e-08
5.44893e-08
4.85947e-08
4.38458e-08
3.75518e-08
2.93892e-08
2.2205e-08
1.85849e-08
1.68618e-08
1.39451e-08
9.66106e-09
5.91912e-09
4.96511e-09
5.28101e-09
4.17348e-09
1.85823e-09
8.69019e-10
1.44964e-09
4.03985e-09
5.83552e-09
5.90692e-09
5.07271e-09
4.78338e-09
5.15014e-09
4.85277e-09
3.17073e-09
1.3198e-09
1.61077e-09
1.73141e-09
3.83485e-09
4.91534e-09
3.80887e-09
1.61555e-09
8.92403e-10
9.85953e-10
5.43249e-10
1.71934e-09
3.67121e-09
5.80556e-09
6.68979e-09
4.22312e-09
9.03146e-10
8.27046e-10
4.93617e-09
1.14051e-08
1.09788e-08
6.83763e-09
6.83131e-09
5.26416e-09
1.44567e-08
1.68045e-08
1.0189e-08
6.79276e-09
1.19972e-08
1.01808e-08
8.10981e-09
3.6924e-06
8.49139e-06
2.18468e-06
1.44174e-06
7.41077e-07
4.09097e-07
2.33658e-07
1.20501e-07
7.46598e-08
6.30027e-08
4.38969e-08
3.19508e-08
2.79499e-08
1.96667e-08
3.02013e-08
2.08831e-08
1.34218e-08
1.55985e-08
1.25185e-08
1.49741e-08
1.47503e-08
1.28015e-08
1.09804e-08
6.33958e-09
9.29718e-09
1.05735e-08
7.9069e-09
9.45153e-09
9.37882e-09
8.96839e-09
5.28647e-09
4.98769e-09
5.60261e-09
5.42532e-09
4.56519e-09
6.59207e-09
6.46272e-09
6.39374e-09
5.04988e-09
3.03435e-09
2.32809e-09
1.73413e-09
9.2864e-10
5.65494e-09
8.94568e-09
7.77514e-09
5.75333e-09
6.55485e-09
9.29671e-09
9.3403e-09
6.43335e-09
4.22823e-09
3.83384e-09
5.05928e-09
5.13866e-09
4.19358e-09
4.04398e-09
3.2789e-09
3.68707e-09
3.97113e-09
3.85708e-09
5.05493e-09
5.6089e-09
4.12023e-09
3.71811e-09
4.00106e-09
4.49943e-09
4.28969e-09
3.68827e-09
4.02331e-09
3.73521e-09
3.05507e-09
4.48713e-09
4.3773e-09
2.03027e-09
2.65734e-09
2.6782e-09
1.09682e-09
1.0889e-09
1.97054e-09
3.12193e-09
3.09422e-09
2.58373e-09
1.83791e-09
6.18084e-09
2.47349e-09
4.64075e-09
7.42974e-09
7.72146e-09
1.04102e-08
1.26326e-08
6.79576e-09
1.03988e-08
1.11702e-08
4.06491e-09
9.04406e-09
1.40299e-08
3.22194e-09
1.64991e-08
7.80598e-09
3.02473e-06
5.66774e-06
2.87402e-06
9.43321e-07
5.22299e-07
2.76554e-07
1.59663e-07
8.81918e-08
5.78666e-08
4.10186e-08
2.94905e-08
1.8525e-08
1.61164e-08
1.25948e-08
1.35784e-08
9.14674e-09
6.87388e-09
6.30032e-09
5.03966e-09
1.01867e-08
3.44137e-09
4.78549e-09
4.63099e-09
3.03652e-09
2.82986e-09
3.55749e-09
5.18692e-09
3.97844e-09
1.98347e-09
3.65618e-10
3.55097e-09
3.71191e-09
1.57212e-09
2.25554e-09
4.60096e-09
3.90126e-09
8.4991e-10
8.05901e-10
3.27533e-09
5.13245e-09
4.32027e-09
4.58313e-09
6.86663e-09
9.34114e-09
8.8041e-09
6.37875e-09
5.54378e-09
7.07486e-09
7.85144e-09
5.85096e-09
3.16784e-09
2.49582e-09
3.55491e-09
3.91906e-09
2.59419e-09
2.78077e-09
3.3134e-09
3.28921e-09
3.85235e-09
4.37045e-09
5.3216e-09
5.54518e-09
3.94019e-09
1.81334e-09
1.90521e-09
2.73552e-09
3.5112e-09
3.575e-09
4.07474e-09
4.48355e-09
4.33098e-09
4.61576e-09
4.33025e-09
1.77916e-09
2.18551e-09
3.07147e-09
2.44716e-09
1.57026e-09
8.71463e-10
2.28458e-09
2.68023e-09
2.3057e-09
9.70268e-10
7.70501e-10
3.56978e-09
4.44238e-09
5.45452e-09
5.8791e-09
3.77918e-09
6.39854e-09
9.79285e-09
7.68732e-09
5.79262e-09
5.89091e-09
5.06669e-09
7.2554e-09
1.04021e-08
7.38791e-09
7.54573e-09
5.40756e-09
1.15123e-06
2.12065e-06
1.3223e-06
4.94199e-07
3.60481e-07
2.1876e-07
1.36067e-07
8.26518e-08
5.9814e-08
4.09012e-08
2.97227e-08
2.42985e-08
1.70434e-08
1.34201e-08
1.51765e-08
1.00177e-08
7.91191e-09
7.04891e-09
8.72479e-09
7.73873e-09
2.32346e-09
6.06517e-09
6.1917e-09
2.16606e-09
3.12438e-09
5.89923e-09
4.972e-09
1.8815e-09
1.67425e-09
3.51705e-09
3.68754e-09
1.96926e-09
2.10197e-09
4.22508e-09
4.62408e-09
2.44521e-09
1.40953e-09
2.89503e-09
4.58679e-09
4.33876e-09
3.78172e-09
5.20455e-09
7.82988e-09
8.52244e-09
6.80917e-09
5.56941e-09
6.45942e-09
7.73135e-09
6.79596e-09
4.21266e-09
2.79021e-09
3.33227e-09
4.07726e-09
2.88051e-09
1.4906e-09
2.58754e-09
2.69586e-09
2.88245e-09
3.37147e-09
4.14748e-09
4.75803e-09
4.03907e-09
2.46643e-09
1.62186e-09
1.90467e-09
2.98379e-09
3.29031e-09
3.1334e-09
3.76482e-09
4.16143e-09
4.10551e-09
3.99753e-09
2.86925e-09
1.41453e-09
2.95169e-09
3.1138e-09
1.98071e-09
1.13216e-09
1.2835e-09
2.01814e-09
2.02721e-09
1.66354e-09
5.25164e-10
3.46842e-10
1.81673e-09
4.0797e-09
4.9778e-09
4.4585e-09
1.24188e-09
3.83607e-09
5.05051e-09
3.35607e-09
2.46624e-09
1.74516e-09
2.23986e-09
3.59285e-09
5.66794e-09
4.30595e-09
1.92764e-09
1.84998e-09
4.44143e-07
9.59095e-07
6.22011e-07
3.25767e-07
2.45578e-07
1.66915e-07
1.10404e-07
7.52285e-08
5.4578e-08
3.71601e-08
3.0236e-08
2.49833e-08
1.51365e-08
1.54009e-08
1.45222e-08
8.6078e-09
9.16077e-09
7.92557e-09
8.42356e-09
4.54629e-09
5.15537e-09
6.29301e-09
4.76304e-09
2.08323e-09
4.70666e-09
5.82701e-09
2.82293e-09
1.45201e-09
3.54823e-09
4.26292e-09
2.16691e-09
1.40689e-09
3.30347e-09
4.65101e-09
3.08041e-09
1.54111e-09
2.39266e-09
4.19403e-09
4.09038e-09
3.0186e-09
3.56492e-09
6.05858e-09
7.72976e-09
6.77265e-09
5.24827e-09
5.57411e-09
7.1099e-09
7.18292e-09
4.98795e-09
2.82008e-09
2.71986e-09
3.70102e-09
3.33192e-09
1.24136e-09
1.89297e-09
2.28178e-09
1.75055e-09
1.92177e-09
2.50651e-09
3.54095e-09
3.65413e-09
2.81786e-09
2.19227e-09
1.98416e-09
2.89813e-09
3.70709e-09
3.26098e-09
2.74366e-09
3.04619e-09
3.25746e-09
3.30464e-09
2.99682e-09
2.38505e-09
2.78023e-09
3.307e-09
2.66541e-09
1.4784e-09
8.49828e-10
1.43362e-09
2.12941e-09
1.75679e-09
1.29722e-09
8.48097e-10
1.10702e-09
2.66297e-09
4.15077e-09
4.06021e-09
2.94115e-09
1.30352e-09
3.20301e-09
3.28754e-09
1.84907e-09
1.4329e-09
5.43788e-10
1.10986e-09
3.05977e-09
4.2267e-09
2.99938e-09
1.22965e-09
1.08145e-09
2.46685e-07
4.60386e-07
3.41227e-07
2.27664e-07
1.77793e-07
1.28211e-07
9.36186e-08
6.79932e-08
4.91813e-08
3.70082e-08
3.08316e-08
2.22588e-08
1.69979e-08
1.71592e-08
1.1614e-08
9.8783e-09
1.09631e-08
7.53571e-09
6.4737e-09
5.60242e-09
6.43959e-09
4.93433e-09
3.34956e-09
4.31937e-09
5.72372e-09
3.75235e-09
1.68016e-09
3.14495e-09
4.62734e-09
2.9796e-09
1.18754e-09
2.4375e-09
4.38435e-09
3.64681e-09
1.73541e-09
1.88922e-09
3.78216e-09
4.28492e-09
2.91376e-09
2.5538e-09
4.55265e-09
6.89067e-09
6.82131e-09
5.20379e-09
4.87705e-09
6.40047e-09
7.37267e-09
5.92159e-09
3.3741e-09
2.25675e-09
3.02839e-09
3.45132e-09
1.9545e-09
1.05218e-09
1.99414e-09
1.17825e-09
7.61115e-10
8.40159e-10
1.99903e-09
2.9075e-09
2.57529e-09
2.28358e-09
2.37159e-09
2.84557e-09
3.89357e-09
3.86285e-09
2.78604e-09
2.33434e-09
2.31232e-09
2.25534e-09
2.31991e-09
2.30906e-09
2.95096e-09
3.60133e-09
3.21806e-09
2.26112e-09
1.63221e-09
1.23175e-09
1.79696e-09
2.45991e-09
1.80917e-09
1.18611e-09
1.41556e-09
1.9866e-09
3.43684e-09
4.24411e-09
3.05908e-09
1.57926e-09
1.88303e-09
2.91644e-09
2.26904e-09
1.34367e-09
1.28595e-09
6.4275e-10
1.53089e-09
2.27689e-09
3.30622e-09
2.86674e-09
2.16284e-09
9.12464e-10
1.88859e-07
2.51098e-07
2.14497e-07
1.63962e-07
1.31282e-07
1.01158e-07
7.72131e-08
5.7648e-08
4.60787e-08
3.51666e-08
2.80306e-08
2.21257e-08
1.9015e-08
1.51836e-08
1.10032e-08
1.26705e-08
1.03971e-08
6.33582e-09
6.33719e-09
8.36732e-09
5.09572e-09
3.86841e-09
4.25257e-09
5.94368e-09
4.70278e-09
2.10474e-09
2.71769e-09
4.69711e-09
3.81263e-09
1.50173e-09
1.83163e-09
3.95402e-09
4.11659e-09
2.15903e-09
1.60064e-09
3.3393e-09
4.54549e-09
3.44207e-09
2.25885e-09
3.46082e-09
6.06886e-09
6.94247e-09
5.52223e-09
4.49979e-09
5.59044e-09
7.18806e-09
6.67796e-09
4.19137e-09
2.3234e-09
2.43696e-09
3.34217e-09
2.71455e-09
5.89234e-10
1.32135e-09
1.02325e-09
5.30135e-10
8.42324e-10
5.55194e-10
2.19644e-09
2.44338e-09
1.82016e-09
2.04285e-09
2.65772e-09
3.68099e-09
4.11545e-09
3.11065e-09
2.11086e-09
2.20258e-09
1.84381e-09
1.57744e-09
1.7428e-09
2.42715e-09
3.56914e-09
3.95255e-09
3.17499e-09
2.33227e-09
2.23326e-09
2.30118e-09
2.67693e-09
2.96325e-09
2.0482e-09
1.26746e-09
1.76815e-09
2.60172e-09
3.56047e-09
3.83202e-09
1.95393e-09
9.04205e-10
2.14999e-09
2.50033e-09
1.45567e-09
1.12144e-09
1.66264e-09
1.28266e-09
1.64814e-09
1.99527e-09
3.11609e-09
2.52435e-09
2.63748e-09
1.22083e-09
1.74327e-07
1.51662e-07
1.46047e-07
1.21186e-07
1.00538e-07
8.08675e-08
6.32403e-08
5.11015e-08
4.17745e-08
3.1396e-08
2.69858e-08
2.26382e-08
1.75168e-08
1.41573e-08
1.31687e-08
1.27514e-08
8.4547e-09
6.58853e-09
8.2487e-09
7.52229e-09
3.81944e-09
4.57438e-09
6.24088e-09
5.32714e-09
2.71386e-09
2.47675e-09
4.48638e-09
4.38134e-09
2.03007e-09
1.42922e-09
3.36809e-09
4.2747e-09
2.66931e-09
1.45911e-09
2.76542e-09
4.54947e-09
4.05751e-09
2.459e-09
2.68323e-09
5.06823e-09
6.76488e-09
5.85981e-09
4.26766e-09
4.57207e-09
6.3577e-09
6.85629e-09
4.89327e-09
2.55419e-09
2.05533e-09
3.04379e-09
3.33416e-09
1.74135e-09
4.87247e-10
8.16938e-10
4.48732e-10
1.39489e-09
6.25744e-10
1.51867e-09
2.65098e-09
2.07219e-09
1.34943e-09
1.78205e-09
2.84312e-09
3.77703e-09
3.33575e-09
2.12845e-09
2.1613e-09
2.1964e-09
1.47147e-09
1.26061e-09
1.63038e-09
2.71863e-09
3.61809e-09
3.76053e-09
3.18042e-09
2.57122e-09
2.88613e-09
3.60126e-09
3.6081e-09
3.15313e-09
2.10641e-09
1.3062e-09
1.98539e-09
3.08199e-09
3.28918e-09
2.8578e-09
6.08321e-10
1.59153e-09
2.49097e-09
2.34303e-09
1.23697e-09
1.52362e-09
1.17332e-09
1.02079e-09
1.77801e-09
2.54128e-09
2.74346e-09
2.89121e-09
3.07575e-09
1.3135e-09
1.68394e-07
9.79093e-08
1.07236e-07
9.02989e-08
8.03025e-08
6.4407e-08
5.35083e-08
4.42876e-08
3.5695e-08
2.90784e-08
2.6209e-08
2.02126e-08
1.61693e-08
1.54201e-08
1.32648e-08
1.04028e-08
8.12586e-09
7.81834e-09
8.36579e-09
4.76517e-09
4.36221e-09
5.67577e-09
5.92992e-09
3.35358e-09
2.10332e-09
3.82634e-09
4.43437e-09
2.3342e-09
9.94524e-10
2.46704e-09
3.90461e-09
2.85902e-09
1.28756e-09
1.98242e-09
4.0402e-09
4.33046e-09
2.74527e-09
2.18546e-09
3.87727e-09
6.00596e-09
5.88434e-09
4.09516e-09
3.47578e-09
4.95279e-09
6.29894e-09
5.30135e-09
2.87899e-09
1.7397e-09
2.58387e-09
3.56622e-09
2.87577e-09
1.38043e-09
1.43598e-09
9.16999e-10
1.31956e-09
1.05149e-09
1.16083e-09
2.92279e-09
3.09268e-09
1.86547e-09
1.09032e-09
1.75078e-09
2.94981e-09
3.12477e-09
1.97459e-09
1.66681e-09
2.07343e-09
1.60501e-09
1.16554e-09
1.23094e-09
1.47768e-09
2.52753e-09
2.91443e-09
2.85034e-09
2.78418e-09
2.61626e-09
3.32914e-09
4.34301e-09
3.70789e-09
2.29679e-09
1.25138e-09
7.894e-10
1.70355e-09
3.22787e-09
3.04501e-09
2.09019e-09
1.24876e-10
1.86285e-09
2.06763e-09
1.97926e-09
9.09752e-10
1.60166e-09
1.5494e-09
8.38142e-10
1.85528e-09
2.4942e-09
3.22201e-09
3.23281e-09
3.09096e-09
9.49342e-10
1.61867e-07
6.53556e-08
8.25741e-08
6.90637e-08
6.41614e-08
5.25075e-08
4.59492e-08
3.71132e-08
3.15122e-08
2.76459e-08
2.30858e-08
1.81607e-08
1.7455e-08
1.55584e-08
1.1519e-08
1.00241e-08
9.4583e-09
8.36595e-09
6.26603e-09
4.99079e-09
6.46561e-09
6.29944e-09
4.18179e-09
2.84638e-09
3.91497e-09
4.86156e-09
3.0946e-09
1.2793e-09
2.20724e-09
3.92079e-09
3.39888e-09
1.70341e-09
1.85973e-09
3.89675e-09
4.86364e-09
3.52014e-09
2.24947e-09
3.3163e-09
5.5419e-09
6.14985e-09
4.57028e-09
3.30724e-09
4.18972e-09
5.94267e-09
5.9976e-09
4.02856e-09
2.34284e-09
2.65223e-09
4.03005e-09
4.09676e-09
2.54178e-09
1.80509e-09
1.65764e-09
1.47934e-09
1.45244e-09
5.38416e-10
2.3361e-09
3.22565e-09
2.30894e-09
9.78126e-10
7.50181e-10
1.69328e-09
2.40714e-09
1.64294e-09
9.13934e-10
2.19939e-09
2.25263e-09
1.73791e-09
1.73237e-09
1.61511e-09
2.20336e-09
3.11528e-09
2.99675e-09
2.59578e-09
2.98084e-09
3.75532e-09
4.69686e-09
5.39435e-09
4.07346e-09
1.73711e-09
7.15301e-10
6.4752e-10
1.726e-09
3.33586e-09
2.89349e-09
1.61273e-09
3.45534e-10
1.49304e-09
1.17123e-09
1.37329e-09
1.31007e-09
9.51143e-10
1.13074e-09
1.40357e-09
2.52401e-09
2.61636e-09
3.07152e-09
2.98376e-09
2.83271e-09
6.09588e-10
1.56047e-07
4.79583e-08
6.34406e-08
5.72994e-08
5.10697e-08
4.39639e-08
3.88146e-08
3.25993e-08
2.84025e-08
2.42873e-08
2.0289e-08
1.78767e-08
1.72735e-08
1.33585e-08
1.08314e-08
1.10067e-08
9.48279e-09
7.5653e-09
5.87483e-09
6.83568e-09
6.82155e-09
5.31452e-09
3.47282e-09
3.94112e-09
5.25062e-09
4.03789e-09
1.90506e-09
2.07753e-09
3.79954e-09
3.82729e-09
2.08139e-09
1.6641e-09
3.43054e-09
4.94396e-09
4.1038e-09
2.47342e-09
2.71686e-09
4.79736e-09
5.97467e-09
4.86493e-09
3.24609e-09
3.4304e-09
5.17156e-09
6.02991e-09
4.74241e-09
2.93483e-09
2.68083e-09
4.02618e-09
4.80867e-09
3.64977e-09
2.01374e-09
1.94483e-09
1.88946e-09
1.82371e-09
9.51549e-10
1.86387e-09
3.15812e-09
2.62515e-09
9.41334e-10
4.06095e-10
8.29919e-10
1.78675e-09
1.85546e-09
5.61187e-10
1.20852e-09
1.97527e-09
1.89447e-09
2.08866e-09
2.21555e-09
2.2636e-09
2.99341e-09
3.46928e-09
3.02523e-09
2.42465e-09
3.1919e-09
4.74588e-09
5.46759e-09
5.42879e-09
3.94964e-09
1.53404e-09
9.59043e-10
1.48647e-09
2.24019e-09
3.30059e-09
2.44102e-09
8.58261e-10
6.34474e-10
1.40246e-09
1.11932e-09
1.1975e-09
1.39736e-09
8.34316e-10
1.34805e-09
2.05544e-09
2.76646e-09
2.63482e-09
2.70398e-09
2.72902e-09
2.66172e-09
7.35255e-10
1.50668e-07
3.8285e-08
5.05835e-08
4.7777e-08
4.08563e-08
3.76865e-08
3.42213e-08
2.88003e-08
2.49858e-08
2.06e-08
1.94375e-08
1.74339e-08
1.45324e-08
1.22171e-08
1.17122e-08
1.04927e-08
8.06158e-09
6.58926e-09
7.26382e-09
7.58215e-09
5.37158e-09
4.23542e-09
4.21292e-09
5.11382e-09
4.33818e-09
2.44775e-09
2.08949e-09
3.2426e-09
3.57441e-09
1.94434e-09
8.92214e-10
2.13114e-09
3.97146e-09
3.66397e-09
1.91138e-09
1.57272e-09
3.37006e-09
4.98098e-09
4.39909e-09
2.71329e-09
2.36461e-09
3.85708e-09
5.20725e-09
4.56411e-09
2.68514e-09
1.90566e-09
2.99477e-09
4.31671e-09
3.81844e-09
1.90814e-09
1.61691e-09
2.11033e-09
2.22431e-09
2.07843e-09
2.64802e-09
3.98919e-09
3.87943e-09
2.02671e-09
5.90112e-10
8.91353e-10
1.80282e-09
2.71868e-09
2.3583e-09
1.25025e-09
6.60155e-10
5.33082e-10
1.7925e-09
2.38861e-09
1.97187e-09
2.23308e-09
2.88731e-09
2.74251e-09
2.16219e-09
1.70835e-09
2.49747e-09
4.15631e-09
4.43374e-09
3.5531e-09
2.45604e-09
1.15934e-09
7.07276e-10
1.67766e-09
2.38772e-09
2.77976e-09
1.73358e-09
4.77591e-11
7.47622e-10
1.06679e-09
6.99089e-10
9.87255e-10
7.29464e-10
9.28324e-10
1.89547e-09
2.51288e-09
2.81422e-09
2.57731e-09
2.3705e-09
2.52374e-09
2.41733e-09
1.00497e-09
1.42459e-07
2.70403e-08
4.07156e-08
3.76435e-08
3.35849e-08
3.14379e-08
2.95589e-08
2.3559e-08
2.18555e-08
1.92202e-08
1.7923e-08
1.51926e-08
1.26649e-08
1.21118e-08
1.17256e-08
9.20861e-09
7.63072e-09
7.49994e-09
7.90169e-09
6.77576e-09
4.9485e-09
4.53763e-09
5.48985e-09
5.08937e-09
3.1761e-09
2.61436e-09
3.58258e-09
4.0958e-09
2.57315e-09
1.32149e-09
2.0066e-09
4.02116e-09
4.2897e-09
2.6297e-09
1.78577e-09
3.26878e-09
5.27079e-09
5.24348e-09
3.44151e-09
2.55157e-09
3.80311e-09
5.57441e-09
5.56589e-09
3.78427e-09
2.44147e-09
3.05189e-09
4.61268e-09
4.82151e-09
2.9905e-09
7.00987e-10
7.75794e-10
1.6282e-09
2.20571e-09
2.46207e-09
3.57906e-09
4.02682e-09
2.65684e-09
6.21655e-10
9.6687e-10
8.41181e-10
1.66539e-09
2.23371e-09
1.76958e-09
1.14981e-09
5.70167e-10
1.03936e-09
1.92826e-09
1.77197e-09
2.39763e-09
4.06309e-09
4.45514e-09
3.53943e-09
2.80157e-09
2.68707e-09
3.3305e-09
4.61564e-09
4.58085e-09
3.19098e-09
2.58015e-09
1.92702e-09
1.52048e-09
2.93136e-09
3.25027e-09
2.90204e-09
1.56226e-09
3.27822e-10
5.91921e-10
5.36859e-10
2.10946e-10
6.06345e-10
4.20523e-10
1.82882e-09
2.61798e-09
2.97662e-09
2.85368e-09
2.29556e-09
1.89728e-09
2.15875e-09
2.02984e-09
1.20048e-09
1.36011e-07
1.86311e-08
3.41241e-08
3.14281e-08
2.95235e-08
2.67616e-08
2.50371e-08
2.08532e-08
1.88977e-08
1.79036e-08
1.58181e-08
1.34238e-08
1.24181e-08
1.19007e-08
9.84842e-09
8.38012e-09
8.04606e-09
8.71197e-09
7.17686e-09
5.08332e-09
5.46373e-09
5.94442e-09
5.70157e-09
3.98064e-09
2.99229e-09
3.6356e-09
4.45161e-09
3.35429e-09
1.82552e-09
1.85075e-09
3.79192e-09
4.77596e-09
3.55293e-09
2.28793e-09
3.1467e-09
5.3014e-09
6.10735e-09
4.70775e-09
3.30384e-09
3.83128e-09
5.68317e-09
6.41037e-09
5.02578e-09
3.22118e-09
3.04972e-09
4.4285e-09
5.34586e-09
4.35087e-09
2.38752e-09
1.1591e-09
1.15454e-09
1.81385e-09
1.77885e-09
2.48587e-09
3.6109e-09
3.08514e-09
1.42039e-09
1.2906e-09
1.10243e-09
2.83493e-10
1.09735e-09
1.18728e-09
1.15061e-09
1.09126e-09
1.00075e-09
1.52838e-09
1.35535e-09
1.82604e-09
4.10224e-09
5.72288e-09
5.59417e-09
4.14483e-09
3.2994e-09
3.57974e-09
4.0215e-09
4.66304e-09
4.61733e-09
3.28865e-09
2.95206e-09
3.0744e-09
3.14065e-09
4.20488e-09
3.77438e-09
2.49171e-09
8.20386e-10
7.34527e-10
5.73846e-10
2.36202e-10
1.06867e-10
1.62689e-10
1.10796e-09
2.6308e-09
3.12501e-09
2.98986e-09
2.41194e-09
1.69455e-09
1.32878e-09
1.85525e-09
1.79724e-09
1.35791e-09
1.30686e-07
1.75244e-08
3.03762e-08
2.83572e-08
2.68564e-08
2.44131e-08
2.22816e-08
2.03803e-08
1.74909e-08
1.55298e-08
1.49479e-08
1.36388e-08
1.18247e-08
1.04517e-08
9.55932e-09
8.96238e-09
8.66651e-09
7.28665e-09
7.11339e-09
5.74749e-09
5.93384e-09
5.70808e-09
4.35678e-09
3.57498e-09
3.80824e-09
4.43107e-09
3.55893e-09
2.38906e-09
1.98233e-09
2.92542e-09
3.88589e-09
2.96778e-09
1.56271e-09
1.85683e-09
3.77597e-09
4.92785e-09
3.95646e-09
2.34521e-09
2.3554e-09
4.02022e-09
5.22818e-09
4.37001e-09
2.51837e-09
1.80089e-09
2.7482e-09
3.84692e-09
3.38225e-09
1.70182e-09
9.04958e-10
8.94595e-10
1.65051e-09
1.77602e-09
2.11713e-09
4.17217e-09
5.04137e-09
4.04477e-09
2.55833e-09
1.52579e-09
1.07405e-09
1.74923e-09
1.74e-09
1.17989e-09
1.3134e-09
1.8562e-09
2.60771e-09
2.68063e-09
1.05267e-09
1.7264e-09
3.93691e-09
4.65416e-09
4.0064e-09
2.59774e-09
1.85411e-09
2.4336e-09
2.7016e-09
2.47005e-09
2.45879e-09
1.84562e-09
1.84269e-09
2.88543e-09
3.4418e-09
3.77172e-09
2.95182e-09
9.30271e-10
5.96485e-10
1.59486e-09
9.96595e-10
4.77467e-10
3.35813e-10
4.75196e-10
1.60284e-09
2.59083e-09
2.72644e-09
2.26691e-09
1.67564e-09
1.3148e-09
1.18502e-09
1.9391e-09
1.92404e-09
1.52464e-09
1.23382e-07
1.39284e-08
2.51768e-08
2.47064e-08
2.2975e-08
2.0827e-08
1.9211e-08
1.76416e-08
1.61597e-08
1.3361e-08
1.35792e-08
1.25378e-08
1.03274e-08
9.28192e-09
9.22886e-09
9.05971e-09
8.64689e-09
6.40155e-09
5.91404e-09
6.64105e-09
6.00448e-09
4.82286e-09
4.06382e-09
3.95173e-09
4.59173e-09
4.07644e-09
2.94439e-09
2.45868e-09
2.87306e-09
3.91058e-09
3.20026e-09
1.78703e-09
1.79502e-09
3.53552e-09
4.91504e-09
4.34149e-09
2.62071e-09
2.0548e-09
3.32922e-09
4.80716e-09
4.56213e-09
2.84813e-09
1.67136e-09
2.16416e-09
3.40565e-09
3.45112e-09
1.94087e-09
5.95536e-10
7.92806e-10
1.88275e-09
2.48718e-09
1.57143e-09
2.42879e-09
4.42205e-09
4.7851e-09
3.91338e-09
2.84609e-09
2.11919e-09
2.33725e-09
2.33646e-09
1.32058e-09
4.30092e-10
1.15198e-09
2.25936e-09
3.08543e-09
2.6501e-09
1.438e-09
2.99851e-09
4.31839e-09
4.01566e-09
3.14557e-09
2.35123e-09
1.86056e-09
2.43483e-09
2.61742e-09
1.65846e-09
1.47679e-09
1.49279e-09
1.76962e-09
3.5834e-09
4.16724e-09
3.61272e-09
2.34683e-09
3.48896e-10
1.29498e-09
1.84196e-09
1.22717e-09
1.02974e-09
8.15678e-10
1.10516e-09
1.6491e-09
2.01857e-09
2.03725e-09
1.59201e-09
1.40537e-09
1.55604e-09
1.62344e-09
2.31224e-09
2.12058e-09
1.53101e-09
1.17012e-07
7.47097e-09
2.10567e-08
2.08988e-08
1.83793e-08
1.62618e-08
1.59374e-08
1.47738e-08
1.31864e-08
1.15078e-08
1.14588e-08
1.00242e-08
9.03578e-09
8.61439e-09
8.97282e-09
7.81593e-09
6.35308e-09
7.05933e-09
6.30829e-09
6.21116e-09
5.22117e-09
4.20018e-09
4.21372e-09
5.00118e-09
4.65085e-09
3.2316e-09
2.6082e-09
2.97916e-09
4.11439e-09
3.59332e-09
2.10951e-09
1.97623e-09
3.89632e-09
5.693e-09
5.42353e-09
3.72104e-09
2.8907e-09
3.88345e-09
5.43466e-09
5.64654e-09
4.35959e-09
3.3297e-09
3.41307e-09
4.46566e-09
4.8404e-09
3.50369e-09
1.69928e-09
1.33384e-09
2.6119e-09
3.94478e-09
3.47789e-09
1.24278e-09
1.54282e-09
2.79088e-09
3.00382e-09
2.83715e-09
2.46039e-09
2.37809e-09
2.32039e-09
1.35838e-09
6.30551e-10
1.21945e-09
8.51153e-10
1.61782e-09
2.16384e-09
1.83486e-09
2.65712e-09
4.26698e-09
4.83619e-09
4.04995e-09
3.54662e-09
3.72488e-09
3.70127e-09
3.91423e-09
3.903e-09
2.55668e-09
2.16206e-09
2.87595e-09
3.68335e-09
5.38882e-09
5.32292e-09
3.80737e-09
1.8415e-09
9.52748e-10
1.69588e-09
1.58178e-09
1.24117e-09
1.32841e-09
9.67706e-10
1.28123e-09
1.64134e-09
1.67828e-09
1.77143e-09
1.51907e-09
1.56477e-09
2.04325e-09
2.19371e-09
2.61699e-09
2.07939e-09
1.25819e-09
1.13254e-07
7.96024e-09
1.92788e-08
1.85811e-08
1.606e-08
1.52078e-08
1.42428e-08
1.51587e-08
1.17061e-08
1.06405e-08
1.02753e-08
9.37914e-09
8.78027e-09
8.88166e-09
8.07593e-09
7.75137e-09
6.16298e-09
6.68628e-09
7.08618e-09
5.40466e-09
4.71809e-09
4.77967e-09
5.26112e-09
4.97127e-09
3.70187e-09
3.2368e-09
3.38964e-09
4.09967e-09
3.74723e-09
2.2901e-09
1.49526e-09
2.70989e-09
4.95486e-09
5.33522e-09
3.77903e-09
2.44739e-09
2.94994e-09
4.46641e-09
5.01185e-09
3.96104e-09
2.93355e-09
3.12448e-09
4.20943e-09
5.09791e-09
4.32088e-09
2.39853e-09
1.26295e-09
1.92026e-09
3.42833e-09
3.84955e-09
2.3409e-09
7.25127e-11
1.6632e-09
2.22794e-09
2.58678e-09
2.99893e-09
3.48758e-09
3.59071e-09
2.45018e-09
4.20443e-10
1.28789e-09
1.49989e-09
7.76963e-10
1.60757e-09
2.01712e-09
2.08183e-09
2.97099e-09
3.48106e-09
3.26151e-09
2.63721e-09
2.71221e-09
3.70468e-09
4.18733e-09
3.89123e-09
3.53431e-09
2.40404e-09
2.06334e-09
3.40782e-09
4.6444e-09
5.46257e-09
4.82978e-09
2.56682e-09
5.97496e-10
1.50408e-09
1.97249e-09
1.12972e-09
9.40917e-10
9.55342e-10
7.95664e-10
1.3127e-09
1.64155e-09
1.38837e-09
1.53076e-09
1.56834e-09
1.80451e-09
2.5502e-09
2.54194e-09
2.58654e-09
1.72915e-09
8.14811e-10
1.08976e-07
1.09978e-08
1.62233e-08
1.7794e-08
1.62432e-08
1.63488e-08
1.38406e-08
1.45018e-08
1.20915e-08
1.09641e-08
1.0101e-08
1.01143e-08
9.19581e-09
8.52216e-09
8.20878e-09
7.30887e-09
8.38417e-09
6.59614e-09
6.50309e-09
5.85419e-09
5.36515e-09
5.44106e-09
5.17335e-09
4.34167e-09
4.062e-09
4.02911e-09
4.31073e-09
3.87217e-09
2.728e-09
2.12729e-09
2.0971e-09
3.69978e-09
4.40543e-09
3.13825e-09
1.70812e-09
1.91362e-09
3.34747e-09
4.04045e-09
3.02487e-09
1.502e-09
1.55711e-09
2.83115e-09
4.27212e-09
4.19354e-09
2.5984e-09
1.19179e-09
1.42508e-09
2.64096e-09
3.27183e-09
2.2592e-09
1.91375e-10
1.46433e-09
1.94756e-09
2.17535e-09
2.97665e-09
4.222e-09
5.23273e-09
4.84272e-09
2.85925e-09
1.24022e-09
1.57709e-09
1.05919e-09
9.38857e-10
1.73669e-09
1.84777e-09
2.09726e-09
2.53719e-09
2.03412e-09
1.0921e-09
1.11437e-09
1.68838e-09
3.05445e-09
3.92141e-09
3.09949e-09
2.25846e-09
1.68672e-09
1.47419e-09
3.0378e-09
4.37214e-09
4.14279e-09
3.20669e-09
7.35007e-10
1.45027e-09
2.17019e-09
1.92919e-09
7.04159e-10
6.11508e-10
6.96096e-10
7.97598e-10
1.16174e-09
1.46256e-09
1.05593e-09
1.08951e-09
1.46093e-09
2.03765e-09
2.91837e-09
2.63117e-09
2.23073e-09
1.18219e-09
4.06244e-10
1.03885e-07
7.89403e-09
1.23012e-08
1.71002e-08
1.55398e-08
1.40648e-08
1.27871e-08
1.20049e-08
1.17295e-08
1.00271e-08
9.08316e-09
9.00337e-09
8.472e-09
8.10395e-09
8.0359e-09
6.82325e-09
7.48059e-09
6.91705e-09
5.77888e-09
5.60012e-09
5.57459e-09
5.32472e-09
4.65448e-09
4.31162e-09
4.02923e-09
4.38291e-09
4.324e-09
3.46686e-09
2.7865e-09
2.3033e-09
3.2721e-09
4.0891e-09
3.15346e-09
1.63885e-09
1.51923e-09
2.91576e-09
3.98304e-09
3.3096e-09
1.65322e-09
9.29422e-10
2.06203e-09
3.85516e-09
4.51366e-09
3.45668e-09
1.96404e-09
1.41362e-09
2.32839e-09
3.13444e-09
2.50194e-09
6.09679e-10
1.1682e-09
1.5566e-09
1.13038e-09
1.4908e-09
2.90527e-09
4.59726e-09
5.32815e-09
4.36299e-09
2.57143e-09
2.03752e-09
1.69125e-09
8.13313e-10
1.13511e-09
1.10365e-09
1.17171e-09
1.83868e-09
1.9373e-09
1.24423e-09
5.49626e-10
9.61009e-10
2.22025e-09
3.55204e-09
4.34021e-09
3.078e-09
1.76853e-09
1.66931e-09
1.63632e-09
3.1137e-09
3.99573e-09
3.09879e-09
1.85343e-09
9.34977e-10
1.80779e-09
1.94145e-09
1.06506e-09
2.50992e-10
2.44606e-10
5.8751e-10
8.51727e-10
1.00233e-09
1.14447e-09
8.93516e-10
9.7929e-10
1.69082e-09
2.40932e-09
3.09868e-09
2.44537e-09
1.62228e-09
6.55094e-10
3.96488e-10
9.96933e-08
4.42159e-09
1.13385e-08
1.44835e-08
1.25128e-08
1.04349e-08
1.03616e-08
1.0284e-08
9.63526e-09
7.83151e-09
8.01512e-09
7.25571e-09
7.0611e-09
6.74592e-09
6.78571e-09
7.41776e-09
5.21479e-09
6.15363e-09
5.46161e-09
5.50296e-09
5.28187e-09
4.48575e-09
4.04116e-09
3.81774e-09
4.26648e-09
4.38864e-09
3.60037e-09
3.04652e-09
2.45158e-09
3.19093e-09
3.96964e-09
3.23564e-09
1.89695e-09
1.75952e-09
3.11743e-09
4.47102e-09
4.17371e-09
2.53367e-09
1.47834e-09
2.22094e-09
4.0201e-09
5.08285e-09
4.56543e-09
3.38451e-09
2.80423e-09
3.11714e-09
3.72367e-09
3.1591e-09
1.25741e-09
6.80392e-10
1.35568e-09
7.44134e-10
6.90791e-11
7.76901e-10
2.35265e-09
3.75182e-09
3.83867e-09
2.97001e-09
2.57501e-09
2.3334e-09
1.42147e-09
9.76575e-10
9.61891e-10
1.9362e-10
1.24594e-09
1.61855e-09
1.25941e-09
7.52607e-10
7.97642e-10
2.04289e-09
3.93859e-09
4.82425e-09
4.94834e-09
3.62961e-09
2.21697e-09
2.4323e-09
2.90685e-09
3.94936e-09
4.22949e-09
2.92398e-09
1.55725e-09
1.13929e-09
1.30158e-09
1.00264e-09
1.26144e-10
6.62217e-10
4.71671e-10
4.25804e-10
9.07243e-10
1.02615e-09
1.11415e-09
1.05462e-09
1.27618e-09
2.15077e-09
2.69485e-09
3.01454e-09
2.01199e-09
8.93655e-10
6.0498e-10
8.95462e-10
9.58595e-08
4.03512e-09
1.14793e-08
1.13307e-08
1.06283e-08
1.00152e-08
8.53813e-09
9.16287e-09
7.64506e-09
6.79382e-09
6.58392e-09
6.37401e-09
6.22953e-09
6.3287e-09
5.60236e-09
6.09978e-09
5.55142e-09
4.91406e-09
5.71307e-09
5.39323e-09
4.41967e-09
3.8764e-09
3.81324e-09
4.27342e-09
4.37386e-09
3.35524e-09
2.96151e-09
2.72218e-09
3.29145e-09
4.05277e-09
3.36397e-09
2.01171e-09
1.57576e-09
2.88737e-09
4.53489e-09
4.7648e-09
3.43743e-09
2.17881e-09
2.3834e-09
3.9189e-09
5.12712e-09
4.84139e-09
3.77619e-09
3.4572e-09
3.96479e-09
4.74986e-09
4.44709e-09
2.54302e-09
1.813e-10
1.02944e-09
5.85312e-10
4.39305e-10
6.16948e-10
4.85431e-10
1.92433e-09
2.68153e-09
2.54879e-09
2.68115e-09
2.83819e-09
2.14036e-09
1.33783e-09
1.16949e-09
5.10191e-10
9.37204e-10
1.98177e-09
1.71416e-09
1.01425e-09
8.23181e-10
1.43809e-09
3.18617e-09
5.10297e-09
5.30392e-09
4.50757e-09
3.65721e-09
2.7458e-09
3.18014e-09
4.30716e-09
4.51455e-09
4.24332e-09
2.67078e-09
1.16694e-09
8.04775e-10
4.19399e-10
3.54525e-10
9.19118e-10
9.61711e-10
6.70327e-10
8.23772e-10
1.06158e-09
9.69035e-10
1.11616e-09
1.29222e-09
1.77011e-09
2.61173e-09
2.69537e-09
2.5525e-09
1.38947e-09
4.95782e-10
9.83289e-10
1.70175e-09
9.17714e-08
3.90377e-09
1.07332e-08
1.09945e-08
1.14768e-08
1.1165e-08
8.84193e-09
8.54234e-09
7.72414e-09
7.78628e-09
6.80684e-09
6.61096e-09
6.2746e-09
6.36398e-09
6.50559e-09
4.80341e-09
6.61534e-09
5.87669e-09
5.68961e-09
5.24924e-09
4.82899e-09
4.59478e-09
4.73496e-09
4.61979e-09
3.7223e-09
3.4596e-09
3.50662e-09
3.65609e-09
4.15627e-09
3.56309e-09
2.46249e-09
1.7714e-09
2.08695e-09
3.4578e-09
3.84715e-09
2.77389e-09
1.67324e-09
1.68707e-09
2.92488e-09
4.1254e-09
3.91608e-09
2.6274e-09
1.98391e-09
2.70197e-09
3.95254e-09
4.38559e-09
3.10192e-09
7.81339e-10
1.02657e-09
1.08087e-09
5.3943e-10
7.95323e-10
3.87836e-10
1.46631e-09
2.37576e-09
2.44151e-09
2.40827e-09
2.66065e-09
2.55316e-09
2.54601e-09
2.62782e-09
1.9208e-09
6.3377e-10
1.0149e-09
1.65643e-09
1.11498e-09
6.18151e-10
9.68081e-10
2.07453e-09
3.31906e-09
4.41597e-09
3.85127e-09
2.3915e-09
2.31277e-09
2.17151e-09
2.79923e-09
4.05229e-09
3.5766e-09
2.70884e-09
1.4836e-09
7.80879e-10
5.60828e-10
3.53094e-10
1.11766e-09
1.17671e-09
8.41643e-10
1.07667e-09
1.59292e-09
1.64856e-09
1.16765e-09
1.11829e-09
1.41407e-09
2.05242e-09
2.71596e-09
2.27659e-09
1.72656e-09
8.11003e-10
1.01526e-09
1.291e-09
2.63477e-09
8.8779e-08
4.40051e-09
1.05684e-08
1.1587e-08
1.23781e-08
9.85759e-09
9.27568e-09
8.44175e-09
8.72048e-09
8.32641e-09
7.08463e-09
6.60573e-09
6.24944e-09
5.68149e-09
6.9513e-09
6.28059e-09
5.86377e-09
6.28715e-09
6.02638e-09
5.86571e-09
5.47761e-09
5.25934e-09
5.15511e-09
4.61731e-09
4.28808e-09
4.02898e-09
3.86528e-09
4.0708e-09
3.69995e-09
3.0193e-09
2.68303e-09
2.50988e-09
3.24066e-09
3.46895e-09
2.3105e-09
9.25486e-10
1.08846e-09
2.1066e-09
3.36465e-09
3.35714e-09
2.08848e-09
1.00621e-09
1.34861e-09
2.74458e-09
3.83301e-09
3.35106e-09
1.60126e-09
6.59578e-10
8.50674e-10
4.7676e-10
8.63881e-10
7.46376e-10
1.28363e-09
2.27731e-09
2.30084e-09
1.81189e-09
1.9448e-09
2.29465e-09
2.90659e-09
3.71105e-09
3.58883e-09
2.21527e-09
1.00634e-09
1.19578e-09
1.16138e-09
6.8183e-10
6.11487e-10
1.43474e-09
2.70719e-09
3.24539e-09
3.27632e-09
2.16612e-09
7.62764e-10
1.42744e-09
1.93518e-09
2.62735e-09
3.45967e-09
2.65712e-09
1.53394e-09
6.92809e-10
6.07804e-10
5.58516e-10
8.76848e-10
1.23467e-09
8.4467e-10
1.00307e-09
1.8113e-09
2.23659e-09
2.08997e-09
1.46033e-09
1.38201e-09
1.66211e-09
2.06409e-09
2.35056e-09
1.41425e-09
7.28233e-10
9.9547e-10
1.45341e-09
1.24321e-09
3.50595e-09
8.633e-08
5.7308e-09
1.03817e-08
9.78653e-09
1.01501e-08
8.53603e-09
8.74458e-09
8.42635e-09
8.54093e-09
6.58441e-09
6.17844e-09
5.70415e-09
5.87925e-09
6.24237e-09
4.64236e-09
6.66432e-09
5.46206e-09
5.8825e-09
5.94595e-09
5.63256e-09
5.37911e-09
5.26281e-09
5.00936e-09
4.90812e-09
4.36504e-09
3.96254e-09
4.09572e-09
3.75271e-09
3.12687e-09
2.84614e-09
2.63264e-09
3.28299e-09
3.63345e-09
2.55681e-09
9.54769e-10
4.03788e-10
1.58396e-09
3.06844e-09
3.45794e-09
2.46068e-09
1.25988e-09
1.08463e-09
2.2842e-09
3.63193e-09
3.71727e-09
2.4018e-09
1.03273e-09
6.90994e-10
6.61721e-11
8.58514e-10
8.55209e-10
1.10114e-09
2.13437e-09
2.29901e-09
1.44105e-09
9.27685e-10
1.34373e-09
2.21257e-09
3.36214e-09
3.82193e-09
3.16153e-09
1.88447e-09
1.55388e-09
1.46462e-09
8.9071e-10
6.70719e-10
1.03152e-09
2.0935e-09
3.15433e-09
2.99883e-09
2.1084e-09
1.00931e-09
4.9195e-10
1.23928e-09
2.51438e-09
3.09589e-09
3.3418e-09
2.18725e-09
1.24769e-09
4.80185e-10
2.56963e-10
8.14648e-10
1.18112e-09
1.07353e-09
2.27876e-10
1.20117e-09
2.01233e-09
2.183e-09
1.95122e-09
1.38556e-09
1.41776e-09
1.75794e-09
1.79388e-09
1.67397e-09
4.02918e-10
8.88305e-10
1.5525e-09
1.60615e-09
1.18803e-09
4.18876e-09
8.29788e-08
5.63744e-09
7.74083e-09
6.71994e-09
7.00184e-09
8.44299e-09
7.68191e-09
7.23763e-09
6.05896e-09
5.25358e-09
4.98927e-09
4.60575e-09
4.33959e-09
5.14854e-09
4.72904e-09
4.64093e-09
5.23225e-09
5.02041e-09
4.88719e-09
5.1725e-09
4.96966e-09
4.45384e-09
4.52664e-09
4.3617e-09
4.13979e-09
4.41957e-09
3.97058e-09
3.15604e-09
2.65091e-09
2.34998e-09
2.9781e-09
3.51917e-09
2.80889e-09
1.56722e-09
7.52051e-10
1.12766e-09
2.79409e-09
3.71102e-09
3.31942e-09
2.46866e-09
2.0479e-09
2.73519e-09
4.07966e-09
4.43957e-09
3.39589e-09
1.86849e-09
1.05994e-09
8.78848e-10
1.18226e-09
9.62214e-10
4.59224e-10
1.71087e-09
2.15071e-09
1.3914e-09
2.6328e-10
5.16394e-10
8.34513e-10
2.12318e-09
2.9532e-09
2.63194e-09
1.96062e-09
1.92539e-09
1.89933e-09
1.3889e-09
7.28192e-10
9.50676e-10
2.10196e-09
2.90641e-09
3.377e-09
2.74817e-09
1.13147e-09
6.22608e-10
1.03986e-09
1.94629e-09
3.76621e-09
4.205e-09
3.70029e-09
2.2357e-09
1.43596e-09
7.29348e-10
9.57579e-10
1.45129e-09
1.44682e-09
8.72125e-10
4.99321e-10
1.33991e-09
1.67316e-09
1.45566e-09
1.41905e-09
1.3077e-09
1.48156e-09
1.76392e-09
1.37282e-09
9.29694e-10
6.11322e-10
1.78718e-09
1.92262e-09
1.55955e-09
1.67076e-09
4.64819e-09
7.9699e-08
3.57062e-09
5.34575e-09
6.16095e-09
6.8755e-09
7.78219e-09
6.27317e-09
5.57348e-09
4.28959e-09
4.55265e-09
4.12705e-09
4.03315e-09
3.77976e-09
3.48836e-09
4.89045e-09
3.47356e-09
4.50952e-09
4.12737e-09
4.54011e-09
4.60785e-09
3.97896e-09
3.70122e-09
3.89005e-09
4.08084e-09
4.66971e-09
4.32191e-09
3.53863e-09
2.97123e-09
2.4919e-09
2.85039e-09
3.32384e-09
2.76508e-09
1.7018e-09
1.20217e-09
1.26351e-09
2.41472e-09
3.32394e-09
3.25375e-09
2.96404e-09
3.00775e-09
3.62939e-09
4.81877e-09
5.25152e-09
4.28391e-09
2.63282e-09
1.54486e-09
1.47219e-09
1.81498e-09
1.6321e-09
4.24984e-10
1.27756e-09
2.12128e-09
1.61121e-09
3.48264e-10
5.62018e-10
2.52727e-10
9.5024e-10
2.01323e-09
2.10605e-09
1.43223e-09
1.71189e-09
2.09208e-09
1.68582e-09
9.34079e-10
3.83806e-10
1.26454e-09
3.16795e-09
3.58971e-09
3.24155e-09
2.42628e-09
6.43008e-10
6.15856e-10
1.86814e-09
3.14026e-09
4.54239e-09
4.81087e-09
3.72002e-09
2.43004e-09
1.69536e-09
1.37789e-09
1.6877e-09
1.72277e-09
1.21491e-09
7.66997e-10
1.04762e-09
1.28116e-09
1.03639e-09
6.30096e-10
1.00313e-09
1.38203e-09
1.87664e-09
2.03915e-09
1.09685e-09
4.85344e-10
1.28636e-09
2.38966e-09
2.01044e-09
1.53662e-09
2.55165e-09
4.97953e-09
7.80441e-08
2.72713e-09
6.51741e-09
7.06461e-09
8.07931e-09
6.28493e-09
5.79922e-09
5.12632e-09
4.82088e-09
4.76432e-09
3.6874e-09
3.4114e-09
4.26242e-09
3.06467e-09
3.59432e-09
4.36903e-09
3.90064e-09
4.19148e-09
4.32518e-09
4.10687e-09
3.76396e-09
3.57299e-09
3.74569e-09
4.34328e-09
4.21882e-09
3.80427e-09
3.71374e-09
3.29295e-09
3.21931e-09
3.279e-09
2.58415e-09
1.55389e-09
1.25247e-09
1.4863e-09
2.33116e-09
2.86223e-09
2.42252e-09
1.79003e-09
2.33402e-09
3.50129e-09
4.95124e-09
5.62094e-09
4.81728e-09
3.10166e-09
1.72368e-09
1.42304e-09
1.78488e-09
1.71662e-09
6.82958e-10
1.1599e-09
2.2673e-09
2.04484e-09
7.39298e-10
4.64597e-10
5.9408e-10
4.53485e-10
1.58309e-09
1.85811e-09
1.33135e-09
1.23692e-09
1.70742e-09
1.61968e-09
1.46978e-09
9.89612e-10
2.1083e-10
1.42799e-09
3.33764e-09
3.43817e-09
2.44702e-09
1.62122e-09
6.13873e-10
9.0215e-10
2.50929e-09
3.75054e-09
4.51904e-09
4.24247e-09
2.96576e-09
2.29272e-09
1.68417e-09
1.73658e-09
1.6654e-09
1.19112e-09
5.02056e-10
1.126e-09
1.59468e-09
1.257e-09
4.05465e-10
5.79952e-10
1.1236e-09
1.57664e-09
2.30525e-09
2.56929e-09
1.16294e-09
5.22803e-10
1.68767e-09
2.55186e-09
1.77735e-09
1.6719e-09
3.41006e-09
5.29041e-09
7.67476e-08
1.97896e-09
9.04746e-09
7.86405e-09
7.47879e-09
6.16259e-09
6.50187e-09
5.71393e-09
5.94918e-09
4.48621e-09
4.05664e-09
3.43306e-09
3.05764e-09
4.82462e-09
3.20504e-09
4.55898e-09
4.22789e-09
4.05141e-09
4.24167e-09
4.57444e-09
4.03117e-09
3.59718e-09
3.74937e-09
3.59033e-09
3.52759e-09
4.02137e-09
4.00766e-09
3.88308e-09
3.70443e-09
2.92255e-09
2.00908e-09
1.57995e-09
1.484e-09
2.32512e-09
2.97739e-09
2.49574e-09
1.33374e-09
6.89834e-10
2.05987e-09
4.04027e-09
5.27453e-09
4.89072e-09
3.33067e-09
1.84414e-09
1.32038e-09
1.64377e-09
1.74063e-09
8.24542e-10
9.48845e-10
2.30395e-09
2.37967e-09
1.18301e-09
3.20887e-10
8.4082e-10
3.81772e-10
1.38563e-09
2.09721e-09
1.60905e-09
8.84335e-10
1.07352e-09
1.01765e-09
1.2903e-09
2.10167e-09
1.6151e-09
1.09752e-10
1.55868e-09
2.77486e-09
2.69123e-09
1.53723e-09
9.50743e-10
7.72874e-10
1.34606e-09
2.99531e-09
3.51189e-09
3.7241e-09
3.09065e-09
1.93876e-09
1.86821e-09
1.47392e-09
1.65557e-09
1.19917e-09
3.46563e-10
8.34236e-10
1.45763e-09
1.46454e-09
8.11156e-10
4.84357e-10
9.30492e-10
1.36201e-09
2.14078e-09
2.80691e-09
3.03661e-09
1.43233e-09
8.44927e-10
1.92697e-09
2.35359e-09
1.2537e-09
1.91798e-09
3.89694e-09
5.55207e-09
7.4071e-08
4.34555e-09
8.19898e-09
7.95667e-09
6.43742e-09
7.30555e-09
7.16351e-09
6.46597e-09
5.37343e-09
4.05381e-09
3.98869e-09
4.27274e-09
3.68966e-09
4.19474e-09
4.23679e-09
3.92494e-09
4.25342e-09
4.36733e-09
4.93323e-09
4.80346e-09
3.91223e-09
3.60587e-09
3.34236e-09
3.33851e-09
3.83353e-09
4.01382e-09
4.1388e-09
4.22889e-09
3.8734e-09
3.34336e-09
2.73128e-09
1.89559e-09
2.06012e-09
2.81571e-09
2.57462e-09
1.86785e-09
1.4351e-09
1.07327e-09
2.63252e-09
4.26522e-09
4.52758e-09
3.50054e-09
2.22925e-09
1.50544e-09
1.56361e-09
1.78344e-09
1.15671e-09
9.27352e-10
2.27656e-09
2.61237e-09
1.59737e-09
3.19375e-10
9.94704e-10
7.81914e-10
1.13558e-09
2.15021e-09
2.26639e-09
1.38111e-09
5.99812e-10
5.44044e-10
1.25024e-09
2.20617e-09
2.65118e-09
1.82722e-09
3.27718e-10
1.708e-09
1.93573e-09
1.83514e-09
9.55486e-10
5.89794e-10
1.32008e-09
2.02992e-09
3.04764e-09
2.93971e-09
2.43543e-09
1.89329e-09
1.26902e-09
1.59085e-09
1.47894e-09
1.47371e-09
5.92073e-10
7.0531e-10
1.71551e-09
1.73407e-09
1.01338e-09
6.50753e-10
1.19766e-09
1.18982e-09
1.36696e-09
2.72444e-09
3.23969e-09
3.10988e-09
1.38023e-09
1.1262e-09
2.0434e-09
1.95548e-09
5.48343e-10
2.08505e-09
3.8798e-09
5.77225e-09
7.09577e-08
4.3626e-09
6.04007e-09
7.23831e-09
6.84783e-09
7.6473e-09
6.11852e-09
5.62821e-09
4.20641e-09
4.16577e-09
3.95899e-09
3.58684e-09
4.45865e-09
2.36032e-09
3.77189e-09
3.63239e-09
4.50382e-09
4.56167e-09
4.52111e-09
4.05167e-09
3.61723e-09
3.3965e-09
3.3652e-09
3.34177e-09
3.15857e-09
3.4407e-09
3.95741e-09
4.13719e-09
4.19627e-09
3.85476e-09
2.79615e-09
2.13234e-09
2.6009e-09
2.40376e-09
1.71856e-09
1.73758e-09
1.65025e-09
2.15299e-09
3.40415e-09
3.88858e-09
3.41163e-09
2.76848e-09
2.39689e-09
2.28231e-09
2.31468e-09
1.70171e-09
6.88116e-10
1.89242e-09
2.55856e-09
1.84892e-09
7.58142e-10
1.27845e-09
1.21202e-09
8.06443e-10
1.71443e-09
2.16909e-09
1.85171e-09
1.14101e-09
5.49191e-10
1.09371e-09
2.37892e-09
2.77647e-09
2.17808e-09
9.79242e-10
1.01387e-09
2.04498e-09
1.48059e-09
1.38789e-09
1.10477e-09
8.56847e-10
1.9547e-09
2.85093e-09
2.79899e-09
2.37546e-09
1.66961e-09
1.45242e-09
1.57782e-09
2.00382e-09
1.86813e-09
1.36914e-09
6.41064e-10
1.45182e-09
2.01936e-09
1.40462e-09
2.04618e-10
1.37439e-09
1.75643e-09
1.14029e-09
1.34839e-09
3.03985e-09
3.3706e-09
2.85937e-09
1.06165e-09
1.36011e-09
1.95e-09
1.41844e-09
2.21067e-10
2.05777e-09
3.40199e-09
5.9639e-09
6.83213e-08
4.04106e-09
5.79533e-09
6.34935e-09
7.08606e-09
5.60219e-09
4.75358e-09
4.25459e-09
3.85305e-09
4.42156e-09
3.85726e-09
2.61358e-09
2.82493e-09
2.95132e-09
2.44758e-09
3.91539e-09
4.32846e-09
3.70978e-09
3.80261e-09
3.60347e-09
3.34896e-09
3.49442e-09
3.31898e-09
2.53934e-09
2.60137e-09
3.18049e-09
3.46633e-09
3.93696e-09
4.2655e-09
3.79263e-09
2.95354e-09
2.59837e-09
2.16727e-09
1.27676e-09
1.0163e-09
1.3377e-09
2.05451e-09
3.02576e-09
3.30423e-09
2.82778e-09
2.5337e-09
2.82436e-09
3.22264e-09
3.45121e-09
2.90102e-09
1.31577e-09
8.03523e-10
2.01032e-09
1.93004e-09
1.34147e-09
1.59096e-09
1.57266e-09
8.68492e-10
1.09631e-09
1.76809e-09
1.7219e-09
1.38376e-09
1.21706e-09
1.34665e-09
2.23372e-09
3.02692e-09
2.5584e-09
1.14442e-09
3.94945e-10
1.6897e-09
2.03259e-09
1.19859e-09
1.14184e-09
1.53543e-09
1.80985e-09
2.54387e-09
3.23336e-09
2.52229e-09
1.89334e-09
1.66385e-09
1.57841e-09
2.23379e-09
2.58262e-09
2.21063e-09
1.06716e-09
8.11691e-10
1.85637e-09
1.99149e-09
8.34529e-10
8.3118e-10
1.96164e-09
1.82563e-09
6.86372e-10
1.61737e-09
3.13548e-09
3.0496e-09
2.27428e-09
7.93034e-10
1.53799e-09
1.69814e-09
8.89544e-10
9.16423e-10
1.91125e-09
2.59421e-09
6.11414e-09
6.58224e-08
4.86995e-09
5.3833e-09
5.16975e-09
4.95008e-09
3.58406e-09
4.2188e-09
3.73936e-09
4.28445e-09
3.40521e-09
2.32328e-09
2.39438e-09
1.22493e-09
2.59527e-09
2.01076e-09
3.51656e-09
2.89265e-09
3.0383e-09
3.21178e-09
2.98671e-09
3.19916e-09
3.26813e-09
2.38998e-09
2.2704e-09
2.56336e-09
2.34265e-09
2.55293e-09
3.23794e-09
3.5788e-09
3.5802e-09
3.25401e-09
2.38929e-09
1.17167e-09
3.67056e-10
5.01121e-10
1.68598e-09
2.81122e-09
3.08607e-09
2.43724e-09
1.79536e-09
2.24907e-09
3.37685e-09
4.38948e-09
4.4567e-09
3.21004e-09
1.18444e-09
5.59284e-10
1.32969e-09
1.65184e-09
2.02887e-09
1.88845e-09
1.05708e-09
5.73626e-10
1.03913e-09
1.11507e-09
1.02061e-09
9.91492e-10
1.34988e-09
2.18547e-09
2.81563e-09
2.58669e-09
1.34728e-09
7.81551e-10
1.90259e-09
2.17754e-09
1.88971e-09
1.20738e-09
1.167e-09
2.2294e-09
2.83683e-09
3.32996e-09
3.2059e-09
2.55488e-09
2.07479e-09
2.36967e-09
2.4799e-09
3.38845e-09
3.51599e-09
2.75694e-09
1.07439e-09
7.24494e-10
1.50503e-09
1.41969e-09
8.65629e-10
1.7782e-09
2.31236e-09
1.51043e-09
5.30068e-11
1.83548e-09
3.00212e-09
2.31755e-09
1.38088e-09
9.00308e-10
1.49551e-09
1.22189e-09
6.20445e-10
1.40338e-09
1.72467e-09
1.63468e-09
6.27023e-09
6.32749e-08
3.89613e-09
3.48721e-09
4.31197e-09
3.33517e-09
3.98552e-09
4.50315e-09
4.23063e-09
3.78727e-09
2.32358e-09
1.24463e-09
1.83752e-09
2.03606e-09
1.99715e-09
2.34514e-09
2.50686e-09
2.38255e-09
2.79051e-09
2.89007e-09
3.10146e-09
3.39467e-09
2.87049e-09
2.62477e-09
2.59224e-09
1.98133e-09
1.70541e-09
2.10704e-09
2.63109e-09
3.2925e-09
3.61494e-09
3.16451e-09
2.19608e-09
1.22091e-09
3.94331e-10
1.41059e-09
2.59811e-09
2.84451e-09
2.18581e-09
1.34392e-09
1.20127e-09
2.32211e-09
3.8577e-09
4.7108e-09
4.27662e-09
2.83941e-09
1.20182e-09
2.4147e-10
1.33061e-09
2.23028e-09
2.26868e-09
1.49068e-09
1.01884e-09
1.26224e-09
1.00756e-09
5.67965e-10
8.4208e-10
1.2405e-09
2.02463e-09
2.96978e-09
2.86861e-09
1.53637e-09
5.25277e-10
1.73901e-09
2.59729e-09
1.9233e-09
1.23509e-09
1.06577e-09
1.06317e-09
2.34561e-09
2.89958e-09
3.33468e-09
2.77898e-09
2.30263e-09
2.2042e-09
2.72596e-09
3.33399e-09
4.14743e-09
3.85581e-09
2.66485e-09
7.78888e-10
7.62537e-10
1.14685e-09
8.91038e-10
1.42043e-09
2.15115e-09
2.03383e-09
5.71649e-10
9.35346e-10
2.09495e-09
2.77087e-09
1.63579e-09
7.50975e-10
1.16355e-09
1.11723e-09
3.45188e-10
1.02931e-09
1.6914e-09
1.40592e-09
6.2607e-10
6.50168e-09
6.1391e-08
2.93177e-09
2.78336e-09
4.01996e-09
3.97009e-09
5.36071e-09
4.38886e-09
3.99355e-09
2.29562e-09
2.23441e-09
2.06814e-09
9.38414e-10
3.32222e-09
1.4326e-09
1.90699e-09
1.78164e-09
2.07314e-09
2.65855e-09
2.97141e-09
3.1009e-09
2.93792e-09
2.898e-09
2.89947e-09
2.31751e-09
1.87413e-09
1.69407e-09
1.73155e-09
2.44126e-09
3.11822e-09
3.31846e-09
3.19692e-09
2.65592e-09
1.48028e-09
1.16317e-09
2.50815e-09
2.91879e-09
2.20855e-09
1.32731e-09
1.1024e-09
1.71693e-09
3.00966e-09
4.00143e-09
4.06994e-09
3.38703e-09
2.5136e-09
1.71757e-09
1.47303e-09
1.94152e-09
2.11845e-09
1.77705e-09
1.67279e-09
1.84948e-09
1.47769e-09
5.6379e-10
1.26762e-10
7.63843e-10
1.84676e-09
2.73157e-09
3.1866e-09
2.33471e-09
1.56129e-10
1.57237e-09
2.26062e-09
2.48321e-09
1.41351e-09
5.15167e-10
9.70662e-10
1.4233e-09
2.19898e-09
2.58654e-09
2.7545e-09
2.65211e-09
2.40978e-09
2.68521e-09
3.27919e-09
4.15073e-09
4.41607e-09
3.58942e-09
2.09281e-09
8.30465e-10
7.26942e-10
7.47695e-10
1.00042e-09
1.80001e-09
1.90918e-09
1.20047e-09
6.58989e-10
1.93768e-09
2.19446e-09
2.10016e-09
9.42982e-10
9.5168e-10
1.31773e-09
9.77436e-10
6.8503e-10
1.53885e-09
1.65298e-09
9.23087e-10
3.47125e-10
6.91474e-09
6.05496e-08
2.97437e-09
4.77961e-09
4.95168e-09
5.93897e-09
5.29923e-09
4.03489e-09
3.42506e-09
2.37508e-09
2.60004e-09
2.6701e-09
2.20693e-09
2.37361e-09
1.74424e-09
1.75836e-09
1.67681e-09
2.66189e-09
3.38825e-09
3.03144e-09
2.68604e-09
2.68711e-09
2.8593e-09
2.80706e-09
2.79189e-09
2.40421e-09
1.83604e-09
2.00668e-09
2.4159e-09
2.74958e-09
3.41883e-09
3.78577e-09
3.13504e-09
2.01067e-09
2.16039e-09
2.64274e-09
2.19312e-09
1.34169e-09
1.11249e-09
1.7095e-09
2.70375e-09
3.33327e-09
3.16136e-09
2.54777e-09
2.28022e-09
2.29525e-09
2.31878e-09
2.38041e-09
2.00869e-09
1.37074e-09
2.08283e-09
2.8206e-09
2.48908e-09
1.35738e-09
2.44462e-10
1.41249e-10
1.15366e-09
2.67181e-09
3.33291e-09
3.01888e-09
1.84828e-09
9.39723e-10
1.9028e-09
1.84089e-09
1.4516e-09
8.9096e-10
2.55116e-10
4.99205e-10
1.45573e-09
1.63553e-09
1.92599e-09
2.01742e-09
2.32585e-09
2.21765e-09
3.03385e-09
3.63943e-09
4.30452e-09
3.82046e-09
2.64932e-09
1.42397e-09
1.27513e-09
1.0426e-09
1.83955e-10
1.29914e-09
1.86068e-09
1.31957e-09
3.97042e-10
1.7657e-09
2.72303e-09
2.08421e-09
1.15332e-09
4.47626e-10
1.36879e-09
1.33634e-09
1.27818e-09
1.69073e-09
1.9935e-09
1.38008e-09
4.77302e-10
1.23387e-09
7.63449e-09
5.98611e-08
2.34392e-09
6.60518e-09
6.07211e-09
6.1344e-09
4.11792e-09
4.05128e-09
3.107e-09
3.54834e-09
4.14113e-09
1.84441e-09
2.88607e-09
1.30748e-09
1.9864e-09
2.11626e-09
2.83402e-09
3.81973e-09
3.31155e-09
2.49633e-09
2.22419e-09
2.33169e-09
2.72624e-09
3.33902e-09
3.28266e-09
2.64477e-09
2.27224e-09
2.1345e-09
2.05599e-09
2.83502e-09
3.83141e-09
4.0056e-09
3.37767e-09
2.7766e-09
2.50899e-09
1.9387e-09
1.1604e-09
9.53852e-10
1.63073e-09
2.69648e-09
3.28532e-09
2.87842e-09
1.7679e-09
1.02402e-09
1.51723e-09
2.28904e-09
2.82969e-09
2.52142e-09
1.12549e-09
1.38585e-09
3.13569e-09
3.56876e-09
2.60607e-09
1.17904e-09
4.16362e-10
6.36781e-10
1.84673e-09
3.12123e-09
3.48105e-09
2.69067e-09
1.79296e-09
1.52131e-09
1.43702e-09
9.19219e-10
4.15263e-10
6.36512e-10
5.75235e-10
3.81344e-10
9.68945e-10
9.63012e-10
1.33162e-09
1.73055e-09
2.09866e-09
2.23608e-09
3.43737e-09
3.77155e-09
3.80765e-09
2.63389e-09
1.6477e-09
1.77908e-09
1.85286e-09
1.45173e-09
1.29811e-09
1.59367e-09
1.51535e-09
9.21425e-10
1.54666e-09
2.73187e-09
3.20211e-09
1.80286e-09
4.41773e-10
8.58004e-10
1.51912e-09
1.18624e-09
1.72911e-09
2.51306e-09
2.34125e-09
1.08747e-09
8.75114e-10
2.01513e-09
8.70915e-09
5.76768e-08
4.78261e-09
6.21427e-09
6.06285e-09
4.46682e-09
3.99517e-09
4.41031e-09
3.95668e-09
4.01983e-09
3.8487e-09
1.31764e-09
1.74879e-09
1.38811e-09
2.3766e-09
2.88152e-09
3.59837e-09
3.33617e-09
2.4396e-09
1.96624e-09
1.78118e-09
2.11714e-09
2.88804e-09
3.14003e-09
2.94015e-09
2.79348e-09
2.48569e-09
2.03227e-09
2.21161e-09
2.96579e-09
3.43118e-09
3.48191e-09
3.35654e-09
3.00917e-09
2.28604e-09
1.38771e-09
9.04475e-10
1.48834e-09
2.57418e-09
3.22778e-09
2.93663e-09
1.93684e-09
9.34176e-10
4.66188e-10
1.46543e-09
2.69622e-09
3.12273e-09
2.16975e-09
1.55509e-10
2.10863e-09
3.37734e-09
3.31793e-09
2.27766e-09
1.13225e-09
7.12109e-10
1.37801e-09
2.25397e-09
2.7141e-09
2.82772e-09
2.24781e-09
1.75852e-09
1.45355e-09
6.96837e-10
3.69457e-10
7.69719e-10
7.12861e-10
6.32172e-10
7.79002e-10
6.45959e-10
5.45959e-10
1.02267e-09
1.40716e-09
2.05712e-09
2.97323e-09
4.21314e-09
3.90532e-09
2.92251e-09
1.53954e-09
1.95709e-09
2.68693e-09
2.44603e-09
1.88613e-09
2.20309e-09
2.00354e-09
9.22642e-10
1.4888e-09
2.82389e-09
3.35747e-09
3.15233e-09
1.39152e-09
8.81693e-10
1.50702e-09
1.42092e-09
9.53845e-10
2.09194e-09
2.92384e-09
2.43953e-09
9.88445e-10
1.60204e-09
2.62497e-09
1.00602e-08
5.34847e-08
5.90444e-09
4.86284e-09
5.14954e-09
3.8307e-09
4.94627e-09
4.67585e-09
4.45635e-09
3.35173e-09
2.03763e-09
2.17506e-09
1.51445e-09
2.4654e-09
3.08258e-09
3.09876e-09
2.90848e-09
2.32281e-09
2.08871e-09
1.97238e-09
2.05628e-09
2.36836e-09
2.32286e-09
2.27903e-09
2.69858e-09
2.83318e-09
2.57756e-09
2.45125e-09
2.51692e-09
2.53823e-09
2.6893e-09
3.04323e-09
3.19067e-09
2.87297e-09
2.23091e-09
1.48759e-09
1.39939e-09
2.40062e-09
3.10938e-09
2.79896e-09
1.74116e-09
1.04445e-09
9.21233e-10
1.05362e-09
2.08031e-09
2.87838e-09
2.70368e-09
1.52988e-09
8.14673e-10
2.10126e-09
2.73268e-09
2.69347e-09
2.2231e-09
1.5131e-09
1.37601e-09
2.05005e-09
2.22904e-09
1.829e-09
1.81979e-09
1.80657e-09
1.51049e-09
1.29062e-09
9.55031e-10
8.88187e-10
8.76676e-10
9.0878e-10
8.09097e-10
8.81248e-10
3.42276e-10
4.33948e-10
6.15882e-10
1.27524e-09
2.69578e-09
3.98911e-09
4.53432e-09
3.4813e-09
1.68968e-09
1.48215e-09
2.68406e-09
3.0297e-09
2.89075e-09
2.74366e-09
2.94042e-09
2.32764e-09
5.34322e-10
2.08469e-09
3.65093e-09
3.58823e-09
2.65538e-09
7.7794e-10
1.40526e-09
1.91314e-09
1.22321e-09
6.57373e-10
2.19846e-09
2.92477e-09
2.31297e-09
1.20534e-09
2.23258e-09
2.93718e-09
1.15336e-08
4.8653e-08
6.16576e-09
4.59886e-09
4.62327e-09
4.80798e-09
4.7837e-09
4.35529e-09
3.14478e-09
2.66593e-09
1.94711e-09
2.80062e-09
2.80398e-09
3.34984e-09
2.76589e-09
2.07419e-09
1.66753e-09
1.90622e-09
2.29445e-09
2.46457e-09
2.34931e-09
1.71183e-09
1.27343e-09
1.91544e-09
2.3548e-09
2.67678e-09
2.83975e-09
2.65285e-09
2.17813e-09
1.99912e-09
2.34969e-09
2.66672e-09
2.74529e-09
2.59372e-09
2.14089e-09
1.63165e-09
2.10589e-09
2.85979e-09
2.76731e-09
1.77755e-09
6.59703e-10
6.32444e-10
1.15948e-09
2.01077e-09
2.64309e-09
2.52048e-09
1.80706e-09
1.1624e-09
9.9424e-10
1.28063e-09
1.82643e-09
2.33951e-09
2.49379e-09
2.25585e-09
2.15333e-09
2.25426e-09
1.69964e-09
9.16517e-10
1.18633e-09
1.53648e-09
1.40224e-09
1.7576e-09
1.87644e-09
1.10898e-09
9.33161e-10
1.31674e-09
1.36981e-09
8.1857e-10
1.68529e-10
2.35721e-10
4.4847e-10
2.17092e-09
3.7314e-09
4.76077e-09
4.22715e-09
2.42257e-09
1.19332e-09
2.54693e-09
3.12898e-09
2.84398e-09
3.08005e-09
3.76189e-09
3.62169e-09
2.44691e-09
8.19992e-10
2.53417e-09
3.95053e-09
3.50185e-09
2.10805e-09
4.52608e-10
1.79111e-09
2.07686e-09
1.14633e-09
3.94677e-10
1.9445e-09
2.54567e-09
1.97548e-09
1.48204e-09
2.63544e-09
2.87069e-09
1.29667e-08
4.42659e-08
6.38739e-09
5.0034e-09
4.81291e-09
5.05565e-09
2.93322e-09
3.51808e-09
1.81479e-09
2.58936e-09
3.38412e-09
3.24845e-09
3.28491e-09
2.52829e-09
1.45652e-09
7.49664e-10
1.0027e-09
1.87661e-09
2.48593e-09
2.39951e-09
1.64363e-09
8.77968e-10
1.37924e-09
1.44775e-09
1.85914e-09
2.60135e-09
2.65328e-09
2.1333e-09
1.74146e-09
1.83495e-09
1.91424e-09
1.99504e-09
2.18346e-09
2.16181e-09
1.94685e-09
2.05644e-09
2.4342e-09
2.41595e-09
1.82166e-09
1.09595e-09
6.72682e-10
1.13674e-09
2.124e-09
2.72143e-09
2.49043e-09
1.60412e-09
9.50636e-10
9.67505e-10
6.18997e-10
3.15532e-10
1.3042e-09
2.05171e-09
2.53017e-09
2.77216e-09
2.5709e-09
1.82152e-09
7.42426e-10
3.36964e-10
7.44106e-10
1.4582e-09
1.9536e-09
2.01084e-09
1.80986e-09
5.49878e-10
1.54359e-09
1.82408e-09
1.94104e-09
7.6387e-10
3.06058e-10
3.30587e-10
1.38538e-09
3.34488e-09
4.55097e-09
4.91933e-09
3.57284e-09
1.26059e-09
1.76797e-09
3.11606e-09
2.93393e-09
2.31306e-09
3.27413e-09
4.55532e-09
4.24744e-09
2.70911e-09
1.38061e-09
2.66783e-09
3.67842e-09
2.96305e-09
1.50761e-09
5.86435e-10
2.04941e-09
2.23289e-09
1.36621e-09
5.4361e-10
1.38373e-09
1.86772e-09
1.50185e-09
1.5649e-09
2.69162e-09
2.42463e-09
1.41483e-08
3.96146e-08
7.09898e-09
4.73667e-09
3.95097e-09
3.25778e-09
2.01341e-09
2.58006e-09
2.23851e-09
3.66027e-09
3.82571e-09
2.90574e-09
2.25548e-09
1.33994e-09
8.51206e-10
7.66176e-10
1.1931e-09
1.81017e-09
1.96262e-09
1.67457e-09
1.23847e-09
1.22939e-09
8.55712e-10
9.01019e-10
1.89579e-09
2.2044e-09
1.96728e-09
1.7611e-09
1.72015e-09
1.50209e-09
1.33586e-09
1.53981e-09
1.67111e-09
1.79975e-09
2.17648e-09
2.31639e-09
1.88963e-09
1.19666e-09
9.71045e-10
1.16382e-09
1.59195e-09
2.43297e-09
2.98426e-09
2.69311e-09
1.70809e-09
6.1595e-10
3.32964e-10
7.54036e-10
1.11069e-09
1.1628e-09
1.10285e-09
1.90082e-09
2.72332e-09
3.03709e-09
2.58124e-09
1.25104e-09
3.1277e-10
4.30325e-10
2.7604e-10
1.48267e-09
2.49487e-09
1.96102e-09
1.01191e-09
4.8255e-10
2.2527e-09
2.23026e-09
1.95113e-09
6.77736e-10
4.59168e-10
8.59838e-10
2.3439e-09
4.06278e-09
4.74708e-09
4.19847e-09
2.62787e-09
1.26285e-09
2.37403e-09
2.86753e-09
2.02333e-09
2.04267e-09
3.65314e-09
4.85481e-09
4.43007e-09
2.93146e-09
1.9473e-09
2.55302e-09
3.15973e-09
2.25103e-09
9.40951e-10
7.48489e-10
2.09158e-09
2.38662e-09
1.70951e-09
9.52989e-10
8.4883e-10
1.07012e-09
9.61061e-10
1.36879e-09
2.40524e-09
1.69459e-09
1.48466e-08
3.43605e-08
6.47152e-09
3.95821e-09
2.91302e-09
1.89544e-09
2.59449e-09
3.03623e-09
3.63875e-09
3.97323e-09
2.76882e-09
1.97158e-09
1.41306e-09
1.14691e-09
1.30804e-09
1.5186e-09
1.39635e-09
9.98624e-10
1.22316e-09
1.62092e-09
1.52815e-09
8.89267e-10
8.6245e-10
1.63924e-09
1.70752e-09
1.39376e-09
1.46563e-09
1.62764e-09
1.4791e-09
1.29751e-09
1.386e-09
1.26993e-09
1.24738e-09
1.89069e-09
2.3128e-09
2.01245e-09
1.1674e-09
2.18765e-10
7.02818e-10
1.75396e-09
2.86219e-09
3.41195e-09
3.02027e-09
1.95455e-09
1.09069e-09
6.25971e-10
1.69697e-10
1.07048e-09
1.63647e-09
1.30757e-09
5.37631e-10
2.09342e-09
2.99885e-09
2.97496e-09
2.33746e-09
1.18171e-09
5.12584e-10
1.94496e-10
9.00825e-10
1.86479e-09
2.30504e-09
1.50777e-09
6.95721e-10
1.62531e-09
2.37904e-09
2.19247e-09
1.4398e-09
6.73146e-10
8.47915e-10
1.53826e-09
3.01888e-09
3.95479e-09
4.08252e-09
2.9711e-09
1.76565e-09
1.96619e-09
2.49315e-09
1.97699e-09
7.64398e-10
2.07962e-09
3.67855e-09
4.48935e-09
3.98063e-09
2.81432e-09
2.3951e-09
2.38683e-09
2.662e-09
1.78957e-09
6.38922e-10
7.22743e-10
1.78596e-09
2.32765e-09
1.99706e-09
1.38847e-09
8.57838e-10
4.81843e-10
2.78681e-10
9.59975e-10
1.94709e-09
1.17166e-09
1.4913e-08
2.98338e-08
5.45888e-09
2.66809e-09
3.67298e-09
2.93487e-09
4.07846e-09
3.57496e-09
3.73802e-09
2.65041e-09
1.68292e-09
1.57122e-09
1.61886e-09
1.67734e-09
1.76732e-09
1.56213e-09
7.83558e-10
3.86176e-10
1.19714e-09
1.56573e-09
1.40839e-09
1.4306e-09
1.7366e-09
1.48715e-09
8.30352e-10
7.47712e-10
1.07425e-09
1.22662e-09
1.36919e-09
1.52741e-09
1.32339e-09
1.03554e-09
1.58489e-09
2.02342e-09
1.86133e-09
1.4814e-09
1.11838e-09
4.12115e-10
1.14926e-09
2.70898e-09
3.67139e-09
3.44897e-09
2.1713e-09
7.60449e-10
8.72763e-10
6.98804e-10
5.81835e-10
1.37857e-09
1.56274e-09
8.57706e-10
7.37672e-10
2.20774e-09
2.87307e-09
2.63198e-09
2.05326e-09
1.47509e-09
8.16475e-10
6.44421e-10
1.37263e-09
1.83772e-09
1.44727e-09
1.07686e-09
1.66489e-09
2.3539e-09
2.17792e-09
1.8159e-09
1.02789e-09
7.94675e-10
1.45203e-09
2.04906e-09
3.14465e-09
3.2666e-09
2.90717e-09
2.21e-09
1.78899e-09
2.02833e-09
1.79732e-09
6.37935e-10
8.3902e-10
2.23882e-09
3.17356e-09
3.67317e-09
3.43806e-09
2.65871e-09
2.56635e-09
2.18595e-09
2.00472e-09
1.4596e-09
5.6831e-10
7.44202e-10
1.46634e-09
2.16568e-09
2.21994e-09
1.79296e-09
1.27506e-09
8.23157e-10
5.6371e-10
9.45184e-10
1.68982e-09
1.45339e-09
1.4284e-08
2.66457e-08
5.58263e-09
3.38155e-09
4.9412e-09
4.38248e-09
4.01775e-09
3.08712e-09
2.33635e-09
1.34008e-09
1.49136e-09
2.12626e-09
2.33945e-09
1.95052e-09
1.29654e-09
8.76404e-10
1.19189e-09
1.05417e-09
7.60122e-10
1.28478e-09
1.94826e-09
2.14148e-09
1.60842e-09
7.61606e-10
4.08406e-10
4.72757e-10
7.40503e-10
1.13275e-09
1.43854e-09
1.42713e-09
1.27297e-09
1.59343e-09
1.86075e-09
1.53452e-09
1.27951e-09
1.46643e-09
1.27554e-09
9.96993e-10
2.04909e-09
3.17401e-09
3.44666e-09
2.64874e-09
1.21454e-09
1.50138e-10
7.40477e-10
6.97544e-10
6.65123e-10
9.45084e-10
9.50485e-10
1.06066e-09
1.58643e-09
1.88236e-09
2.13366e-09
2.32649e-09
2.14794e-09
1.81736e-09
1.47402e-09
1.27523e-09
1.3864e-09
1.32863e-09
1.11622e-09
1.83399e-09
2.42193e-09
2.46197e-09
1.84681e-09
1.23279e-09
8.64713e-10
1.00308e-09
1.83854e-09
2.23543e-09
2.59374e-09
2.26116e-09
1.73761e-09
2.08748e-09
2.02566e-09
1.51233e-09
5.34911e-10
6.86889e-10
1.72574e-09
2.14223e-09
2.10827e-09
2.44781e-09
2.99144e-09
2.64472e-09
2.46758e-09
2.03881e-09
1.41384e-09
1.23548e-09
6.94692e-10
8.18754e-10
1.30932e-09
1.93599e-09
2.27126e-09
2.11299e-09
1.76537e-09
1.45176e-09
1.31361e-09
1.46191e-09
1.83627e-09
2.07417e-09
1.30149e-08
2.33325e-08
6.7772e-09
5.18708e-09
5.12574e-09
4.7274e-09
3.24111e-09
2.32055e-09
1.60341e-09
1.70859e-09
2.39069e-09
2.76814e-09
2.35411e-09
1.38483e-09
1.17386e-10
1.12941e-09
1.49679e-09
7.63415e-10
5.07334e-10
1.67436e-09
2.2409e-09
1.955e-09
1.26411e-09
8.15051e-10
5.70883e-10
7.76244e-10
1.01223e-09
1.05966e-09
1.10316e-09
1.31982e-09
1.72215e-09
1.89476e-09
1.49108e-09
1.0631e-09
1.3236e-09
1.39436e-09
1.33077e-09
1.85509e-09
2.5368e-09
2.74767e-09
2.41275e-09
1.75406e-09
1.05063e-09
4.49258e-10
2.82356e-10
6.16387e-10
3.57085e-10
5.01591e-10
1.36643e-09
1.8556e-09
1.72503e-09
1.00331e-09
1.10832e-09
2.00638e-09
2.20517e-09
2.15929e-09
2.25499e-09
1.67189e-09
1.03707e-09
1.12319e-09
2.08341e-09
2.6754e-09
2.74398e-09
2.2173e-09
1.42273e-09
8.94953e-10
8.9589e-10
1.46699e-09
1.9733e-09
2.102e-09
1.65312e-09
1.3503e-09
1.27309e-09
1.86231e-09
1.81627e-09
1.34072e-09
1.05257e-09
1.66932e-09
1.93092e-09
1.5309e-09
7.97406e-10
1.29536e-09
2.51692e-09
2.65808e-09
2.20928e-09
1.87905e-09
1.26749e-09
1.03731e-09
9.31685e-10
9.78118e-10
1.32013e-09
1.75902e-09
2.1765e-09
2.24151e-09
2.07726e-09
1.9159e-09
1.87851e-09
2.00073e-09
2.15163e-09
2.61342e-09
1.12596e-08
1.78691e-08
1.07305e-08
5.36081e-09
3.28194e-09
3.78666e-09
3.00456e-09
2.3683e-09
2.3277e-09
2.70087e-09
2.75283e-09
2.09736e-09
1.23991e-09
6.5877e-10
6.87115e-10
1.0771e-09
1.0469e-09
8.10479e-10
1.08409e-09
1.56936e-09
1.73154e-09
1.63659e-09
1.45046e-09
1.19909e-09
1.17747e-09
1.15334e-09
7.87064e-10
5.46469e-10
1.06144e-09
1.58775e-09
1.73337e-09
1.39377e-09
1.01327e-09
1.16278e-09
1.24318e-09
1.23602e-09
1.67359e-09
2.06481e-09
1.92444e-09
1.42685e-09
1.21785e-09
1.37439e-09
1.26329e-09
8.1607e-10
2.54619e-10
2.92815e-10
8.30093e-10
1.44011e-09
1.89933e-09
2.00393e-09
1.4432e-09
5.4294e-10
5.40652e-10
1.69807e-09
2.22952e-09
2.42464e-09
2.62792e-09
1.74166e-09
1.33012e-09
2.00667e-09
2.84469e-09
2.90783e-09
2.55079e-09
2.15291e-09
1.57091e-09
1.09501e-09
1.21166e-09
2.00572e-09
1.94741e-09
1.60871e-09
5.4015e-10
7.55563e-10
1.1934e-09
1.2755e-09
1.36264e-09
2.03805e-09
2.16654e-09
1.86897e-09
1.28246e-09
4.4051e-10
5.84439e-10
1.45483e-09
2.08743e-09
2.55683e-09
2.12682e-09
1.73927e-09
1.37531e-09
1.12491e-09
1.26198e-09
1.19157e-09
1.28668e-09
1.53614e-09
1.90441e-09
2.11445e-09
2.11354e-09
2.09201e-09
2.12197e-09
2.23103e-09
2.26743e-09
2.87494e-09
9.19633e-09
9.76864e-09
1.52149e-08
4.92823e-09
2.65372e-09
2.4155e-09
2.99918e-09
3.28787e-09
3.4139e-09
3.10064e-09
2.13958e-09
1.0219e-09
6.82186e-10
7.63806e-10
4.39191e-10
1.59547e-10
7.26119e-10
9.95537e-10
9.86829e-10
9.831e-10
1.236e-09
1.52649e-09
1.70867e-09
1.83644e-09
1.62034e-09
9.14183e-10
4.18657e-10
9.61863e-10
1.33076e-09
1.3776e-09
1.18394e-09
1.11007e-09
1.2613e-09
1.13326e-09
9.78784e-10
1.42246e-09
1.76249e-09
1.52389e-09
8.18704e-10
2.54242e-10
8.58426e-10
1.29793e-09
1.37315e-09
1.11167e-09
7.23825e-10
1.06063e-09
1.85335e-09
2.11754e-09
1.66756e-09
1.27252e-09
1.1616e-09
1.1977e-09
5.47561e-10
1.29713e-09
2.47796e-09
2.52877e-09
2.48386e-09
1.96841e-09
2.21528e-09
2.83738e-09
3.02612e-09
2.63389e-09
2.20679e-09
2.00349e-09
2.13617e-09
1.80837e-09
1.85311e-09
2.33696e-09
1.81379e-09
1.19197e-09
4.88543e-10
3.72625e-10
5.09378e-10
8.02672e-10
1.44794e-09
2.39301e-09
2.51248e-09
1.47211e-09
2.14529e-10
8.9865e-10
1.37378e-09
1.57442e-09
1.53676e-09
2.17671e-09
2.14964e-09
1.73089e-09
1.51294e-09
1.36237e-09
1.45126e-09
1.30815e-09
1.17102e-09
1.31281e-09
1.59306e-09
1.8041e-09
1.88254e-09
1.93989e-09
2.02587e-09
2.17134e-09
2.19413e-09
3.0279e-09
7.05329e-09
3.42158e-09
1.42908e-08
7.17912e-09
4.99173e-09
4.34591e-09
4.37755e-09
4.26065e-09
3.79959e-09
3.08519e-09
2.46185e-09
1.96757e-09
1.51556e-09
1.27883e-09
1.26516e-09
1.39872e-09
1.58557e-09
1.66124e-09
1.52806e-09
1.25098e-09
1.09248e-09
1.36286e-09
1.83297e-09
1.9209e-09
1.42296e-09
7.58705e-10
6.15283e-10
5.6176e-10
3.08746e-10
6.56953e-10
1.24097e-09
1.59773e-09
1.51366e-09
1.10254e-09
8.41008e-10
9.04684e-10
8.1883e-10
7.13483e-10
7.9139e-10
6.97403e-10
4.49504e-10
7.9565e-10
1.18231e-09
1.3776e-09
1.69661e-09
2.19867e-09
2.49382e-09
2.08525e-09
1.05247e-09
2.72715e-10
6.62023e-10
8.79721e-10
9.47993e-10
1.57316e-09
2.65861e-09
2.56251e-09
2.45763e-09
2.71972e-09
2.89053e-09
2.90381e-09
2.45599e-09
2.0317e-09
2.3019e-09
2.21074e-09
2.68436e-09
2.66246e-09
2.64808e-09
2.33242e-09
1.60055e-09
1.20376e-09
1.4219e-09
1.38873e-09
1.24674e-09
1.32521e-09
1.48005e-09
1.5318e-09
1.56435e-09
1.44025e-09
1.73246e-09
2.14996e-09
1.91851e-09
1.50022e-09
9.73378e-10
1.11056e-09
1.57012e-09
1.69137e-09
1.85529e-09
1.93144e-09
1.89041e-09
1.58092e-09
1.12628e-09
8.88101e-10
9.73794e-10
1.2143e-09
1.45487e-09
1.61874e-09
1.69209e-09
1.77374e-09
1.76245e-09
2.76551e-09
5.21464e-09
1.09791e-09
6.40934e-09
1.08484e-08
1.17263e-08
1.19559e-08
1.19981e-08
1.18925e-08
1.17776e-08
1.19334e-08
1.24517e-08
1.3045e-08
1.33634e-08
1.33075e-08
1.30362e-08
1.27935e-08
1.27312e-08
1.28126e-08
1.28723e-08
1.27534e-08
1.23333e-08
1.14761e-08
1.0135e-08
8.53496e-09
7.13179e-09
6.31853e-09
6.12784e-09
6.23493e-09
6.25316e-09
5.925e-09
5.16794e-09
4.09989e-09
2.9993e-09
2.22061e-09
1.94496e-09
1.98093e-09
1.99694e-09
1.76621e-09
1.27966e-09
7.55326e-10
6.34624e-10
1.0968e-09
1.80135e-09
2.38468e-09
2.51449e-09
2.02412e-09
1.07928e-09
2.40163e-10
6.81399e-10
7.74557e-10
6.64037e-10
1.07904e-09
1.43117e-09
1.2876e-09
6.86561e-10
1.72212e-09
2.81757e-09
3.3789e-09
3.32156e-09
2.62136e-09
2.00021e-09
1.70511e-09
2.02948e-09
2.73862e-09
3.28616e-09
3.53547e-09
3.36386e-09
2.9461e-09
2.37753e-09
2.22801e-09
2.55346e-09
3.09536e-09
3.42789e-09
3.17798e-09
2.29091e-09
1.23932e-09
1.06398e-09
1.67395e-09
1.77925e-09
1.25101e-09
4.70247e-10
2.35131e-10
4.13865e-10
7.41485e-10
1.43556e-09
2.08347e-09
2.47851e-09
2.47313e-09
2.17755e-09
1.76587e-09
1.49695e-09
1.52629e-09
1.77631e-09
2.09534e-09
2.35947e-09
2.5112e-09
2.59639e-09
2.74983e-09
2.8676e-09
4.00538e-09
2.22368e-09
)
;

boundaryField
{
    floor
    {
        type            calculated;
        value           uniform 0;
    }
    ceiling
    {
        type            calculated;
        value           uniform 0;
    }
    fixedWalls
    {
        type            calculated;
        value           uniform 0;
    }
    frontAndBack
    {
        type            empty;
    }
}


// ************************************************************************* //
