/*--------------------------------*- C++ -*----------------------------------*\
| =========                 |                                                 |
| \\      /  F ield         | OpenFOAM: The Open Source CFD Toolbox           |
|  \\    /   O peration     | Version:  4.1                                   |
|   \\  /    A nd           | Web:      www.OpenFOAM.org                      |
|    \\/     M anipulation  |                                                 |
\*---------------------------------------------------------------------------*/
FoamFile
{
    version     2.0;
    format      ascii;
    class       volScalarField;
    location    "140";
    object      p_rgh;
}
// * * * * * * * * * * * * * * * * * * * * * * * * * * * * * * * * * * * * * //

dimensions      [0 2 -2 0 0 0 0];

internalField   nonuniform List<scalar> 
400
(
0.246269
0.246269
0.246269
0.246269
0.246269
0.246269
0.246269
0.246269
0.246269
0.246269
0.246269
0.246269
0.246269
0.246269
0.246269
0.246269
0.246269
0.246269
0.246269
0.246269
0.24633
0.24633
0.24633
0.24633
0.24633
0.24633
0.24633
0.24633
0.24633
0.24633
0.24633
0.24633
0.24633
0.24633
0.24633
0.24633
0.24633
0.24633
0.24633
0.24633
0.246331
0.246331
0.246331
0.246331
0.246331
0.246331
0.246331
0.246331
0.246331
0.246331
0.246331
0.246331
0.246331
0.246331
0.246331
0.246331
0.246331
0.246331
0.246331
0.246331
0.246331
0.246331
0.246331
0.246331
0.246331
0.246331
0.246331
0.246331
0.246331
0.246331
0.246331
0.246331
0.246331
0.246331
0.246331
0.246331
0.246331
0.246331
0.246331
0.246331
0.246331
0.246331
0.246331
0.246331
0.246331
0.246331
0.246331
0.246331
0.246331
0.246331
0.246331
0.246331
0.246331
0.246331
0.246331
0.246331
0.246331
0.246331
0.246331
0.246331
0.246331
0.246331
0.246331
0.246331
0.246331
0.246331
0.246331
0.246331
0.246331
0.246331
0.246331
0.246331
0.246331
0.246331
0.246331
0.246331
0.246331
0.246331
0.246331
0.246331
0.246331
0.246331
0.246331
0.246331
0.246331
0.246331
0.246331
0.246331
0.246331
0.246331
0.246331
0.246331
0.246331
0.246331
0.246331
0.246331
0.246331
0.246331
0.246331
0.246331
0.246331
0.246331
0.246331
0.246331
0.246331
0.246331
0.246331
0.246331
0.246331
0.246331
0.246331
0.246331
0.246331
0.246331
0.246331
0.246331
0.246331
0.246331
0.246331
0.246331
0.246331
0.246331
0.246331
0.246331
0.246331
0.246331
0.246331
0.246331
0.246331
0.246331
0.246331
0.246331
0.246331
0.246331
0.246331
0.246331
0.246331
0.246331
0.246331
0.246331
0.246331
0.246331
0.246331
0.246331
0.246331
0.246331
0.246331
0.246331
0.246331
0.246331
0.246331
0.246331
0.246331
0.246331
0.246331
0.246331
0.246331
0.246331
0.246331
0.246331
0.246331
0.246331
0.246331
0.246331
0.246331
0.246331
0.246331
0.246331
0.246331
0.246331
0.246331
0.246331
0.246331
0.246331
0.246331
0.246331
0.246331
0.246331
0.246331
0.246331
0.246331
0.246331
0.246331
0.246331
0.246331
0.246331
0.246331
0.246331
0.246331
0.246331
0.246331
0.246331
0.246331
0.246331
0.246331
0.246331
0.246331
0.246331
0.246331
0.246331
0.246331
0.246331
0.246331
0.246331
0.246331
0.246331
0.246331
0.246331
0.246331
0.246331
0.246331
0.246331
0.246331
0.246331
0.246331
0.246331
0.246331
0.246331
0.246331
0.246331
0.246331
0.246331
0.246331
0.246331
0.246331
0.246331
0.246331
0.246331
0.246331
0.246331
0.246331
0.246331
0.246331
0.246331
0.246331
0.246331
0.246331
0.246331
0.246331
0.246331
0.246331
0.246331
0.246331
0.246331
0.246331
0.246331
0.246331
0.246331
0.246331
0.246331
0.246331
0.246331
0.246331
0.246331
0.246331
0.246331
0.246331
0.246331
0.246331
0.246331
0.246331
0.246331
0.246331
0.246331
0.246331
0.246331
0.246331
0.246331
0.246331
0.246331
0.246331
0.246331
0.246331
0.246331
0.246331
0.246331
0.246331
0.246331
0.246331
0.246331
0.246331
0.246331
0.246331
0.246331
0.246331
0.246331
0.246331
0.246331
0.246331
0.246331
0.246331
0.246331
0.246331
0.246331
0.246331
0.246331
0.246331
0.246331
0.246331
0.246331
0.246331
0.246331
0.246331
0.246331
0.246331
0.246331
0.246331
0.246331
0.246331
0.246331
0.246331
0.246331
0.246331
0.246331
0.246331
0.246331
0.246331
0.246331
0.246331
0.246331
0.246331
0.246331
0.246331
0.246331
0.246331
0.246331
0.246331
0.246331
0.246331
0.246331
0.246331
0.246331
0.246331
0.246331
0.246331
0.246331
0.246331
0.246331
0.246331
0.246331
0.246331
0.246331
0.246331
0.246331
0.246331
0.246331
0.246331
0.246331
0.246331
0.246331
0.246331
0.246331
0.246331
0.246331
0.246331
0.246331
0.246331
0.246331
0.246331
0.246331
)
;

boundaryField
{
    floor
    {
        type            fixedFluxPressure;
        gradient        uniform 0;
        value           nonuniform List<scalar> 
20
(
0.246269
0.246269
0.246269
0.246269
0.246269
0.246269
0.246269
0.246269
0.246269
0.246269
0.246269
0.246269
0.246269
0.246269
0.246269
0.246269
0.246269
0.246269
0.246269
0.246269
)
;
    }
    ceiling
    {
        type            fixedFluxPressure;
        gradient        nonuniform List<scalar> 
20
(
-5.59742e-09
-2.46579e-10
-8.53964e-10
-4.95458e-09
-2.98683e-09
2.0331e-09
-1.16606e-09
-6.59585e-09
-7.39152e-09
-9.57274e-09
-5.89315e-09
-2.13992e-10
2.03528e-09
2.4224e-09
3.06228e-09
4.72917e-09
7.01364e-09
8.71538e-09
8.96327e-09
3.15412e-11
)
;
        value           nonuniform List<scalar> 
20
(
0.246331
0.246331
0.246331
0.246331
0.246331
0.246331
0.246331
0.246331
0.246331
0.246331
0.246331
0.246331
0.246331
0.246331
0.246331
0.246331
0.246331
0.246331
0.246331
0.246331
)
;
    }
    fixedWalls
    {
        type            fixedFluxPressure;
        gradient        uniform 0;
        value           nonuniform List<scalar> 
40
(
0.246269
0.24633
0.246331
0.246331
0.246331
0.246331
0.246331
0.246331
0.246331
0.246331
0.246331
0.246331
0.246331
0.246331
0.246331
0.246331
0.246331
0.246331
0.246331
0.246331
0.246269
0.24633
0.246331
0.246331
0.246331
0.246331
0.246331
0.246331
0.246331
0.246331
0.246331
0.246331
0.246331
0.246331
0.246331
0.246331
0.246331
0.246331
0.246331
0.246331
)
;
    }
    frontAndBack
    {
        type            empty;
    }
}


// ************************************************************************* //
