/*--------------------------------*- C++ -*----------------------------------*\
| =========                 |                                                 |
| \\      /  F ield         | OpenFOAM: The Open Source CFD Toolbox           |
|  \\    /   O peration     | Version:  4.1                                   |
|   \\  /    A nd           | Web:      www.OpenFOAM.org                      |
|    \\/     M anipulation  |                                                 |
\*---------------------------------------------------------------------------*/
FoamFile
{
    version     2.0;
    format      ascii;
    class       volScalarField;
    location    "1680";
    object      mag(U);
}
// * * * * * * * * * * * * * * * * * * * * * * * * * * * * * * * * * * * * * //

dimensions      [0 1 -1 0 0 0 0];

internalField   nonuniform List<scalar> 
5000
(
0.00497013
0.0068127
0.0095244
0.0117619
0.0136043
0.0150622
0.0161361
0.0168202
0.017102
0.016964
0.0164063
0.0154322
0.0140541
0.0123013
0.0102264
0.00791354
0.00550203
0.00325935
0.00191346
0.00335489
0.00522386
0.00718697
0.00904035
0.0107205
0.0122347
0.013602
0.0148401
0.0159633
0.0169842
0.0179136
0.0187611
0.0195352
0.0202428
0.0208897
0.0214805
0.0220188
0.0225073
0.0229479
0.0233418
0.0236895
0.023991
0.0242457
0.0244526
0.0246102
0.0247168
0.0247704
0.02477
0.0247155
0.0246039
0.0244321
0.0241961
0.0238913
0.0235121
0.0230528
0.0225076
0.0218708
0.0211371
0.0203025
0.0193642
0.0183221
0.0171785
0.0159394
0.0146145
0.0132186
0.0117736
0.010313
0.00887521
0.00744327
0.00572126
0.00245048
0.00312804
0.00419732
0.00512769
0.00588716
0.00658611
0.00726829
0.00794284
0.00860368
0.00923836
0.00983077
0.0103642
0.0108234
0.0111948
0.0114661
0.0116246
0.0116576
0.0115521
0.0112956
0.0108758
0.0102809
0.00949671
0.00850312
0.00727143
0.00578005
0.00411269
0.00271654
0.00244935
0.0034912
0.00417758
0.0041962
0.00732093
0.00757455
0.00956485
0.0114763
0.0131116
0.0143921
0.0152929
0.0158032
0.0159143
0.0156114
0.0149573
0.013955
0.0126209
0.0109871
0.00911898
0.00714321
0.00532755
0.00418577
0.00431772
0.00529793
0.00671476
0.00834957
0.00999581
0.0115607
0.0130162
0.0143611
0.0156013
0.0167447
0.0177993
0.0187731
0.0196738
0.0205081
0.0212819
0.0219999
0.0226663
0.023284
0.0238554
0.0243821
0.0248652
0.0253052
0.0257022
0.0260561
0.0263662
0.0266318
0.0268517
0.0270241
0.027146
0.0272122
0.0272193
0.0271637
0.0270406
0.0268447
0.0265697
0.026209
0.0257555
0.0252019
0.0245414
0.0237677
0.022876
0.0218629
0.0207277
0.0194715
0.0180977
0.0166096
0.0150074
0.0132812
0.011402
0.00942455
0.00804679
0.00618443
0.00367317
0.00393142
0.0049026
0.00581992
0.00666832
0.00746899
0.00822947
0.00894589
0.00960867
0.0102054
0.0107231
0.0111498
0.0114749
0.0116887
0.0117829
0.0117482
0.0115831
0.0112834
0.0108428
0.0102553
0.00951504
0.00861633
0.00755887
0.00637504
0.00520452
0.00436418
0.00395802
0.00299468
0.00248501
0.00524458
0.0105202
0.00922586
0.00974147
0.0107347
0.0117832
0.0126619
0.0132852
0.0136136
0.0136289
0.0133309
0.0127818
0.0119846
0.0109725
0.00979963
0.00856654
0.00745065
0.00671137
0.00652238
0.00680084
0.0074165
0.00841121
0.00963565
0.0109473
0.012255
0.0135126
0.0147016
0.015816
0.0168558
0.0178243
0.0187257
0.0195648
0.0203462
0.021074
0.0217518
0.0223825
0.0229682
0.0235104
0.0240101
0.0244678
0.0248837
0.0252576
0.0255889
0.025877
0.026121
0.0263198
0.0264721
0.0265763
0.0266319
0.0266344
0.0265817
0.0264709
0.026298
0.0260587
0.025748
0.0253603
0.0248892
0.024328
0.0236694
0.0229067
0.0220334
0.021044
0.0199343
0.0187003
0.0173374
0.0158388
0.0141982
0.0124465
0.0108961
0.0106515
0.010114
0.00577021
0.00398795
0.00425879
0.005027
0.00587571
0.00671038
0.00750346
0.00824122
0.00891287
0.00950794
0.0100168
0.0104312
0.0107444
0.0109505
0.0110444
0.0110205
0.0108826
0.0106304
0.0102652
0.00978994
0.00921083
0.00854072
0.00780783
0.00707511
0.00645868
0.00607255
0.00579256
0.00477078
0.00130424
0.00665683
0.0134951
0.0112122
0.0104481
0.0103955
0.0106786
0.0110163
0.0112713
0.0113713
0.0112857
0.0110346
0.0106684
0.0102141
0.00972147
0.00925561
0.00888823
0.00868553
0.00867462
0.00876744
0.00894622
0.0093664
0.0100429
0.0109111
0.0118911
0.0129152
0.0139379
0.0149327
0.0158856
0.0167904
0.0176448
0.018449
0.0192048
0.0199139
0.0205786
0.0212006
0.0217814
0.0223219
0.0228227
0.0232841
0.0237059
0.0240876
0.0244289
0.0247288
0.0249866
0.0252012
0.0253716
0.0254967
0.0255751
0.0256059
0.0255853
0.0255126
0.0253858
0.0252023
0.0249596
0.0246549
0.0242848
0.0238455
0.0233324
0.0227401
0.0220631
0.0212953
0.020431
0.0194646
0.0183919
0.0172101
0.0159222
0.0145519
0.0132082
0.0123719
0.0131403
0.0133311
0.0086061
0.00498688
0.00436246
0.00469259
0.00535897
0.00611455
0.00686433
0.00756763
0.00820391
0.00876045
0.00922886
0.00960395
0.00988267
0.0100631
0.0101444
0.0101249
0.0100122
0.00981124
0.00952923
0.00917744
0.00877339
0.00834461
0.00793415
0.00760387
0.00741692
0.00736701
0.00723286
0.00628805
0.000500015
0.00771354
0.0159431
0.013032
0.0113802
0.0104394
0.00992744
0.00961822
0.00939828
0.00920538
0.00901269
0.00887081
0.00880588
0.00885365
0.00906451
0.00944589
0.00991992
0.0103671
0.0106622
0.0107682
0.0108875
0.0111334
0.0115375
0.0120887
0.0127524
0.0134872
0.014257
0.0150352
0.0158041
0.0165523
0.0172734
0.0179634
0.0186207
0.0192444
0.0198342
0.02039
0.0209118
0.0213991
0.0218514
0.0222682
0.0226486
0.0229917
0.0232965
0.0235623
0.0237878
0.0239723
0.0241148
0.024214
0.0242692
0.0242787
0.0242399
0.0241522
0.0240143
0.0238247
0.0235821
0.0232853
0.0229327
0.0225223
0.0220518
0.0215184
0.0209185
0.0202485
0.019505
0.0186851
0.0177886
0.0168209
0.0157999
0.014778
0.0139195
0.0137833
0.0153238
0.0159149
0.011192
0.00640617
0.00510696
0.00498151
0.00534036
0.00589378
0.00649798
0.00708356
0.00761656
0.00807948
0.00846359
0.00876554
0.00898496
0.00912279
0.00918094
0.00916152
0.00907373
0.00892519
0.00872858
0.00850204
0.00827115
0.00807102
0.0079465
0.00794463
0.00808846
0.00832
0.00837621
0.00739907
0.00204657
0.00839735
0.0179023
0.0145575
0.0123034
0.0107012
0.00949166
0.0085198
0.00775709
0.00722003
0.00693532
0.00699649
0.00736708
0.00804151
0.00903336
0.0102122
0.0113147
0.0121
0.0124505
0.0125644
0.0126069
0.0126768
0.0128317
0.0130948
0.0134623
0.0139155
0.0144301
0.0149836
0.0155573
0.0161372
0.0167132
0.0172781
0.0178269
0.018356
0.0188629
0.0193455
0.0198019
0.0202304
0.0206296
0.0209977
0.0213333
0.0216351
0.0219016
0.022132
0.0223251
0.0224801
0.0225963
0.0226728
0.0227093
0.0227032
0.0226532
0.0225591
0.0224199
0.022235
0.0220041
0.0217271
0.021404
0.0210346
0.0206186
0.0201554
0.0196442
0.0190842
0.018475
0.017818
0.0171182
0.016389
0.0156608
0.0150051
0.0146199
0.0151025
0.0172401
0.0180291
0.013276
0.00797369
0.0061047
0.00568309
0.00574826
0.00604483
0.00643179
0.00683179
0.00720412
0.00752788
0.00779326
0.00799713
0.00813981
0.00822303
0.00825008
0.00822622
0.00816184
0.00806686
0.00795761
0.00785596
0.00779029
0.00779509
0.00790756
0.00815812
0.00854987
0.00901754
0.00932195
0.00869056
0.00358156
0.0089656
0.0194631
0.0157921
0.0131101
0.0110359
0.00927808
0.00771101
0.00638784
0.00546884
0.00514696
0.0055702
0.0065037
0.00781643
0.00952529
0.011324
0.0128006
0.0136646
0.0140548
0.0141461
0.0140809
0.0139709
0.0138938
0.0138946
0.0139907
0.0141798
0.014449
0.0147811
0.0151588
0.015567
0.0159932
0.0164278
0.0168631
0.0172931
0.017713
0.0181189
0.0185074
0.0188752
0.0192196
0.0195381
0.0198284
0.0200884
0.0203166
0.0205117
0.0206727
0.020799
0.0208901
0.0209457
0.0209662
0.0209484
0.0208932
0.0207999
0.0206682
0.0204982
0.0202906
0.0200463
0.0197666
0.0194529
0.019107
0.0187303
0.0183249
0.0178926
0.0174365
0.0169615
0.0164768
0.0160009
0.015571
0.01527
0.0153205
0.0163489
0.0189672
0.0197951
0.0149359
0.00943108
0.00715909
0.00656562
0.00641525
0.00647315
0.00662522
0.00680705
0.00698342
0.00713582
0.00725567
0.00734056
0.00739136
0.00741033
0.00740186
0.0073739
0.00733734
0.00730351
0.00729004
0.00731846
0.0074137
0.0076021
0.00790768
0.00834629
0.0089145
0.00956266
0.0101107
0.0098676
0.00479439
0.00946764
0.0206972
0.0167642
0.0137604
0.0113505
0.00918978
0.00714485
0.00529976
0.00397202
0.00372552
0.00472789
0.00624299
0.00807787
0.0103692
0.0125777
0.014148
0.01507
0.0154662
0.0154899
0.0152938
0.0150039
0.0147125
0.0144781
0.0143315
0.0142818
0.0143248
0.0144486
0.0146382
0.0148791
0.015158
0.0154636
0.0157865
0.0161188
0.0164538
0.0167859
0.0171097
0.0174207
0.0177147
0.0179878
0.0182367
0.0184586
0.0186514
0.0188135
0.0189439
0.0190422
0.0191084
0.0191431
0.0191475
0.019119
0.0190605
0.0189713
0.0188517
0.0187027
0.0185258
0.0183228
0.0180963
0.0178493
0.0175854
0.0173087
0.0170234
0.0167345
0.0164473
0.016169
0.0159105
0.0156917
0.0155519
0.0155812
0.0160278
0.0175494
0.0205626
0.0212817
0.0162267
0.010663
0.00820824
0.00749634
0.0072016
0.00706702
0.00700447
0.00696902
0.00693839
0.00690242
0.00685792
0.00680614
0.00675051
0.00669514
0.0066463
0.00661469
0.00661301
0.00665206
0.00674731
0.00691481
0.00717005
0.00752612
0.00799212
0.00857224
0.00926286
0.0100383
0.0107938
0.0108949
0.00581423
0.00991964
0.0216613
0.0175069
0.0142471
0.0115945
0.00914948
0.0067549
0.00447361
0.00271718
0.00275104
0.00450596
0.00644641
0.00868016
0.0114154
0.0137167
0.0153702
0.0163158
0.0166632
0.0165825
0.0162412
0.0157777
0.0152933
0.0148543
0.0144983
0.0142412
0.0140845
0.0140209
0.0140386
0.0141248
0.0142668
0.0144529
0.0146729
0.0149176
0.0151785
0.0154481
0.0157193
0.0159854
0.0162404
0.0164788
0.0166958
0.0168876
0.0170511
0.0171843
0.0172861
0.0173563
0.0173958
0.0174059
0.0173893
0.0173449
0.0172783
0.0171892
0.017079
0.0169498
0.0168037
0.0166437
0.0164733
0.0162973
0.0161213
0.0159515
0.015795
0.0156586
0.0155491
0.015474
0.0154431
0.0154744
0.0156065
0.0159374
0.0167478
0.0187301
0.0220653
0.0225229
0.0171918
0.0116704
0.00919017
0.00841397
0.00802309
0.00773934
0.00749451
0.00726071
0.00702914
0.00680027
0.00657946
0.00637516
0.00619715
0.006055
0.00595973
0.00592682
0.00597004
0.00609669
0.00631504
0.00663007
0.00704344
0.00755354
0.00815635
0.00884756
0.00962439
0.01048
0.0113836
0.0117528
0.00666027
0.0103155
0.0224049
0.0180556
0.01458
0.011747
0.00910483
0.00647277
0.0038662
0.00166999
0.00233036
0.00476604
0.00693259
0.00952336
0.0123435
0.0147834
0.0164744
0.017379
0.0176312
0.0174209
0.0169304
0.016307
0.0156563
0.015047
0.0145186
0.0140896
0.0137652
0.0135417
0.0134114
0.0133641
0.013389
0.0134754
0.0136125
0.0137899
0.0139975
0.0142253
0.0144637
0.0147036
0.0149366
0.0151552
0.0153529
0.0155245
0.015666
0.015775
0.0158501
0.0158916
0.0159008
0.0158806
0.0158346
0.0157644
0.0156785
0.0155782
0.0154664
0.0153467
0.0152225
0.0150977
0.0149774
0.0148681
0.0147774
0.014714
0.0146868
0.0147041
0.0147726
0.0148977
0.0150858
0.0153511
0.015731
0.0163355
0.0174887
0.0199162
0.0235006
0.0235306
0.0178643
0.0124734
0.0100818
0.00929144
0.00883415
0.0084331
0.00803538
0.00762604
0.00720726
0.00678928
0.00638678
0.00601788
0.00570271
0.0054614
0.0053142
0.00528507
0.00538705
0.00561795
0.00597224
0.00643871
0.0070036
0.00765275
0.00837303
0.00915492
0.0099961
0.0108969
0.0118882
0.0124416
0.00734729
0.0106573
0.0229724
0.0184456
0.0147785
0.0118048
0.00902577
0.00624329
0.00344166
0.000854176
0.00261398
0.00527438
0.00750614
0.0102672
0.0132705
0.0157743
0.0174338
0.0182437
0.0183664
0.0180134
0.0173799
0.016618
0.0158328
0.0150903
0.014428
0.0138649
0.0134082
0.0130582
0.0128113
0.0126609
0.012599
0.0126155
0.0126993
0.0128384
0.0130198
0.0132306
0.0134582
0.0136907
0.0139172
0.0141284
0.0143164
0.014475
0.0145995
0.0146871
0.0147364
0.014748
0.0147239
0.0146681
0.0145849
0.0144792
0.0143613
0.0142353
0.0141063
0.0139801
0.0138619
0.0137577
0.0136742
0.0136201
0.0136052
0.0136403
0.0137357
0.0138999
0.014138
0.0144514
0.0148415
0.0153179
0.0159191
0.0167742
0.0182622
0.0211317
0.0248788
0.0242982
0.0182744
0.0131022
0.0108829
0.0101169
0.00961054
0.00911308
0.00858415
0.00801875
0.00742749
0.00682857
0.00624515
0.00570545
0.00524246
0.0048921
0.00469161
0.00467833
0.00485626
0.00520836
0.00570711
0.00632195
0.00702553
0.00779563
0.00861443
0.00947008
0.0103611
0.0112846
0.0123156
0.012976
0.00789372
0.0109492
0.0234025
0.01871
0.0148653
0.0117758
0.00889925
0.00604064
0.00315445
0.000176595
0.00322802
0.0056752
0.00803615
0.011022
0.0141533
0.0166601
0.0182313
0.0189041
0.0188753
0.0183785
0.0176185
0.0167463
0.0158614
0.0150232
0.0142654
0.0136062
0.0130551
0.0126166
0.0122913
0.0120763
0.0119652
0.0119481
0.0120122
0.0121421
0.0123218
0.0125347
0.0127653
0.0129994
0.0132249
0.0134313
0.0136104
0.0137558
0.013863
0.013929
0.0139526
0.0139346
0.0138771
0.0137853
0.0136608
0.0135174
0.0133612
0.0131993
0.0130402
0.0128926
0.0127646
0.012665
0.0126032
0.01259
0.0126378
0.0127589
0.0129648
0.0132629
0.013655
0.0141377
0.0147066
0.0153678
0.0161649
0.0172552
0.0190831
0.0223973
0.0261929
0.0248074
0.0184546
0.0135923
0.0116038
0.010886
0.0103393
0.00975757
0.0091114
0.00840402
0.00765303
0.00688326
0.00612514
0.00541601
0.00480225
0.00433972
0.00408906
0.0041081
0.00438385
0.00487204
0.00551677
0.0062692
0.00709306
0.00796324
0.00886089
0.00977356
0.0107018
0.0116338
0.0126713
0.013375
0.00831978
0.0112
0.0237283
0.0188785
0.014864
0.0116736
0.00873236
0.0057624
0.00277836
0.000930324
0.0036702
0.00607025
0.00854149
0.011748
0.0149708
0.017424
0.0188573
0.0193625
0.0191738
0.0185445
0.0176828
0.0167329
0.0157834
0.0148854
0.0140683
0.0133503
0.012744
0.0122579
0.0118961
0.0116579
0.0115364
0.0115195
0.0115906
0.0117305
0.0119195
0.0121384
0.0123701
0.0125998
0.0128156
0.0130077
0.013169
0.0132938
0.0133783
0.0134202
0.0134183
0.0133733
0.0132873
0.0131654
0.0130089
0.0128313
0.0126385
0.0124402
0.0122476
0.0120727
0.0119271
0.0118226
0.0117719
0.0117885
0.011887
0.0120814
0.0123832
0.0127981
0.013324
0.0139523
0.0146736
0.0154927
0.016464
0.0177832
0.0199687
0.0237286
0.027413
0.0250374
0.0184434
0.0139808
0.0122596
0.0115975
0.0110132
0.010353
0.00959742
0.00875725
0.00785666
0.00692685
0.00600475
0.00513521
0.00437626
0.00380542
0.0035155
0.00358909
0.00398483
0.00461761
0.00540103
0.00627352
0.00719569
0.00814387
0.00910052
0.0100533
0.0110059
0.0119366
0.0129596
0.0136574
0.008647
0.0114219
0.0239772
0.0189769
0.0147971
0.0115177
0.00846129
0.00545466
0.00248785
0.0014891
0.00408652
0.00637661
0.00900202
0.0124405
0.0157081
0.0180525
0.0193084
0.0196294
0.0192864
0.0185468
0.0176145
0.0166203
0.0156392
0.0147138
0.0138706
0.0131294
0.0125063
0.0120129
0.0116548
0.0114299
0.0113282
0.0113327
0.0114224
0.0115744
0.0117665
0.011979
0.0121952
0.012402
0.0125893
0.0127496
0.0128778
0.0129701
0.0130239
0.0130378
0.0130109
0.0129434
0.0128369
0.0126958
0.0125197
0.0123196
0.0121026
0.0118793
0.011663
0.011468
0.011309
0.0112013
0.0111607
0.0112033
0.0113458
0.0116032
0.0119868
0.0125002
0.0131375
0.0138856
0.0147321
0.0156843
0.0168139
0.0183666
0.0209382
0.0251344
0.0284857
0.0249728
0.0182863
0.0143032
0.0128645
0.0122506
0.011628
0.0108909
0.0100296
0.00906221
0.00802002
0.00694116
0.00586921
0.00485524
0.00396547
0.00329758
0.00298689
0.00314074
0.00367518
0.00445103
0.0053573
0.00632813
0.00732543
0.00832979
0.00932627
0.0103026
0.0112665
0.0121886
0.0131849
0.01384
0.0089002
0.0116263
0.0241716
0.0190266
0.014684
0.0112832
0.00815795
0.00513074
0.00222976
0.00191383
0.00440196
0.00658371
0.00943568
0.0130979
0.0163511
0.0185359
0.0195881
0.0197236
0.0192452
0.0184256
0.0174562
0.0164489
0.0154649
0.01454
0.0137006
0.0129689
0.0123639
0.0118978
0.0115745
0.0113871
0.0113198
0.0113503
0.0114535
0.0116045
0.0117811
0.0119649
0.0121419
0.0123018
0.0124379
0.012546
0.0126238
0.01267
0.012684
0.0126652
0.0126132
0.0125279
0.0124101
0.0122624
0.0120805
0.0118752
0.0116536
0.011426
0.0112058
0.0110089
0.0108525
0.0107545
0.0107332
0.0108071
0.0109937
0.0113086
0.0117621
0.0123562
0.0130823
0.0139247
0.0148708
0.0159349
0.0172144
0.0190168
0.0220144
0.0266056
0.0292913
0.0246859
0.0180239
0.0145787
0.0134324
0.0128448
0.0121813
0.0113666
0.0104008
0.0093096
0.0081324
0.00691556
0.0057104
0.00457365
0.00357557
0.00282886
0.00252081
0.00278309
0.00346561
0.00437177
0.00537899
0.0064251
0.00747518
0.00851512
0.0095334
0.0105175
0.0114794
0.0123866
0.013353
0.0139368
0.00910705
0.0118215
0.0243294
0.019045
0.0145416
0.0109948
0.00782838
0.00478782
0.00198697
0.00224226
0.00460539
0.00670494
0.00986688
0.0137133
0.0168854
0.0188698
0.0197074
0.0196715
0.0190875
0.0182227
0.0172477
0.0162539
0.0152904
0.0143899
0.0135802
0.0128859
0.0123265
0.011912
0.0116408
0.0114994
0.0114656
0.0115127
0.0116134
0.011743
0.0118809
0.0120116
0.0121247
0.0122139
0.0122765
0.0123124
0.0123226
0.012309
0.012273
0.0122158
0.0121377
0.012038
0.0119174
0.0117717
0.0116017
0.0114124
0.0112098
0.0110026
0.0108041
0.0106304
0.0105001
0.0104328
0.0104483
0.0105659
0.0108031
0.0111746
0.0116895
0.0123485
0.0131421
0.0140549
0.015078
0.0162381
0.0176678
0.0197468
0.0232193
0.0281307
0.029722
0.0241654
0.0177515
0.0148525
0.0139572
0.0133801
0.0126721
0.0117784
0.0107082
0.00949584
0.00818962
0.00684604
0.00552595
0.00429192
0.00321397
0.00241251
0.00213527
0.00253157
0.00335817
0.00437303
0.0054567
0.00655572
0.00763817
0.00869487
0.00971818
0.0106954
0.0116415
0.0125255
0.0134611
0.0139728
0.00927101
0.012013
0.0244641
0.0190456
0.0143701
0.0106896
0.00748216
0.00443469
0.00175636
0.00248695
0.00468498
0.00676758
0.0103131
0.0142714
0.0172977
0.0190558
0.0196851
0.0195057
0.0188528
0.0179772
0.0170233
0.0160636
0.0151393
0.0142828
0.0135238
0.0128875
0.0123911
0.0120394
0.0118238
0.0117239
0.0117123
0.0117598
0.0118387
0.0119257
0.0120028
0.0120581
0.0120852
0.0120824
0.0120516
0.0119968
0.0119232
0.0118359
0.0117394
0.0116367
0.0115295
0.0114173
0.0113007
0.0111708
0.0110282
0.010875
0.0107147
0.0105542
0.010405
0.0102826
0.0102055
0.010194
0.0102681
0.0104465
0.010745
0.0111758
0.0117463
0.0124565
0.0132986
0.0142608
0.015342
0.0165882
0.0181783
0.0205773
0.0246676
0.0294968
0.0297818
0.0234639
0.017493
0.0151447
0.0144327
0.0138568
0.0131006
0.0121266
0.0109527
0.00962186
0.0081928
0.00673405
0.00531808
0.0040135
0.00288589
0.00205652
0.00184363
0.00239263
0.00334644
0.0044444
0.00558034
0.00671156
0.00780822
0.00886494
0.00987808
0.0108346
0.0117516
0.012604
0.0134899
0.0139472
0.00941811
0.0121898
0.0245863
0.0190376
0.0141822
0.0103783
0.00713163
0.00408138
0.00153819
0.00265158
0.00463187
0.00681261
0.010775
0.0147505
0.0175784
0.0191031
0.0195472
0.0192624
0.0185794
0.0177226
0.0168101
0.0158998
0.0150291
0.0142316
0.0135378
0.0129711
0.0125442
0.0122552
0.0120885
0.0120181
0.0120136
0.0120444
0.0120836
0.0121095
0.0121073
0.0120686
0.0119915
0.0118789
0.0117376
0.0115761
0.0114039
0.0112297
0.0110613
0.0109045
0.010763
0.0106375
0.0105293
0.0104257
0.0103259
0.010229
0.0101351
0.0100478
0.00997589
0.00993314
0.0099371
0.0100074
0.0101631
0.0104206
0.0107924
0.011287
0.011909
0.0126591
0.0135333
0.0145268
0.0156516
0.0169808
0.0187511
0.0215439
0.0263313
0.0305585
0.0294992
0.0226608
0.0172772
0.0154421
0.0148581
0.014275
0.0134677
0.0124133
0.0111372
0.00969169
0.00814683
0.00658494
0.00509161
0.00374079
0.00258966
0.00175886
0.00165231
0.00236213
0.00341881
0.0045751
0.00574149
0.00688564
0.00798176
0.00902405
0.0100128
0.010934
0.0118026
0.0126143
0.0134359
0.013842
0.00952522
0.012348
0.0247038
0.0190289
0.0139907
0.0100704
0.00678807
0.00373606
0.00133545
0.00273508
0.0044424
0.00688795
0.0112333
0.0151277
0.0177245
0.0190285
0.0193245
0.0189778
0.0183003
0.0174854
0.0166282
0.0157778
0.0149711
0.0142423
0.013621
0.013127
0.0127668
0.0125327
0.0124034
0.0123487
0.0123364
0.0123357
0.0123202
0.0122705
0.0121745
0.0120278
0.0118327
0.0115973
0.011333
0.0110528
0.0107701
0.0104971
0.0102451
0.0100234
0.00983904
0.00969558
0.00959646
0.00952715
0.00948424
0.009463
0.00945875
0.00947047
0.00950296
0.00956696
0.00967804
0.00985422
0.0101126
0.0104662
0.0109227
0.0114852
0.0121556
0.0129356
0.0138275
0.0148377
0.0159961
0.0174116
0.0193951
0.0228413
0.0279471
0.0312687
0.0289208
0.0218139
0.017125
0.0157303
0.0152324
0.0146342
0.0137742
0.0126403
0.0112654
0.00971057
0.00805818
0.00640524
0.00485056
0.00347112
0.00231308
0.00150604
0.00156106
0.0024284
0.00356295
0.00475539
0.00593605
0.00707616
0.00815947
0.00916878
0.0101118
0.0109866
0.0117981
0.0125509
0.0132917
0.013647
0.00945958
0.0122904
0.0248228
0.0190256
0.0138054
0.00977495
0.00646069
0.00340588
0.00115213
0.00273207
0.0041243
0.00703329
0.0116525
0.0153837
0.0177415
0.0188557
0.0190502
0.0186854
0.0180424
0.0172846
0.0164909
0.0157069
0.01497
0.0143142
0.0137659
0.0133411
0.0130397
0.0128495
0.0127448
0.0126929
0.0126605
0.0126164
0.0125351
0.0123994
0.0122
0.0119365
0.0116159
0.011251
0.0108578
0.010453
0.0100527
0.00967183
0.00932468
0.0090247
0.00878424
0.00861252
0.00851744
0.0084868
0.0085125
0.00858474
0.0086922
0.00882709
0.0089886
0.00918334
0.00942408
0.00972654
0.010105
0.0105682
0.0111176
0.0117506
0.0124654
0.013266
0.0141634
0.0151789
0.0163665
0.0178803
0.0201998
0.0243867
0.0293874
0.0316229
0.0280975
0.0209829
0.0170324
0.0159955
0.0155518
0.0149326
0.0140195
0.0128088
0.01134
0.00968299
0.0079322
0.00619921
0.00459439
0.00319463
0.00203464
0.00128115
0.0015671
0.00257856
0.00376993
0.00497988
0.00616603
0.00727601
0.00832131
0.00929326
0.0101869
0.0110005
0.011739
0.0124112
0.0130519
0.0133641
0.00944956
0.0120548
0.0249479
0.0190323
0.013634
0.00949911
0.0061573
0.00309784
0.000987068
0.00263303
0.00370823
0.00725938
0.0119912
0.0155076
0.0176422
0.0186129
0.0187565
0.0184115
0.017824
0.0171325
0.0164067
0.0156918
0.0150263
0.0144426
0.0139628
0.0135996
0.0133469
0.0131892
0.0130977
0.0130378
0.0129758
0.0128799
0.0127255
0.012498
0.0121912
0.0118089
0.0113629
0.0108707
0.0103518
0.00982503
0.00930703
0.00881329
0.00835989
0.00796482
0.00764836
0.00742988
0.00732619
0.00733343
0.00743643
0.00761825
0.00785771
0.00813729
0.00844864
0.00879341
0.00918111
0.0096248
0.0101355
0.0107168
0.0113635
0.0120661
0.0128196
0.0136314
0.0145239
0.0155373
0.0167557
0.0183966
0.0213009
0.0259932
0.0305776
0.0316318
0.0270889
0.0202089
0.0169853
0.0162238
0.0158112
0.0151666
0.0142013
0.0129181
0.011362
0.00961109
0.00777103
0.00596628
0.00431602
0.00289474
0.00172783
0.00108434
0.00166932
0.00280386
0.00403781
0.00524876
0.00639409
0.0074776
0.00848532
0.00940709
0.0102382
0.0109773
0.0116286
0.0122014
0.0127236
0.0129916
0.00944147
0.0117137
0.0250827
0.0190525
0.0134819
0.00924979
0.00588507
0.00282132
0.000821367
0.00241318
0.00325519
0.00753088
0.0122128
0.0154989
0.0174499
0.0183317
0.0184726
0.0181775
0.0176576
0.0170364
0.0163798
0.0157343
0.0151383
0.0146223
0.0142032
0.0138918
0.0136778
0.0135422
0.0134542
0.013378
0.0132796
0.0131269
0.0128964
0.0125766
0.0121649
0.0116694
0.0111073
0.0105001
0.00986963
0.00923381
0.00860668
0.00800063
0.00743104
0.00691957
0.00649777
0.00620215
0.00606702
0.00610552
0.00629254
0.00659968
0.00699011
0.00743246
0.00790925
0.00841702
0.00896232
0.00955567
0.0102045
0.0109068
0.0116498
0.0124171
0.0132008
0.0140138
0.0148927
0.0158993
0.0171572
0.0190953
0.0226027
0.0275539
0.0314705
0.0313255
0.0259561
0.019517
0.0169623
0.0164032
0.0160045
0.0153315
0.014316
0.0129657
0.0113303
0.00949449
0.00757341
0.00570196
0.00400517
0.00255525
0.00136953
0.00095067
0.00186997
0.00310658
0.00434099
0.00552312
0.00664596
0.00769203
0.00864994
0.00951061
0.0102685
0.010922
0.0114739
0.0119329
0.0123227
0.0125353
0.00942316
0.0113265
0.0252295
0.0190889
0.0133473
0.0090436
0.00565351
0.00259308
0.000612428
0.00202634
0.00287833
0.00777188
0.012297
0.0153722
0.0171936
0.0180427
0.0182191
0.0179945
0.0175514
0.0170009
0.0164114
0.0158314
0.015299
0.014843
0.0144794
0.0142114
0.0140264
0.0139037
0.0138118
0.0137133
0.0135746
0.0133637
0.0130584
0.0126514
0.0121436
0.0115486
0.0108887
0.0101889
0.00947105
0.00874918
0.00803048
0.00731993
0.00662786
0.00597563
0.00540772
0.00498669
0.00478163
0.00483933
0.00511967
0.00557198
0.00613288
0.00675225
0.00740352
0.00807967
0.00878555
0.0095297
0.0103158
0.0111356
0.0119678
0.0127898
0.0135923
0.0143949
0.0152518
0.0162598
0.017636
0.0199631
0.0240389
0.0289778
0.0320507
0.0307438
0.0247583
0.0189145
0.0169416
0.0165236
0.0161255
0.015422
0.014359
0.0129481
0.0112425
0.00933123
0.00733668
0.0054018
0.00365595
0.00216806
0.000939498
0.000973434
0.00218013
0.00344308
0.00466601
0.00583076
0.00691897
0.00791782
0.00881661
0.00960655
0.0102817
0.01084
0.0112832
0.0116187
0.0118679
0.0120048
0.00937038
0.0109351
0.0253899
0.0191428
0.0132336
0.00888553
0.0054747
0.00243999
0.000307027
0.00153477
0.00285319
0.00792868
0.0122495
0.0151551
0.0168979
0.0177626
0.0180112
0.0178692
0.0175031
0.0170225
0.0164983
0.0159802
0.015506
0.0151023
0.0147832
0.0145492
0.0143869
0.0142718
0.014171
0.0140468
0.0138669
0.0136006
0.0132258
0.0127414
0.0121523
0.0114776
0.0107449
0.00998163
0.00920724
0.0084291
0.00764428
0.00684673
0.0060368
0.00522612
0.00446555
0.00384578
0.0034999
0.00355645
0.00395215
0.00458282
0.00533673
0.00614242
0.006969
0.0078101
0.00867115
0.00955941
0.0104748
0.0114016
0.012309
0.0131691
0.013975
0.0147588
0.0156037
0.0166349
0.0181936
0.0210061
0.0255219
0.0302005
0.0323223
0.0299317
0.0235492
0.0183952
0.0169035
0.0165773
0.0161693
0.0154335
0.0143262
0.012862
0.0110957
0.00911915
0.00705934
0.00506679
0.00327459
0.00173935
0.000429112
0.00123059
0.00254088
0.00381717
0.00503215
0.00616836
0.00721342
0.0081564
0.00898732
0.00969772
0.0102817
0.0107367
0.0110642
0.0112703
0.0113753
0.0114113
0.00925353
0.010572
0.0255645
0.0192153
0.0131465
0.00877232
0.00537527
0.00240117
0.000189956
0.00130584
0.00310031
0.00806849
0.0120929
0.0148647
0.0165958
0.0175182
0.017853
0.017799
0.0175119
0.0171008
0.016639
0.0161782
0.0157559
0.0153975
0.0151151
0.0149072
0.0147588
0.0146444
0.0145311
0.0143822
0.0141641
0.0138486
0.0134138
0.0128655
0.0122132
0.0114821
0.010704
0.00990742
0.00910829
0.00830571
0.0074859
0.00663119
0.00572925
0.00477072
0.00379531
0.00288952
0.00225938
0.00225742
0.00282226
0.00369252
0.00466396
0.00565571
0.00664691
0.00763901
0.0086405
0.00965729
0.0106842
0.0116984
0.0126609
0.013545
0.014345
0.0150995
0.0159292
0.0170259
0.0188598
0.0221917
0.0269654
0.0311852
0.0323055
0.0289364
0.022374
0.0179444
0.0168326
0.0165591
0.0161321
0.0153625
0.0142145
0.0127045
0.0108876
0.00885626
0.00674164
0.00470588
0.0028832
0.00129458
0.000214123
0.00161713
0.00296508
0.00424354
0.00543787
0.00653688
0.00753061
0.00840945
0.00916418
0.00978683
0.0102718
0.0106167
0.0108228
0.010896
0.0108565
0.0107672
0.00904624
0.0102643
0.025753
0.0193067
0.01309
0.00870118
0.00534435
0.00250005
0.000990821
0.00154966
0.00348293
0.00810524
0.0118721
0.0145592
0.0163129
0.0173127
0.0177438
0.0177825
0.0175757
0.0172328
0.0168303
0.0164216
0.0160447
0.0157244
0.0154716
0.0152834
0.0151438
0.0150265
0.0148983
0.0147236
0.0144697
0.0141111
0.0136334
0.0130379
0.0123426
0.0115779
0.0107795
0.00997604
0.00917952
0.00838193
0.00756107
0.00669056
0.00574654
0.00469788
0.00357022
0.00238607
0.00124828
0.000929589
0.00186484
0.00304198
0.00421426
0.0053584
0.00648132
0.00759527
0.00871123
0.0098319
0.0109531
0.0120404
0.0130256
0.0138978
0.0146672
0.0153943
0.016231
0.017453
0.0196461
0.0234606
0.0283039
0.0319194
0.0320296
0.0278056
0.0212673
0.0175444
0.0167178
0.0164662
0.0160121
0.0152074
0.0140225
0.0124741
0.0106159
0.00854031
0.00638604
0.00432631
0.00250968
0.000974283
0.000762629
0.00211428
0.0034584
0.00472119
0.00588448
0.00693767
0.00787195
0.00867859
0.00934912
0.00987618
0.0102548
0.0104831
0.0105626
0.0105
0.0103157
0.0100763
0.00872608
0.0100297
0.0259538
0.0194151
0.013065
0.00867741
0.00538695
0.00281224
0.00190783
0.00192127
0.00381826
0.00805209
0.0116115
0.0142513
0.0160519
0.0171439
0.0176794
0.0178149
0.0176897
0.0174137
0.0170668
0.0167051
0.0163678
0.0160792
0.0158498
0.015676
0.0155414
0.0154195
0.0152775
0.0150808
0.0147982
0.0144063
0.0138938
0.0132663
0.0125458
0.0117666
0.0109668
0.0101749
0.00939993
0.00862911
0.00783529
0.00698758
0.0060603
0.00503785
0.00391428
0.00270867
0.00147584
0.000613305
0.0016069
0.0028692
0.00411306
0.0053301
0.00653042
0.00772508
0.00892025
0.0101107
0.0112791
0.0123827
0.0133583
0.0141989
0.0149306
0.0156396
0.0165177
0.0179321
0.0205387
0.0247508
0.0294936
0.0324079
0.031531
0.0265878
0.0202527
0.017178
0.0165527
0.0162981
0.0158095
0.0149685
0.01375
0.0121697
0.0102767
0.00816325
0.00597821
0.00396299
0.00225691
0.000969512
0.00138655
0.00269423
0.00401561
0.00525041
0.00637297
0.00737177
0.00823847
0.00896499
0.00954351
0.00996742
0.0102325
0.0103377
0.0102855
0.010083
0.0097521
0.00936148
0.0082608
0.00987208
0.0261635
0.0195371
0.0130688
0.0086976
0.00551431
0.00334277
0.00277327
0.0022281
0.00400238
0.00791114
0.011317
0.0139413
0.0158075
0.0170033
0.0176507
0.0178875
0.0178456
0.0176358
0.0173416
0.0170226
0.0167194
0.0164571
0.0162462
0.0160829
0.0159509
0.0158242
0.0156707
0.0154572
0.0151539
0.0147395
0.0142056
0.0135602
0.012828
0.0120465
0.0112561
0.0104866
0.00974669
0.00902258
0.00828536
0.00750301
0.00664998
0.00571375
0.00470409
0.00366891
0.00273174
0.00217705
0.00249076
0.00336921
0.00446009
0.00562368
0.00681821
0.00803024
0.00924989
0.0104592
0.0116275
0.0127063
0.0136413
0.0144339
0.0151271
0.0158357
0.0167993
0.0184712
0.0215076
0.0260057
0.030511
0.0326682
0.0308499
0.0253312
0.0193436
0.0168305
0.0163342
0.0160558
0.0155257
0.0146471
0.0133979
0.0117898
0.00985984
0.00769917
0.00556734
0.00367586
0.0021239
0.00130179
0.00205526
0.00334063
0.00463318
0.00583055
0.0069032
0.00783908
0.00863013
0.00926874
0.0097477
0.0100612
0.0102059
0.0101817
0.00999184
0.00964459
0.00916296
0.00861809
0.00764193
0.00978621
0.0263773
0.0196673
0.0130949
0.00875425
0.00572525
0.00401334
0.00355814
0.0025225
0.00403348
0.00767975
0.0109805
0.0136165
0.0155645
0.0168751
0.0176426
0.0179866
0.0180316
0.0178887
0.0176455
0.0173657
0.0170925
0.0168524
0.0166562
0.0165008
0.0163705
0.0162403
0.0160791
0.015855
0.0155398
0.0151136
0.0145696
0.0139173
0.0131827
0.0124054
0.011628
0.0108836
0.0101838
0.00951673
0.00885427
0.00816493
0.0074249
0.00662627
0.00578565
0.00495613
0.00424191
0.00380907
0.00385956
0.00439143
0.00522855
0.00623879
0.00734462
0.00850337
0.00968403
0.0108535
0.0119706
0.0129852
0.0138546
0.0145899
0.0152523
0.0159869
0.017086
0.0190674
0.0225123
0.0271824
0.0313495
0.0327265
0.0300302
0.0240833
0.0185441
0.0164904
0.0160615
0.0157413
0.0151629
0.014245
0.0129665
0.0113294
0.00934071
0.00719013
0.00518387
0.00343728
0.00212229
0.00183194
0.00276799
0.00404679
0.0053077
0.00645931
0.00747313
0.00833758
0.00904496
0.0095881
0.00996038
0.0101568
0.0101747
0.010015
0.00968158
0.00918326
0.00854409
0.007837
0.00686179
0.00977272
0.0265893
0.0197991
0.0131345
0.00883573
0.0060043
0.00473644
0.00426981
0.00281478
0.00393146
0.00735111
0.0105842
0.013255
0.0152995
0.0167365
0.017634
0.0180937
0.0182315
0.0181583
0.0179663
0.017724
0.0174782
0.0172573
0.0170735
0.0169248
0.0167967
0.0166653
0.0165011
0.0162736
0.0159555
0.015528
0.0149846
0.0143346
0.013604
0.0128329
0.0120666
0.0113428
0.0106792
0.0100689
0.00948666
0.00890166
0.00828986
0.007643
0.00697525
0.00632909
0.00577879
0.00542532
0.00536641
0.00567788
0.00628046
0.00709702
0.00805452
0.00909699
0.0101781
0.0112528
0.0122737
0.0131932
0.0139812
0.0146592
0.0153067
0.016101
0.0173846
0.0197062
0.0235118
0.0282514
0.0320147
0.0326156
0.0291183
0.0228891
0.0178512
0.0161486
0.0157348
0.0153566
0.0147228
0.0137631
0.0124548
0.0107772
0.00872297
0.00667608
0.00480632
0.00324689
0.00225975
0.00245085
0.0035315
0.00481038
0.00603489
0.00713203
0.00807792
0.00886239
0.00947821
0.00991865
0.0101777
0.0102511
0.0101372
0.00983709
0.00935493
0.00869917
0.00789331
0.00700937
0.00591965
0.00978842
0.0267927
0.0199248
0.013176
0.00892577
0.00632025
0.00545085
0.00493208
0.00312295
0.0037133
0.00691296
0.0101044
0.0128281
0.0149825
0.0165578
0.0175974
0.0181843
0.0184243
0.018427
0.0182888
0.0180844
0.017865
0.0176621
0.01749
0.0173482
0.0172237
0.0170945
0.0169328
0.0167092
0.0163976
0.0159791
0.0154466
0.0148075
0.0140861
0.0133216
0.0125609
0.0118474
0.0112073
0.0106421
0.0101318
0.00964677
0.00916054
0.00866023
0.00815192
0.00766343
0.00724391
0.00695717
0.00686168
0.00703545
0.00745208
0.00807608
0.00885567
0.00973831
0.0106735
0.0116115
0.0125042
0.01331
0.0140113
0.0146404
0.015296
0.0161873
0.0176971
0.0203658
0.0244693
0.029196
0.0325214
0.0323727
0.0281621
0.0217884
0.0172557
0.0157979
0.0153549
0.0149034
0.0142067
0.0132015
0.011861
0.0101168
0.00805498
0.00614073
0.0044315
0.00311518
0.00254857
0.00316735
0.00435996
0.00563012
0.00680826
0.00784072
0.00870912
0.00940488
0.00992131
0.0102522
0.0103923
0.0103383
0.010089
0.00964597
0.00901267
0.00819574
0.00721524
0.00613648
0.00488205
0.00985733
0.0269801
0.020036
0.0132057
0.00900353
0.00663144
0.00611755
0.00556851
0.00347441
0.00339783
0.00635019
0.0095131
0.0123023
0.0145777
0.0163034
0.017499
0.0182279
0.0185835
0.0186721
0.018594
0.0184305
0.0182389
0.0180547
0.017895
0.0177615
0.0176434
0.0175205
0.017367
0.0171551
0.0168592
0.0164602
0.015949
0.0153303
0.0146246
0.013868
0.0131074
0.012391
0.0117549
0.0112125
0.0107527
0.0103485
0.00997066
0.00959921
0.00922968
0.00887543
0.0085664
0.00834316
0.00824286
0.00832898
0.00860292
0.00905324
0.00964963
0.0103517
0.0111144
0.0118913
0.0126389
0.0133248
0.0139434
0.0145395
0.0152309
0.0162554
0.0180202
0.0210209
0.0253552
0.0300086
0.0328896
0.0320373
0.0272098
0.0208114
0.0167437
0.0154313
0.0149214
0.0143819
0.0136143
0.0125583
0.0111807
0.00934535
0.00735756
0.00557957
0.00406872
0.00307049
0.00304119
0.00399127
0.00525255
0.00649753
0.00761652
0.00857298
0.00935377
0.00995177
0.0103609
0.0105758
0.0105921
0.0104077
0.0100222
0.00943716
0.00865504
0.00767947
0.00652405
0.00523868
0.0037816
0.0100019
0.0271444
0.0201242
0.0132079
0.00904531
0.00689304
0.00670635
0.00619303
0.00389827
0.00302447
0.00564706
0.00877777
0.0116392
0.0140439
0.0159313
0.0172984
0.0181874
0.0186766
0.018866
0.0188585
0.0187423
0.0185824
0.0184197
0.018275
0.0181528
0.0180447
0.017933
0.0177938
0.0176012
0.0173303
0.0169613
0.016483
0.015896
0.0152155
0.0144722
0.0137101
0.0129796
0.012326
0.0117768
0.0113341
0.0109783
0.0106792
0.0104093
0.010153
0.00990968
0.0096936
0.00952842
0.00943706
0.00946656
0.00963127
0.00993237
0.0103561
0.0108764
0.0114592
0.0120674
0.0126672
0.0132373
0.0137852
0.0143691
0.0151253
0.0163142
0.0183471
0.0216473
0.0261468
0.0306868
0.0331406
0.0316489
0.0263063
0.0199749
0.0162965
0.015041
0.0144322
0.0137906
0.0129436
0.0118302
0.0104053
0.0084853
0.0066194
0.00500013
0.00374957
0.00318655
0.00372928
0.00490793
0.00619839
0.00739857
0.0084436
0.00931159
0.00999377
0.0104843
0.0107778
0.0108703
0.010759
0.010443
0.00992322
0.00920137
0.008279
0.00715683
0.00584108
0.00435842
0.00268361
0.0102413
0.027279
0.0201814
0.0131696
0.00902082
0.00706833
0.00718441
0.00680303
0.00442952
0.00263049
0.0047733
0.0078584
0.0107965
0.0133365
0.0153951
0.0169491
0.0180188
0.0186642
0.018975
0.0190538
0.0189958
0.0188746
0.0187387
0.0186135
0.0185071
0.0184139
0.0183188
0.0182004
0.0180346
0.0177975
0.0174692
0.017036
0.0164943
0.0158528
0.0151348
0.0143779
0.0136304
0.012943
0.0123564
0.0118904
0.0115388
0.0112764
0.0110711
0.0108965
0.0107385
0.0105967
0.0104809
0.0104031
0.0103955
0.0104766
0.0106537
0.0109243
0.0112755
0.0116862
0.0121321
0.0125922
0.0130589
0.0135535
0.0141483
0.0149967
0.0163726
0.0186702
0.022224
0.0268267
0.031229
0.0332931
0.0312434
0.0254884
0.0192788
0.0158909
0.0146163
0.0138818
0.0131249
0.0121902
0.0110132
0.00952023
0.00754959
0.00584241
0.00443382
0.00355137
0.00359575
0.004614
0.0059163
0.00718543
0.0083147
0.0092683
0.0100338
0.010605
0.0109771
0.0111463
0.01111
0.0108679
0.010421
0.00977151
0.00892213
0.0078744
0.0066282
0.0051865
0.00355558
0.00174269
0.0105881
0.0273791
0.0202021
0.0130626
0.0089078
0.00715576
0.0075165
0.00736989
0.00508419
0.00246053
0.00368722
0.00671658
0.00973412
0.0124112
0.0146463
0.0164001
0.017672
0.0185001
0.0189586
0.0191457
0.0191618
0.0190906
0.0189895
0.0188908
0.0188065
0.0187344
0.0186622
0.0185712
0.0184393
0.0182445
0.0179669
0.0175914
0.0171102
0.0165256
0.0158521
0.015118
0.0143644
0.0136411
0.0129971
0.0124691
0.0120711
0.0117917
0.0116021
0.0114689
0.0113652
0.0112759
0.0111976
0.0111325
0.0110998
0.0111173
0.0111942
0.0113355
0.0115384
0.0117951
0.012095
0.0124317
0.0128126
0.0132742
0.0139033
0.014867
0.0164408
0.0189832
0.0227341
0.0273797
0.0316303
0.0333579
0.0308477
0.0247789
0.018705
0.0154977
0.0141412
0.0132592
0.0123753
0.0113444
0.0100961
0.00848877
0.00656909
0.0050531
0.00396347
0.00362453
0.00437836
0.0056556
0.00697988
0.00818492
0.00921869
0.010063
0.0107106
0.0111567
0.0113981
0.0114329
0.0112615
0.0108862
0.0103105
0.00953852
0.00857425
0.00742091
0.00608132
0.00456453
0.00287102
0.00133633
0.011044
0.0274413
0.0201809
0.0128703
0.0087285
0.00712566
0.00765141
0.00781029
0.00587404
0.00280372
0.00240429
0.00533477
0.00842081
0.0112289
0.013638
0.0155988
0.0170919
0.018131
0.0187691
0.0190933
0.0192059
0.0192005
0.0191461
0.0190832
0.0190296
0.0189865
0.0189446
0.018888
0.0187972
0.0186524
0.0184346
0.0181283
0.017723
0.0172153
0.0166111
0.0159279
0.0151956
0.0144557
0.013757
0.0131463
0.0126577
0.0123022
0.0120667
0.0119207
0.0118295
0.0117644
0.0117071
0.0116492
0.011598
0.0115667
0.011565
0.0116015
0.0116815
0.0118081
0.0119844
0.012219
0.0125353
0.0129851
0.0136695
0.0147636
0.0165324
0.0192827
0.0231635
0.0277905
0.0318785
0.0333334
0.0304744
0.0241815
0.0182187
0.0150817
0.0135926
0.012546
0.0115254
0.0103888
0.00905172
0.00730185
0.00557655
0.00433762
0.00375657
0.00418991
0.00542331
0.00678973
0.00806042
0.00916489
0.0100792
0.0107946
0.0113061
0.0116107
0.0117071
0.0115971
0.0112844
0.0107746
0.0100739
0.00918839
0.00812422
0.0068879
0.00548942
0.00395463
0.00230755
0.0018676
0.0115701
0.027466
0.0200914
0.0126276
0.00846984
0.00697383
0.00758486
0.00797265
0.0066096
0.00400111
0.000995745
0.00370853
0.00684154
0.00976246
0.0123325
0.0144966
0.0162224
0.0174988
0.0183515
0.0188485
0.0190872
0.0191696
0.0191777
0.0191634
0.0191514
0.0191473
0.0191448
0.0191307
0.0190883
0.0190003
0.0188501
0.0186228
0.0183071
0.0178956
0.0173871
0.0167889
0.0161181
0.0154032
0.0146832
0.0140039
0.0134098
0.0129339
0.012588
0.0123606
0.0122226
0.0121383
0.0120755
0.0120124
0.0119435
0.0118733
0.0118107
0.0117657
0.011749
0.0117722
0.0118506
0.0120072
0.0122809
0.012739
0.0134941
0.0147223
0.0166648
0.0195675
0.0234998
0.0280412
0.0319519
0.0332011
0.0301154
0.0236783
0.0177724
0.0146024
0.0129398
0.0117159
0.010551
0.00929947
0.0078291
0.0060355
0.00464457
0.0038969
0.00407025
0.0052317
0.00662929
0.00795298
0.00911504
0.010087
0.010858
0.0114224
0.011777
0.011921
0.0118574
0.0115918
0.0111325
0.0104886
0.00966847
0.0086803
0.00753254
0.00623723
0.00481795
0.00332274
0.00212687
0.00265219
0.0121271
0.0274435
0.0199508
0.0123358
0.00813544
0.0067116
0.00734487
0.00788461
0.00698869
0.00513512
0.00253485
0.00181416
0.00500885
0.0080124
0.0107128
0.0130608
0.0150159
0.0165457
0.017646
0.018356
0.0187578
0.0189569
0.0190487
0.0190992
0.0191429
0.0191905
0.0192388
0.0192771
0.0192914
0.0192672
0.0191908
0.0190499
0.0188337
0.0185338
0.0181445
0.0176648
0.0171003
0.0164653
0.0157841
0.0150907
0.014426
0.0138314
0.0133402
0.0129684
0.0127104
0.0125413
0.012426
0.0123304
0.0122361
0.0121295
0.0120177
0.0119103
0.0118208
0.0117672
0.0117742
0.0118773
0.0121293
0.0126104
0.0134403
0.0147874
0.0168587
0.0198373
0.0237298
0.0281097
0.0318184
0.0329231
0.0297389
0.0232316
0.0173139
0.0140177
0.0121486
0.0107375
0.00942125
0.00803523
0.00638899
0.00488138
0.00401153
0.00403955
0.00509982
0.00651616
0.00788007
0.00908417
0.0100981
0.010909
0.0115104
0.0118983
0.012072
0.0120354
0.0117965
0.0113665
0.010758
0.00998302
0.00905168
0.00797295
0.00675734
0.00542458
0.00401415
0.0026434
0.00237698
0.00334411
0.0126714
0.02737
0.0197619
0.0120055
0.00774186
0.0063573
0.00696553
0.00759272
0.00706637
0.00574774
0.00404967
0.00170039
0.00301423
0.0060204
0.00881003
0.011296
0.0134492
0.0152255
0.0165931
0.0175544
0.0181621
0.0185144
0.0187174
0.0188535
0.0189701
0.0190852
0.019199
0.0193025
0.0193841
0.0194318
0.0194355
0.019386
0.0192756
0.0190968
0.0188426
0.0185072
0.0180879
0.0175871
0.0170141
0.0163869
0.0157325
0.0150853
0.0144826
0.0139581
0.0135334
0.013212
0.0129768
0.0127971
0.0126473
0.0124939
0.0123333
0.0121742
0.01203
0.0119217
0.0118803
0.01195
0.0121937
0.0126995
0.0135873
0.0150097
0.0171347
0.0200894
0.0238374
0.0279706
0.0314385
0.0324439
0.0292884
0.022788
0.016793
0.0132915
0.011189
0.0095845
0.00810534
0.0065338
0.00503127
0.00409588
0.00406796
0.00502739
0.00646187
0.00785202
0.00908335
0.0101237
0.0109584
0.0115795
0.0119821
0.0121652
0.0121336
0.0118974
0.0114714
0.0108727
0.0101175
0.00921946
0.00818855
0.00703268
0.00576301
0.0044081
0.00297905
0.00228212
0.00279929
0.00382285
0.0131653
0.0272402
0.019527
0.0116544
0.00731135
0.00593438
0.00648554
0.00715645
0.00692865
0.00603631
0.0048126
0.00343887
0.00226603
0.00401463
0.00674501
0.00928485
0.0115575
0.0135258
0.0151473
0.0163823
0.0172373
0.0177861
0.0181349
0.0183824
0.0185933
0.0187951
0.0189924
0.019178
0.0193413
0.0194725
0.0195642
0.0196114
0.0196101
0.019556
0.0194438
0.0192665
0.0190172
0.0186903
0.0182837
0.0178012
0.0172536
0.0166602
0.0160474
0.0154469
0.0148907
0.0144056
0.0140045
0.013684
0.0134226
0.0132004
0.0129784
0.0127655
0.0125729
0.0124214
0.0123435
0.0123868
0.0126176
0.0131246
0.0140206
0.0154379
0.0175087
0.0203177
0.0238049
0.0275972
0.03077
0.0316973
0.0286872
0.0222847
0.0161684
0.0124017
0.0100511
0.00824698
0.00657752
0.00509574
0.0041659
0.00414357
0.00503212
0.00647453
0.00787843
0.00912203
0.0101733
0.0110161
0.0116398
0.0120381
0.0122097
0.01216
0.0119015
0.0114529
0.0108361
0.0100732
0.00918245
0.00817669
0.00706271
0.00584489
0.00453486
0.0031462
0.00202403
0.00238358
0.00312526
0.00406173
0.0135906
0.0270404
0.0192461
0.0113044
0.00687161
0.00546902
0.0059425
0.0066339
0.0066612
0.00613713
0.00529251
0.00429709
0.00329969
0.00321401
0.00487336
0.00724227
0.0094793
0.0115111
0.0133047
0.014792
0.0159185
0.0167079
0.0172439
0.0176351
0.0179656
0.0182768
0.0185795
0.0188683
0.0191329
0.0193642
0.019557
0.0197093
0.0198212
0.0198927
0.019922
0.0199042
0.0198321
0.0196968
0.0194898
0.0192051
0.0188412
0.0184023
0.0179001
0.0173529
0.0167855
0.0162257
0.0157021
0.0152315
0.0148196
0.0144974
0.0141984
0.0139198
0.0136718
0.0134723
0.0133511
0.0133524
0.0135384
0.0139905
0.0148091
0.0161064
0.0179882
0.0205129
0.0236144
0.0269658
0.0297757
0.0306175
0.027848
0.0216551
0.0154071
0.0113447
0.00874123
0.00674924
0.00520185
0.00428732
0.00430316
0.00515339
0.00659063
0.00798516
0.00921981
0.010262
0.0110935
0.0117007
0.0120746
0.0122132
0.0121228
0.0118182
0.0113217
0.0106607
0.00986357
0.00895517
0.007953
0.00686509
0.00569097
0.00442718
0.0030773
0.0017267
0.0017568
0.00267438
0.00322107
0.00410051
0.0139504
0.0267429
0.0189106
0.0109806
0.00645935
0.00499102
0.00536983
0.00607397
0.0063326
0.00615028
0.00566557
0.00499764
0.00424057
0.0037791
0.00422766
0.00561397
0.00753955
0.00938701
0.011159
0.0127862
0.014154
0.0152116
0.0159789
0.0165525
0.0170327
0.0174788
0.0179118
0.0183289
0.0187195
0.0190743
0.0193885
0.0196618
0.0198971
0.020098
0.0202667
0.0204023
0.0205004
0.0205529
0.0205499
0.020481
0.0203374
0.0201134
0.0198082
0.0194266
0.0189799
0.0184859
0.0179681
0.0174517
0.0169591
0.0165005
0.0161262
0.0157752
0.0154617
0.0151993
0.0150116
0.0149354
0.0150222
0.0153406
0.0159753
0.0170216
0.0185686
0.0206645
0.0232524
0.0260598
0.0284302
0.0291515
0.0266867
0.0208378
0.0144723
0.0100941
0.00733282
0.00554349
0.00456762
0.00458675
0.00541919
0.00680553
0.00815961
0.00936375
0.0103804
0.0111843
0.0117571
0.0120872
0.0121721
0.0120195
0.0116475
0.0110827
0.0103573
0.00950596
0.0085607
0.00754554
0.00647281
0.00534184
0.00414196
0.0028599
0.00149662
0.00107478
0.0020012
0.00286468
0.0030838
0.00401935
0.0142617
0.0262965
0.0184968
0.0107084
0.00613055
0.00454858
0.00480941
0.00552569
0.00600089
0.00614093
0.00600125
0.00565262
0.00517298
0.00470413
0.00466131
0.00524824
0.00628482
0.0076051
0.00901695
0.0104966
0.011951
0.0132423
0.0142684
0.0150665
0.0157318
0.0163406
0.0169303
0.0175031
0.0180487
0.0185566
0.019021
0.0194416
0.0198214
0.0201656
0.020479
0.0207641
0.0210206
0.0212442
0.0214276
0.0215614
0.021635
0.0216388
0.0215649
0.0214086
0.0211695
0.020853
0.0204691
0.0200373
0.0195721
0.0190941
0.0186542
0.0182542
0.0178801
0.0175468
0.0172716
0.0170812
0.0170144
0.0171239
0.0174771
0.0181534
0.0192321
0.0207634
0.0227138
0.0248747
0.0267236
0.0272682
0.0251338
0.0197801
0.0132353
0.00871911
0.00628755
0.00506589
0.0049902
0.00577085
0.00705163
0.00836246
0.00953124
0.0105123
0.0112721
0.0117896
0.0120529
0.0120614
0.0118256
0.0113679
0.0107197
0.00991904
0.00900566
0.00801745
0.00698476
0.005925
0.00484138
0.00372339
0.00255364
0.00131813
0.000432828
0.00129544
0.00223102
0.00282779
0.00279454
0.00390866
0.0145425
0.0256175
0.0179566
0.0105069
0.00598221
0.00425785
0.00435901
0.00507498
0.00574584
0.00618397
0.00637068
0.00633611
0.00613753
0.00583851
0.0056579
0.00578966
0.00624814
0.00685459
0.00751577
0.00839098
0.009506
0.0108133
0.0120541
0.0131042
0.0139919
0.0147929
0.0155652
0.0163207
0.0170509
0.0177449
0.0183953
0.019
0.0195595
0.0200767
0.0205557
0.0210002
0.0214126
0.0217927
0.0221379
0.0224434
0.0227024
0.0229067
0.0230477
0.0231172
0.0231084
0.0230166
0.0228417
0.0225881
0.0222676
0.0218906
0.0214687
0.0210687
0.0206675
0.0202789
0.0199157
0.0195957
0.0193448
0.0191992
0.0192079
0.0194333
0.0199459
0.0208033
0.0220064
0.0234215
0.0246644
0.0249613
0.0231459
0.0184499
0.0115315
0.00760347
0.00577675
0.00544189
0.00612371
0.0073017
0.00857909
0.00970833
0.0106361
0.0113255
0.011756
0.0119198
0.0118221
0.0114797
0.0109198
0.0101796
0.00930265
0.00833415
0.00731502
0.00627891
0.00524764
0.00422719
0.00321319
0.00219575
0.00116903
0.00014459
0.000697983
0.00149738
0.00223269
0.00259984
0.00246729
0.00385711
0.0147982
0.0245794
0.0172102
0.0103829
0.00618274
0.00441387
0.0042997
0.00493683
0.00572992
0.00640759
0.00687965
0.00713564
0.00720568
0.00713644
0.00703507
0.0070058
0.00708914
0.00722853
0.00732605
0.00736863
0.00754966
0.00824662
0.00937282
0.0106098
0.0117407
0.0127599
0.0137378
0.0146978
0.0156373
0.0165484
0.0174224
0.0182551
0.0190413
0.0197779
0.020464
0.0211005
0.0216892
0.0222318
0.0227292
0.0231818
0.0235886
0.0239474
0.0242546
0.0245053
0.0246932
0.0248112
0.0248526
0.0248119
0.0246885
0.0244804
0.0241931
0.0238496
0.0234756
0.0230704
0.0226448
0.0222089
0.0217769
0.0213693
0.0210163
0.0207613
0.0206615
0.0207792
0.0211522
0.0217312
0.0222795
0.0222467
0.0207026
0.0166527
0.00981526
0.00674841
0.00586368
0.006379
0.00749471
0.0087628
0.00985271
0.0107023
0.0112825
0.0115802
0.0115983
0.0113531
0.010873
0.0101943
0.00935914
0.00841551
0.00741291
0.00639454
0.00538967
0.0044175
0.00348941
0.00260897
0.00178308
0.00103685
0.000519188
0.000561217
0.000981669
0.00151196
0.00203628
0.00222864
0.00220572
0.00390994
0.0150145
0.0230078
0.0161521
0.0103483
0.00696901
0.0055185
0.00524208
0.00563647
0.00634711
0.00710312
0.00775021
0.00822533
0.0085215
0.0086893
0.00875619
0.00874904
0.00867085
0.00850244
0.00821189
0.00777801
0.00722435
0.00673547
0.00679091
0.00768212
0.00893441
0.0101693
0.0113646
0.0125386
0.0136993
0.0148482
0.0159764
0.0170802
0.0181453
0.0191581
0.0201093
0.0209937
0.0218087
0.0225542
0.0232311
0.0238416
0.0243882
0.0248742
0.0253027
0.025676
0.0259949
0.0262576
0.0264595
0.0265932
0.0266503
0.0266233
0.0265032
0.0262832
0.0259872
0.0256137
0.0251675
0.0246515
0.0240693
0.0234273
0.0227374
0.022022
0.0213198
0.0206874
0.020189
0.0198584
0.0196172
0.0191543
0.0178086
0.0143417
0.00833843
0.00632462
0.00648873
0.00757336
0.00886632
0.00990858
0.010633
0.0110378
0.0111322
0.0109391
0.0104916
0.00983393
0.00901738
0.00809196
0.00710518
0.00610343
0.00512982
0.00421371
0.00336423
0.00259156
0.00190749
0.00133162
0.000940864
0.000806533
0.000879563
0.00102745
0.00119231
0.00140036
0.00166229
0.00174484
0.0019626
0.00405381
0.0151175
0.0206844
0.0146951
0.0104977
0.00855443
0.00786768
0.00771341
0.0078877
0.00832139
0.00890185
0.00950591
0.0100435
0.0104702
0.010823
0.0110252
0.0110511
0.0108816
0.0105108
0.00994655
0.00920277
0.00829883
0.00726708
0.00620207
0.00545952
0.00584937
0.00701766
0.00837485
0.00974484
0.0111114
0.0124951
0.0138872
0.0152902
0.0166786
0.0180218
0.019299
0.0204972
0.0216084
0.0226283
0.0235547
0.024387
0.0251263
0.0257751
0.0263377
0.0268199
0.0272286
0.0275705
0.0278505
0.0280705
0.0282274
0.028314
0.0283174
0.028221
0.0280189
0.0277044
0.0272716
0.0267141
0.0260246
0.0251957
0.0242221
0.0231053
0.0218605
0.0205261
0.019171
0.017889
0.0167565
0.0157301
0.0144752
0.011634
0.00720215
0.0065602
0.00754739
0.00885052
0.00978781
0.0102876
0.0104034
0.0101901
0.00970449
0.00899871
0.00812887
0.00715837
0.00615228
0.0051589
0.00421898
0.00336472
0.00263437
0.00206429
0.00168358
0.00152353
0.0015191
0.00158932
0.00166591
0.00171238
0.00171122
0.0016598
0.00151456
0.00129731
0.00110786
0.000979932
0.00163915
0.00523681
0.0146274
0.0173718
0.0129137
0.0111612
0.0110822
0.0113403
0.0115627
0.011788
0.0120832
0.0124576
0.0128782
0.0132939
0.0137073
0.0140234
0.0141499
0.0140471
0.0136941
0.0130905
0.0122644
0.0112615
0.0101328
0.00892131
0.00764116
0.00626427
0.00486887
0.00411506
0.00488704
0.00625961
0.00774735
0.0093109
0.0109323
0.0126264
0.0143544
0.016054
0.0176932
0.019253
0.020722
0.0220924
0.0233584
0.0245154
0.0255592
0.0264869
0.0272964
0.0279876
0.0285626
0.0290262
0.0293855
0.029649
0.0298246
0.0299188
0.0299304
0.0298535
0.029677
0.0293798
0.0289416
0.0283441
0.0275675
0.0265903
0.0253902
0.0239479
0.0222533
0.0203164
0.0181842
0.0159643
0.0138436
0.0120661
0.0107392
0.00870473
0.00661901
0.00736435
0.00857685
0.0092505
0.00935448
0.00902643
0.00838813
0.00753903
0.00655861
0.00550565
0.00444192
0.00343785
0.00258668
0.00199687
0.00183027
0.00200929
0.00235192
0.00272969
0.00308516
0.00339263
0.0036383
0.0038133
0.003913
0.0039341
0.00386944
0.00371106
0.00353879
0.00337151
0.00327407
0.00339332
0.00398346
0.00628423
0.0130898
0.012787
0.0111411
0.0126273
0.0143781
0.0155143
0.016186
0.0166355
0.0170003
0.0173375
0.0176567
0.0179546
0.0181737
0.0182231
0.0180478
0.0176138
0.0169074
0.0159482
0.014784
0.0134819
0.0121178
0.0107642
0.00947338
0.00824282
0.00697082
0.00547248
0.00378598
0.00281713
0.00366727
0.00513333
0.00687018
0.00875475
0.0107568
0.0127541
0.0147118
0.0166105
0.0184381
0.0201848
0.0218423
0.0234023
0.0248568
0.0261969
0.0274138
0.0284983
0.0294419
0.0302373
0.0308793
0.0313652
0.0316958
0.0318739
0.0319048
0.03179
0.0315309
0.0311363
0.0305903
0.0298713
0.0289521
0.0278005
0.0263804
0.0246544
0.0225882
0.02016
0.0173764
0.0143029
0.0111255
0.00827388
0.00649063
0.00584942
0.00638288
0.00740229
0.00762485
0.00717663
0.00633165
0.00529226
0.00416429
0.00304085
0.00205696
0.00155987
0.00184316
0.00252964
0.00329759
0.00404767
0.0047536
0.00540576
0.00599742
0.00652566
0.00699088
0.00739318
0.00773059
0.00799947
0.00819544
0.00831412
0.00835495
0.00832148
0.00820029
0.00805219
0.00788977
0.00767974
0.00721766
0.00688313
0.0100666
0.00960445
0.012021
0.0157271
0.0183713
0.0198648
0.020674
0.0211476
0.021455
0.0216651
0.0217983
0.0218376
0.0217253
0.0214156
0.0208802
0.0200987
0.0190697
0.0178162
0.016386
0.0148462
0.0132755
0.011757
0.010371
0.00918168
0.00820735
0.00737376
0.00650325
0.00536208
0.0038517
0.0020745
0.00176914
0.00328165
0.00522059
0.00721868
0.00924229
0.0112707
0.0132852
0.0152688
0.0172063
0.0190839
0.0208886
0.0226074
0.0242274
0.0257349
0.027116
0.0283567
0.0294433
0.0303631
0.0311053
0.0316615
0.0320254
0.0321915
0.0321534
0.0319052
0.0314416
0.0307498
0.0298106
0.0285967
0.0270726
0.0251962
0.0229238
0.0202161
0.0170503
0.0134408
0.00948044
0.00543243
0.00227802
0.00347664
0.00486088
0.00480604
0.00412793
0.00315402
0.00208663
0.00103014
0.000512146
0.00133612
0.00231373
0.00327154
0.00419804
0.00508432
0.00592289
0.00671427
0.00746152
0.00816609
0.00882708
0.00944355
0.0100154
0.0105422
0.0110223
0.0114525
0.0118286
0.0121452
0.0123937
0.0125574
0.0126161
0.0125656
0.012423
0.0120342
0.0109728
0.00894903
0.00776056
)
;

boundaryField
{
    floor
    {
        type            calculated;
        value           uniform 0;
    }
    ceiling
    {
        type            calculated;
        value           uniform 0;
    }
    fixedWalls
    {
        type            calculated;
        value           uniform 0;
    }
    frontAndBack
    {
        type            empty;
    }
}


// ************************************************************************* //
