/*--------------------------------*- C++ -*----------------------------------*\
| =========                 |                                                 |
| \\      /  F ield         | OpenFOAM: The Open Source CFD Toolbox           |
|  \\    /   O peration     | Version:  4.1                                   |
|   \\  /    A nd           | Web:      www.OpenFOAM.org                      |
|    \\/     M anipulation  |                                                 |
\*---------------------------------------------------------------------------*/
FoamFile
{
    version     2.0;
    format      ascii;
    class       volScalarField;
    location    "1680";
    object      p;
}
// * * * * * * * * * * * * * * * * * * * * * * * * * * * * * * * * * * * * * //

dimensions      [0 2 -2 0 0 0 0];

internalField   nonuniform List<scalar> 
5000
(
0
-2.0951e-05
-4.32084e-05
-6.58943e-05
-8.70977e-05
-0.000105188
-0.000118795
-0.000126857
-0.000128582
-0.000123565
-0.000111787
-9.41816e-05
-7.24324e-05
-4.88685e-05
-2.62563e-05
-7.37175e-06
5.46011e-06
1.10953e-05
1.12423e-05
7.56385e-06
-1.06313e-06
-1.53235e-05
-3.33813e-05
-5.33718e-05
-7.42031e-05
-9.52629e-05
-0.000116134
-0.000136503
-0.000156142
-0.000174899
-0.000192679
-0.000209431
-0.000225125
-0.00023975
-0.000253296
-0.000265758
-0.000277124
-0.000287382
-0.000296511
-0.000304486
-0.000311276
-0.000316847
-0.000321161
-0.000324178
-0.000325863
-0.000326182
-0.000325105
-0.000322576
-0.000318555
-0.000313029
-0.000305983
-0.0002974
-0.000287274
-0.000275614
-0.000262456
-0.00024787
-0.000231965
-0.000214902
-0.000196903
-0.000178249
-0.000159283
-0.000140397
-0.000122015
-0.00010457
-8.84729e-05
-7.40869e-05
-6.17243e-05
-5.163e-05
-4.39151e-05
-4.50158e-05
-4.93444e-05
-5.59058e-05
-6.11305e-05
-6.61597e-05
-7.14865e-05
-7.72644e-05
-8.3462e-05
-8.99297e-05
-9.64478e-05
-0.000102758
-0.000108574
-0.000113597
-0.000117552
-0.000120192
-0.000121291
-0.00012064
-0.000118096
-0.000113545
-0.000107001
-9.85841e-05
-8.85164e-05
-7.7127e-05
-6.49302e-05
-5.29831e-05
-4.35127e-05
-3.94525e-05
-4.03035e-05
-4.64869e-05
-5.55087e-05
-5.55719e-05
-0.0984047
-0.0984289
-0.0984535
-0.0984786
-0.0985021
-0.0985222
-0.0985376
-0.0985472
-0.0985503
-0.0985464
-0.0985356
-0.0985192
-0.0984985
-0.0984759
-0.0984541
-0.0984358
-0.0984235
-0.0984181
-0.0984171
-0.0984201
-0.0984288
-0.0984422
-0.098459
-0.0984778
-0.0984975
-0.0985176
-0.0985376
-0.0985572
-0.0985761
-0.0985942
-0.0986113
-0.0986275
-0.0986427
-0.0986568
-0.09867
-0.098682
-0.098693
-0.0987029
-0.0987117
-0.0987194
-0.0987259
-0.0987312
-0.0987353
-0.098738
-0.0987394
-0.0987394
-0.098738
-0.0987351
-0.0987307
-0.0987247
-0.0987172
-0.0987082
-0.0986975
-0.0986853
-0.0986714
-0.098656
-0.0986392
-0.0986211
-0.0986019
-0.0985818
-0.0985612
-0.0985405
-0.0985201
-0.0985003
-0.0984815
-0.0984639
-0.0984475
-0.0984327
-0.0984205
-0.0984205
-0.0984303
-0.0984404
-0.0984491
-0.0984573
-0.0984657
-0.0984744
-0.0984834
-0.0984924
-0.0985014
-0.0985099
-0.0985177
-0.0985246
-0.0985302
-0.0985344
-0.0985368
-0.0985375
-0.0985361
-0.0985327
-0.0985273
-0.0985201
-0.0985114
-0.0985014
-0.0984908
-0.0984807
-0.0984726
-0.0984687
-0.0984698
-0.0984743
-0.0984806
-0.0984758
-0.196839
-0.196862
-0.196886
-0.196911
-0.196935
-0.196956
-0.196971
-0.196981
-0.196984
-0.19698
-0.19697
-0.196954
-0.196934
-0.196912
-0.196891
-0.196873
-0.196862
-0.196856
-0.196854
-0.196857
-0.196865
-0.196878
-0.196893
-0.196911
-0.19693
-0.196949
-0.196968
-0.196987
-0.197005
-0.197023
-0.19704
-0.197055
-0.19707
-0.197084
-0.197097
-0.197109
-0.19712
-0.19713
-0.197138
-0.197146
-0.197153
-0.197158
-0.197162
-0.197165
-0.197167
-0.197167
-0.197165
-0.197163
-0.197159
-0.197153
-0.197146
-0.197137
-0.197126
-0.197114
-0.1971
-0.197085
-0.197067
-0.197049
-0.197029
-0.197008
-0.196986
-0.196964
-0.196942
-0.19692
-0.196898
-0.196878
-0.196859
-0.196842
-0.196829
-0.196829
-0.196842
-0.196853
-0.196864
-0.196874
-0.196884
-0.196895
-0.196906
-0.196916
-0.196927
-0.196937
-0.196945
-0.196953
-0.196959
-0.196964
-0.196966
-0.196967
-0.196966
-0.196963
-0.196958
-0.196951
-0.196943
-0.196934
-0.196924
-0.196915
-0.196908
-0.196904
-0.196904
-0.196908
-0.196912
-0.196907
-0.295288
-0.295308
-0.295329
-0.295353
-0.295375
-0.295394
-0.295409
-0.295418
-0.29542
-0.295416
-0.295406
-0.295391
-0.295372
-0.295351
-0.295331
-0.295314
-0.295303
-0.295296
-0.295294
-0.295297
-0.295305
-0.295316
-0.295331
-0.295348
-0.295365
-0.295384
-0.295402
-0.29542
-0.295437
-0.295454
-0.29547
-0.295485
-0.2955
-0.295513
-0.295526
-0.295537
-0.295548
-0.295557
-0.295566
-0.295574
-0.29558
-0.295586
-0.29559
-0.295593
-0.295595
-0.295595
-0.295594
-0.295591
-0.295587
-0.295582
-0.295575
-0.295567
-0.295557
-0.295545
-0.295531
-0.295516
-0.2955
-0.295481
-0.295462
-0.295441
-0.295419
-0.295396
-0.295373
-0.29535
-0.295327
-0.295306
-0.295286
-0.295269
-0.295256
-0.295256
-0.295268
-0.295278
-0.295289
-0.2953
-0.295311
-0.295322
-0.295334
-0.295345
-0.295356
-0.295366
-0.295375
-0.295383
-0.295389
-0.295393
-0.295396
-0.295397
-0.295396
-0.295393
-0.295388
-0.295382
-0.295375
-0.295367
-0.295358
-0.29535
-0.295343
-0.295339
-0.295337
-0.295339
-0.29534
-0.295338
-0.393741
-0.393758
-0.393776
-0.393797
-0.393816
-0.393834
-0.393847
-0.393854
-0.393856
-0.393851
-0.393842
-0.393828
-0.39381
-0.39379
-0.393772
-0.393756
-0.393745
-0.393738
-0.393736
-0.393739
-0.393747
-0.393758
-0.393771
-0.393787
-0.393803
-0.39382
-0.393837
-0.393854
-0.393871
-0.393886
-0.393902
-0.393916
-0.39393
-0.393943
-0.393955
-0.393966
-0.393976
-0.393986
-0.393994
-0.394002
-0.394008
-0.394014
-0.394018
-0.394021
-0.394023
-0.394023
-0.394023
-0.39402
-0.394017
-0.394012
-0.394005
-0.393997
-0.393988
-0.393977
-0.393964
-0.393949
-0.393933
-0.393916
-0.393897
-0.393876
-0.393855
-0.393832
-0.393809
-0.393786
-0.393763
-0.393742
-0.393722
-0.393706
-0.393693
-0.393691
-0.3937
-0.393709
-0.393719
-0.393729
-0.393741
-0.393752
-0.393763
-0.393775
-0.393786
-0.393796
-0.393804
-0.393812
-0.393818
-0.393822
-0.393825
-0.393826
-0.393825
-0.393823
-0.393819
-0.393813
-0.393807
-0.393799
-0.393792
-0.393785
-0.393778
-0.393773
-0.39377
-0.393768
-0.393767
-0.393768
-0.492193
-0.492207
-0.492222
-0.49224
-0.492257
-0.492272
-0.492283
-0.492289
-0.49229
-0.492285
-0.492276
-0.492264
-0.492247
-0.49223
-0.492213
-0.492198
-0.492187
-0.492181
-0.49218
-0.492183
-0.49219
-0.492201
-0.492213
-0.492228
-0.492243
-0.492259
-0.492274
-0.49229
-0.492305
-0.49232
-0.492334
-0.492348
-0.492361
-0.492373
-0.492385
-0.492395
-0.492405
-0.492415
-0.492423
-0.492431
-0.492437
-0.492442
-0.492447
-0.49245
-0.492452
-0.492452
-0.492452
-0.49245
-0.492447
-0.492442
-0.492436
-0.492428
-0.49242
-0.492409
-0.492397
-0.492383
-0.492368
-0.492351
-0.492333
-0.492313
-0.492292
-0.492271
-0.492248
-0.492226
-0.492204
-0.492183
-0.492164
-0.492147
-0.492135
-0.49213
-0.492136
-0.492144
-0.492152
-0.492161
-0.492172
-0.492183
-0.492194
-0.492205
-0.492215
-0.492225
-0.492234
-0.492241
-0.492247
-0.492251
-0.492254
-0.492255
-0.492254
-0.492252
-0.492248
-0.492243
-0.492237
-0.492231
-0.492224
-0.492218
-0.492211
-0.492206
-0.492202
-0.492198
-0.492198
-0.492199
-0.590641
-0.590653
-0.590665
-0.59068
-0.590695
-0.590707
-0.590717
-0.590721
-0.590721
-0.590717
-0.590708
-0.590697
-0.590683
-0.590667
-0.590652
-0.590639
-0.590629
-0.590624
-0.590624
-0.590627
-0.590634
-0.590644
-0.590656
-0.590669
-0.590683
-0.590697
-0.590712
-0.590726
-0.59074
-0.590754
-0.590767
-0.59078
-0.590792
-0.590804
-0.590815
-0.590825
-0.590835
-0.590844
-0.590852
-0.590859
-0.590866
-0.590871
-0.590875
-0.590878
-0.590881
-0.590881
-0.590881
-0.590879
-0.590876
-0.590872
-0.590867
-0.59086
-0.590851
-0.590842
-0.59083
-0.590817
-0.590803
-0.590787
-0.59077
-0.590751
-0.590731
-0.59071
-0.590689
-0.590667
-0.590646
-0.590626
-0.590608
-0.590592
-0.590579
-0.590571
-0.590573
-0.590579
-0.590586
-0.590595
-0.590604
-0.590614
-0.590625
-0.590635
-0.590645
-0.590655
-0.590663
-0.59067
-0.590675
-0.590679
-0.590681
-0.590682
-0.590682
-0.59068
-0.590677
-0.590672
-0.590667
-0.590661
-0.590655
-0.590649
-0.590644
-0.590638
-0.590633
-0.590629
-0.590629
-0.590629
-0.689085
-0.689095
-0.689104
-0.689117
-0.689129
-0.689139
-0.689147
-0.689151
-0.68915
-0.689145
-0.689138
-0.689128
-0.689116
-0.689103
-0.68909
-0.689078
-0.68907
-0.689067
-0.689067
-0.689071
-0.689078
-0.689087
-0.689098
-0.68911
-0.689123
-0.689136
-0.689149
-0.689162
-0.689175
-0.689187
-0.6892
-0.689211
-0.689223
-0.689234
-0.689244
-0.689254
-0.689264
-0.689273
-0.689281
-0.689288
-0.689294
-0.689299
-0.689304
-0.689307
-0.689309
-0.68931
-0.68931
-0.689309
-0.689306
-0.689302
-0.689297
-0.689291
-0.689283
-0.689274
-0.689263
-0.689251
-0.689238
-0.689223
-0.689207
-0.689189
-0.68917
-0.68915
-0.68913
-0.689109
-0.689089
-0.68907
-0.689052
-0.689037
-0.689023
-0.689013
-0.689011
-0.689015
-0.689021
-0.689028
-0.689037
-0.689046
-0.689056
-0.689066
-0.689075
-0.689084
-0.689091
-0.689098
-0.689103
-0.689106
-0.689109
-0.68911
-0.689109
-0.689107
-0.689104
-0.689101
-0.689096
-0.689091
-0.689085
-0.68908
-0.689074
-0.689069
-0.689065
-0.68906
-0.68906
-0.68906
-0.787524
-0.787532
-0.78754
-0.78755
-0.78756
-0.787568
-0.787574
-0.787577
-0.787576
-0.787572
-0.787565
-0.787557
-0.787547
-0.787536
-0.787525
-0.787516
-0.78751
-0.787508
-0.787509
-0.787513
-0.78752
-0.787529
-0.787539
-0.78755
-0.787562
-0.787573
-0.787585
-0.787597
-0.787609
-0.78762
-0.787632
-0.787643
-0.787653
-0.787664
-0.787674
-0.787683
-0.787693
-0.787701
-0.787709
-0.787716
-0.787722
-0.787728
-0.787732
-0.787735
-0.787737
-0.787739
-0.787739
-0.787738
-0.787735
-0.787732
-0.787727
-0.787721
-0.787714
-0.787706
-0.787696
-0.787685
-0.787672
-0.787658
-0.787643
-0.787626
-0.787609
-0.78759
-0.787571
-0.787551
-0.787532
-0.787514
-0.787497
-0.787481
-0.787466
-0.787454
-0.787449
-0.787452
-0.787456
-0.787462
-0.78747
-0.787478
-0.787487
-0.787496
-0.787505
-0.787512
-0.787519
-0.787525
-0.78753
-0.787533
-0.787535
-0.787536
-0.787536
-0.787534
-0.787532
-0.787528
-0.787524
-0.787519
-0.787514
-0.787509
-0.787504
-0.7875
-0.787496
-0.787491
-0.787491
-0.787491
-0.885959
-0.885965
-0.885971
-0.885979
-0.885987
-0.885994
-0.885999
-0.886001
-0.885999
-0.885995
-0.88599
-0.885984
-0.885976
-0.885967
-0.885958
-0.885952
-0.885948
-0.885947
-0.885949
-0.885954
-0.885961
-0.885969
-0.885979
-0.885989
-0.885999
-0.88601
-0.886021
-0.886031
-0.886042
-0.886052
-0.886063
-0.886073
-0.886083
-0.886093
-0.886103
-0.886112
-0.886121
-0.886129
-0.886137
-0.886144
-0.88615
-0.886155
-0.88616
-0.886163
-0.886165
-0.886167
-0.886167
-0.886166
-0.886164
-0.886161
-0.886157
-0.886151
-0.886145
-0.886137
-0.886128
-0.886117
-0.886106
-0.886093
-0.886079
-0.886063
-0.886046
-0.886029
-0.886011
-0.885993
-0.885975
-0.885957
-0.885941
-0.885925
-0.885909
-0.885894
-0.885887
-0.885888
-0.885891
-0.885896
-0.885903
-0.88591
-0.885918
-0.885926
-0.885934
-0.885941
-0.885947
-0.885952
-0.885957
-0.88596
-0.885962
-0.885962
-0.885962
-0.885961
-0.885958
-0.885955
-0.885951
-0.885947
-0.885942
-0.885938
-0.885933
-0.885929
-0.885925
-0.885921
-0.885921
-0.885921
-0.984389
-0.984394
-0.984399
-0.984405
-0.984412
-0.984417
-0.984421
-0.984422
-0.984421
-0.984418
-0.984414
-0.984409
-0.984403
-0.984396
-0.98439
-0.984385
-0.984384
-0.984384
-0.984388
-0.984393
-0.9844
-0.984408
-0.984416
-0.984426
-0.984435
-0.984445
-0.984454
-0.984464
-0.984474
-0.984483
-0.984493
-0.984503
-0.984512
-0.984522
-0.984531
-0.98454
-0.984549
-0.984557
-0.984565
-0.984572
-0.984578
-0.984583
-0.984588
-0.984591
-0.984593
-0.984595
-0.984595
-0.984594
-0.984592
-0.984589
-0.984585
-0.98458
-0.984574
-0.984567
-0.984559
-0.984549
-0.984538
-0.984526
-0.984513
-0.984499
-0.984483
-0.984467
-0.98445
-0.984433
-0.984416
-0.984399
-0.984383
-0.984367
-0.98435
-0.984333
-0.984324
-0.984324
-0.984326
-0.98433
-0.984336
-0.984342
-0.984349
-0.984356
-0.984363
-0.984369
-0.984375
-0.984379
-0.984383
-0.984386
-0.984387
-0.984388
-0.984388
-0.984386
-0.984384
-0.984381
-0.984378
-0.984374
-0.984369
-0.984365
-0.984361
-0.984357
-0.984354
-0.98435
-0.98435
-0.98435
-1.08282
-1.08282
-1.08282
-1.08283
-1.08283
-1.08284
-1.08284
-1.08284
-1.08284
-1.08284
-1.08284
-1.08283
-1.08283
-1.08282
-1.08282
-1.08282
-1.08282
-1.08282
-1.08282
-1.08283
-1.08284
-1.08284
-1.08285
-1.08286
-1.08287
-1.08288
-1.08289
-1.0829
-1.0829
-1.08291
-1.08292
-1.08293
-1.08294
-1.08295
-1.08296
-1.08297
-1.08298
-1.08299
-1.08299
-1.083
-1.08301
-1.08301
-1.08302
-1.08302
-1.08302
-1.08302
-1.08302
-1.08302
-1.08302
-1.08302
-1.08301
-1.08301
-1.083
-1.083
-1.08299
-1.08298
-1.08297
-1.08296
-1.08295
-1.08293
-1.08292
-1.0829
-1.08289
-1.08287
-1.08286
-1.08284
-1.08282
-1.08281
-1.08279
-1.08277
-1.08276
-1.08276
-1.08276
-1.08276
-1.08277
-1.08277
-1.08278
-1.08279
-1.08279
-1.0828
-1.0828
-1.08281
-1.08281
-1.08281
-1.08281
-1.08281
-1.08281
-1.08281
-1.08281
-1.08281
-1.0828
-1.0828
-1.0828
-1.08279
-1.08279
-1.08278
-1.08278
-1.08278
-1.08278
-1.08278
-1.18124
-1.18124
-1.18125
-1.18125
-1.18125
-1.18126
-1.18126
-1.18126
-1.18126
-1.18126
-1.18126
-1.18125
-1.18125
-1.18125
-1.18125
-1.18125
-1.18125
-1.18125
-1.18126
-1.18126
-1.18127
-1.18128
-1.18129
-1.18129
-1.1813
-1.18131
-1.18132
-1.18133
-1.18133
-1.18134
-1.18135
-1.18136
-1.18137
-1.18138
-1.18139
-1.1814
-1.18141
-1.18141
-1.18142
-1.18143
-1.18144
-1.18144
-1.18145
-1.18145
-1.18145
-1.18145
-1.18145
-1.18145
-1.18145
-1.18145
-1.18144
-1.18144
-1.18143
-1.18143
-1.18142
-1.18141
-1.1814
-1.18139
-1.18138
-1.18137
-1.18135
-1.18134
-1.18132
-1.18131
-1.18129
-1.18128
-1.18126
-1.18125
-1.18123
-1.18121
-1.1812
-1.18119
-1.18119
-1.1812
-1.1812
-1.1812
-1.18121
-1.18121
-1.18122
-1.18122
-1.18123
-1.18123
-1.18123
-1.18124
-1.18124
-1.18124
-1.18124
-1.18124
-1.18123
-1.18123
-1.18123
-1.18122
-1.18122
-1.18122
-1.18121
-1.18121
-1.18121
-1.18121
-1.18121
-1.1812
-1.27966
-1.27967
-1.27967
-1.27967
-1.27967
-1.27967
-1.27968
-1.27968
-1.27968
-1.27968
-1.27967
-1.27967
-1.27967
-1.27967
-1.27967
-1.27968
-1.27968
-1.27968
-1.27969
-1.2797
-1.2797
-1.27971
-1.27972
-1.27973
-1.27973
-1.27974
-1.27975
-1.27976
-1.27976
-1.27977
-1.27978
-1.27979
-1.2798
-1.27981
-1.27982
-1.27983
-1.27984
-1.27984
-1.27985
-1.27986
-1.27987
-1.27987
-1.27988
-1.27988
-1.27988
-1.27988
-1.27988
-1.27988
-1.27988
-1.27987
-1.27987
-1.27987
-1.27986
-1.27985
-1.27985
-1.27984
-1.27983
-1.27982
-1.27981
-1.2798
-1.27979
-1.27977
-1.27976
-1.27974
-1.27973
-1.27971
-1.2797
-1.27968
-1.27966
-1.27964
-1.27963
-1.27963
-1.27963
-1.27963
-1.27963
-1.27964
-1.27964
-1.27964
-1.27965
-1.27965
-1.27965
-1.27966
-1.27966
-1.27966
-1.27966
-1.27966
-1.27966
-1.27966
-1.27966
-1.27966
-1.27965
-1.27965
-1.27965
-1.27964
-1.27964
-1.27964
-1.27963
-1.27963
-1.27963
-1.27963
-1.37808
-1.37809
-1.37809
-1.37809
-1.37809
-1.37809
-1.37809
-1.37809
-1.37809
-1.37809
-1.37809
-1.37809
-1.37809
-1.3781
-1.3781
-1.3781
-1.37811
-1.37811
-1.37812
-1.37813
-1.37813
-1.37814
-1.37815
-1.37816
-1.37816
-1.37817
-1.37818
-1.37818
-1.37819
-1.3782
-1.37821
-1.37822
-1.37823
-1.37824
-1.37825
-1.37826
-1.37827
-1.37827
-1.37828
-1.37829
-1.3783
-1.3783
-1.37831
-1.37831
-1.37831
-1.37831
-1.37831
-1.37831
-1.37831
-1.3783
-1.3783
-1.3783
-1.37829
-1.37828
-1.37828
-1.37827
-1.37826
-1.37825
-1.37824
-1.37823
-1.37822
-1.37821
-1.37819
-1.37818
-1.37816
-1.37815
-1.37814
-1.37812
-1.37809
-1.37807
-1.37807
-1.37806
-1.37806
-1.37806
-1.37806
-1.37807
-1.37807
-1.37807
-1.37807
-1.37808
-1.37808
-1.37808
-1.37808
-1.37808
-1.37808
-1.37808
-1.37808
-1.37808
-1.37808
-1.37808
-1.37808
-1.37807
-1.37807
-1.37807
-1.37806
-1.37806
-1.37806
-1.37806
-1.37806
-1.37806
-1.4765
-1.47651
-1.47651
-1.47651
-1.47651
-1.47651
-1.47651
-1.47651
-1.47651
-1.47651
-1.47651
-1.47651
-1.47651
-1.47652
-1.47652
-1.47653
-1.47654
-1.47654
-1.47655
-1.47656
-1.47656
-1.47657
-1.47658
-1.47658
-1.47659
-1.4766
-1.4766
-1.47661
-1.47662
-1.47663
-1.47664
-1.47665
-1.47666
-1.47667
-1.47668
-1.47669
-1.4767
-1.47671
-1.47671
-1.47672
-1.47673
-1.47673
-1.47674
-1.47674
-1.47674
-1.47674
-1.47674
-1.47674
-1.47674
-1.47673
-1.47673
-1.47673
-1.47672
-1.47671
-1.47671
-1.4767
-1.47669
-1.47668
-1.47667
-1.47666
-1.47665
-1.47664
-1.47663
-1.47661
-1.4766
-1.47658
-1.47657
-1.47655
-1.47653
-1.47651
-1.4765
-1.4765
-1.47649
-1.47649
-1.47649
-1.47649
-1.4765
-1.4765
-1.4765
-1.4765
-1.4765
-1.47651
-1.47651
-1.47651
-1.47651
-1.47651
-1.47651
-1.47651
-1.4765
-1.4765
-1.4765
-1.4765
-1.47649
-1.47649
-1.47649
-1.47649
-1.47648
-1.47648
-1.47648
-1.47648
-1.57492
-1.57493
-1.57493
-1.57493
-1.57493
-1.57493
-1.57493
-1.57493
-1.57493
-1.57493
-1.57493
-1.57493
-1.57493
-1.57494
-1.57495
-1.57495
-1.57496
-1.57497
-1.57498
-1.57498
-1.57499
-1.575
-1.575
-1.57501
-1.57502
-1.57502
-1.57503
-1.57504
-1.57505
-1.57506
-1.57507
-1.57508
-1.57509
-1.5751
-1.57511
-1.57512
-1.57513
-1.57514
-1.57515
-1.57515
-1.57516
-1.57517
-1.57517
-1.57518
-1.57518
-1.57518
-1.57518
-1.57517
-1.57517
-1.57517
-1.57516
-1.57516
-1.57515
-1.57514
-1.57514
-1.57513
-1.57512
-1.57511
-1.5751
-1.57509
-1.57508
-1.57507
-1.57506
-1.57504
-1.57503
-1.57502
-1.575
-1.57498
-1.57496
-1.57494
-1.57493
-1.57493
-1.57493
-1.57492
-1.57492
-1.57492
-1.57492
-1.57493
-1.57493
-1.57493
-1.57493
-1.57493
-1.57493
-1.57493
-1.57493
-1.57493
-1.57493
-1.57493
-1.57493
-1.57492
-1.57492
-1.57492
-1.57492
-1.57491
-1.57491
-1.57491
-1.57491
-1.57491
-1.57491
-1.57491
-1.67334
-1.67334
-1.67334
-1.67334
-1.67334
-1.67334
-1.67334
-1.67334
-1.67335
-1.67335
-1.67335
-1.67335
-1.67335
-1.67336
-1.67337
-1.67338
-1.67339
-1.67339
-1.6734
-1.67341
-1.67342
-1.67342
-1.67343
-1.67344
-1.67344
-1.67345
-1.67346
-1.67347
-1.67348
-1.67348
-1.67349
-1.67351
-1.67352
-1.67353
-1.67354
-1.67355
-1.67356
-1.67357
-1.67358
-1.67359
-1.6736
-1.6736
-1.67361
-1.67361
-1.67361
-1.67361
-1.67361
-1.67361
-1.6736
-1.6736
-1.67359
-1.67359
-1.67358
-1.67357
-1.67357
-1.67356
-1.67355
-1.67354
-1.67353
-1.67352
-1.67351
-1.6735
-1.67349
-1.67348
-1.67346
-1.67345
-1.67343
-1.67341
-1.67339
-1.67337
-1.67336
-1.67336
-1.67336
-1.67335
-1.67335
-1.67335
-1.67335
-1.67335
-1.67335
-1.67335
-1.67335
-1.67335
-1.67335
-1.67335
-1.67335
-1.67335
-1.67335
-1.67335
-1.67335
-1.67335
-1.67334
-1.67334
-1.67334
-1.67334
-1.67333
-1.67333
-1.67333
-1.67333
-1.67333
-1.67333
-1.77176
-1.77176
-1.77176
-1.77176
-1.77176
-1.77176
-1.77176
-1.77176
-1.77176
-1.77176
-1.77177
-1.77177
-1.77177
-1.77178
-1.77179
-1.7718
-1.77181
-1.77182
-1.77183
-1.77184
-1.77184
-1.77185
-1.77186
-1.77186
-1.77187
-1.77188
-1.77189
-1.77189
-1.7719
-1.77191
-1.77192
-1.77193
-1.77195
-1.77196
-1.77197
-1.77198
-1.77199
-1.772
-1.77201
-1.77202
-1.77203
-1.77204
-1.77204
-1.77204
-1.77204
-1.77204
-1.77204
-1.77204
-1.77204
-1.77203
-1.77202
-1.77202
-1.77201
-1.772
-1.772
-1.77199
-1.77198
-1.77197
-1.77196
-1.77195
-1.77194
-1.77193
-1.77192
-1.77191
-1.77189
-1.77188
-1.77186
-1.77184
-1.77181
-1.7718
-1.77179
-1.77179
-1.77179
-1.77178
-1.77178
-1.77178
-1.77178
-1.77178
-1.77178
-1.77178
-1.77178
-1.77178
-1.77178
-1.77178
-1.77178
-1.77178
-1.77178
-1.77177
-1.77177
-1.77177
-1.77177
-1.77176
-1.77176
-1.77176
-1.77175
-1.77175
-1.77175
-1.77175
-1.77176
-1.77175
-1.87018
-1.87018
-1.87018
-1.87018
-1.87018
-1.87018
-1.87018
-1.87018
-1.87018
-1.87018
-1.87018
-1.87019
-1.87019
-1.8702
-1.87021
-1.87022
-1.87023
-1.87024
-1.87025
-1.87026
-1.87027
-1.87028
-1.87028
-1.87029
-1.8703
-1.8703
-1.87031
-1.87032
-1.87033
-1.87034
-1.87035
-1.87036
-1.87038
-1.87039
-1.8704
-1.87041
-1.87042
-1.87044
-1.87045
-1.87045
-1.87046
-1.87047
-1.87047
-1.87048
-1.87048
-1.87048
-1.87048
-1.87047
-1.87047
-1.87046
-1.87046
-1.87045
-1.87044
-1.87043
-1.87043
-1.87042
-1.87041
-1.8704
-1.87039
-1.87038
-1.87037
-1.87036
-1.87035
-1.87033
-1.87032
-1.87031
-1.87029
-1.87026
-1.87024
-1.87023
-1.87022
-1.87022
-1.87021
-1.87021
-1.87021
-1.87021
-1.87021
-1.87021
-1.87021
-1.8702
-1.8702
-1.8702
-1.8702
-1.8702
-1.8702
-1.8702
-1.8702
-1.8702
-1.87019
-1.87019
-1.87019
-1.87018
-1.87018
-1.87018
-1.87017
-1.87017
-1.87017
-1.87017
-1.87017
-1.87017
-1.9686
-1.9686
-1.9686
-1.9686
-1.9686
-1.9686
-1.9686
-1.9686
-1.9686
-1.9686
-1.9686
-1.96861
-1.96862
-1.96863
-1.96864
-1.96865
-1.96866
-1.96867
-1.96868
-1.96868
-1.96869
-1.9687
-1.96871
-1.96871
-1.96872
-1.96873
-1.96874
-1.96875
-1.96876
-1.96877
-1.96878
-1.96879
-1.96881
-1.96882
-1.96883
-1.96884
-1.96886
-1.96887
-1.96888
-1.96889
-1.96889
-1.9689
-1.96891
-1.96891
-1.96891
-1.96891
-1.96891
-1.96891
-1.9689
-1.9689
-1.96889
-1.96888
-1.96887
-1.96887
-1.96886
-1.96885
-1.96884
-1.96883
-1.96882
-1.96881
-1.9688
-1.96879
-1.96877
-1.96876
-1.96875
-1.96873
-1.96871
-1.96869
-1.96867
-1.96866
-1.96865
-1.96865
-1.96864
-1.96864
-1.96864
-1.96863
-1.96863
-1.96863
-1.96863
-1.96863
-1.96863
-1.96863
-1.96863
-1.96863
-1.96862
-1.96862
-1.96862
-1.96862
-1.96861
-1.96861
-1.96861
-1.9686
-1.9686
-1.9686
-1.96859
-1.96859
-1.96859
-1.96859
-1.96859
-1.96859
-2.06702
-2.06702
-2.06702
-2.06702
-2.06702
-2.06702
-2.06702
-2.06702
-2.06702
-2.06702
-2.06702
-2.06703
-2.06704
-2.06705
-2.06706
-2.06707
-2.06708
-2.06709
-2.0671
-2.06711
-2.06711
-2.06712
-2.06713
-2.06714
-2.06715
-2.06716
-2.06716
-2.06718
-2.06719
-2.0672
-2.06721
-2.06722
-2.06724
-2.06725
-2.06726
-2.06727
-2.06729
-2.0673
-2.06731
-2.06732
-2.06733
-2.06733
-2.06734
-2.06734
-2.06734
-2.06734
-2.06734
-2.06734
-2.06733
-2.06733
-2.06732
-2.06731
-2.0673
-2.0673
-2.06729
-2.06728
-2.06727
-2.06726
-2.06725
-2.06723
-2.06722
-2.06721
-2.0672
-2.06719
-2.06718
-2.06716
-2.06714
-2.06711
-2.06709
-2.06708
-2.06708
-2.06707
-2.06707
-2.06707
-2.06706
-2.06706
-2.06706
-2.06706
-2.06706
-2.06706
-2.06705
-2.06705
-2.06705
-2.06705
-2.06705
-2.06705
-2.06704
-2.06704
-2.06704
-2.06703
-2.06703
-2.06702
-2.06702
-2.06702
-2.06701
-2.06701
-2.06701
-2.067
-2.067
-2.067
-2.16544
-2.16544
-2.16544
-2.16544
-2.16544
-2.16544
-2.16544
-2.16544
-2.16544
-2.16544
-2.16544
-2.16545
-2.16546
-2.16547
-2.16548
-2.16549
-2.1655
-2.16551
-2.16552
-2.16553
-2.16554
-2.16555
-2.16555
-2.16556
-2.16557
-2.16558
-2.16559
-2.1656
-2.16561
-2.16562
-2.16564
-2.16565
-2.16566
-2.16568
-2.16569
-2.1657
-2.16572
-2.16573
-2.16574
-2.16575
-2.16575
-2.16576
-2.16577
-2.16577
-2.16577
-2.16577
-2.16577
-2.16577
-2.16576
-2.16576
-2.16575
-2.16574
-2.16574
-2.16573
-2.16572
-2.16571
-2.16569
-2.16568
-2.16567
-2.16566
-2.16565
-2.16564
-2.16563
-2.16562
-2.1656
-2.16558
-2.16556
-2.16554
-2.16552
-2.16551
-2.1655
-2.1655
-2.16549
-2.16549
-2.16549
-2.16549
-2.16549
-2.16548
-2.16548
-2.16548
-2.16548
-2.16548
-2.16548
-2.16547
-2.16547
-2.16547
-2.16547
-2.16546
-2.16546
-2.16545
-2.16545
-2.16544
-2.16544
-2.16543
-2.16543
-2.16543
-2.16542
-2.16542
-2.16542
-2.16542
-2.26387
-2.26387
-2.26387
-2.26386
-2.26386
-2.26386
-2.26386
-2.26386
-2.26386
-2.26386
-2.26386
-2.26387
-2.26388
-2.26389
-2.2639
-2.26391
-2.26392
-2.26393
-2.26394
-2.26395
-2.26396
-2.26397
-2.26398
-2.26399
-2.26399
-2.264
-2.26402
-2.26403
-2.26404
-2.26405
-2.26406
-2.26408
-2.26409
-2.26411
-2.26412
-2.26413
-2.26414
-2.26415
-2.26417
-2.26417
-2.26418
-2.26419
-2.2642
-2.2642
-2.2642
-2.2642
-2.2642
-2.2642
-2.26419
-2.26419
-2.26418
-2.26417
-2.26416
-2.26415
-2.26414
-2.26413
-2.26412
-2.26411
-2.2641
-2.26409
-2.26408
-2.26406
-2.26405
-2.26404
-2.26403
-2.264
-2.26398
-2.26396
-2.26394
-2.26393
-2.26393
-2.26392
-2.26392
-2.26392
-2.26391
-2.26391
-2.26391
-2.26391
-2.26391
-2.26391
-2.2639
-2.2639
-2.2639
-2.2639
-2.26389
-2.26389
-2.26389
-2.26388
-2.26388
-2.26387
-2.26387
-2.26386
-2.26386
-2.26385
-2.26385
-2.26384
-2.26384
-2.26384
-2.26383
-2.26383
-2.36229
-2.36229
-2.36229
-2.36229
-2.36229
-2.36228
-2.36228
-2.36228
-2.36228
-2.36228
-2.36228
-2.36229
-2.3623
-2.36231
-2.36232
-2.36233
-2.36234
-2.36235
-2.36236
-2.36237
-2.36238
-2.36239
-2.3624
-2.36241
-2.36242
-2.36243
-2.36244
-2.36245
-2.36246
-2.36248
-2.36249
-2.3625
-2.36252
-2.36253
-2.36254
-2.36256
-2.36257
-2.36258
-2.36259
-2.3626
-2.36261
-2.36262
-2.36262
-2.36263
-2.36263
-2.36263
-2.36263
-2.36263
-2.36262
-2.36262
-2.36261
-2.3626
-2.36259
-2.36258
-2.36257
-2.36256
-2.36255
-2.36254
-2.36252
-2.36251
-2.3625
-2.36249
-2.36248
-2.36246
-2.36245
-2.36243
-2.3624
-2.36238
-2.36237
-2.36236
-2.36235
-2.36235
-2.36234
-2.36234
-2.36234
-2.36234
-2.36233
-2.36233
-2.36233
-2.36233
-2.36233
-2.36233
-2.36232
-2.36232
-2.36232
-2.36231
-2.36231
-2.3623
-2.3623
-2.36229
-2.36229
-2.36228
-2.36228
-2.36227
-2.36227
-2.36226
-2.36226
-2.36225
-2.36225
-2.36225
-2.46071
-2.46071
-2.46071
-2.46071
-2.46071
-2.46071
-2.46071
-2.4607
-2.4607
-2.4607
-2.46071
-2.46071
-2.46072
-2.46073
-2.46075
-2.46076
-2.46077
-2.46078
-2.46079
-2.4608
-2.4608
-2.46081
-2.46082
-2.46083
-2.46084
-2.46085
-2.46086
-2.46088
-2.46089
-2.4609
-2.46092
-2.46093
-2.46094
-2.46096
-2.46097
-2.46098
-2.46099
-2.46101
-2.46102
-2.46103
-2.46104
-2.46104
-2.46105
-2.46106
-2.46106
-2.46106
-2.46106
-2.46106
-2.46105
-2.46105
-2.46104
-2.46103
-2.46102
-2.46101
-2.461
-2.46099
-2.46097
-2.46096
-2.46095
-2.46094
-2.46092
-2.46091
-2.4609
-2.46089
-2.46087
-2.46084
-2.46082
-2.4608
-2.46079
-2.46078
-2.46077
-2.46077
-2.46076
-2.46076
-2.46076
-2.46076
-2.46076
-2.46076
-2.46075
-2.46075
-2.46075
-2.46075
-2.46075
-2.46074
-2.46074
-2.46074
-2.46073
-2.46073
-2.46072
-2.46071
-2.46071
-2.4607
-2.46069
-2.46069
-2.46068
-2.46068
-2.46067
-2.46067
-2.46067
-2.46066
-2.55914
-2.55914
-2.55914
-2.55914
-2.55913
-2.55913
-2.55913
-2.55913
-2.55913
-2.55913
-2.55913
-2.55914
-2.55915
-2.55916
-2.55917
-2.55918
-2.55919
-2.5592
-2.55921
-2.55922
-2.55923
-2.55923
-2.55924
-2.55925
-2.55926
-2.55927
-2.55929
-2.5593
-2.55931
-2.55932
-2.55934
-2.55935
-2.55937
-2.55938
-2.55939
-2.55941
-2.55942
-2.55943
-2.55944
-2.55945
-2.55946
-2.55947
-2.55948
-2.55948
-2.55948
-2.55949
-2.55948
-2.55948
-2.55948
-2.55947
-2.55946
-2.55946
-2.55945
-2.55943
-2.55942
-2.55941
-2.5594
-2.55938
-2.55937
-2.55936
-2.55935
-2.55933
-2.55932
-2.55931
-2.55929
-2.55926
-2.55924
-2.55922
-2.55921
-2.5592
-2.5592
-2.55919
-2.55919
-2.55918
-2.55918
-2.55918
-2.55918
-2.55918
-2.55918
-2.55918
-2.55917
-2.55917
-2.55917
-2.55917
-2.55916
-2.55916
-2.55915
-2.55915
-2.55914
-2.55913
-2.55913
-2.55912
-2.55911
-2.55911
-2.5591
-2.55909
-2.55909
-2.55908
-2.55908
-2.55908
-2.65756
-2.65756
-2.65756
-2.65756
-2.65756
-2.65756
-2.65756
-2.65756
-2.65755
-2.65755
-2.65756
-2.65756
-2.65757
-2.65758
-2.65759
-2.6576
-2.65761
-2.65762
-2.65763
-2.65764
-2.65765
-2.65765
-2.65766
-2.65767
-2.65768
-2.6577
-2.65771
-2.65772
-2.65773
-2.65775
-2.65776
-2.65778
-2.65779
-2.6578
-2.65782
-2.65783
-2.65784
-2.65785
-2.65786
-2.65787
-2.65788
-2.65789
-2.6579
-2.6579
-2.65791
-2.65791
-2.65791
-2.65791
-2.6579
-2.6579
-2.65789
-2.65788
-2.65787
-2.65786
-2.65784
-2.65783
-2.65782
-2.6578
-2.65779
-2.65778
-2.65777
-2.65776
-2.65774
-2.65773
-2.65771
-2.65768
-2.65766
-2.65764
-2.65763
-2.65762
-2.65762
-2.65761
-2.65761
-2.6576
-2.6576
-2.6576
-2.6576
-2.6576
-2.6576
-2.6576
-2.65759
-2.65759
-2.65759
-2.65759
-2.65758
-2.65758
-2.65757
-2.65757
-2.65756
-2.65755
-2.65754
-2.65754
-2.65753
-2.65752
-2.65752
-2.65751
-2.65751
-2.6575
-2.6575
-2.6575
-2.75599
-2.75599
-2.75599
-2.75599
-2.75599
-2.75598
-2.75598
-2.75598
-2.75598
-2.75598
-2.75599
-2.75599
-2.756
-2.75601
-2.75601
-2.75602
-2.75603
-2.75604
-2.75605
-2.75606
-2.75607
-2.75608
-2.75608
-2.75609
-2.7561
-2.75612
-2.75613
-2.75614
-2.75615
-2.75617
-2.75618
-2.7562
-2.75621
-2.75622
-2.75624
-2.75625
-2.75626
-2.75627
-2.75628
-2.75629
-2.7563
-2.75631
-2.75632
-2.75632
-2.75633
-2.75633
-2.75633
-2.75633
-2.75632
-2.75632
-2.75631
-2.7563
-2.75629
-2.75628
-2.75626
-2.75625
-2.75624
-2.75622
-2.75621
-2.7562
-2.75619
-2.75618
-2.75616
-2.75614
-2.75612
-2.7561
-2.75608
-2.75606
-2.75605
-2.75604
-2.75604
-2.75603
-2.75603
-2.75602
-2.75602
-2.75602
-2.75602
-2.75602
-2.75602
-2.75602
-2.75602
-2.75601
-2.75601
-2.75601
-2.756
-2.756
-2.75599
-2.75599
-2.75598
-2.75597
-2.75596
-2.75596
-2.75595
-2.75594
-2.75593
-2.75593
-2.75592
-2.75592
-2.75592
-2.75591
-2.85441
-2.85441
-2.85441
-2.85441
-2.85441
-2.85441
-2.85441
-2.85441
-2.85441
-2.85441
-2.85441
-2.85442
-2.85442
-2.85443
-2.85444
-2.85445
-2.85445
-2.85446
-2.85447
-2.85448
-2.85449
-2.85449
-2.8545
-2.85451
-2.85452
-2.85453
-2.85455
-2.85456
-2.85457
-2.85459
-2.8546
-2.85462
-2.85463
-2.85464
-2.85465
-2.85467
-2.85468
-2.85469
-2.8547
-2.85471
-2.85472
-2.85473
-2.85474
-2.85474
-2.85475
-2.85475
-2.85475
-2.85475
-2.85474
-2.85474
-2.85473
-2.85472
-2.85471
-2.8547
-2.85468
-2.85467
-2.85466
-2.85464
-2.85463
-2.85462
-2.85461
-2.85459
-2.85458
-2.85456
-2.85454
-2.85452
-2.85449
-2.85448
-2.85447
-2.85446
-2.85445
-2.85445
-2.85444
-2.85444
-2.85444
-2.85444
-2.85444
-2.85444
-2.85444
-2.85444
-2.85444
-2.85443
-2.85443
-2.85443
-2.85442
-2.85442
-2.85441
-2.8544
-2.8544
-2.85439
-2.85438
-2.85437
-2.85437
-2.85436
-2.85435
-2.85435
-2.85434
-2.85434
-2.85433
-2.85433
-2.95284
-2.95284
-2.95284
-2.95284
-2.95284
-2.95284
-2.95284
-2.95284
-2.95284
-2.95284
-2.95284
-2.95285
-2.95285
-2.95286
-2.95286
-2.95287
-2.95288
-2.95288
-2.95289
-2.9529
-2.95291
-2.95291
-2.95292
-2.95293
-2.95294
-2.95295
-2.95296
-2.95298
-2.95299
-2.953
-2.95302
-2.95303
-2.95305
-2.95306
-2.95307
-2.95308
-2.9531
-2.95311
-2.95312
-2.95313
-2.95314
-2.95314
-2.95315
-2.95316
-2.95316
-2.95317
-2.95317
-2.95316
-2.95316
-2.95315
-2.95315
-2.95314
-2.95312
-2.95311
-2.9531
-2.95309
-2.95307
-2.95306
-2.95305
-2.95304
-2.95302
-2.95301
-2.953
-2.95298
-2.95296
-2.95293
-2.95291
-2.9529
-2.95289
-2.95288
-2.95287
-2.95287
-2.95286
-2.95286
-2.95286
-2.95286
-2.95285
-2.95285
-2.95286
-2.95286
-2.95285
-2.95285
-2.95285
-2.95285
-2.95284
-2.95284
-2.95283
-2.95282
-2.95281
-2.95281
-2.9528
-2.95279
-2.95278
-2.95278
-2.95277
-2.95276
-2.95276
-2.95275
-2.95275
-2.95275
-3.05127
-3.05127
-3.05127
-3.05127
-3.05127
-3.05127
-3.05127
-3.05127
-3.05127
-3.05127
-3.05127
-3.05128
-3.05128
-3.05128
-3.05129
-3.05129
-3.0513
-3.0513
-3.05131
-3.05132
-3.05132
-3.05133
-3.05134
-3.05135
-3.05136
-3.05137
-3.05138
-3.05139
-3.05141
-3.05142
-3.05143
-3.05145
-3.05146
-3.05148
-3.05149
-3.0515
-3.05151
-3.05152
-3.05153
-3.05154
-3.05155
-3.05156
-3.05157
-3.05157
-3.05158
-3.05158
-3.05158
-3.05158
-3.05157
-3.05157
-3.05156
-3.05155
-3.05154
-3.05153
-3.05151
-3.0515
-3.05149
-3.05148
-3.05147
-3.05145
-3.05144
-3.05143
-3.05141
-3.05139
-3.05137
-3.05135
-3.05133
-3.05131
-3.05131
-3.0513
-3.05129
-3.05128
-3.05128
-3.05128
-3.05127
-3.05127
-3.05127
-3.05127
-3.05127
-3.05127
-3.05127
-3.05127
-3.05127
-3.05127
-3.05126
-3.05125
-3.05125
-3.05124
-3.05123
-3.05123
-3.05122
-3.05121
-3.0512
-3.0512
-3.05119
-3.05118
-3.05118
-3.05117
-3.05117
-3.05117
-3.14969
-3.14969
-3.14969
-3.1497
-3.1497
-3.1497
-3.1497
-3.1497
-3.1497
-3.1497
-3.14971
-3.14971
-3.14971
-3.14971
-3.14971
-3.14972
-3.14972
-3.14973
-3.14973
-3.14974
-3.14974
-3.14975
-3.14976
-3.14976
-3.14977
-3.14978
-3.1498
-3.14981
-3.14982
-3.14984
-3.14985
-3.14986
-3.14988
-3.14989
-3.1499
-3.14992
-3.14993
-3.14994
-3.14995
-3.14996
-3.14997
-3.14997
-3.14998
-3.14999
-3.14999
-3.14999
-3.14999
-3.14999
-3.14999
-3.14998
-3.14997
-3.14996
-3.14995
-3.14994
-3.14993
-3.14992
-3.1499
-3.14989
-3.14988
-3.14987
-3.14986
-3.14984
-3.14983
-3.14981
-3.14979
-3.14977
-3.14975
-3.14973
-3.14972
-3.14972
-3.14971
-3.1497
-3.1497
-3.14969
-3.14969
-3.14969
-3.14969
-3.14969
-3.14969
-3.14969
-3.14969
-3.14969
-3.14969
-3.14968
-3.14968
-3.14967
-3.14967
-3.14966
-3.14965
-3.14964
-3.14964
-3.14963
-3.14962
-3.14962
-3.14961
-3.14961
-3.1496
-3.1496
-3.14959
-3.14959
-3.24812
-3.24812
-3.24812
-3.24812
-3.24812
-3.24812
-3.24813
-3.24813
-3.24813
-3.24814
-3.24814
-3.24814
-3.24814
-3.24814
-3.24814
-3.24814
-3.24814
-3.24815
-3.24815
-3.24815
-3.24816
-3.24816
-3.24817
-3.24818
-3.24819
-3.2482
-3.24821
-3.24822
-3.24823
-3.24825
-3.24826
-3.24828
-3.24829
-3.2483
-3.24832
-3.24833
-3.24834
-3.24835
-3.24836
-3.24837
-3.24838
-3.24839
-3.24839
-3.2484
-3.2484
-3.2484
-3.2484
-3.2484
-3.2484
-3.24839
-3.24838
-3.24838
-3.24837
-3.24835
-3.24834
-3.24833
-3.24832
-3.24831
-3.2483
-3.24829
-3.24827
-3.24826
-3.24824
-3.24822
-3.2482
-3.24818
-3.24817
-3.24815
-3.24814
-3.24813
-3.24813
-3.24812
-3.24811
-3.24811
-3.24811
-3.24811
-3.24811
-3.24811
-3.24811
-3.24811
-3.24811
-3.24811
-3.2481
-3.2481
-3.2481
-3.24809
-3.24808
-3.24808
-3.24807
-3.24806
-3.24806
-3.24805
-3.24804
-3.24804
-3.24803
-3.24803
-3.24802
-3.24802
-3.24802
-3.24802
-3.34654
-3.34654
-3.34654
-3.34655
-3.34655
-3.34655
-3.34656
-3.34656
-3.34656
-3.34657
-3.34657
-3.34657
-3.34657
-3.34657
-3.34657
-3.34656
-3.34656
-3.34657
-3.34657
-3.34657
-3.34657
-3.34658
-3.34658
-3.34659
-3.3466
-3.34661
-3.34662
-3.34663
-3.34665
-3.34666
-3.34667
-3.34669
-3.3467
-3.34672
-3.34673
-3.34674
-3.34675
-3.34677
-3.34678
-3.34678
-3.34679
-3.3468
-3.3468
-3.34681
-3.34681
-3.34681
-3.34681
-3.34681
-3.34681
-3.3468
-3.3468
-3.34679
-3.34678
-3.34677
-3.34676
-3.34674
-3.34673
-3.34672
-3.34671
-3.3467
-3.34669
-3.34667
-3.34666
-3.34664
-3.34662
-3.3466
-3.34658
-3.34657
-3.34656
-3.34655
-3.34654
-3.34654
-3.34653
-3.34653
-3.34653
-3.34653
-3.34653
-3.34653
-3.34653
-3.34653
-3.34653
-3.34653
-3.34652
-3.34652
-3.34651
-3.34651
-3.3465
-3.34649
-3.34649
-3.34648
-3.34648
-3.34647
-3.34647
-3.34646
-3.34646
-3.34645
-3.34645
-3.34645
-3.34644
-3.34644
-3.44497
-3.44497
-3.44497
-3.44497
-3.44497
-3.44497
-3.44498
-3.44499
-3.44499
-3.445
-3.445
-3.445
-3.445
-3.44499
-3.44499
-3.44499
-3.44499
-3.44499
-3.44498
-3.44499
-3.44499
-3.44499
-3.445
-3.445
-3.44501
-3.44502
-3.44503
-3.44504
-3.44505
-3.44507
-3.44508
-3.4451
-3.44511
-3.44513
-3.44514
-3.44515
-3.44517
-3.44518
-3.44519
-3.4452
-3.44521
-3.44521
-3.44522
-3.44522
-3.44522
-3.44523
-3.44523
-3.44522
-3.44522
-3.44521
-3.44521
-3.4452
-3.44519
-3.44518
-3.44517
-3.44516
-3.44515
-3.44514
-3.44513
-3.44512
-3.4451
-3.44509
-3.44507
-3.44505
-3.44503
-3.44502
-3.445
-3.44499
-3.44498
-3.44497
-3.44496
-3.44495
-3.44495
-3.44495
-3.44494
-3.44494
-3.44494
-3.44494
-3.44495
-3.44495
-3.44494
-3.44494
-3.44494
-3.44493
-3.44493
-3.44492
-3.44492
-3.44491
-3.44491
-3.4449
-3.4449
-3.44489
-3.44489
-3.44489
-3.44488
-3.44488
-3.44488
-3.44487
-3.44487
-3.44487
-3.54339
-3.54339
-3.54339
-3.54339
-3.54339
-3.5434
-3.5434
-3.54341
-3.54342
-3.54342
-3.54343
-3.54343
-3.54342
-3.54342
-3.54342
-3.54341
-3.54341
-3.5434
-3.5434
-3.5434
-3.5434
-3.5434
-3.54341
-3.54341
-3.54342
-3.54343
-3.54344
-3.54345
-3.54346
-3.54348
-3.54349
-3.5435
-3.54352
-3.54354
-3.54355
-3.54356
-3.54358
-3.54359
-3.5436
-3.54361
-3.54362
-3.54363
-3.54363
-3.54363
-3.54364
-3.54364
-3.54364
-3.54364
-3.54363
-3.54363
-3.54362
-3.54361
-3.5436
-3.54359
-3.54358
-3.54357
-3.54356
-3.54355
-3.54354
-3.54353
-3.54351
-3.5435
-3.54348
-3.54346
-3.54344
-3.54343
-3.54342
-3.5434
-3.54339
-3.54338
-3.54338
-3.54337
-3.54336
-3.54336
-3.54336
-3.54336
-3.54336
-3.54336
-3.54336
-3.54336
-3.54336
-3.54336
-3.54335
-3.54335
-3.54334
-3.54334
-3.54333
-3.54333
-3.54333
-3.54332
-3.54332
-3.54332
-3.54331
-3.54331
-3.54331
-3.54331
-3.54331
-3.5433
-3.5433
-3.5433
-3.64181
-3.64181
-3.64181
-3.64181
-3.64181
-3.64182
-3.64182
-3.64183
-3.64184
-3.64185
-3.64185
-3.64185
-3.64185
-3.64184
-3.64184
-3.64183
-3.64183
-3.64182
-3.64182
-3.64182
-3.64181
-3.64181
-3.64182
-3.64182
-3.64183
-3.64183
-3.64184
-3.64185
-3.64187
-3.64188
-3.64189
-3.64191
-3.64193
-3.64194
-3.64196
-3.64197
-3.64199
-3.642
-3.64201
-3.64202
-3.64203
-3.64204
-3.64204
-3.64205
-3.64205
-3.64205
-3.64205
-3.64205
-3.64205
-3.64204
-3.64203
-3.64203
-3.64202
-3.64201
-3.642
-3.64199
-3.64198
-3.64197
-3.64195
-3.64194
-3.64193
-3.64191
-3.64189
-3.64187
-3.64185
-3.64184
-3.64183
-3.64182
-3.64181
-3.6418
-3.64179
-3.64179
-3.64178
-3.64178
-3.64178
-3.64178
-3.64178
-3.64178
-3.64178
-3.64178
-3.64178
-3.64177
-3.64177
-3.64176
-3.64176
-3.64176
-3.64175
-3.64175
-3.64175
-3.64175
-3.64174
-3.64174
-3.64174
-3.64174
-3.64174
-3.64174
-3.64173
-3.64173
-3.64173
-3.64173
-3.74023
-3.74023
-3.74023
-3.74023
-3.74023
-3.74024
-3.74024
-3.74025
-3.74026
-3.74026
-3.74027
-3.74027
-3.74027
-3.74027
-3.74026
-3.74025
-3.74025
-3.74024
-3.74023
-3.74023
-3.74023
-3.74022
-3.74023
-3.74023
-3.74023
-3.74024
-3.74025
-3.74026
-3.74027
-3.74028
-3.7403
-3.74031
-3.74033
-3.74035
-3.74036
-3.74038
-3.74039
-3.74041
-3.74042
-3.74043
-3.74044
-3.74045
-3.74046
-3.74046
-3.74047
-3.74047
-3.74047
-3.74047
-3.74046
-3.74046
-3.74045
-3.74044
-3.74043
-3.74042
-3.74041
-3.7404
-3.74039
-3.74038
-3.74037
-3.74035
-3.74033
-3.74031
-3.74029
-3.74027
-3.74026
-3.74025
-3.74024
-3.74023
-3.74022
-3.74021
-3.74021
-3.7402
-3.7402
-3.7402
-3.7402
-3.7402
-3.7402
-3.7402
-3.74019
-3.74019
-3.74019
-3.74019
-3.74018
-3.74018
-3.74018
-3.74017
-3.74017
-3.74017
-3.74017
-3.74017
-3.74017
-3.74017
-3.74017
-3.74017
-3.74017
-3.74017
-3.74016
-3.74016
-3.74016
-3.74016
-3.83865
-3.83865
-3.83865
-3.83865
-3.83865
-3.83865
-3.83866
-3.83866
-3.83867
-3.83868
-3.83868
-3.83869
-3.83869
-3.83869
-3.83868
-3.83867
-3.83866
-3.83866
-3.83865
-3.83864
-3.83864
-3.83863
-3.83863
-3.83863
-3.83864
-3.83864
-3.83865
-3.83866
-3.83867
-3.83869
-3.8387
-3.83872
-3.83873
-3.83875
-3.83877
-3.83878
-3.8388
-3.83881
-3.83883
-3.83884
-3.83885
-3.83886
-3.83887
-3.83888
-3.83888
-3.83888
-3.83888
-3.83888
-3.83888
-3.83887
-3.83887
-3.83886
-3.83885
-3.83884
-3.83883
-3.83882
-3.83881
-3.83879
-3.83878
-3.83876
-3.83874
-3.83872
-3.83869
-3.83867
-3.83866
-3.83865
-3.83865
-3.83864
-3.83863
-3.83863
-3.83862
-3.83862
-3.83861
-3.83861
-3.83861
-3.83861
-3.83861
-3.83861
-3.83861
-3.83861
-3.8386
-3.8386
-3.8386
-3.8386
-3.8386
-3.83859
-3.83859
-3.83859
-3.83859
-3.83859
-3.83859
-3.8386
-3.8386
-3.8386
-3.8386
-3.8386
-3.83859
-3.83859
-3.83859
-3.83859
-3.93706
-3.93706
-3.93707
-3.93707
-3.93707
-3.93707
-3.93707
-3.93708
-3.93709
-3.93709
-3.9371
-3.9371
-3.9371
-3.9371
-3.9371
-3.93709
-3.93708
-3.93707
-3.93706
-3.93705
-3.93705
-3.93704
-3.93704
-3.93704
-3.93704
-3.93705
-3.93705
-3.93706
-3.93707
-3.93709
-3.9371
-3.93712
-3.93713
-3.93715
-3.93717
-3.93718
-3.9372
-3.93722
-3.93723
-3.93725
-3.93726
-3.93727
-3.93728
-3.93729
-3.9373
-3.9373
-3.9373
-3.9373
-3.93729
-3.93729
-3.93728
-3.93728
-3.93727
-3.93726
-3.93724
-3.93723
-3.93722
-3.9372
-3.93718
-3.93716
-3.93714
-3.93711
-3.93709
-3.93707
-3.93705
-3.93705
-3.93705
-3.93705
-3.93704
-3.93704
-3.93703
-3.93703
-3.93703
-3.93703
-3.93702
-3.93702
-3.93702
-3.93702
-3.93702
-3.93702
-3.93702
-3.93702
-3.93702
-3.93701
-3.93701
-3.93701
-3.93702
-3.93702
-3.93702
-3.93702
-3.93702
-3.93702
-3.93703
-3.93703
-3.93703
-3.93703
-3.93702
-3.93702
-3.93702
-3.93702
-4.03548
-4.03548
-4.03548
-4.03548
-4.03548
-4.03549
-4.03549
-4.03549
-4.0355
-4.03551
-4.03551
-4.03552
-4.03552
-4.03552
-4.03551
-4.03551
-4.0355
-4.03549
-4.03547
-4.03546
-4.03545
-4.03545
-4.03544
-4.03544
-4.03544
-4.03545
-4.03545
-4.03546
-4.03547
-4.03549
-4.0355
-4.03551
-4.03553
-4.03555
-4.03557
-4.03558
-4.0356
-4.03562
-4.03564
-4.03565
-4.03567
-4.03568
-4.03569
-4.0357
-4.03571
-4.03571
-4.03571
-4.03571
-4.03571
-4.03571
-4.0357
-4.03569
-4.03568
-4.03567
-4.03566
-4.03564
-4.03563
-4.03561
-4.03559
-4.03556
-4.03553
-4.0355
-4.03548
-4.03545
-4.03544
-4.03544
-4.03544
-4.03544
-4.03544
-4.03544
-4.03544
-4.03544
-4.03544
-4.03544
-4.03544
-4.03544
-4.03544
-4.03543
-4.03543
-4.03543
-4.03543
-4.03543
-4.03543
-4.03543
-4.03544
-4.03544
-4.03544
-4.03544
-4.03544
-4.03545
-4.03545
-4.03545
-4.03545
-4.03545
-4.03545
-4.03545
-4.03545
-4.03545
-4.03545
-4.03545
-4.13389
-4.13389
-4.1339
-4.1339
-4.1339
-4.1339
-4.1339
-4.13391
-4.13391
-4.13392
-4.13392
-4.13393
-4.13393
-4.13393
-4.13393
-4.13392
-4.13391
-4.1339
-4.13389
-4.13387
-4.13386
-4.13385
-4.13385
-4.13385
-4.13385
-4.13385
-4.13386
-4.13386
-4.13387
-4.13388
-4.1339
-4.13391
-4.13393
-4.13395
-4.13396
-4.13398
-4.134
-4.13402
-4.13404
-4.13406
-4.13407
-4.13409
-4.1341
-4.13411
-4.13412
-4.13412
-4.13412
-4.13413
-4.13412
-4.13412
-4.13411
-4.1341
-4.13409
-4.13408
-4.13407
-4.13405
-4.13403
-4.13401
-4.13398
-4.13395
-4.13392
-4.13389
-4.13386
-4.13383
-4.13382
-4.13382
-4.13383
-4.13384
-4.13384
-4.13384
-4.13384
-4.13384
-4.13384
-4.13384
-4.13385
-4.13385
-4.13385
-4.13385
-4.13385
-4.13385
-4.13385
-4.13385
-4.13385
-4.13386
-4.13386
-4.13386
-4.13386
-4.13387
-4.13387
-4.13387
-4.13388
-4.13388
-4.13388
-4.13388
-4.13388
-4.13388
-4.13388
-4.13388
-4.13388
-4.13388
-4.23229
-4.2323
-4.23231
-4.23231
-4.23231
-4.23231
-4.23232
-4.23232
-4.23233
-4.23233
-4.23234
-4.23234
-4.23234
-4.23234
-4.23234
-4.23233
-4.23232
-4.23231
-4.2323
-4.23228
-4.23227
-4.23226
-4.23225
-4.23225
-4.23225
-4.23225
-4.23226
-4.23226
-4.23227
-4.23228
-4.23229
-4.23231
-4.23233
-4.23234
-4.23236
-4.23238
-4.2324
-4.23242
-4.23244
-4.23246
-4.23247
-4.23249
-4.2325
-4.23251
-4.23252
-4.23253
-4.23253
-4.23253
-4.23253
-4.23253
-4.23252
-4.23251
-4.2325
-4.23249
-4.23247
-4.23245
-4.23243
-4.2324
-4.23237
-4.23234
-4.2323
-4.23226
-4.23223
-4.23221
-4.23219
-4.2322
-4.23221
-4.23222
-4.23223
-4.23224
-4.23224
-4.23225
-4.23225
-4.23225
-4.23225
-4.23225
-4.23226
-4.23226
-4.23226
-4.23226
-4.23227
-4.23227
-4.23227
-4.23228
-4.23228
-4.23229
-4.23229
-4.2323
-4.2323
-4.2323
-4.23231
-4.23231
-4.23231
-4.23231
-4.23231
-4.23231
-4.23231
-4.23231
-4.23231
-4.23231
-4.33069
-4.3307
-4.33072
-4.33072
-4.33073
-4.33073
-4.33073
-4.33074
-4.33074
-4.33075
-4.33075
-4.33076
-4.33076
-4.33076
-4.33075
-4.33075
-4.33074
-4.33072
-4.33071
-4.33069
-4.33068
-4.33067
-4.33066
-4.33066
-4.33065
-4.33065
-4.33066
-4.33066
-4.33067
-4.33068
-4.33069
-4.33071
-4.33072
-4.33074
-4.33076
-4.33078
-4.3308
-4.33082
-4.33084
-4.33086
-4.33087
-4.33089
-4.3309
-4.33092
-4.33093
-4.33093
-4.33094
-4.33094
-4.33094
-4.33094
-4.33093
-4.33092
-4.33091
-4.33089
-4.33087
-4.33085
-4.33082
-4.33079
-4.33076
-4.33072
-4.33068
-4.33064
-4.3306
-4.33058
-4.33057
-4.33057
-4.33059
-4.33061
-4.33062
-4.33063
-4.33064
-4.33065
-4.33065
-4.33066
-4.33066
-4.33066
-4.33067
-4.33067
-4.33068
-4.33068
-4.33069
-4.33069
-4.3307
-4.3307
-4.33071
-4.33072
-4.33072
-4.33072
-4.33073
-4.33073
-4.33073
-4.33074
-4.33074
-4.33074
-4.33074
-4.33074
-4.33074
-4.33074
-4.33074
-4.33073
-4.42908
-4.4291
-4.42912
-4.42913
-4.42914
-4.42914
-4.42915
-4.42915
-4.42916
-4.42916
-4.42917
-4.42917
-4.42917
-4.42917
-4.42917
-4.42916
-4.42915
-4.42913
-4.42912
-4.4291
-4.42909
-4.42908
-4.42907
-4.42906
-4.42906
-4.42906
-4.42906
-4.42907
-4.42907
-4.42908
-4.42909
-4.42911
-4.42912
-4.42914
-4.42916
-4.42918
-4.4292
-4.42922
-4.42924
-4.42926
-4.42928
-4.42929
-4.42931
-4.42932
-4.42933
-4.42934
-4.42934
-4.42935
-4.42935
-4.42934
-4.42934
-4.42932
-4.42931
-4.42929
-4.42927
-4.42924
-4.42921
-4.42918
-4.42914
-4.4291
-4.42905
-4.42901
-4.42897
-4.42894
-4.42894
-4.42895
-4.42897
-4.42899
-4.42901
-4.42902
-4.42904
-4.42904
-4.42905
-4.42906
-4.42907
-4.42907
-4.42908
-4.42909
-4.4291
-4.4291
-4.42911
-4.42912
-4.42913
-4.42913
-4.42914
-4.42914
-4.42915
-4.42915
-4.42916
-4.42916
-4.42916
-4.42916
-4.42917
-4.42917
-4.42916
-4.42916
-4.42916
-4.42916
-4.42917
-4.42916
-4.52745
-4.52748
-4.52751
-4.52753
-4.52755
-4.52756
-4.52756
-4.52757
-4.52757
-4.52758
-4.52758
-4.52759
-4.52759
-4.52759
-4.52758
-4.52757
-4.52756
-4.52755
-4.52753
-4.52752
-4.5275
-4.52749
-4.52748
-4.52747
-4.52747
-4.52747
-4.52747
-4.52747
-4.52748
-4.52748
-4.5275
-4.52751
-4.52753
-4.52754
-4.52756
-4.52758
-4.5276
-4.52762
-4.52764
-4.52766
-4.52768
-4.5277
-4.52771
-4.52773
-4.52774
-4.52774
-4.52775
-4.52775
-4.52775
-4.52775
-4.52774
-4.52773
-4.52771
-4.52769
-4.52767
-4.52764
-4.5276
-4.52756
-4.52752
-4.52747
-4.52743
-4.52738
-4.52734
-4.52731
-4.52731
-4.52732
-4.52735
-4.52737
-4.5274
-4.52742
-4.52743
-4.52745
-4.52746
-4.52747
-4.52748
-4.52749
-4.5275
-4.52751
-4.52752
-4.52753
-4.52754
-4.52755
-4.52755
-4.52756
-4.52757
-4.52757
-4.52758
-4.52758
-4.52759
-4.52759
-4.52759
-4.52759
-4.5276
-4.5276
-4.52759
-4.52759
-4.52759
-4.52759
-4.52759
-4.52758
-4.62581
-4.62584
-4.62589
-4.62593
-4.62595
-4.62597
-4.62597
-4.62598
-4.62599
-4.62599
-4.626
-4.626
-4.626
-4.626
-4.62599
-4.62598
-4.62597
-4.62596
-4.62594
-4.62593
-4.62592
-4.62591
-4.6259
-4.62589
-4.62589
-4.62588
-4.62588
-4.62588
-4.62589
-4.62589
-4.6259
-4.62592
-4.62593
-4.62595
-4.62597
-4.62599
-4.62601
-4.62603
-4.62605
-4.62607
-4.62609
-4.6261
-4.62612
-4.62613
-4.62614
-4.62615
-4.62616
-4.62616
-4.62616
-4.62615
-4.62615
-4.62613
-4.62612
-4.62609
-4.62607
-4.62603
-4.626
-4.62595
-4.62591
-4.62586
-4.6258
-4.62576
-4.62572
-4.62569
-4.62568
-4.6257
-4.62573
-4.62576
-4.62579
-4.62581
-4.62583
-4.62585
-4.62587
-4.62588
-4.6259
-4.62591
-4.62592
-4.62593
-4.62594
-4.62595
-4.62596
-4.62597
-4.62598
-4.62599
-4.626
-4.626
-4.62601
-4.62601
-4.62602
-4.62602
-4.62602
-4.62602
-4.62602
-4.62602
-4.62602
-4.62602
-4.62602
-4.62602
-4.62601
-4.62599
-4.72416
-4.7242
-4.72426
-4.72432
-4.72435
-4.72438
-4.72439
-4.7244
-4.72441
-4.72441
-4.72442
-4.72442
-4.72442
-4.72442
-4.72441
-4.7244
-4.72438
-4.72437
-4.72436
-4.72434
-4.72433
-4.72432
-4.72432
-4.72431
-4.72431
-4.7243
-4.7243
-4.7243
-4.7243
-4.72431
-4.72432
-4.72433
-4.72435
-4.72436
-4.72438
-4.7244
-4.72442
-4.72444
-4.72446
-4.72448
-4.7245
-4.72452
-4.72453
-4.72455
-4.72456
-4.72457
-4.72457
-4.72457
-4.72457
-4.72457
-4.72456
-4.72454
-4.72452
-4.7245
-4.72447
-4.72444
-4.7244
-4.72435
-4.7243
-4.72425
-4.72419
-4.72414
-4.7241
-4.72407
-4.72407
-4.72409
-4.72412
-4.72416
-4.72419
-4.72422
-4.72425
-4.72427
-4.72429
-4.72431
-4.72432
-4.72433
-4.72435
-4.72436
-4.72437
-4.72438
-4.72439
-4.7244
-4.72441
-4.72442
-4.72442
-4.72443
-4.72444
-4.72444
-4.72444
-4.72445
-4.72445
-4.72445
-4.72445
-4.72445
-4.72445
-4.72445
-4.72444
-4.72443
-4.72441
-4.72438
-4.8225
-4.82255
-4.82263
-4.8227
-4.82275
-4.82278
-4.8228
-4.82281
-4.82282
-4.82283
-4.82283
-4.82283
-4.82283
-4.82283
-4.82282
-4.82281
-4.8228
-4.82278
-4.82277
-4.82276
-4.82275
-4.82274
-4.82274
-4.82273
-4.82273
-4.82273
-4.82273
-4.82273
-4.82273
-4.82273
-4.82274
-4.82275
-4.82277
-4.82278
-4.8228
-4.82282
-4.82284
-4.82286
-4.82288
-4.8229
-4.82292
-4.82294
-4.82295
-4.82297
-4.82298
-4.82299
-4.82299
-4.82299
-4.82299
-4.82298
-4.82297
-4.82296
-4.82294
-4.82291
-4.82288
-4.82285
-4.82281
-4.82276
-4.8227
-4.82265
-4.82259
-4.82254
-4.8225
-4.82247
-4.82247
-4.82249
-4.82253
-4.82257
-4.82261
-4.82264
-4.82267
-4.82269
-4.82271
-4.82273
-4.82275
-4.82276
-4.82277
-4.82279
-4.8228
-4.82281
-4.82282
-4.82283
-4.82283
-4.82284
-4.82285
-4.82285
-4.82286
-4.82286
-4.82287
-4.82287
-4.82287
-4.82287
-4.82287
-4.82287
-4.82287
-4.82286
-4.82285
-4.82283
-4.82279
-4.82275
)
;

boundaryField
{
    floor
    {
        type            calculated;
        value           nonuniform List<scalar> 
100
(
0.0491936
0.0491752
0.0491544
0.0491329
0.0491127
0.0490955
0.0490827
0.0490754
0.0490744
0.0490802
0.0490927
0.0491108
0.049133
0.0491569
0.0491797
0.0491988
0.0492117
0.0492174
0.0492176
0.0492139
0.049205
0.0491905
0.0491722
0.049152
0.0491309
0.0491095
0.0490884
0.0490678
0.0490479
0.0490289
0.0490108
0.0489938
0.0489778
0.048963
0.0489492
0.0489364
0.0489248
0.0489143
0.0489049
0.0488966
0.0488896
0.0488837
0.0488791
0.0488757
0.0488737
0.048873
0.0488737
0.0488759
0.0488795
0.0488847
0.0488914
0.0488996
0.0489093
0.0489206
0.0489333
0.0489475
0.0489629
0.0489795
0.048997
0.0490152
0.0490336
0.0490518
0.0490695
0.0490861
0.0491012
0.0491143
0.0491251
0.0491326
0.0491358
0.0491317
0.0491302
0.0491262
0.0491231
0.0491199
0.0491164
0.0491122
0.0491074
0.0491024
0.0490971
0.049092
0.0490874
0.0490835
0.0490806
0.049079
0.049079
0.0490806
0.0490842
0.0490896
0.0490969
0.0491061
0.0491168
0.0491288
0.0491416
0.0491541
0.0491641
0.0491687
0.0491681
0.0491607
0.0491482
0.0491443
)
;
    }
    ceiling
    {
        type            calculated;
        value           nonuniform List<scalar> 
100
(
-4.87171
-4.87175
-4.87183
-4.87191
-4.87196
-4.87199
-4.872
-4.87202
-4.87203
-4.87204
-4.87204
-4.87204
-4.87204
-4.87204
-4.87203
-4.87202
-4.87201
-4.87199
-4.87198
-4.87197
-4.87196
-4.87195
-4.87195
-4.87194
-4.87194
-4.87194
-4.87194
-4.87194
-4.87194
-4.87194
-4.87195
-4.87196
-4.87198
-4.872
-4.87201
-4.87203
-4.87206
-4.87208
-4.8721
-4.87212
-4.87214
-4.87215
-4.87217
-4.87218
-4.87219
-4.8722
-4.8722
-4.87221
-4.8722
-4.8722
-4.87219
-4.87217
-4.87215
-4.87213
-4.8721
-4.87206
-4.87202
-4.87197
-4.87192
-4.87186
-4.8718
-4.87175
-4.87171
-4.87168
-4.87168
-4.8717
-4.87174
-4.87178
-4.87182
-4.87186
-4.87189
-4.87191
-4.87193
-4.87195
-4.87196
-4.87198
-4.87199
-4.872
-4.87201
-4.87202
-4.87203
-4.87204
-4.87205
-4.87205
-4.87206
-4.87207
-4.87207
-4.87208
-4.87208
-4.87208
-4.87208
-4.87209
-4.87208
-4.87208
-4.87208
-4.87207
-4.87206
-4.87204
-4.872
-4.87196
)
;
    }
    fixedWalls
    {
        type            calculated;
        value           nonuniform List<scalar> 
100
(
6.93889e-18
-0.0984047
-0.196839
-0.295288
-0.393741
-0.492193
-0.590641
-0.689085
-0.787524
-0.885959
-0.984389
-1.08282
-1.18124
-1.27966
-1.37808
-1.4765
-1.57492
-1.67334
-1.77176
-1.87018
-1.9686
-2.06702
-2.16544
-2.26387
-2.36229
-2.46071
-2.55914
-2.65756
-2.75599
-2.85441
-2.95284
-3.05127
-3.14969
-3.24812
-3.34654
-3.44497
-3.54339
-3.64181
-3.74023
-3.83865
-3.93706
-4.03548
-4.13389
-4.23229
-4.33069
-4.42908
-4.52745
-4.62581
-4.72416
-4.8225
-5.55719e-05
-0.0984758
-0.196907
-0.295338
-0.393768
-0.492199
-0.590629
-0.68906
-0.787491
-0.885921
-0.98435
-1.08278
-1.1812
-1.27963
-1.37806
-1.47648
-1.57491
-1.67333
-1.77175
-1.87017
-1.96859
-2.067
-2.16542
-2.26383
-2.36225
-2.46066
-2.55908
-2.6575
-2.75591
-2.85433
-2.95275
-3.05117
-3.14959
-3.24802
-3.34644
-3.44487
-3.5433
-3.64173
-3.74016
-3.83859
-3.93702
-4.03545
-4.13388
-4.23231
-4.33073
-4.42916
-4.52758
-4.62599
-4.72438
-4.82275
)
;
    }
    frontAndBack
    {
        type            empty;
    }
}


// ************************************************************************* //
