/*--------------------------------*- C++ -*----------------------------------*\
| =========                 |                                                 |
| \\      /  F ield         | OpenFOAM: The Open Source CFD Toolbox           |
|  \\    /   O peration     | Version:  4.1                                   |
|   \\  /    A nd           | Web:      www.OpenFOAM.org                      |
|    \\/     M anipulation  |                                                 |
\*---------------------------------------------------------------------------*/
FoamFile
{
    version     2.0;
    format      ascii;
    class       volScalarField;
    location    "300";
    object      p_rgh;
}
// * * * * * * * * * * * * * * * * * * * * * * * * * * * * * * * * * * * * * //

dimensions      [0 2 -2 0 0 0 0];

internalField   nonuniform List<scalar> 
5000
(
0.0492354
0.0492481
0.0492592
0.0492528
0.0492449
0.0492347
0.0492249
0.0492167
0.0492103
0.0492049
0.0492003
0.049198
0.0491896
0.0491827
0.0491815
0.0491824
0.0491847
0.0491887
0.0491943
0.0492007
0.0492072
0.0492136
0.0492196
0.0492253
0.0492309
0.0492364
0.0492419
0.0492472
0.0492522
0.0492569
0.049261
0.0492645
0.0492673
0.0492693
0.0492705
0.0492711
0.0492741
0.0492737
0.0492719
0.0492695
0.0492668
0.0492642
0.0492616
0.0492591
0.0492566
0.0492541
0.0492515
0.0492488
0.049246
0.0492428
0.0492393
0.0492354
0.0492311
0.0492264
0.0492211
0.0492153
0.049209
0.0492024
0.0491953
0.0491879
0.0491804
0.0491728
0.0491654
0.0491582
0.0491514
0.0491453
0.0491399
0.0491355
0.049132
0.0491294
0.0491278
0.049127
0.0491269
0.0491276
0.0491288
0.0491311
0.0491353
0.0491434
0.0491493
0.0491465
0.0491389
0.049139
0.0491421
0.0491456
0.0491479
0.0491493
0.0491501
0.0491499
0.0491471
0.0491394
0.0491269
0.0491105
0.0490969
0.049095
0.0490992
0.0491137
0.0491468
0.049167
0.0491596
0.0491401
0.0492277
0.0492655
0.0492698
0.0492702
0.0492676
0.0492636
0.0492607
0.0492601
0.0492592
0.0492555
0.0492456
0.0492106
0.049192
0.0492152
0.0492401
0.0492459
0.049245
0.0492483
0.0492549
0.0492612
0.0492653
0.0492672
0.0492686
0.0492705
0.0492728
0.0492756
0.0492787
0.0492819
0.0492852
0.0492883
0.0492912
0.0492935
0.0492954
0.0492966
0.049297
0.0492967
0.0492961
0.0492957
0.0492947
0.0492933
0.0492918
0.0492902
0.0492887
0.0492871
0.0492856
0.049284
0.0492823
0.0492805
0.0492784
0.0492761
0.0492734
0.0492704
0.0492669
0.0492629
0.0492585
0.0492536
0.0492483
0.0492426
0.0492366
0.0492305
0.0492243
0.0492182
0.0492123
0.049207
0.0492024
0.0491985
0.0491952
0.0491925
0.0491906
0.0491895
0.049189
0.0491892
0.0491897
0.0491899
0.0491885
0.0491834
0.0491713
0.0491524
0.049136
0.0491518
0.0491761
0.0491878
0.0491937
0.049192
0.0491877
0.0491828
0.0491779
0.0491723
0.0491645
0.0491519
0.0491326
0.0491088
0.0490852
0.0490682
0.0490747
0.0490917
0.049152
0.0491753
0.0491774
0.0491307
0.0492095
0.0492615
0.0492646
0.0492642
0.0492615
0.0492581
0.0492566
0.0492579
0.0492613
0.0492643
0.0492505
0.0491921
0.0491839
0.0492332
0.0492675
0.0492725
0.0492701
0.049269
0.0492688
0.0492684
0.0492678
0.0492676
0.0492683
0.0492696
0.0492717
0.0492742
0.0492771
0.0492801
0.0492832
0.0492862
0.0492888
0.049291
0.0492926
0.0492937
0.049294
0.0492936
0.049293
0.0492925
0.0492916
0.0492904
0.0492892
0.0492879
0.0492867
0.0492854
0.0492842
0.0492829
0.0492815
0.0492799
0.049278
0.0492759
0.0492735
0.0492706
0.0492672
0.0492634
0.0492591
0.0492543
0.0492491
0.0492434
0.0492374
0.0492312
0.0492249
0.0492186
0.0492127
0.0492072
0.0492025
0.0491986
0.0491959
0.0491944
0.049194
0.0491949
0.0491968
0.0491996
0.0492029
0.049206
0.049207
0.049202
0.0491826
0.0491416
0.0490989
0.0491126
0.049178
0.0491999
0.0491997
0.0491948
0.0491886
0.0491825
0.0491767
0.0491702
0.0491615
0.0491476
0.049125
0.0490924
0.0490558
0.0490451
0.0490497
0.0490751
0.0491618
0.0491793
0.0491824
0.0491183
0.0491905
0.0492576
0.0492586
0.0492561
0.0492519
0.0492483
0.049248
0.049251
0.049257
0.0492626
0.0492275
0.0491712
0.0491785
0.0492421
0.0492754
0.0492781
0.049275
0.0492721
0.0492695
0.0492673
0.0492659
0.0492655
0.0492659
0.0492672
0.049269
0.0492714
0.0492741
0.049277
0.04928
0.0492827
0.0492851
0.0492871
0.0492886
0.0492895
0.0492897
0.0492892
0.0492887
0.0492881
0.0492874
0.0492865
0.0492855
0.0492846
0.0492837
0.0492828
0.0492819
0.0492809
0.0492798
0.0492786
0.049277
0.0492752
0.0492729
0.0492703
0.0492671
0.0492635
0.0492593
0.0492546
0.0492493
0.0492436
0.0492376
0.0492312
0.0492248
0.0492183
0.0492121
0.0492063
0.0492012
0.0491971
0.049194
0.0491923
0.049192
0.0491931
0.0491955
0.0491991
0.0492035
0.049208
0.0492104
0.049206
0.0491829
0.0491273
0.049063
0.0490655
0.0491377
0.0491985
0.0491995
0.0491936
0.0491869
0.0491805
0.0491747
0.049169
0.0491625
0.0491534
0.0491391
0.0491188
0.0490931
0.049059
0.0490434
0.0491926
0.0491857
0.0491861
0.0491852
0.0491073
0.0491708
0.0492529
0.0492523
0.0492458
0.0492385
0.0492337
0.0492344
0.0492393
0.0492479
0.0492452
0.0491994
0.0491554
0.0491793
0.0492469
0.0492752
0.0492762
0.0492728
0.0492695
0.0492665
0.0492643
0.0492629
0.0492625
0.0492629
0.049264
0.0492658
0.0492681
0.0492707
0.0492734
0.0492761
0.0492786
0.0492809
0.0492826
0.0492839
0.0492846
0.0492847
0.0492843
0.0492837
0.0492832
0.0492826
0.049282
0.0492814
0.0492809
0.0492804
0.0492799
0.0492794
0.0492789
0.0492781
0.0492772
0.049276
0.0492745
0.0492725
0.0492701
0.0492672
0.0492638
0.0492597
0.0492551
0.0492499
0.0492443
0.0492381
0.0492316
0.0492249
0.0492182
0.0492116
0.0492054
0.0491999
0.0491952
0.0491917
0.0491896
0.0491889
0.0491897
0.0491919
0.0491955
0.0492
0.0492047
0.0492077
0.0492038
0.0491799
0.0491175
0.0490378
0.0490232
0.0490892
0.0491707
0.0491963
0.0491897
0.0491824
0.0491754
0.0491695
0.049165
0.0491619
0.0491606
0.0491613
0.0491655
0.0491721
0.0491652
0.0491184
0.0491954
0.0491928
0.0491866
0.0491816
0.0490926
0.0491504
0.0492473
0.0492452
0.0492333
0.0492207
0.0492132
0.0492142
0.0492212
0.0492301
0.0492141
0.0491709
0.0491458
0.0491843
0.0492489
0.0492716
0.0492716
0.0492682
0.049265
0.0492623
0.0492603
0.0492591
0.0492588
0.0492593
0.0492604
0.0492622
0.0492643
0.0492668
0.0492693
0.0492718
0.0492741
0.0492761
0.0492776
0.0492786
0.0492792
0.0492792
0.0492789
0.0492784
0.049278
0.0492776
0.0492773
0.0492771
0.049277
0.0492769
0.0492769
0.0492769
0.0492767
0.0492764
0.0492759
0.0492751
0.0492739
0.0492723
0.0492702
0.0492675
0.0492643
0.0492604
0.0492559
0.0492508
0.0492452
0.0492389
0.0492323
0.0492254
0.0492183
0.0492113
0.0492046
0.0491985
0.0491933
0.0491892
0.0491864
0.0491852
0.0491855
0.0491873
0.0491905
0.0491946
0.0491991
0.0492021
0.0491989
0.0491761
0.049112
0.0490225
0.0489889
0.04904
0.049126
0.049183
0.049183
0.0491744
0.0491661
0.049159
0.0491539
0.0491511
0.0491516
0.0491567
0.0491681
0.0491864
0.0492075
0.0492183
0.0491996
0.0491928
0.0491838
0.049175
0.0490753
0.0491304
0.0492422
0.0492382
0.0492191
0.0491984
0.049186
0.0491864
0.0491945
0.0491997
0.0491804
0.0491475
0.0491425
0.0491911
0.0492487
0.0492662
0.0492657
0.0492626
0.0492597
0.0492574
0.0492557
0.0492548
0.0492547
0.0492553
0.0492565
0.0492582
0.0492603
0.0492626
0.0492649
0.0492672
0.0492692
0.0492709
0.0492722
0.0492731
0.0492734
0.0492734
0.0492732
0.0492729
0.0492726
0.0492725
0.0492726
0.0492728
0.0492731
0.0492735
0.0492739
0.0492743
0.0492746
0.0492747
0.0492746
0.0492741
0.0492733
0.049272
0.0492702
0.0492678
0.0492648
0.0492611
0.0492568
0.0492518
0.0492461
0.0492398
0.049233
0.0492258
0.0492184
0.049211
0.0492038
0.0491971
0.0491912
0.0491864
0.049183
0.0491811
0.0491808
0.049182
0.0491846
0.0491883
0.0491923
0.0491952
0.0491926
0.0491719
0.0491097
0.0490149
0.0489631
0.0489947
0.0490766
0.0491513
0.0491728
0.0491629
0.0491527
0.0491439
0.0491375
0.0491343
0.0491347
0.0491404
0.0491522
0.0491689
0.0491864
0.0491967
0.0491922
0.0491876
0.049179
0.0491659
0.0490562
0.0491126
0.0492397
0.0492334
0.0492052
0.049174
0.0491567
0.0491502
0.0491657
0.0491689
0.0491515
0.0491322
0.0491448
0.0491981
0.0492467
0.0492598
0.0492591
0.0492564
0.049254
0.049252
0.0492507
0.0492501
0.0492503
0.049251
0.0492523
0.049254
0.049256
0.0492581
0.0492603
0.0492623
0.0492641
0.0492656
0.0492666
0.0492672
0.0492675
0.0492675
0.0492673
0.0492672
0.0492672
0.0492674
0.0492678
0.0492684
0.0492692
0.0492701
0.0492709
0.0492717
0.0492724
0.0492729
0.0492731
0.049273
0.0492724
0.0492714
0.0492699
0.0492678
0.049265
0.0492614
0.0492572
0.0492522
0.0492465
0.0492401
0.0492331
0.0492256
0.0492178
0.04921
0.0492023
0.0491951
0.0491886
0.0491832
0.0491792
0.0491767
0.0491757
0.0491764
0.0491783
0.0491814
0.0491849
0.0491875
0.0491856
0.0491675
0.0491097
0.0490136
0.0489461
0.0489563
0.049027
0.0491093
0.0491522
0.0491482
0.0491354
0.0491242
0.0491159
0.0491116
0.0491118
0.0491177
0.04913
0.0491469
0.0491643
0.0491768
0.049181
0.0491803
0.0491736
0.0491548
0.0490358
0.0490991
0.0492422
0.049233
0.0491948
0.0491525
0.0491276
0.0491307
0.0491439
0.0491444
0.0491313
0.0491251
0.0491507
0.0492036
0.049243
0.0492528
0.0492521
0.0492499
0.0492479
0.0492464
0.0492455
0.0492453
0.0492457
0.0492467
0.049248
0.0492497
0.0492516
0.0492536
0.0492555
0.0492573
0.0492589
0.0492601
0.0492609
0.0492613
0.0492615
0.0492614
0.0492614
0.0492614
0.0492617
0.0492622
0.049263
0.049264
0.0492652
0.0492665
0.0492677
0.0492689
0.0492699
0.0492707
0.0492711
0.0492713
0.049271
0.0492702
0.0492688
0.0492668
0.049264
0.0492606
0.0492563
0.0492512
0.0492453
0.0492387
0.0492314
0.0492236
0.0492154
0.049207
0.0491989
0.0491912
0.0491843
0.0491786
0.0491743
0.0491713
0.04917
0.0491702
0.0491717
0.0491742
0.0491773
0.0491797
0.0491784
0.0491631
0.0491111
0.0490172
0.0489376
0.0489264
0.0489809
0.0490622
0.0491203
0.0491297
0.0491147
0.0491001
0.049089
0.049083
0.0490831
0.0490891
0.0491026
0.0491211
0.0491411
0.049158
0.0491688
0.0491728
0.0491678
0.0491424
0.0490146
0.0490913
0.0492512
0.0492375
0.0491886
0.0491414
0.0491165
0.0491194
0.0491285
0.0491274
0.0491192
0.0491238
0.0491572
0.0492065
0.0492377
0.0492453
0.049245
0.0492433
0.0492418
0.0492407
0.0492403
0.0492405
0.0492412
0.0492423
0.0492438
0.0492454
0.0492472
0.049249
0.0492507
0.0492522
0.0492535
0.0492544
0.049255
0.0492553
0.0492554
0.0492553
0.0492554
0.0492556
0.0492561
0.049257
0.0492581
0.0492595
0.049261
0.0492625
0.0492641
0.0492655
0.0492667
0.0492677
0.0492684
0.0492687
0.0492685
0.0492677
0.0492663
0.0492642
0.0492614
0.0492578
0.0492533
0.0492479
0.0492418
0.0492348
0.0492271
0.0492187
0.0492099
0.0492009
0.0491921
0.0491839
0.0491767
0.0491709
0.0491668
0.0491642
0.0491631
0.0491632
0.0491646
0.0491669
0.0491696
0.049172
0.0491713
0.0491588
0.0491132
0.0490243
0.0489366
0.0489057
0.0489414
0.0490149
0.0490809
0.0491049
0.0490935
0.0490727
0.0490576
0.0490493
0.0490494
0.0490555
0.0490708
0.0490927
0.0491172
0.04914
0.0491573
0.0491664
0.0491622
0.0491299
0.048994
0.0490871
0.0492683
0.0492461
0.0491911
0.0491385
0.0491117
0.0491111
0.0491167
0.0491153
0.0491121
0.0491248
0.049162
0.0492062
0.0492313
0.0492378
0.0492379
0.0492368
0.0492358
0.0492353
0.0492353
0.0492359
0.0492369
0.0492381
0.0492396
0.0492411
0.0492427
0.0492443
0.0492458
0.0492471
0.0492481
0.0492488
0.0492491
0.0492493
0.0492492
0.0492492
0.0492493
0.0492497
0.0492504
0.0492515
0.0492529
0.0492545
0.0492563
0.049258
0.0492598
0.0492613
0.0492627
0.0492637
0.0492644
0.0492647
0.0492644
0.0492636
0.049262
0.0492597
0.0492567
0.0492527
0.0492479
0.0492421
0.0492355
0.049228
0.0492197
0.0492107
0.0492011
0.0491912
0.0491814
0.0491722
0.0491643
0.0491583
0.0491546
0.0491534
0.0491534
0.0491545
0.0491564
0.049159
0.0491619
0.0491644
0.0491643
0.0491544
0.0491157
0.0490338
0.048942
0.0488942
0.0489104
0.0489717
0.0490386
0.0490745
0.0490721
0.0490501
0.0490253
0.0490109
0.0490107
0.0490185
0.0490364
0.0490628
0.0490932
0.0491231
0.0491474
0.049162
0.0491592
0.0491193
0.0489756
0.0490846
0.0492888
0.0492588
0.0491989
0.0491403
0.0491087
0.0491031
0.0491059
0.0491052
0.0491067
0.0491249
0.0491632
0.0492026
0.0492239
0.0492304
0.0492312
0.0492306
0.0492301
0.0492301
0.0492306
0.0492316
0.0492328
0.0492341
0.0492355
0.049237
0.0492384
0.0492397
0.0492409
0.0492419
0.0492426
0.0492431
0.0492432
0.0492432
0.0492431
0.049243
0.0492431
0.0492436
0.0492445
0.0492457
0.0492473
0.049249
0.0492509
0.0492528
0.0492545
0.0492561
0.0492574
0.0492584
0.049259
0.0492591
0.0492586
0.0492575
0.0492557
0.0492532
0.0492498
0.0492455
0.0492404
0.0492342
0.0492271
0.049219
0.0492101
0.0492003
0.0491898
0.0491788
0.0491675
0.0491566
0.049147
0.0491398
0.049136
0.0491362
0.0491389
0.0491424
0.0491462
0.04915
0.0491537
0.0491568
0.0491576
0.0491501
0.049118
0.0490446
0.0489524
0.0488916
0.0488891
0.0489356
0.0489982
0.0490414
0.0490497
0.0490321
0.049005
0.0489819
0.0489706
0.0489829
0.0490024
0.0490333
0.04907
0.0491076
0.0491399
0.049161
0.0491611
0.0491125
0.0489597
0.0490831
0.0493091
0.0492739
0.0492105
0.0491459
0.0491064
0.0490942
0.0490942
0.0490947
0.0490999
0.0491218
0.0491599
0.049196
0.0492161
0.0492235
0.0492251
0.049225
0.049225
0.0492255
0.0492265
0.0492277
0.0492291
0.0492304
0.0492317
0.049233
0.0492341
0.0492351
0.049236
0.0492367
0.0492372
0.0492374
0.0492373
0.0492371
0.0492369
0.0492367
0.0492369
0.0492374
0.0492383
0.0492396
0.0492412
0.0492429
0.0492448
0.0492466
0.0492482
0.0492497
0.0492508
0.0492516
0.049252
0.0492518
0.0492511
0.0492497
0.0492477
0.0492449
0.0492413
0.0492369
0.0492315
0.0492252
0.0492178
0.0492094
0.0491999
0.0491894
0.0491779
0.0491656
0.0491527
0.0491395
0.049127
0.0491168
0.0491109
0.0491112
0.0491172
0.0491246
0.049132
0.0491387
0.0491444
0.0491488
0.0491508
0.0491459
0.0491199
0.0490557
0.0489664
0.0488964
0.0488775
0.0489084
0.0489633
0.0490093
0.049027
0.0490176
0.0489939
0.0489694
0.048953
0.0489538
0.0489729
0.0490067
0.0490487
0.0490942
0.0491348
0.0491635
0.0491686
0.049111
0.0489455
0.049083
0.0493275
0.0492902
0.0492249
0.0491546
0.0491047
0.0490839
0.0490805
0.0490818
0.0490901
0.0491143
0.0491522
0.0491872
0.0492083
0.0492175
0.0492199
0.0492202
0.0492207
0.0492217
0.049223
0.0492244
0.0492258
0.0492271
0.0492282
0.0492291
0.04923
0.0492306
0.0492312
0.0492315
0.0492317
0.0492316
0.0492314
0.049231
0.0492306
0.0492304
0.0492304
0.0492309
0.0492317
0.049233
0.0492345
0.0492361
0.0492378
0.0492394
0.0492408
0.049242
0.0492429
0.0492434
0.0492435
0.0492431
0.0492422
0.0492407
0.0492386
0.0492357
0.0492321
0.0492277
0.0492224
0.0492161
0.0492087
0.0492002
0.0491905
0.0491796
0.0491674
0.0491539
0.0491393
0.0491237
0.0491077
0.0490927
0.0490821
0.0490793
0.0490871
0.0490992
0.049112
0.0491234
0.0491327
0.0491397
0.0491437
0.0491414
0.0491211
0.0490662
0.0489824
0.0489073
0.0488748
0.0488909
0.048936
0.0489812
0.0490054
0.0490047
0.0489874
0.0489654
0.0489482
0.0489437
0.048956
0.0489855
0.0490308
0.0490829
0.0491318
0.0491687
0.0491802
0.0491154
0.0489325
0.0490858
0.0493436
0.049307
0.0492418
0.0491666
0.0491049
0.0490732
0.0490645
0.0490658
0.0490762
0.0491021
0.0491404
0.0491767
0.049201
0.0492127
0.0492157
0.0492164
0.0492173
0.0492187
0.0492203
0.0492218
0.0492232
0.0492242
0.049225
0.0492256
0.0492259
0.0492262
0.0492263
0.0492263
0.0492262
0.0492259
0.0492254
0.0492248
0.0492243
0.0492239
0.0492239
0.0492242
0.0492249
0.0492259
0.0492272
0.0492286
0.04923
0.0492313
0.0492325
0.0492334
0.049234
0.0492343
0.0492341
0.0492336
0.0492326
0.0492311
0.0492291
0.0492264
0.049223
0.0492189
0.0492139
0.0492079
0.0492007
0.0491924
0.0491826
0.0491715
0.0491589
0.0491448
0.0491289
0.0491113
0.049092
0.0490717
0.0490542
0.0490445
0.049049
0.0490654
0.0490846
0.0491025
0.0491173
0.0491283
0.0491355
0.0491363
0.0491215
0.0490757
0.0489991
0.0489223
0.0488797
0.0488825
0.0489172
0.0489588
0.0489865
0.0489929
0.0489824
0.0489643
0.0489478
0.0489406
0.0489488
0.0489751
0.0490189
0.0490738
0.0491307
0.0491756
0.0491947
0.0491256
0.0489208
0.0490918
0.0493584
0.0493236
0.04926
0.0491816
0.0491086
0.0490641
0.0490477
0.0490471
0.0490586
0.0490857
0.0491254
0.0491653
0.0491948
0.0492093
0.0492128
0.0492137
0.049215
0.0492167
0.0492185
0.04922
0.0492211
0.0492218
0.0492221
0.0492222
0.049222
0.0492218
0.0492215
0.0492211
0.0492206
0.04922
0.0492193
0.0492186
0.0492179
0.0492174
0.0492171
0.0492172
0.0492177
0.0492185
0.0492195
0.0492206
0.0492217
0.0492227
0.0492235
0.0492241
0.0492245
0.0492246
0.0492243
0.0492238
0.0492229
0.0492216
0.0492198
0.0492175
0.0492146
0.049211
0.0492064
0.0492008
0.0491941
0.049186
0.0491764
0.0491653
0.0491525
0.049138
0.0491215
0.0491027
0.0490811
0.0490564
0.0490319
0.0490124
0.0490081
0.0490255
0.0490505
0.0490758
0.0490974
0.049114
0.0491255
0.0491301
0.0491207
0.0490835
0.0490152
0.0489398
0.0488903
0.0488821
0.0489067
0.048943
0.0489715
0.0489827
0.0489778
0.0489639
0.0489491
0.048941
0.0489467
0.0489707
0.0490138
0.0490707
0.0491308
0.0491832
0.0492109
0.0491415
0.0489104
0.0491009
0.0493717
0.0493399
0.0492802
0.0492001
0.0491177
0.0490593
0.0490322
0.0490273
0.0490383
0.0490662
0.0491083
0.0491539
0.0491902
0.0492075
0.0492112
0.0492123
0.0492139
0.0492158
0.0492176
0.0492189
0.0492196
0.0492198
0.0492196
0.049219
0.0492183
0.0492174
0.0492166
0.0492157
0.0492149
0.049214
0.0492132
0.0492123
0.0492115
0.0492108
0.0492104
0.0492102
0.0492104
0.0492109
0.0492115
0.0492123
0.049213
0.0492137
0.0492143
0.0492147
0.0492149
0.0492149
0.0492147
0.0492142
0.0492136
0.0492126
0.0492112
0.0492094
0.049207
0.0492039
0.0491999
0.0491948
0.0491885
0.0491808
0.0491716
0.0491606
0.0491479
0.0491333
0.0491166
0.0490974
0.0490749
0.0490477
0.0490179
0.0489887
0.0489718
0.0489848
0.0490132
0.0490452
0.0490738
0.0490967
0.0491133
0.0491224
0.0491184
0.0490894
0.0490297
0.0489578
0.0489047
0.0488879
0.0489035
0.0489339
0.0489609
0.0489746
0.0489739
0.0489635
0.0489506
0.0489427
0.0489473
0.0489704
0.0490132
0.0490714
0.0491349
0.0491915
0.0492282
0.0491621
0.0489014
0.0491119
0.0493833
0.0493552
0.049301
0.049222
0.0491332
0.0490613
0.0490212
0.049009
0.0490174
0.0490453
0.0490904
0.0491434
0.0491876
0.0492073
0.0492108
0.049212
0.0492138
0.0492159
0.0492176
0.0492185
0.0492186
0.0492182
0.0492173
0.049216
0.0492146
0.0492131
0.0492116
0.0492102
0.049209
0.0492079
0.0492069
0.0492059
0.049205
0.0492042
0.0492036
0.0492033
0.0492032
0.0492033
0.0492036
0.049204
0.0492045
0.0492049
0.0492052
0.0492054
0.0492056
0.0492056
0.0492055
0.0492053
0.0492049
0.0492043
0.0492033
0.049202
0.0492001
0.0491975
0.049194
0.0491895
0.0491837
0.0491764
0.0491675
0.049157
0.0491446
0.0491303
0.0491138
0.0490946
0.0490718
0.0490447
0.0490122
0.0489771
0.0489483
0.0489478
0.0489778
0.0490147
0.0490491
0.0490776
0.0490994
0.0491132
0.0491146
0.049093
0.0490418
0.0489751
0.0489209
0.0488983
0.0489063
0.0489306
0.0489549
0.0489691
0.0489708
0.048963
0.048952
0.048945
0.0489497
0.0489728
0.0490161
0.0490756
0.0491417
0.0492023
0.049245
0.0491864
0.0488942
0.0491234
0.0493933
0.0493687
0.0493203
0.0492461
0.0491552
0.049072
0.0490177
0.0489953
0.0489988
0.0490254
0.0490734
0.0491349
0.0491874
0.0492084
0.0492115
0.0492127
0.0492147
0.0492169
0.0492184
0.0492188
0.0492183
0.049217
0.0492153
0.0492132
0.049211
0.0492087
0.0492065
0.0492046
0.0492029
0.0492016
0.0492004
0.0491994
0.0491985
0.0491977
0.049197
0.0491965
0.0491961
0.049196
0.049196
0.0491962
0.0491963
0.0491965
0.0491967
0.0491968
0.0491969
0.049197
0.049197
0.049197
0.0491968
0.0491965
0.0491959
0.049195
0.0491935
0.0491913
0.0491884
0.0491844
0.0491791
0.0491724
0.049164
0.0491539
0.049142
0.0491283
0.0491125
0.0490941
0.0490718
0.0490446
0.0490122
0.0489766
0.0489408
0.0489248
0.0489528
0.0489904
0.0490274
0.0490594
0.0490852
0.0491033
0.0491094
0.0490943
0.0490512
0.0489904
0.0489373
0.0489112
0.0489134
0.048932
0.0489528
0.0489659
0.0489684
0.0489623
0.0489529
0.0489473
0.0489533
0.0489773
0.0490218
0.0490828
0.049151
0.0492147
0.0492618
0.049213
0.0488892
0.0491338
0.0494021
0.0493812
0.0493383
0.0492714
0.0491827
0.0490922
0.0490243
0.0489895
0.0489854
0.0490091
0.0490594
0.0491296
0.0491893
0.0492106
0.0492131
0.0492142
0.0492164
0.0492186
0.0492198
0.0492197
0.0492184
0.0492162
0.0492135
0.0492106
0.0492074
0.0492043
0.0492014
0.0491988
0.0491967
0.049195
0.0491937
0.0491927
0.0491919
0.0491912
0.0491905
0.04919
0.0491895
0.0491892
0.049189
0.0491889
0.0491888
0.0491888
0.0491889
0.0491889
0.0491889
0.049189
0.0491891
0.0491891
0.0491891
0.0491889
0.0491885
0.0491878
0.0491867
0.049185
0.0491825
0.0491791
0.0491744
0.0491683
0.0491606
0.0491512
0.04914
0.0491271
0.0491124
0.0490953
0.0490745
0.0490485
0.0490165
0.0489802
0.0489455
0.0489207
0.0489382
0.048975
0.0490115
0.0490446
0.0490727
0.0490938
0.0491036
0.0490939
0.0490576
0.0490029
0.0489526
0.0489252
0.0489231
0.0489367
0.0489535
0.0489646
0.0489667
0.0489613
0.0489532
0.0489495
0.0489577
0.0489836
0.0490299
0.0490925
0.0491626
0.0492288
0.049279
0.0492401
0.048886
0.0491424
0.0494098
0.0493927
0.0493546
0.0492962
0.0492138
0.0491209
0.0490421
0.0489942
0.0489803
0.0489991
0.0490502
0.0491279
0.0491928
0.0492132
0.049215
0.0492162
0.0492186
0.0492208
0.0492217
0.049221
0.0492189
0.0492157
0.0492119
0.049208
0.0492039
0.0491999
0.0491961
0.0491929
0.0491902
0.0491882
0.0491868
0.0491858
0.0491852
0.0491847
0.0491842
0.0491837
0.0491833
0.0491829
0.0491826
0.0491823
0.0491821
0.0491819
0.0491817
0.0491816
0.0491815
0.0491815
0.0491814
0.0491814
0.0491813
0.0491811
0.0491807
0.0491802
0.0491793
0.0491779
0.049176
0.0491732
0.0491694
0.0491641
0.0491573
0.0491487
0.0491384
0.0491266
0.0491131
0.0490977
0.0490791
0.0490552
0.049025
0.0489894
0.0489538
0.0489282
0.0489245
0.0489647
0.0490022
0.0490345
0.0490631
0.0490857
0.0490979
0.0490919
0.0490612
0.0490124
0.0489659
0.0489388
0.048934
0.0489434
0.0489561
0.0489643
0.0489652
0.0489599
0.0489531
0.0489517
0.0489629
0.0489918
0.0490403
0.0491047
0.0491762
0.0492443
0.049297
0.0492661
0.0488846
0.0491491
0.0494165
0.0494025
0.049369
0.0493193
0.049246
0.0491559
0.0490703
0.0490104
0.0489858
0.0489983
0.0490474
0.0491293
0.0491972
0.0492159
0.049217
0.0492184
0.049221
0.0492232
0.0492237
0.0492224
0.0492195
0.0492154
0.0492106
0.0492056
0.0492005
0.0491956
0.0491909
0.0491869
0.0491835
0.0491811
0.0491795
0.0491786
0.0491782
0.049178
0.0491779
0.0491777
0.0491774
0.049177
0.0491766
0.0491762
0.0491758
0.0491754
0.0491751
0.0491747
0.0491743
0.049174
0.0491737
0.0491733
0.049173
0.0491726
0.0491722
0.0491716
0.0491709
0.04917
0.0491686
0.0491666
0.0491638
0.0491597
0.049154
0.0491466
0.0491374
0.0491267
0.0491147
0.0491012
0.049085
0.0490641
0.0490366
0.0490025
0.0489664
0.0489378
0.0489298
0.0489519
0.0489908
0.0490275
0.0490565
0.0490793
0.0490925
0.0490888
0.049062
0.0490186
0.0489766
0.0489512
0.0489449
0.0489506
0.0489593
0.0489643
0.0489634
0.0489581
0.0489528
0.0489543
0.0489693
0.0490021
0.0490533
0.0491192
0.0491919
0.0492611
0.0493156
0.0492909
0.0488851
0.0491536
0.0494222
0.0494113
0.0493813
0.0493395
0.049277
0.049194
0.0491067
0.0490376
0.0490022
0.0490074
0.0490528
0.0491326
0.0492012
0.049218
0.0492186
0.0492202
0.0492232
0.0492254
0.0492256
0.0492237
0.04922
0.0492151
0.0492093
0.0492031
0.0491972
0.0491913
0.0491859
0.049181
0.0491769
0.0491739
0.0491719
0.049171
0.0491707
0.0491709
0.0491713
0.0491715
0.0491715
0.0491714
0.049171
0.0491705
0.0491699
0.0491692
0.0491685
0.0491678
0.0491671
0.0491663
0.0491656
0.0491648
0.0491641
0.0491634
0.0491628
0.0491621
0.0491616
0.049161
0.0491602
0.0491592
0.0491576
0.0491549
0.0491507
0.0491447
0.0491369
0.0491276
0.0491172
0.0491058
0.0490923
0.0490747
0.0490507
0.0490193
0.0489832
0.0489508
0.048935
0.0489461
0.0489814
0.0490172
0.0490485
0.0490732
0.049087
0.0490841
0.0490603
0.0490218
0.0489847
0.0489618
0.0489547
0.0489573
0.0489621
0.0489639
0.0489612
0.048956
0.0489529
0.0489581
0.0489777
0.0490149
0.0490689
0.0491364
0.0492097
0.0492793
0.0493345
0.0493144
0.0488874
0.0491558
0.0494273
0.0494193
0.0493921
0.0493564
0.0493047
0.0492319
0.0491478
0.0490732
0.0490289
0.0490258
0.0490653
0.0491393
0.0492031
0.0492194
0.0492195
0.0492215
0.0492248
0.0492271
0.049227
0.0492246
0.0492202
0.0492144
0.0492079
0.0492009
0.0491939
0.0491872
0.049181
0.0491754
0.0491706
0.0491669
0.0491644
0.0491631
0.0491629
0.0491634
0.0491641
0.0491649
0.0491653
0.0491654
0.0491652
0.0491647
0.0491639
0.049163
0.0491619
0.0491608
0.0491595
0.0491583
0.0491571
0.0491558
0.0491547
0.0491536
0.0491526
0.0491519
0.0491513
0.049151
0.0491509
0.0491509
0.0491507
0.0491497
0.0491474
0.0491433
0.0491372
0.0491294
0.0491207
0.0491113
0.0491006
0.0490866
0.0490668
0.0490392
0.0490048
0.0489694
0.0489451
0.0489447
0.0489712
0.0490055
0.0490373
0.0490629
0.0490781
0.0490776
0.0490562
0.0490221
0.04899
0.0489701
0.0489627
0.0489625
0.0489637
0.0489626
0.0489587
0.0489543
0.0489542
0.0489641
0.0489889
0.0490309
0.0490879
0.0491566
0.0492297
0.0492986
0.0493535
0.0493363
0.0488909
0.0491561
0.0494317
0.0494269
0.0494018
0.0493702
0.0493278
0.0492666
0.0491897
0.0491139
0.0490632
0.0490517
0.0490831
0.0491477
0.0492038
0.0492194
0.0492195
0.0492219
0.0492256
0.049228
0.0492277
0.0492246
0.0492195
0.049213
0.0492057
0.049198
0.0491903
0.0491831
0.0491764
0.0491703
0.049165
0.0491606
0.0491574
0.0491555
0.0491549
0.0491553
0.0491563
0.0491574
0.0491584
0.0491589
0.0491589
0.0491584
0.0491576
0.0491564
0.049155
0.0491534
0.0491518
0.0491501
0.0491483
0.0491466
0.049145
0.0491435
0.0491422
0.0491412
0.0491406
0.0491405
0.0491409
0.0491419
0.0491432
0.0491442
0.0491441
0.0491422
0.0491382
0.0491322
0.0491252
0.0491179
0.0491099
0.0490997
0.0490845
0.049062
0.049031
0.0489949
0.0489629
0.0489484
0.0489603
0.0489912
0.0490222
0.0490479
0.0490642
0.0490664
0.0490505
0.0490205
0.0489924
0.0489755
0.048968
0.0489655
0.0489637
0.0489606
0.0489565
0.0489543
0.0489584
0.0489738
0.0490043
0.0490511
0.0491117
0.0491804
0.0492521
0.0493191
0.0493725
0.0493562
0.0488951
0.0491545
0.0494358
0.049434
0.0494111
0.0493818
0.0493459
0.049296
0.0492281
0.0491563
0.0491021
0.0490828
0.0491043
0.049157
0.0492039
0.0492178
0.0492183
0.0492211
0.0492253
0.0492279
0.0492272
0.0492235
0.0492175
0.0492102
0.0492022
0.049194
0.049186
0.0491783
0.0491714
0.0491654
0.0491601
0.0491555
0.0491517
0.049149
0.0491475
0.0491472
0.0491479
0.0491492
0.0491504
0.0491513
0.0491517
0.0491514
0.0491506
0.0491493
0.0491477
0.0491459
0.0491439
0.0491418
0.0491397
0.0491376
0.0491356
0.0491337
0.0491321
0.0491307
0.0491299
0.0491297
0.0491306
0.0491324
0.0491352
0.0491382
0.0491406
0.0491414
0.0491398
0.0491359
0.0491307
0.0491254
0.0491201
0.0491135
0.0491032
0.0490865
0.0490612
0.0490275
0.048991
0.0489632
0.0489575
0.0489772
0.0490046
0.0490298
0.0490471
0.049052
0.0490413
0.0490175
0.0489923
0.048978
0.0489706
0.0489664
0.0489629
0.0489591
0.0489564
0.0489579
0.0489674
0.0489891
0.0490255
0.0490766
0.0491395
0.0492076
0.0492768
0.0493406
0.0493911
0.049374
0.0488992
0.0491514
0.0494394
0.049441
0.0494204
0.0493922
0.049359
0.0493185
0.0492619
0.049197
0.0491423
0.0491162
0.0491271
0.0491665
0.0492035
0.0492152
0.0492155
0.0492189
0.0492237
0.0492266
0.0492257
0.0492211
0.049214
0.0492054
0.0491963
0.0491875
0.0491792
0.0491717
0.0491651
0.0491596
0.0491552
0.0491513
0.0491478
0.0491447
0.0491422
0.0491407
0.0491402
0.0491408
0.0491418
0.0491428
0.0491434
0.0491434
0.0491428
0.0491417
0.0491401
0.0491381
0.049136
0.0491338
0.0491315
0.0491293
0.0491271
0.0491249
0.0491229
0.0491212
0.0491199
0.0491195
0.0491203
0.0491227
0.0491267
0.0491318
0.0491369
0.0491407
0.049142
0.0491405
0.0491371
0.0491336
0.0491307
0.0491276
0.0491222
0.0491117
0.0490936
0.0490662
0.049031
0.048995
0.0489714
0.0489717
0.04899
0.0490117
0.0490287
0.0490358
0.0490297
0.0490118
0.0489905
0.0489781
0.0489714
0.0489667
0.0489631
0.0489607
0.0489613
0.048968
0.048984
0.0490123
0.0490541
0.0491083
0.0491718
0.0492393
0.049304
0.0493627
0.049409
0.0493899
0.048903
0.049147
0.0494427
0.0494476
0.0494298
0.0494016
0.0493692
0.0493355
0.0492893
0.049233
0.0491807
0.0491498
0.0491502
0.0491763
0.0492032
0.0492121
0.0492119
0.0492147
0.0492208
0.0492241
0.049223
0.0492177
0.049209
0.0491985
0.0491875
0.0491771
0.049168
0.0491607
0.049155
0.0491507
0.0491482
0.0491466
0.0491449
0.0491428
0.0491402
0.0491375
0.0491353
0.0491341
0.0491338
0.0491341
0.0491345
0.0491347
0.0491343
0.0491334
0.0491321
0.0491304
0.0491284
0.0491264
0.0491242
0.0491221
0.04912
0.0491178
0.0491156
0.0491134
0.0491116
0.0491106
0.0491109
0.0491133
0.049118
0.0491248
0.0491327
0.0491399
0.0491445
0.0491457
0.0491443
0.0491425
0.0491416
0.0491415
0.0491405
0.0491361
0.0491259
0.0491074
0.0490793
0.0490435
0.049008
0.0489865
0.0489886
0.049001
0.0490142
0.0490215
0.0490186
0.0490057
0.0489888
0.0489786
0.0489735
0.0489701
0.0489684
0.0489695
0.0489752
0.0489882
0.049011
0.0490452
0.0490909
0.0491463
0.0492081
0.0492716
0.0493319
0.0493847
0.0494258
0.0494036
0.0489057
0.0491414
0.0494456
0.0494539
0.0494392
0.0494111
0.0493782
0.0493482
0.0493104
0.049263
0.049215
0.0491813
0.0491726
0.0491862
0.0492034
0.049209
0.049208
0.0492098
0.0492154
0.04922
0.0492198
0.0492137
0.0492034
0.0491903
0.049176
0.0491623
0.0491509
0.0491426
0.0491377
0.0491353
0.0491354
0.0491375
0.0491399
0.0491413
0.0491409
0.0491388
0.0491355
0.0491322
0.0491296
0.0491279
0.049127
0.0491265
0.0491261
0.0491253
0.0491243
0.049123
0.0491215
0.0491199
0.0491183
0.0491167
0.0491149
0.049113
0.0491108
0.0491083
0.0491058
0.0491038
0.0491031
0.0491047
0.0491094
0.0491174
0.0491278
0.0491385
0.0491469
0.0491513
0.0491521
0.0491517
0.0491523
0.0491546
0.0491573
0.0491584
0.0491556
0.0491465
0.0491289
0.0491014
0.049066
0.0490315
0.0490126
0.0490097
0.0490136
0.049017
0.0490146
0.049005
0.0489924
0.0489857
0.0489833
0.0489828
0.0489849
0.0489909
0.0490026
0.0490219
0.0490503
0.0490883
0.0491354
0.0491892
0.0492468
0.0493042
0.0493578
0.0494047
0.0494408
0.0494145
0.0489063
0.0491349
0.0494483
0.0494598
0.0494484
0.0494213
0.0493871
0.0493585
0.0493263
0.0492866
0.049244
0.0492097
0.0491939
0.0491964
0.0492046
0.0492065
0.0492041
0.0492045
0.0492091
0.0492141
0.049215
0.0492099
0.0491988
0.0491831
0.0491647
0.0491458
0.0491287
0.0491163
0.0491103
0.0491101
0.0491124
0.0491189
0.049127
0.0491346
0.0491399
0.049142
0.0491407
0.0491371
0.0491324
0.049128
0.0491244
0.049122
0.0491203
0.0491191
0.0491181
0.0491172
0.0491163
0.0491154
0.0491145
0.0491137
0.0491127
0.0491114
0.0491095
0.0491069
0.0491037
0.0491004
0.049098
0.049098
0.0491016
0.0491098
0.0491221
0.0491363
0.0491489
0.0491571
0.0491604
0.0491611
0.0491627
0.0491665
0.049172
0.0491775
0.049181
0.0491807
0.0491743
0.0491595
0.0491349
0.0491019
0.0490678
0.0490489
0.0490394
0.0490343
0.0490287
0.0490201
0.049011
0.0490082
0.049009
0.0490122
0.0490187
0.0490297
0.0490465
0.0490702
0.0491015
0.0491402
0.0491852
0.0492344
0.0492853
0.0493352
0.0493814
0.0494221
0.0494534
0.0494225
0.0489043
0.0491275
0.0494505
0.0494652
0.049457
0.0494321
0.0493968
0.0493677
0.0493386
0.0493048
0.0492675
0.0492341
0.0492134
0.0492071
0.0492074
0.0492052
0.049201
0.0491995
0.0492024
0.049207
0.049209
0.0492054
0.0491954
0.0491796
0.0491596
0.0491355
0.0491103
0.0490871
0.0490742
0.0490729
0.0490782
0.0490884
0.0491014
0.0491159
0.0491294
0.0491396
0.0491452
0.0491458
0.0491426
0.049137
0.0491308
0.0491254
0.0491212
0.0491182
0.0491163
0.0491151
0.0491144
0.0491141
0.0491141
0.0491142
0.0491142
0.0491138
0.0491124
0.0491098
0.049106
0.0491013
0.0490967
0.0490941
0.0490954
0.0491025
0.0491156
0.0491328
0.0491499
0.0491626
0.0491689
0.0491708
0.0491726
0.049177
0.0491842
0.0491927
0.0492011
0.0492077
0.0492109
0.0492084
0.0491977
0.0491766
0.0491455
0.0491177
0.0490973
0.0490826
0.049071
0.0490609
0.0490542
0.0490542
0.0490573
0.0490633
0.0490728
0.0490868
0.0491058
0.0491305
0.0491609
0.0491965
0.0492361
0.0492784
0.0493213
0.0493631
0.0494021
0.0494368
0.0494635
0.0494279
0.0488994
0.0491193
0.0494524
0.04947
0.049465
0.0494423
0.0494073
0.0493772
0.049349
0.0493189
0.0492861
0.0492546
0.049231
0.0492182
0.0492117
0.0492056
0.0491991
0.0491955
0.0491961
0.0491994
0.0492017
0.0491999
0.049192
0.0491781
0.0491589
0.0491352
0.0491088
0.049082
0.0490618
0.049041
0.0490432
0.0490529
0.0490654
0.049083
0.0491032
0.0491224
0.0491383
0.0491487
0.0491529
0.0491515
0.0491462
0.0491392
0.0491323
0.0491266
0.0491225
0.0491199
0.0491185
0.0491182
0.0491187
0.0491196
0.0491206
0.0491211
0.0491204
0.0491181
0.0491137
0.0491075
0.0491005
0.0490944
0.0490921
0.0490963
0.0491085
0.0491277
0.0491492
0.0491672
0.0491774
0.0491809
0.0491824
0.0491864
0.0491938
0.0492037
0.0492149
0.0492264
0.049237
0.049245
0.0492485
0.0492444
0.0492294
0.0492009
0.0491784
0.0491586
0.0491423
0.0491296
0.0491235
0.0491241
0.0491275
0.0491339
0.0491435
0.0491569
0.0491744
0.0491961
0.049222
0.0492515
0.0492839
0.0493181
0.0493529
0.0493871
0.0494195
0.0494489
0.0494714
0.0494308
0.0488914
0.0491105
0.0494537
0.049474
0.0494706
0.0494501
0.0494185
0.0493873
0.0493587
0.0493305
0.0493008
0.0492715
0.0492468
0.0492295
0.0492178
0.049208
0.049199
0.0491929
0.049191
0.0491922
0.049194
0.0491932
0.0491877
0.0491766
0.0491604
0.0491399
0.0491167
0.0490931
0.0490737
0.049058
0.0490481
0.0490405
0.0490389
0.0490474
0.0490655
0.0490879
0.0491118
0.0491338
0.0491504
0.0491597
0.049162
0.0491589
0.0491527
0.0491455
0.0491391
0.0491343
0.0491314
0.0491301
0.0491303
0.0491314
0.049133
0.0491343
0.0491343
0.0491322
0.0491275
0.0491199
0.0491102
0.0491002
0.0490929
0.0490924
0.0491016
0.049121
0.0491464
0.0491703
0.0491856
0.0491914
0.0491926
0.0491951
0.0492015
0.0492111
0.049223
0.0492365
0.0492508
0.0492653
0.0492786
0.0492888
0.0492927
0.0492853
0.0492645
0.0492467
0.0492298
0.0492158
0.049209
0.0492082
0.0492097
0.0492137
0.0492203
0.04923
0.0492429
0.049259
0.0492784
0.0493007
0.0493255
0.049352
0.0493795
0.049407
0.0494337
0.0494586
0.0494775
0.0494318
0.0488804
0.0491009
0.0494545
0.0494768
0.0494698
0.0494548
0.049429
0.049398
0.0493686
0.0493408
0.0493131
0.0492856
0.0492608
0.0492409
0.0492255
0.0492124
0.0492011
0.0491925
0.0491878
0.0491865
0.0491866
0.0491859
0.049182
0.0491739
0.0491614
0.0491451
0.0491265
0.0491077
0.0490913
0.0490783
0.0490687
0.0490596
0.0490509
0.0490444
0.0490431
0.0490512
0.0490705
0.049097
0.0491247
0.0491479
0.0491635
0.0491715
0.0491727
0.0491693
0.0491637
0.049158
0.0491535
0.0491509
0.04915
0.0491507
0.0491522
0.0491538
0.0491543
0.0491525
0.0491475
0.0491387
0.0491266
0.0491125
0.0490995
0.0490924
0.049096
0.0491132
0.049141
0.049171
0.0491929
0.0492023
0.0492035
0.0492042
0.0492086
0.0492165
0.0492273
0.0492401
0.0492549
0.0492711
0.0492885
0.0493061
0.0493224
0.0493345
0.0493367
0.0493264
0.0493144
0.0493025
0.0492942
0.0492908
0.0492893
0.0492894
0.0492916
0.049296
0.0493032
0.0493131
0.049326
0.0493415
0.0493596
0.0493796
0.049401
0.0494232
0.0494452
0.0494665
0.0494822
0.0494311
0.0488668
0.0490909
0.0494549
0.0494798
0.0494653
0.0494529
0.049436
0.049408
0.0493786
0.0493507
0.0493239
0.0492978
0.0492735
0.0492523
0.0492344
0.049219
0.0492055
0.0491946
0.0491872
0.049183
0.0491809
0.0491791
0.0491757
0.0491696
0.0491602
0.0491479
0.0491337
0.049119
0.0491056
0.0490942
0.0490847
0.0490763
0.0490672
0.0490581
0.0490504
0.049046
0.0490483
0.0490605
0.0490828
0.0491111
0.0491391
0.049162
0.0491771
0.0491845
0.049186
0.049184
0.0491809
0.0491782
0.0491767
0.0491766
0.0491778
0.0491793
0.04918
0.0491785
0.0491733
0.0491637
0.0491496
0.0491317
0.049113
0.0490982
0.0490936
0.0491052
0.049133
0.0491685
0.0491984
0.0492133
0.0492155
0.0492143
0.0492161
0.0492216
0.0492299
0.0492405
0.0492532
0.0492679
0.0492847
0.0493033
0.0493232
0.0493433
0.0493615
0.0493735
0.049375
0.0493705
0.0493646
0.0493591
0.0493546
0.0493512
0.0493492
0.0493491
0.0493513
0.0493561
0.0493636
0.0493739
0.0493867
0.0494017
0.0494184
0.0494362
0.0494546
0.0494729
0.0494858
0.0494291
0.0488508
0.0490805
0.0494547
0.0494812
0.0494591
0.049445
0.0494358
0.0494146
0.0493875
0.0493602
0.049334
0.0493089
0.0492852
0.0492637
0.0492445
0.0492274
0.0492122
0.0491994
0.0491894
0.0491825
0.0491778
0.0491741
0.0491701
0.0491647
0.0491572
0.0491476
0.0491367
0.0491252
0.0491142
0.0491042
0.0490953
0.0490871
0.049079
0.0490704
0.0490617
0.0490539
0.0490487
0.0490485
0.0490564
0.0490739
0.0490995
0.0491286
0.0491558
0.0491774
0.0491919
0.0492001
0.0492038
0.049205
0.0492054
0.049206
0.0492073
0.0492089
0.0492098
0.0492086
0.0492037
0.0491936
0.0491783
0.0491576
0.0491338
0.0491112
0.0490964
0.0490988
0.0491227
0.049162
0.0492008
0.0492238
0.0492286
0.0492258
0.0492248
0.0492275
0.0492329
0.0492404
0.0492497
0.049261
0.0492744
0.04929
0.0493078
0.0493276
0.0493487
0.04937
0.0493891
0.0494021
0.0494062
0.0494046
0.0494002
0.049395
0.0493908
0.049388
0.0493871
0.0493885
0.0493924
0.0493989
0.049408
0.0494192
0.0494324
0.0494469
0.0494624
0.0494782
0.0494886
0.0494262
0.0488327
0.0490697
0.0494538
0.0494783
0.0494514
0.0494337
0.0494274
0.049415
0.0493933
0.0493682
0.0493433
0.0493192
0.0492964
0.0492751
0.0492555
0.0492375
0.0492211
0.0492067
0.0491947
0.0491852
0.0491779
0.0491719
0.0491665
0.0491605
0.0491535
0.0491454
0.0491364
0.049127
0.0491177
0.0491089
0.0491007
0.049093
0.0490856
0.0490781
0.0490702
0.0490623
0.0490551
0.04905
0.0490491
0.0490548
0.0490689
0.0490914
0.0491194
0.0491486
0.0491747
0.0491956
0.0492106
0.0492207
0.0492274
0.0492321
0.0492357
0.0492388
0.0492407
0.0492404
0.0492364
0.0492267
0.049211
0.0491885
0.0491611
0.0491318
0.0491065
0.0490966
0.0491115
0.0491512
0.049199
0.0492325
0.0492425
0.0492389
0.0492353
0.0492353
0.0492379
0.0492422
0.0492479
0.049255
0.0492637
0.0492743
0.049287
0.0493019
0.049319
0.0493382
0.0493593
0.0493814
0.049403
0.0494178
0.0494218
0.0494202
0.0494169
0.0494139
0.0494121
0.0494119
0.0494139
0.0494181
0.0494247
0.0494334
0.0494439
0.0494559
0.0494691
0.0494828
0.049491
0.0494227
0.0488128
0.0490587
0.0494527
0.0494725
0.0494417
0.0494204
0.0494117
0.0494077
0.049394
0.0493735
0.0493511
0.0493287
0.049307
0.0492864
0.049267
0.0492488
0.0492318
0.0492163
0.0492027
0.0491911
0.0491814
0.0491731
0.0491657
0.0491585
0.049151
0.0491431
0.0491348
0.0491264
0.049118
0.04911
0.0491025
0.0490953
0.0490885
0.0490818
0.0490749
0.0490679
0.0490609
0.0490547
0.0490503
0.0490495
0.0490544
0.0490667
0.0490869
0.0491133
0.0491428
0.0491717
0.0491974
0.0492184
0.0492347
0.049247
0.0492563
0.0492633
0.0492682
0.0492704
0.0492684
0.0492601
0.0492453
0.0492224
0.049193
0.0491591
0.0491248
0.0491012
0.0491021
0.0491365
0.0491915
0.0492379
0.0492563
0.0492533
0.0492473
0.0492448
0.0492451
0.049247
0.0492499
0.0492535
0.0492581
0.0492639
0.049271
0.0492796
0.0492899
0.0493021
0.0493166
0.0493337
0.0493542
0.0493789
0.0494046
0.0494194
0.0494245
0.0494256
0.049426
0.0494268
0.0494287
0.0494322
0.0494375
0.0494446
0.0494534
0.0494635
0.0494749
0.049487
0.0494932
0.0494188
0.0487915
0.049048
0.0494518
0.0494653
0.0494315
0.0494076
0.0493937
0.0493945
0.0493889
0.0493748
0.0493563
0.0493365
0.0493168
0.0492975
0.0492788
0.0492609
0.0492439
0.0492278
0.0492131
0.0491999
0.0491881
0.0491777
0.0491683
0.0491594
0.0491508
0.0491423
0.0491338
0.0491255
0.0491174
0.0491098
0.0491026
0.0490958
0.0490894
0.0490832
0.0490772
0.049071
0.0490647
0.0490587
0.0490535
0.0490501
0.0490501
0.0490551
0.0490668
0.0490856
0.0491108
0.04914
0.0491705
0.0491995
0.0492252
0.0492468
0.0492642
0.0492779
0.0492881
0.0492943
0.0492958
0.049291
0.0492785
0.0492564
0.0492268
0.0491905
0.0491503
0.0491146
0.049098
0.0491196
0.0491774
0.0492384
0.0492689
0.0492685
0.0492603
0.0492556
0.0492541
0.0492545
0.0492557
0.0492574
0.0492596
0.0492623
0.0492657
0.0492698
0.0492747
0.0492804
0.0492872
0.0492955
0.0493062
0.0493207
0.0493416
0.0493717
0.0493986
0.0494148
0.0494239
0.0494301
0.0494353
0.0494404
0.0494462
0.049453
0.049461
0.04947
0.0494802
0.049491
0.0494955
0.0494147
0.048769
0.0490376
0.0494517
0.0494577
0.0494227
0.0493984
0.0493825
0.0493795
0.0493792
0.0493716
0.0493582
0.0493421
0.0493249
0.0493076
0.0492903
0.0492733
0.0492567
0.0492406
0.0492252
0.0492109
0.0491977
0.0491855
0.0491742
0.0491636
0.0491536
0.049144
0.0491348
0.049126
0.0491177
0.0491099
0.0491027
0.0490961
0.0490898
0.049084
0.0490783
0.0490727
0.0490672
0.0490617
0.0490566
0.0490526
0.0490505
0.0490516
0.0490575
0.0490694
0.0490878
0.0491123
0.0491413
0.0491726
0.0492038
0.0492329
0.0492587
0.0492804
0.0492977
0.04931
0.0493165
0.0493158
0.0493066
0.0492878
0.0492597
0.0492228
0.0491799
0.0491362
0.0491025
0.049104
0.0491569
0.049232
0.0492791
0.0492839
0.0492737
0.0492667
0.0492633
0.0492625
0.0492629
0.0492637
0.0492648
0.0492661
0.0492677
0.0492696
0.049272
0.0492746
0.0492775
0.0492807
0.0492843
0.0492891
0.0492967
0.0493105
0.0493369
0.0493693
0.0493961
0.0494153
0.0494293
0.0494404
0.0494495
0.0494579
0.0494664
0.0494753
0.0494849
0.0494948
0.0494978
0.0494106
0.0487457
0.0490277
0.0494524
0.0494516
0.0494177
0.0493933
0.0493758
0.0493666
0.0493672
0.0493645
0.0493564
0.0493446
0.0493308
0.049316
0.0493007
0.0492852
0.0492695
0.0492538
0.0492384
0.0492235
0.0492092
0.0491957
0.0491829
0.0491708
0.0491593
0.0491485
0.0491383
0.0491287
0.0491198
0.0491116
0.0491041
0.0490973
0.049091
0.0490852
0.0490797
0.0490744
0.0490693
0.0490643
0.0490596
0.0490556
0.0490529
0.0490524
0.0490552
0.0490624
0.0490753
0.049094
0.0491185
0.0491476
0.0491796
0.0492123
0.0492439
0.0492727
0.0492973
0.0493166
0.0493294
0.0493341
0.0493292
0.0493136
0.0492874
0.049252
0.0492098
0.0491627
0.0491172
0.0490947
0.0491316
0.0492172
0.0492854
0.0492989
0.0492872
0.0492775
0.0492717
0.0492691
0.0492683
0.0492681
0.049268
0.0492679
0.0492679
0.0492682
0.0492691
0.0492706
0.0492728
0.0492753
0.0492778
0.0492799
0.0492819
0.0492853
0.0492935
0.0493144
0.0493462
0.0493789
0.0494064
0.0494279
0.0494447
0.0494582
0.0494691
0.0494791
0.0494889
0.0494986
0.0495004
0.0494066
0.0487218
0.0490182
0.0494534
0.0494486
0.0494174
0.049394
0.0493751
0.049361
0.0493559
0.0493555
0.049351
0.0493436
0.0493336
0.049322
0.0493092
0.0492956
0.0492813
0.0492666
0.0492516
0.0492367
0.0492219
0.0492075
0.0491936
0.0491803
0.0491676
0.0491556
0.0491444
0.0491339
0.0491243
0.0491154
0.0491074
0.0491002
0.0490936
0.0490876
0.049082
0.0490768
0.0490719
0.0490672
0.049063
0.0490593
0.0490567
0.0490557
0.0490571
0.0490619
0.0490711
0.0490854
0.0491053
0.0491305
0.0491602
0.0491929
0.0492268
0.04926
0.0492904
0.0493162
0.0493352
0.0493456
0.0493454
0.0493336
0.0493101
0.0492762
0.0492342
0.0491873
0.0491391
0.0490965
0.0491058
0.0491931
0.049286
0.0493132
0.0493005
0.0492882
0.0492794
0.0492741
0.049271
0.0492688
0.0492665
0.0492639
0.0492613
0.0492591
0.0492578
0.049258
0.04926
0.0492635
0.0492678
0.049272
0.0492752
0.0492773
0.0492798
0.0492868
0.0493051
0.0493354
0.0493705
0.049403
0.0494299
0.0494512
0.0494678
0.0494809
0.0494921
0.0495021
0.0495031
0.0494029
0.0486968
0.0490088
0.0494543
0.0494494
0.0494231
0.0494027
0.0493843
0.049367
0.049353
0.049348
0.0493449
0.0493397
0.0493333
0.0493249
0.049315
0.0493037
0.0492913
0.0492779
0.0492638
0.0492493
0.0492345
0.0492198
0.0492052
0.0491911
0.0491775
0.0491646
0.0491524
0.0491411
0.0491307
0.0491212
0.0491125
0.0491047
0.0490977
0.0490914
0.0490857
0.0490805
0.0490757
0.0490713
0.0490674
0.0490642
0.049062
0.0490611
0.0490623
0.0490661
0.0490734
0.049085
0.0491014
0.0491231
0.0491497
0.0491805
0.0492141
0.0492489
0.0492825
0.0493126
0.0493365
0.0493516
0.0493556
0.0493472
0.0493263
0.0492941
0.0492531
0.0492063
0.049157
0.0491097
0.0490865
0.0491599
0.0492793
0.0493261
0.0493135
0.0492989
0.0492872
0.0492786
0.0492723
0.0492668
0.0492613
0.0492552
0.049249
0.0492433
0.0492391
0.0492374
0.0492387
0.0492428
0.0492489
0.049256
0.0492625
0.0492677
0.0492715
0.049276
0.0492855
0.0493054
0.0493364
0.0493727
0.0494077
0.0494375
0.0494612
0.0494795
0.0494941
0.0495053
0.0495058
0.0493984
0.0486695
0.0489995
0.0494553
0.0494558
0.0494364
0.0494217
0.0494067
0.0493895
0.0493706
0.0493525
0.049344
0.0493368
0.0493308
0.0493251
0.0493179
0.049309
0.0492987
0.049287
0.0492741
0.0492603
0.049246
0.0492313
0.0492167
0.0492021
0.049188
0.0491745
0.0491617
0.0491497
0.0491386
0.0491285
0.0491193
0.0491111
0.0491037
0.0490971
0.0490913
0.0490861
0.0490815
0.0490775
0.0490742
0.0490716
0.0490701
0.0490699
0.0490715
0.0490754
0.0490821
0.0490923
0.0491068
0.0491259
0.0491499
0.0491783
0.0492104
0.0492446
0.049279
0.0493107
0.0493368
0.0493543
0.0493605
0.0493541
0.0493349
0.0493042
0.0492644
0.0492184
0.0491694
0.0491211
0.0490812
0.04912
0.0492631
0.049337
0.0493255
0.049309
0.0492949
0.049283
0.0492728
0.0492632
0.0492532
0.0492425
0.0492318
0.0492222
0.0492151
0.0492117
0.0492123
0.0492168
0.0492243
0.0492334
0.0492426
0.0492511
0.0492585
0.0492657
0.0492751
0.0492903
0.0493148
0.049348
0.0493851
0.0494205
0.0494508
0.0494749
0.0494936
0.0495075
0.0495066
0.0493813
0.048641
0.0489878
0.0494567
0.0494673
0.049459
0.0494507
0.049442
0.0494299
0.0494127
0.0493903
0.0493634
0.0493474
0.0493326
0.0493261
0.0493202
0.0493131
0.0493044
0.0492942
0.0492825
0.0492698
0.0492561
0.049242
0.0492275
0.049213
0.0491988
0.049185
0.0491719
0.0491596
0.0491482
0.0491378
0.0491285
0.0491201
0.0491127
0.0491063
0.0491007
0.049096
0.049092
0.0490888
0.0490864
0.0490848
0.0490843
0.0490851
0.0490875
0.0490921
0.0490992
0.0491092
0.0491227
0.0491404
0.0491624
0.0491888
0.0492188
0.0492511
0.0492839
0.0493142
0.0493391
0.0493554
0.0493607
0.0493538
0.0493347
0.0493047
0.0492659
0.0492211
0.0491734
0.0491261
0.0490843
0.0490817
0.049235
0.049345
0.0493356
0.049317
0.0493004
0.049285
0.0492702
0.0492551
0.0492393
0.049223
0.0492074
0.0491943
0.049185
0.0491808
0.0491815
0.0491867
0.0491951
0.0492053
0.0492164
0.0492275
0.0492387
0.0492505
0.0492643
0.0492817
0.0493046
0.0493343
0.0493694
0.0494057
0.0494393
0.0494675
0.0494893
0.049503
0.0494895
0.0493282
0.0486235
0.048975
0.0494301
0.0494768
0.0494786
0.0494813
0.0494807
0.0494766
0.0494685
0.0494555
0.0494353
0.0494019
0.0493664
0.0493431
0.0493342
0.0493261
0.0493171
0.0493068
0.0492955
0.0492831
0.0492699
0.049256
0.0492419
0.0492277
0.0492137
0.0492001
0.0491872
0.0491752
0.0491641
0.0491541
0.0491453
0.0491375
0.0491309
0.0491253
0.0491208
0.0491171
0.0491144
0.0491125
0.0491114
0.0491112
0.049112
0.049114
0.0491176
0.049123
0.0491307
0.0491411
0.0491542
0.0491708
0.0491913
0.0492153
0.0492423
0.0492708
0.0492988
0.0493237
0.0493428
0.0493534
0.0493541
0.0493438
0.049323
0.0492927
0.0492548
0.0492117
0.0491662
0.0491215
0.0490817
0.0490603
0.0491912
0.049349
0.049343
0.0493207
0.0493005
0.0492803
0.0492594
0.0492374
0.0492147
0.0491925
0.0491726
0.049157
0.0491468
0.0491425
0.0491435
0.0491489
0.0491574
0.0491681
0.0491803
0.0491939
0.0492092
0.0492268
0.0492472
0.0492706
0.0492964
0.0493254
0.0493577
0.0493914
0.0494233
0.04945
0.0494678
0.0494692
0.0494277
0.0492485
0.0486251
0.0489724
0.0493309
0.0494333
0.049469
0.0494772
0.0494813
0.0494797
0.0494745
0.049474
0.0494753
0.0494732
0.0494554
0.0494165
0.0493925
0.0493777
0.0493636
0.0493495
0.0493353
0.0493209
0.0493063
0.0492916
0.0492769
0.0492625
0.0492485
0.0492353
0.0492229
0.0492115
0.0492013
0.0491924
0.0491847
0.0491782
0.049173
0.0491689
0.0491659
0.0491637
0.0491625
0.0491619
0.0491622
0.0491631
0.049165
0.0491678
0.049172
0.0491777
0.0491854
0.0491953
0.0492077
0.0492226
0.04924
0.0492594
0.0492799
0.0492999
0.0493176
0.0493313
0.0493391
0.0493398
0.0493326
0.0493173
0.049294
0.0492637
0.0492275
0.0491872
0.0491452
0.0491046
0.0490693
0.0490497
0.0491377
0.0493469
0.0493472
0.0493182
0.0492916
0.049264
0.0492351
0.0492052
0.0491757
0.0491487
0.0491262
0.0491095
0.0490988
0.0490938
0.0490936
0.0490972
0.0491037
0.0491129
0.0491246
0.0491391
0.0491569
0.0491783
0.0492033
0.0492318
0.049262
0.0492906
0.0493189
0.0493459
0.0493689
0.0493846
0.049388
0.0493715
0.0493151
0.0491523
0.048655
0.0489948
0.0492221
0.049294
0.0493232
0.0493363
0.0493408
0.0493432
0.049343
0.0493434
0.0493464
0.0493541
0.0493681
0.0493896
0.0494034
0.0494087
0.0494071
0.0494008
0.0493914
0.0493799
0.0493671
0.0493535
0.0493398
0.0493262
0.049313
0.0493005
0.0492889
0.0492784
0.0492691
0.049261
0.0492543
0.0492487
0.0492443
0.0492411
0.0492387
0.0492372
0.0492364
0.0492363
0.0492367
0.0492377
0.0492394
0.0492418
0.0492452
0.0492496
0.0492555
0.0492629
0.0492719
0.0492812
0.0492901
0.0492979
0.0493041
0.049308
0.0493092
0.0493072
0.0493016
0.0492922
0.0492785
0.0492604
0.0492377
0.0492105
0.0491792
0.0491445
0.0491083
0.0490735
0.049045
0.0490318
0.0490864
0.0493349
0.0493478
0.0493082
0.0492714
0.0492338
0.0491956
0.0491582
0.0491238
0.0490941
0.0490702
0.0490522
0.0490394
0.049031
0.0490261
0.0490243
0.0490251
0.0490286
0.0490349
0.0490442
0.049057
0.0490733
0.0490932
0.0491165
0.0491429
0.0491687
0.049189
0.0492053
0.0492164
0.0492204
0.0492152
0.0491986
0.0491606
0.0490549
0.0487198
0.0490459
0.0491325
0.0491395
0.0491381
0.0491387
0.0491381
0.0491356
0.0491337
0.0491322
0.0491313
0.0491311
0.0491315
0.0491327
0.0491368
0.0491434
0.0491515
0.0491604
0.0491693
0.0491772
0.0491834
0.0491878
0.0491901
0.0491906
0.0491897
0.0491875
0.0491846
0.0491813
0.0491778
0.0491744
0.0491714
0.0491688
0.0491668
0.0491654
0.0491646
0.0491646
0.0491651
0.0491662
0.049168
0.0491702
0.0491728
0.0491759
0.0491793
0.049183
0.0491869
0.0491906
0.0491931
0.0491947
0.0491952
0.0491946
0.0491928
0.0491901
0.0491864
0.0491818
0.0491764
0.0491699
0.0491619
0.0491521
0.0491397
0.0491241
0.0491049
0.0490818
0.0490556
0.0490294
0.0490099
0.049007
0.049054
0.0493045
0.0493459
0.0492919
0.0492422
0.0491935
0.0491471
0.0491045
0.0490672
0.0490355
0.0490091
0.0489871
0.0489685
0.0489525
0.0489387
0.0489268
0.0489167
0.0489085
0.0489022
0.0488979
0.048896
0.0488964
0.0488994
0.0489052
0.0489137
0.0489248
0.0489376
0.0489468
0.0489534
0.0489577
0.0489613
0.0489687
0.0489815
0.0489695
0.0488172
0.0491183
0.0490993
0.04904
0.0489998
0.0489815
0.0489729
0.0489672
0.0489644
0.0489634
0.0489637
0.0489644
0.0489649
0.0489647
0.0489636
0.0489617
0.0489591
0.0489557
0.0489517
0.0489471
0.0489419
0.0489362
0.04893
0.0489234
0.0489165
0.0489094
0.0489022
0.0488951
0.0488882
0.0488816
0.0488755
0.0488699
0.0488649
0.0488605
0.0488569
0.0488539
0.0488517
0.0488503
0.0488495
0.0488493
0.0488497
0.0488505
0.0488515
0.0488526
0.0488536
0.0488547
0.0488567
0.0488596
0.0488639
0.0488696
0.0488772
0.0488868
0.0488984
0.0489121
0.0489275
0.0489441
0.0489608
0.0489767
0.0489904
0.0490005
0.0490054
0.0490038
0.0489955
0.0489838
0.048982
0.0490095
0.0490812
0.0492682
0.0493484
0.0492793
0.0492186
0.0491628
0.0491122
0.0490671
0.0490274
0.0489924
0.0489611
0.0489327
0.0489064
0.0488817
0.0488583
0.048836
0.0488147
0.0487945
0.0487754
0.0487574
0.0487408
0.0487257
0.0487125
0.0487016
0.0486935
0.0486888
0.0486883
0.0486923
0.0486999
0.0487119
0.048733
0.048775
0.0488513
0.0489397
0.0489405
)
;

boundaryField
{
    floor
    {
        type            fixedFluxPressure;
        gradient        uniform 0;
        value           nonuniform List<scalar> 
100
(
0.0492354
0.0492481
0.0492592
0.0492528
0.0492449
0.0492347
0.0492249
0.0492167
0.0492103
0.0492049
0.0492003
0.049198
0.0491896
0.0491827
0.0491815
0.0491824
0.0491847
0.0491887
0.0491943
0.0492007
0.0492072
0.0492136
0.0492196
0.0492253
0.0492309
0.0492364
0.0492419
0.0492472
0.0492522
0.0492569
0.049261
0.0492645
0.0492673
0.0492693
0.0492705
0.0492711
0.0492741
0.0492737
0.0492719
0.0492695
0.0492668
0.0492642
0.0492616
0.0492591
0.0492566
0.0492541
0.0492515
0.0492488
0.049246
0.0492428
0.0492393
0.0492354
0.0492311
0.0492264
0.0492211
0.0492153
0.049209
0.0492024
0.0491953
0.0491879
0.0491804
0.0491728
0.0491654
0.0491582
0.0491514
0.0491453
0.0491399
0.0491355
0.049132
0.0491294
0.0491278
0.049127
0.0491269
0.0491276
0.0491288
0.0491311
0.0491353
0.0491434
0.0491493
0.0491465
0.0491389
0.049139
0.0491421
0.0491456
0.0491479
0.0491493
0.0491501
0.0491499
0.0491471
0.0491394
0.0491269
0.0491105
0.0490969
0.049095
0.0490992
0.0491137
0.0491468
0.049167
0.0491596
0.0491401
)
;
    }
    ceiling
    {
        type            fixedFluxPressure;
        gradient        nonuniform List<scalar> 
100
(
0.238165
0.230084
0.227065
0.225986
0.225849
0.22626
0.227029
0.227787
0.228535
0.229282
0.230031
0.230783
0.231539
0.232229
0.232757
0.233104
0.233266
0.233244
0.233056
0.23273
0.2323
0.231806
0.231287
0.230774
0.230295
0.229868
0.229504
0.229208
0.22898
0.228813
0.2287
0.228627
0.22858
0.228546
0.228509
0.228456
0.228379
0.228274
0.228146
0.228006
0.227881
0.227806
0.227833
0.228018
0.22835
0.228729
0.229156
0.229632
0.230159
0.230742
0.231387
0.232103
0.232904
0.233806
0.234834
0.236019
0.237407
0.239059
0.241066
0.243553
0.246678
0.250498
0.254362
0.255803
0.251065
0.23723
0.19971
0.183464
0.196942
0.208538
0.219023
0.228385
0.236569
0.243608
0.249625
0.254797
0.259302
0.263293
0.26689
0.270179
0.273222
0.276065
0.278744
0.281283
0.283703
0.286019
0.28824
0.290375
0.292427
0.2944
0.296294
0.298108
0.299837
0.301875
0.304366
0.307502
0.311637
0.317471
0.326617
0.343364
)
;
        value           nonuniform List<scalar> 
100
(
0.0503091
0.0502497
0.0501753
0.0501297
0.0501108
0.0501042
0.0501024
0.0501033
0.0501061
0.0501101
0.0501146
0.0501188
0.0501224
0.0501247
0.0501255
0.0501246
0.0501221
0.050118
0.0501124
0.0501056
0.0500977
0.0500891
0.0500799
0.0500704
0.0500609
0.0500516
0.0500426
0.0500343
0.0500265
0.0500196
0.0500134
0.050008
0.0500034
0.0499996
0.0499965
0.049994
0.0499922
0.0499909
0.04999
0.0499897
0.0499899
0.0499905
0.0499918
0.0499937
0.0499965
0.0500003
0.0500054
0.050012
0.0500204
0.0500309
0.0500437
0.050059
0.0500766
0.0500966
0.0501182
0.0501409
0.0501638
0.0501857
0.0502058
0.0502231
0.0502372
0.050248
0.0502556
0.050261
0.0502648
0.0502674
0.0502667
0.0502657
0.050264
0.0502613
0.0502579
0.0502541
0.0502499
0.0502454
0.0502405
0.0502351
0.0502292
0.0502229
0.0502162
0.0502092
0.0502021
0.0501951
0.0501883
0.0501818
0.050176
0.0501709
0.0501669
0.0501644
0.0501638
0.0501655
0.0501703
0.0501789
0.0501915
0.0502092
0.0502338
0.0502705
0.0503332
0.0504386
0.0505728
0.0506573
)
;
    }
    fixedWalls
    {
        type            fixedFluxPressure;
        gradient        uniform 0;
        value           nonuniform List<scalar> 
100
(
0.0492354
0.0492277
0.0492095
0.0491905
0.0491708
0.0491504
0.0491304
0.0491126
0.0490991
0.0490913
0.0490871
0.0490846
0.0490831
0.049083
0.0490858
0.0490918
0.0491009
0.0491119
0.0491234
0.0491338
0.0491424
0.0491491
0.0491536
0.0491558
0.0491561
0.0491545
0.0491514
0.049147
0.0491414
0.0491349
0.0491275
0.0491193
0.0491105
0.0491009
0.0490909
0.0490805
0.0490697
0.0490587
0.049048
0.0490376
0.0490277
0.0490182
0.0490088
0.0489995
0.0489878
0.048975
0.0489724
0.0489948
0.0490459
0.0491183
0.0491401
0.0491307
0.0491183
0.0491073
0.0490926
0.0490753
0.0490562
0.0490358
0.0490146
0.048994
0.0489756
0.0489597
0.0489455
0.0489325
0.0489208
0.0489104
0.0489014
0.0488942
0.0488892
0.048886
0.0488846
0.0488851
0.0488874
0.0488909
0.0488951
0.0488992
0.048903
0.0489057
0.0489063
0.0489043
0.0488994
0.0488914
0.0488804
0.0488668
0.0488508
0.0488327
0.0488128
0.0487915
0.048769
0.0487457
0.0487218
0.0486968
0.0486695
0.048641
0.0486235
0.0486251
0.048655
0.0487198
0.0488172
0.0489405
)
;
    }
    frontAndBack
    {
        type            empty;
    }
}


// ************************************************************************* //
