/*--------------------------------*- C++ -*----------------------------------*\
| =========                 |                                                 |
| \\      /  F ield         | OpenFOAM: The Open Source CFD Toolbox           |
|  \\    /   O peration     | Version:  4.1                                   |
|   \\  /    A nd           | Web:      www.OpenFOAM.org                      |
|    \\/     M anipulation  |                                                 |
\*---------------------------------------------------------------------------*/
FoamFile
{
    version     2.0;
    format      ascii;
    class       volScalarField;
    location    "100";
    object      mag(U);
}
// * * * * * * * * * * * * * * * * * * * * * * * * * * * * * * * * * * * * * //

dimensions      [0 1 -1 0 0 0 0];

internalField   nonuniform List<scalar> 
5000
(
0.00377306
0.00366577
0.00365553
0.00402796
0.00578621
0.00752823
0.00872862
0.0093809
0.00962625
0.00957125
0.00928045
0.00876806
0.00795701
0.00668791
0.00485178
0.00173371
0.00122899
0.00215421
0.00289396
0.00370907
0.00423643
0.00445294
0.00441927
0.00417867
0.00370333
0.00303345
0.00194048
0.00303662
0.00209762
0.00109264
0.00207376
0.00290388
0.00246626
0.00170041
0.0013455
0.00480965
0.00625428
0.00575622
0.00450133
0.00295073
0.00223064
0.00379384
0.00599405
0.00763737
0.00794689
0.00454381
0.00446276
0.00544357
0.00640129
0.00673602
0.00665914
0.00626593
0.00562308
0.00481653
0.00391043
0.0029503
0.00192603
0.00119039
0.00121727
0.00159173
0.00328791
0.00532392
0.00663898
0.00774835
0.00847634
0.00858035
0.00808142
0.00707607
0.00559977
0.00468114
0.00479222
0.00582139
0.00717642
0.00777021
0.00767113
0.00672742
0.00543268
0.00310975
0.00556164
0.00461907
0.00371515
0.00235551
0.00242339
0.00306891
0.00375923
0.00457548
0.0056545
0.00703951
0.00862227
0.0100497
0.0110497
0.0114054
0.0110198
0.00999289
0.00851392
0.00686558
0.00539283
0.00435522
0.00354517
0.00348225
0.0048474
0.00133635
0.00550325
0.00555549
0.00599678
0.00688828
0.00766825
0.00814226
0.00832853
0.00823763
0.00792158
0.00740059
0.00666253
0.00590861
0.00603231
0.00244359
0.00326435
0.00408367
0.00421945
0.00431488
0.00428291
0.00404631
0.0036486
0.00315604
0.00254087
0.00291206
0.00452201
0.00307991
0.00259857
0.00170012
0.00186784
0.00134233
0.00187617
0.00275807
0.00510453
0.0060534
0.00585596
0.00546579
0.0052728
0.00461134
0.00405495
0.00394278
0.00459118
0.00474869
0.00676592
0.00757016
0.00549426
0.00406729
0.0041459
0.00406227
0.00395173
0.00377881
0.00351571
0.00319479
0.00282972
0.00258449
0.00224271
0.00198049
0.00127482
0.00215509
0.0044451
0.00426715
0.00412667
0.00436676
0.0046848
0.00499238
0.00521254
0.00478396
0.00451747
0.00571663
0.00692004
0.00427
0.00446258
0.00480801
0.00500385
0.0048778
0.0056711
0.00654
0.00511772
0.00377173
0.00490159
0.00321548
0.00139773
0.00118838
0.00165801
0.00239966
0.00345133
0.00496856
0.0063797
0.00753253
0.00835482
0.00887488
0.00900393
0.00878747
0.00827894
0.0075435
0.00663283
0.00557844
0.00433747
0.0051868
0.0056972
0.0028969
0.0072371
0.00716033
0.00649379
0.00624542
0.00629931
0.00640177
0.00642685
0.00625756
0.00593551
0.00552682
0.00520494
0.00576707
0.00807115
0.000352435
0.00435168
0.00514913
0.00490705
0.00456938
0.00418477
0.00357674
0.00284096
0.00214615
0.00256482
0.00563813
0.00596465
0.00322122
0.00319454
0.00278048
0.00203851
0.00145873
0.00278419
0.00507067
0.00644963
0.00641425
0.005571
0.00569753
0.0060804
0.00615826
0.00634684
0.00658114
0.00630107
0.00384069
0.00606683
0.0098558
0.00761214
0.00304497
0.0011717
0.00169723
0.0015817
0.00158729
0.00160557
0.00163451
0.00159475
0.00170027
0.00193904
0.0021013
0.0018239
0.00209848
0.00499161
0.00391143
0.00238252
0.00222605
0.00203414
0.00044516
0.0015909
0.00281437
0.00417481
0.00698711
0.00911564
0.00404876
0.00292756
0.00263465
0.00251994
0.00373127
0.00699425
0.00937613
0.00546176
0.00365977
0.00604986
0.00430645
0.00281797
0.00207363
0.0018656
0.00232505
0.00346434
0.00519764
0.00589537
0.00637219
0.00675386
0.00713097
0.00756434
0.00786763
0.00794905
0.00772131
0.00711677
0.00614491
0.00520655
0.00760683
0.00618094
0.00507419
0.00844923
0.0079692
0.00649817
0.00528952
0.00459611
0.00429484
0.00418419
0.00410052
0.00399545
0.00397447
0.00442985
0.00657063
0.00972821
0.00385905
0.00515298
0.00501484
0.00425651
0.00363918
0.00312882
0.00266208
0.00230079
0.00307917
0.00595308
0.00764951
0.00647632
0.00373266
0.00369074
0.00360614
0.00357208
0.00373978
0.00464465
0.0058038
0.00659242
0.00614924
0.00532455
0.00573417
0.00644259
0.00717049
0.00797267
0.00836994
0.0077371
0.00562072
0.0061365
0.010481
0.00838469
0.00522454
0.00384928
0.00335211
0.00304084
0.00288711
0.00269123
0.00243798
0.00219118
0.00166315
0.00126429
0.00107402
0.00114644
0.00109156
0.00427658
0.0047395
0.00272289
0.000369413
0.000566291
0.00186028
0.000993302
0.00119476
0.00327071
0.00703753
0.00992157
0.00424511
0.00252648
0.00111507
0.0010747
0.00411713
0.00844816
0.0111196
0.00603354
0.00329241
0.0064276
0.00483459
0.00362715
0.00303517
0.00290593
0.00358092
0.00511678
0.00623436
0.00623374
0.00603862
0.00595163
0.00607819
0.00646478
0.00684601
0.00709834
0.00709457
0.00678699
0.00632281
0.00641082
0.0100811
0.00557959
0.00601521
0.00909289
0.00800695
0.00596936
0.00415769
0.00286494
0.00209422
0.0017706
0.00191416
0.00224288
0.00281954
0.00444319
0.00792658
0.0104445
0.00625504
0.00543928
0.00417215
0.00273303
0.00178078
0.00162397
0.00237534
0.00399858
0.00636138
0.00850665
0.0087923
0.00658706
0.00429503
0.00388842
0.00397813
0.00448575
0.00476847
0.00486371
0.00528093
0.00587321
0.00539316
0.00471631
0.00535581
0.00639071
0.00767542
0.00896498
0.00951678
0.00892694
0.00655181
0.00404772
0.00931909
0.00765478
0.0066528
0.00702625
0.0076569
0.00798593
0.00789036
0.00740655
0.00659009
0.00549087
0.00421183
0.0030858
0.00222797
0.00149681
0.000854643
0.00259659
0.00498678
0.00423814
0.00314423
0.0022682
0.00257657
0.00219179
0.00255483
0.0027076
0.00590571
0.00982243
0.00443603
0.00251193
0.00162451
0.00194717
0.00476564
0.00898789
0.0117598
0.00639438
0.00258601
0.0062719
0.00494872
0.00403444
0.00369028
0.00397158
0.00492447
0.00607649
0.00657981
0.00613537
0.00539248
0.00471422
0.00441015
0.00464908
0.00510219
0.00553301
0.00585503
0.00608136
0.00643324
0.00762633
0.0122415
0.0043748
0.00668877
0.00905284
0.00727787
0.00508903
0.00339321
0.00226284
0.00134881
0.00101049
0.00144961
0.00233394
0.00361815
0.00563552
0.0084128
0.0101843
0.00768888
0.00563154
0.00338743
0.00131863
0.00106411
0.00284247
0.00459579
0.00679563
0.00897087
0.0101464
0.00928121
0.00651056
0.00459921
0.00364234
0.00361677
0.00435805
0.00470147
0.00423242
0.00384517
0.00467561
0.00452851
0.00352403
0.00434926
0.0056934
0.00743945
0.00915175
0.00982435
0.0093895
0.00808829
0.00495496
0.00721345
0.00650733
0.00771723
0.00930604
0.0103887
0.0109139
0.0110266
0.0107781
0.0101967
0.00934165
0.00826783
0.00698082
0.00554708
0.0042128
0.00322672
0.00299091
0.0047141
0.0047168
0.0040883
0.00369125
0.00366147
0.00339833
0.00332912
0.00315207
0.00437485
0.0091461
0.0042365
0.00213903
0.00190708
0.00278225
0.00529473
0.00894333
0.0114241
0.00644753
0.00161496
0.0056656
0.00475154
0.00427319
0.00435529
0.0049491
0.00581616
0.00654084
0.00671626
0.00610051
0.00506299
0.00380297
0.00267952
0.00239696
0.0030982
0.00386704
0.00462051
0.00542423
0.00653378
0.00862861
0.014012
0.00294432
0.00686108
0.00814276
0.00590582
0.00453707
0.00402059
0.00388921
0.00400222
0.00437416
0.00467381
0.00513873
0.00577719
0.00669533
0.0079497
0.00865987
0.00780015
0.00528797
0.00274006
0.00188278
0.00303696
0.00471841
0.00679147
0.00896342
0.0106394
0.0109324
0.0091713
0.00611981
0.00486085
0.00336204
0.00255908
0.00349282
0.00393238
0.00315581
0.0015354
0.00352946
0.00521855
0.00262765
0.00248081
0.00439219
0.00661353
0.00879237
0.00943796
0.00854604
0.00710696
0.00541005
0.000462084
0.00393158
0.00667983
0.00844701
0.00945792
0.010043
0.0104045
0.0105176
0.0103599
0.00995633
0.00932623
0.00849641
0.00751604
0.0064525
0.00540728
0.00459637
0.00476763
0.0049189
0.00462916
0.00431692
0.00411725
0.00382544
0.00351409
0.00309818
0.00325798
0.00809742
0.00383278
0.00136986
0.00182197
0.00370549
0.0061116
0.00877461
0.0103365
0.00604496
0.000877327
0.00469749
0.00438073
0.00443746
0.00491495
0.00565863
0.00641861
0.00693238
0.00698535
0.00648484
0.00552148
0.00416674
0.00250744
0.00062555
0.00160939
0.00265884
0.00364893
0.00484953
0.00653917
0.00937544
0.0154337
0.0016517
0.00642984
0.00635724
0.00495543
0.00510806
0.0058034
0.00658942
0.00728892
0.00769596
0.00790787
0.00795908
0.00779914
0.00740013
0.00680415
0.00566902
0.00648309
0.00446444
0.00277599
0.00311595
0.00451662
0.00626262
0.0083148
0.0102533
0.0113976
0.0109314
0.00844607
0.00545491
0.00590409
0.00358332
0.00169813
0.0029514
0.00304802
0.00231383
0.00226704
0.00210218
0.00598739
0.00427319
0.000999727
0.0029334
0.00571147
0.00844873
0.00918398
0.00804361
0.00614908
0.00492509
0.0036779
0.00403216
0.00545549
0.00665085
0.00742457
0.00792772
0.00835619
0.00880694
0.00912551
0.0092519
0.00915073
0.0088143
0.00826374
0.00754485
0.00673613
0.00595825
0.00556537
0.00541971
0.00507857
0.00465374
0.00429403
0.00388191
0.00340377
0.00291324
0.00244958
0.0070789
0.00341667
0.000648373
0.00269216
0.00498144
0.00704752
0.00863578
0.00892566
0.00512283
0.000969848
0.0036651
0.00402729
0.00452949
0.00528228
0.0061372
0.0069029
0.00742365
0.00756921
0.00727346
0.00654742
0.00542358
0.00396108
0.00225338
0.000550718
0.00162712
0.0027712
0.00425432
0.00641184
0.00990874
0.0165483
0.000884171
0.00529676
0.00453857
0.00506023
0.00660029
0.00801081
0.0090918
0.00978368
0.01014
0.0101847
0.00985089
0.00901547
0.00751384
0.00509169
0.00129362
0.00514596
0.00388519
0.00339189
0.00423661
0.0055582
0.00722918
0.00911131
0.0107401
0.0113942
0.0102866
0.0072003
0.00497571
0.00730102
0.00389775
0.00162166
0.00313148
0.00274878
0.0022008
0.00318421
0.000921538
0.00614329
0.0050149
0.00274696
0.00100431
0.00512696
0.00826339
0.00907754
0.00797105
0.00598752
0.00487549
0.00499647
0.00498953
0.00539344
0.00596166
0.00637652
0.00660494
0.00677823
0.00710618
0.00757845
0.00801926
0.00831053
0.00838337
0.00822017
0.0078474
0.00732593
0.00674077
0.00627384
0.00588582
0.00538651
0.00483841
0.00433622
0.00378092
0.00327913
0.00301635
0.00186128
0.00630991
0.0027311
0.00183789
0.00415611
0.0062302
0.00778097
0.0084463
0.0075814
0.00401755
0.00194951
0.0032852
0.00398437
0.00463443
0.00548062
0.0064015
0.0072293
0.00784547
0.00816596
0.00813526
0.00772891
0.00693244
0.00574865
0.00421156
0.00243159
0.0009327
0.00187571
0.00358482
0.00616629
0.010261
0.0173368
0.000901618
0.00343053
0.00374543
0.00602571
0.00793829
0.00936111
0.0103855
0.0110632
0.0113863
0.011333
0.0108534
0.0098679
0.00832133
0.00635883
0.00481752
0.00516204
0.00483354
0.00445755
0.00499999
0.00612056
0.00762137
0.00928226
0.0106099
0.0108652
0.00925431
0.00565578
0.0051221
0.00814047
0.00399298
0.00225525
0.0037284
0.00280838
0.00289386
0.00389462
0.00263576
0.00478593
0.00468122
0.00289255
0.0017983
0.00551391
0.0082993
0.0090415
0.00800298
0.00613995
0.00510684
0.00567122
0.00595333
0.00606117
0.0061648
0.00618034
0.00607353
0.00590425
0.00585572
0.00614696
0.00665605
0.00718044
0.00756091
0.00772282
0.00765718
0.00740034
0.00701216
0.00658994
0.00611909
0.00554244
0.00492391
0.00431847
0.00368146
0.00337746
0.00363909
0.00165656
0.00580183
0.00158696
0.00340782
0.00552162
0.00722615
0.00821838
0.0081697
0.00666974
0.00389724
0.00322534
0.00390342
0.00438298
0.0048052
0.00547178
0.00633948
0.00721276
0.00793644
0.00844807
0.00870079
0.00865772
0.00827145
0.0074989
0.00631554
0.00476156
0.00302818
0.00197626
0.00329807
0.00595692
0.0103972
0.017564
0.00117835
0.00135716
0.00422749
0.00654766
0.00827547
0.00965993
0.0107033
0.0114016
0.0117575
0.0117729
0.0114436
0.010773
0.0098058
0.00868308
0.00779887
0.00729557
0.00636688
0.00537443
0.00534221
0.0062038
0.00751589
0.00896954
0.0100521
0.010019
0.0080332
0.00407764
0.00642215
0.00826256
0.0038505
0.00316995
0.00426527
0.00320001
0.00390902
0.0049141
0.00438582
0.00201837
0.00400561
0.0026509
0.00239888
0.00631652
0.00860375
0.00909071
0.0079482
0.00611334
0.00522396
0.0060652
0.00680038
0.00700873
0.00684489
0.00649361
0.00607456
0.00563118
0.00525759
0.00521252
0.00558864
0.00617178
0.00672702
0.00711296
0.00727695
0.00722746
0.00700393
0.00666235
0.00620315
0.00562062
0.00497894
0.00432139
0.00370679
0.00382606
0.00468425
0.00191573
0.00540937
0.00026132
0.0047912
0.00668772
0.00800491
0.00845555
0.0079082
0.00635946
0.00473993
0.00457705
0.00489766
0.00507983
0.00507823
0.00521796
0.00582036
0.00669177
0.00750348
0.00818049
0.00868889
0.00901203
0.00909539
0.00887084
0.00825702
0.00721394
0.0057971
0.00432188
0.00402363
0.00599361
0.0101624
0.0169437
0.00088253
0.00179695
0.00528453
0.00700514
0.00832066
0.0094586
0.0103698
0.0110202
0.0114041
0.0115265
0.0113889
0.0110122
0.0105045
0.0099791
0.00951085
0.00887818
0.00765939
0.00607523
0.00525571
0.00581103
0.00699883
0.0083192
0.00924291
0.00905538
0.00690105
0.00278049
0.00668622
0.00786977
0.00350258
0.00367881
0.00439956
0.00370178
0.00469123
0.00580221
0.00588065
0.00442005
0.00192939
0.00224878
0.00384266
0.00702114
0.0087379
0.0089442
0.00760346
0.00578293
0.00527466
0.00648336
0.00755199
0.00786118
0.00749956
0.00681697
0.0061381
0.0055857
0.00518364
0.00498183
0.00510829
0.00555313
0.00611466
0.00659491
0.00688905
0.0069739
0.00687187
0.00661466
0.0062045
0.00565413
0.00502654
0.00437508
0.00390713
0.00456812
0.00589834
0.00234766
0.00504861
0.00125949
0.00591198
0.00765779
0.00867885
0.00865934
0.00777311
0.00645052
0.00561503
0.00560998
0.00579044
0.00589275
0.00564119
0.00500818
0.00485844
0.00561344
0.0065006
0.00729644
0.0079524
0.00852368
0.00899359
0.00932844
0.00941653
0.00911916
0.00835096
0.00714653
0.00589628
0.00634129
0.0094204
0.0153723
0.000459653
0.00361556
0.00645795
0.00764284
0.00834796
0.00900131
0.00958509
0.0100417
0.0103428
0.0104864
0.0104853
0.010368
0.0102691
0.0102365
0.0101692
0.00974511
0.00861503
0.00679361
0.00503578
0.00497546
0.00614539
0.00746644
0.0083193
0.00808131
0.00595785
0.00113388
0.00604483
0.00717588
0.00302886
0.00284666
0.00405788
0.00357705
0.00465743
0.00596055
0.00656264
0.00616075
0.00445945
0.000985852
0.00492917
0.00737394
0.00861064
0.0085692
0.0069335
0.00523742
0.00547027
0.00701454
0.00816922
0.008454
0.0078908
0.00686122
0.00586587
0.0051553
0.00474214
0.00458961
0.00469478
0.00507314
0.00560004
0.00610242
0.00645495
0.00661968
0.00661351
0.006448
0.00611539
0.00563208
0.00505745
0.00447741
0.00427041
0.00547187
0.00707705
0.00274777
0.00473601
0.00197063
0.00677631
0.00840974
0.00932908
0.00897677
0.00777222
0.00650527
0.00592921
0.0059761
0.00619648
0.0065659
0.00662059
0.00563988
0.00391557
0.0040811
0.00504601
0.00600151
0.00669277
0.00728616
0.00781845
0.00842158
0.00910976
0.00970126
0.00989182
0.00946647
0.00837203
0.00724052
0.00831491
0.0128827
0.00120641
0.00472075
0.0075041
0.00839384
0.00849998
0.00851484
0.00856662
0.00862727
0.00866508
0.0086848
0.00871636
0.00879247
0.0090611
0.00951186
0.00992157
0.00990408
0.0091181
0.007512
0.00536479
0.00394849
0.00503694
0.00659964
0.00747229
0.00722186
0.00527237
0.00184932
0.00492162
0.00634763
0.00267224
0.00178246
0.00385653
0.00368378
0.00256222
0.00459383
0.00552468
0.00592868
0.00554257
0.00430453
0.00638051
0.00762648
0.00839527
0.00812661
0.00608057
0.00485144
0.00599733
0.00759251
0.00860701
0.00877111
0.0079981
0.00660355
0.00521935
0.00423219
0.00360816
0.0034477
0.00373443
0.00427416
0.00489488
0.00545996
0.00585575
0.00608779
0.00619302
0.00615366
0.00593892
0.00555947
0.00507025
0.00462652
0.00476329
0.00643936
0.00807104
0.00312237
0.00451844
0.00229995
0.00737521
0.00884722
0.00989249
0.00951775
0.0079814
0.00630173
0.00536487
0.00529311
0.00579911
0.0067679
0.00761147
0.00706441
0.00420118
0.00253935
0.00317529
0.0045861
0.0054232
0.00602648
0.00632204
0.0065025
0.00700122
0.00814526
0.00938724
0.0100065
0.00972441
0.00839605
0.00725866
0.00950748
0.00197036
0.00545735
0.00831004
0.00915877
0.00883232
0.0082055
0.00759886
0.00707975
0.00664826
0.00632414
0.00617442
0.00631951
0.00692273
0.00790105
0.00890108
0.00942706
0.00909534
0.00790734
0.00608349
0.00382462
0.00356215
0.00585647
0.00695698
0.00653174
0.00443091
0.00244743
0.00448949
0.00556347
0.00281196
0.00141521
0.00382164
0.00487642
0.00328786
0.00144466
0.00383144
0.00538672
0.00610912
0.00591009
0.0069615
0.00770584
0.00819335
0.00776829
0.00530657
0.00507043
0.00668938
0.00805071
0.0088188
0.00882586
0.00786988
0.00611679
0.00428137
0.00286585
0.00190264
0.0020408
0.00265453
0.00335456
0.00407493
0.004716
0.00510156
0.00539408
0.00564907
0.00577915
0.00571238
0.00545326
0.00506703
0.00483856
0.00537176
0.00742255
0.00869594
0.00344089
0.00438831
0.0023527
0.00770117
0.00889925
0.0100948
0.0101004
0.00870989
0.00654906
0.00442263
0.00344426
0.00456035
0.00642143
0.00819583
0.00818776
0.00564851
0.00269492
0.00102335
0.00306829
0.00421479
0.00507379
0.00547275
0.00536586
0.00488454
0.00488227
0.00643779
0.00805983
0.00860578
0.00784977
0.0058934
0.00499105
0.00259024
0.00590785
0.00883065
0.00981931
0.00928965
0.00816507
0.00692551
0.00576261
0.00476538
0.00399647
0.00344622
0.00335716
0.00406071
0.00554971
0.00728069
0.00848081
0.008653
0.00786678
0.00655505
0.00471112
0.00251025
0.00456195
0.00649522
0.00608546
0.00426702
0.00351056
0.00487433
0.00539731
0.00350518
0.00211639
0.00382483
0.00549836
0.00494932
0.00285837
0.00134398
0.00501345
0.00655556
0.00695042
0.00740202
0.00776397
0.00799621
0.00750601
0.00487808
0.00576503
0.00722401
0.00826183
0.00879151
0.00866107
0.00759907
0.00554049
0.00316235
0.00128169
0.00129271
0.00172893
0.00216511
0.00272263
0.00341339
0.00412656
0.00428612
0.00459449
0.00503452
0.00535712
0.00543683
0.00531445
0.00507795
0.00517217
0.00613336
0.00839092
0.00876175
0.00371906
0.00430799
0.00211585
0.00792029
0.00858431
0.00970853
0.0102589
0.00943792
0.00761142
0.00517948
0.00233059
0.00255211
0.00585717
0.00849266
0.00888501
0.00652842
0.00357307
0.00139117
0.00141069
0.00290758
0.00406131
0.00478615
0.00498152
0.00447403
0.00330643
0.00308314
0.00482512
0.0060503
0.00574858
0.00435332
0.00205086
0.00307426
0.00619682
0.00908498
0.0102708
0.00973954
0.00832789
0.00661367
0.00488401
0.00331892
0.00215593
0.00171241
0.00187505
0.00176919
0.00284258
0.00525175
0.00724038
0.0079591
0.00751104
0.00664356
0.00542037
0.00365546
0.00184611
0.00584572
0.00567049
0.00406015
0.00413247
0.00540593
0.00561327
0.00414493
0.00296698
0.00373316
0.00552875
0.00553272
0.00377077
0.00178872
0.00463902
0.00663305
0.00727322
0.00750801
0.00764975
0.00770932
0.00727544
0.00498866
0.00638923
0.00747227
0.00822238
0.008574
0.00835662
0.00729674
0.00507726
0.00192942
0.000609233
0.00196031
0.00206963
0.00201715
0.00225489
0.00298432
0.00393092
0.00335628
0.003682
0.00437605
0.00488371
0.00512646
0.00525815
0.00523274
0.00570098
0.0072319
0.00904559
0.00819985
0.00388586
0.00421145
0.00163038
0.00815912
0.00797174
0.00870587
0.00984833
0.0097847
0.00855013
0.00638489
0.00367009
0.00102259
0.00533423
0.00857841
0.00921021
0.00709274
0.0040643
0.00138829
0.00186062
0.00129095
0.00295557
0.00394079
0.00452839
0.00451384
0.00352422
0.00213604
0.00291238
0.0037046
0.00404231
0.00392236
0.00267518
0.00355906
0.00644989
0.00916544
0.0104787
0.0100585
0.00854847
0.00656189
0.00445624
0.00245577
0.00100245
0.00164598
0.0019393
0.00164437
0.00157847
0.00322415
0.00587608
0.0071529
0.0069808
0.00645435
0.00568672
0.00456565
0.00284946
0.00299063
0.00489078
0.00326111
0.00442062
0.005601
0.0055403
0.0041078
0.00298221
0.00314931
0.0051453
0.00553573
0.00386843
0.00203751
0.004764
0.0065616
0.007192
0.00734648
0.00738591
0.00735907
0.00705891
0.00559174
0.00674234
0.00748398
0.00801864
0.00825952
0.00801667
0.00705796
0.00501557
0.0015991
0.0020482
0.00246459
0.00199104
0.00128522
0.00181548
0.00284458
0.00402398
0.00224434
0.00274688
0.00369095
0.00442012
0.00498934
0.00553907
0.00562983
0.00653151
0.00833319
0.00933006
0.0070592
0.00388052
0.00412322
0.00119313
0.00834968
0.00715535
0.00725574
0.00891681
0.00965987
0.00906173
0.00724938
0.00458832
0.00221123
0.00540884
0.00854601
0.00931219
0.00723368
0.00408994
0.00100514
0.00225157
0.0022459
0.00166497
0.00299839
0.00382911
0.00436422
0.00391083
0.00247202
0.00224065
0.00232537
0.00322867
0.00429056
0.00359234
0.0041384
0.0067744
0.00920755
0.0105091
0.0102107
0.00872434
0.00662865
0.00432681
0.00221204
0.00168929
0.00270175
0.00347962
0.00370244
0.00336836
0.00312723
0.0048157
0.00640217
0.0064363
0.00613734
0.0056572
0.00496611
0.0038933
0.00207549
0.0038139
0.00266503
0.00447381
0.00527276
0.00489013
0.00313772
0.00232874
0.00241817
0.00466063
0.00542153
0.00350459
0.00216085
0.00484286
0.00634034
0.00688975
0.00702793
0.00704873
0.00701165
0.00686272
0.00616697
0.00686773
0.00735482
0.00775101
0.00793677
0.00772504
0.00693203
0.00539827
0.00266605
0.00262352
0.00210206
0.000762355
0.0017152
0.00201625
0.00260105
0.00375767
0.00165881
0.00214005
0.003371
0.00434847
0.00526916
0.00611691
0.00616021
0.00742495
0.00927142
0.00932007
0.00554382
0.00377132
0.00413494
0.0010735
0.00823691
0.00618066
0.00570505
0.00767619
0.00917327
0.00916221
0.00768354
0.0049588
0.00237177
0.00566948
0.0085355
0.00921936
0.00693825
0.00360237
0.000213798
0.00304737
0.00282311
0.00107459
0.00200104
0.00282023
0.00393294
0.00415985
0.00320371
0.00139884
0.00201038
0.00327802
0.00451648
0.0039384
0.00489511
0.00725393
0.0093437
0.0105047
0.0102768
0.00888342
0.00684392
0.0047247
0.00349796
0.00398632
0.00488265
0.00535273
0.00533197
0.00483433
0.00434721
0.00480497
0.00594416
0.00606353
0.00585135
0.00545381
0.0048921
0.00410306
0.00286464
0.000109314
0.00292513
0.00418591
0.00452431
0.00374151
0.00184807
0.00250064
0.00286774
0.00435171
0.00528406
0.00259212
0.00255978
0.00485027
0.00603331
0.00651458
0.00666857
0.00670989
0.00670419
0.00666886
0.00639768
0.00681984
0.00716074
0.00748083
0.00765317
0.00752972
0.00691955
0.00567494
0.00366404
0.00240394
0.000774931
0.00263676
0.00287946
0.00260038
0.00230362
0.00281507
0.00188134
0.00232488
0.00373953
0.00465407
0.00565694
0.00658607
0.00655853
0.0082296
0.010034
0.00917437
0.00421509
0.00377944
0.00437015
0.00120149
0.00780464
0.00513324
0.00435072
0.00639225
0.0085338
0.00905478
0.00794604
0.00483991
0.00232964
0.00588819
0.00831883
0.00881821
0.00604265
0.00244759
0.00223129
0.00342668
0.0027419
0.000436913
0.00118155
0.00132198
0.00296643
0.00397549
0.00375706
0.00256205
0.00164875
0.00348577
0.0044605
0.00389629
0.00588027
0.00793522
0.00966098
0.0106123
0.0104094
0.00918048
0.00742409
0.00582429
0.00511867
0.00534317
0.00578678
0.00602225
0.00595579
0.00564739
0.0053901
0.00554125
0.00593773
0.00596988
0.0057455
0.00535786
0.00483753
0.004174
0.00331641
0.0022567
0.00327824
0.00397688
0.00387554
0.0024589
0.00233854
0.00359111
0.00372331
0.00435953
0.00447221
0.000596145
0.00309758
0.00482211
0.00575786
0.00618141
0.00634117
0.00640073
0.00642766
0.00645308
0.0063961
0.00667123
0.00693916
0.00721728
0.00740497
0.00736001
0.0068842
0.00578785
0.00397237
0.00192098
0.00275233
0.00361904
0.00353912
0.00281453
0.00163994
0.000175441
0.00129937
0.00339623
0.00427614
0.00489464
0.00575721
0.00674072
0.0067546
0.00889276
0.0106851
0.00909711
0.00364286
0.00399621
0.00480205
0.00158739
0.00715635
0.00429678
0.00352054
0.00532652
0.00787614
0.00897868
0.00839785
0.00410126
0.00267057
0.00590656
0.007791
0.00800937
0.00419135
0.00216427
0.00278123
0.00313939
0.00167247
0.000872489
0.00132318
0.000789425
0.000283595
0.00306229
0.00354912
0.00320875
0.00198952
0.0039816
0.00436255
0.00372293
0.00708782
0.00880869
0.010166
0.0108896
0.0106898
0.00965918
0.00823809
0.00699244
0.0063165
0.00615074
0.00620571
0.0062718
0.00625473
0.00616453
0.00609898
0.00615216
0.00621531
0.00609194
0.00581123
0.00542448
0.0049616
0.0044378
0.00388195
0.003454
0.0038755
0.00415142
0.00358648
0.00134688
0.00366397
0.00462178
0.00427411
0.00420366
0.00338352
0.00126706
0.00348495
0.00484947
0.0055945
0.00593002
0.00606031
0.00611783
0.00616102
0.00621441
0.00625456
0.00645937
0.00668628
0.00694306
0.00714751
0.00716229
0.00678056
0.00576483
0.00398453
0.00237083
0.00317448
0.00384822
0.00357978
0.00288013
0.00232486
0.00142703
0.00246054
0.00425856
0.00464137
0.00482845
0.0054162
0.00651202
0.00686314
0.00946803
0.0113124
0.00922225
0.00361018
0.00420741
0.00528297
0.00207968
0.00668559
0.00416134
0.00377005
0.00505425
0.00719675
0.00885687
0.00893003
0.00255536
0.00317323
0.00566015
0.00697229
0.00680174
0.00192217
0.00236947
0.00230016
0.00168167
0.00136813
0.00234405
0.00240533
0.00196705
0.00172409
0.000422528
0.00258487
0.0030684
0.00285411
0.00407954
0.00429021
0.00360978
0.00844737
0.00980872
0.010784
0.0112654
0.0110312
0.0101427
0.00893424
0.00780327
0.00698902
0.00651112
0.00630251
0.00627099
0.00634978
0.00648452
0.00659858
0.00664428
0.00656049
0.00632189
0.0059814
0.00558866
0.00517619
0.00477298
0.00443122
0.00426856
0.00443193
0.00444035
0.00356765
0.000603377
0.00475909
0.00542962
0.00451818
0.00374562
0.00158252
0.00217936
0.00391639
0.00497359
0.00550765
0.00572554
0.00580345
0.00584384
0.00588841
0.00595044
0.00602831
0.00619406
0.00639909
0.00663811
0.00685042
0.00691216
0.00662365
0.00574522
0.00413311
0.00251092
0.0030495
0.00363536
0.00328485
0.00303713
0.00308354
0.00237419
0.00319519
0.00463457
0.00463781
0.00437249
0.00468951
0.0060097
0.00702765
0.0100013
0.0119442
0.00957643
0.00370387
0.00417295
0.00565894
0.00257932
0.00686191
0.00492079
0.00480357
0.00555682
0.00684034
0.00836564
0.00912456
0.000852103
0.00352119
0.00522117
0.00601557
0.00540917
0.00111849
0.00140722
0.000496668
0.00239536
0.00344565
0.00374353
0.00347264
0.00289869
0.00274473
0.00205898
0.00146209
0.0030264
0.00352225
0.0042027
0.00430288
0.00359455
0.00983732
0.0108357
0.0114068
0.0116133
0.01128
0.0104311
0.00929139
0.00812821
0.0071214
0.00636539
0.00593325
0.0058521
0.00609617
0.00651682
0.00686864
0.00700442
0.00688846
0.00658614
0.00619709
0.00579108
0.00540738
0.00507747
0.00484472
0.00476544
0.00482362
0.00467425
0.00365758
0.000937969
0.00538638
0.00599909
0.00466083
0.00315243
0.000566838
0.00281618
0.00428989
0.00507331
0.00541023
0.00551648
0.00554245
0.00556257
0.00560126
0.00566206
0.00574903
0.00589035
0.00607413
0.00629265
0.00650344
0.00660583
0.00642762
0.00574982
0.0043957
0.00266781
0.00261729
0.0032607
0.00276822
0.00285418
0.00337644
0.00275154
0.00339651
0.00465574
0.00432261
0.00367136
0.00389367
0.00547366
0.00725676
0.010425
0.0125004
0.0100919
0.0038713
0.00381667
0.00583514
0.00312804
0.00767159
0.0059972
0.00583663
0.00624298
0.00668323
0.00735276
0.00811145
0.00161136
0.00365471
0.00475202
0.00514226
0.00455226
0.000404937
0.00190487
0.00323696
0.00408321
0.00447408
0.00441258
0.0039651
0.00335849
0.00351621
0.0031234
0.000160918
0.00289554
0.00379221
0.00426648
0.00431942
0.00361561
0.0111142
0.0117824
0.0119433
0.0118442
0.0113483
0.0104495
0.00928162
0.00800356
0.00673043
0.00561196
0.00493164
0.00487544
0.00538219
0.00619642
0.0068834
0.00720815
0.00714887
0.00683194
0.00640961
0.00598328
0.00560319
0.00529906
0.00510028
0.00502965
0.00503488
0.00483976
0.00387484
0.00148033
0.00516723
0.00622966
0.00470717
0.00240171
0.00150999
0.00336198
0.00453521
0.00507305
0.00524743
0.00526903
0.00525866
0.00526465
0.00529697
0.00535326
0.00543618
0.00555852
0.00571845
0.00591109
0.00610969
0.00624315
0.00617946
0.00573503
0.00472629
0.00315286
0.00212926
0.00285002
0.00234124
0.00196235
0.00301684
0.00263107
0.00331989
0.00458144
0.00397701
0.00314171
0.00339951
0.00506077
0.00735187
0.0105892
0.0128398
0.0106274
0.00409173
0.00325478
0.00579357
0.00374423
0.00873231
0.00700288
0.00639986
0.00646456
0.0063313
0.0058349
0.0053236
0.0022646
0.00374433
0.00443939
0.00458103
0.00418496
0.00250026
0.00330099
0.00410924
0.00459306
0.00465394
0.00437948
0.00383258
0.00353787
0.00432033
0.0039161
0.000170972
0.00271799
0.00384294
0.00426085
0.00430762
0.00363243
0.0121469
0.0125551
0.0123347
0.0119312
0.0112435
0.0102512
0.00902859
0.00766452
0.00620466
0.00468229
0.00329468
0.00324742
0.00414581
0.00548823
0.00661929
0.00722634
0.0073022
0.00701901
0.0065823
0.00613228
0.0057355
0.00542104
0.00520744
0.00510316
0.00506238
0.00488151
0.00411605
0.00214422
0.00406597
0.00617172
0.00449007
0.00207381
0.00234184
0.00380728
0.00462994
0.00494316
0.00499856
0.00497175
0.00494672
0.00494883
0.00497812
0.00503017
0.00510511
0.00521
0.00534483
0.00550689
0.00568152
0.00582624
0.00585381
0.00562855
0.00499284
0.00383799
0.00234304
0.00217058
0.00222106
0.00111569
0.00191887
0.00206506
0.00323869
0.00466922
0.00393671
0.00319734
0.00338954
0.00476912
0.00716199
0.0103632
0.0128545
0.0111271
0.00408467
0.00273186
0.00556695
0.00423717
0.00955748
0.00795981
0.00675413
0.00614922
0.00545142
0.00411942
0.00159404
0.00260209
0.00382198
0.00432387
0.00437965
0.00410612
0.0035028
0.00389632
0.00444137
0.00465311
0.00438231
0.00387251
0.00341937
0.00387351
0.00533324
0.00439389
0.000269781
0.00269499
0.00381806
0.00421495
0.0042602
0.00362915
0.0128406
0.0130864
0.0125526
0.0118911
0.0110324
0.00995441
0.00869585
0.00731323
0.0058423
0.00431241
0.0026973
0.000848516
0.00243568
0.00443573
0.00609395
0.00704829
0.00732326
0.00711941
0.00669078
0.00621961
0.00579447
0.0054475
0.00519044
0.00502504
0.00492381
0.00476015
0.00420781
0.00267633
0.00219723
0.00604844
0.00395053
0.00197691
0.00295977
0.00404128
0.0045428
0.00468209
0.00467145
0.004633
0.00461308
0.00462067
0.00465104
0.00470047
0.0047675
0.00485699
0.00496816
0.0050987
0.00524051
0.00537139
0.00544266
0.00536986
0.00503986
0.00433856
0.00319331
0.00183932
0.0017111
0.00116436
0.000878634
0.00113815
0.00348829
0.00507355
0.00433735
0.00380699
0.00386588
0.00464828
0.00666443
0.00968874
0.0124687
0.0114216
0.00394887
0.00243678
0.00519169
0.00440153
0.00964732
0.00876965
0.00741915
0.00601051
0.00438884
0.0021238
0.000743542
0.00291273
0.00395539
0.00433334
0.00435928
0.00422095
0.00404726
0.00430689
0.00467254
0.00459408
0.00389366
0.0030638
0.00315809
0.00467844
0.00632772
0.00441524
0.000546269
0.00276349
0.00379585
0.00414957
0.0041814
0.00359801
0.0131472
0.0133266
0.0125794
0.011735
0.0107592
0.0096398
0.00840603
0.00711309
0.00580957
0.0045224
0.00325815
0.0019312
0.00130252
0.0032815
0.00540244
0.00670262
0.00721055
0.00712105
0.0067232
0.00623921
0.00578303
0.00539453
0.00508211
0.00484225
0.00466087
0.00447423
0.00406961
0.00298808
0.00127695
0.00567025
0.0030428
0.00220897
0.00333368
0.00402532
0.0042784
0.00431922
0.00429585
0.00427365
0.00427107
0.00428948
0.00432369
0.00437205
0.00443301
0.0045101
0.00460174
0.00470508
0.00481402
0.00491567
0.00498426
0.00497465
0.00482221
0.00444989
0.00376873
0.00269069
0.00129758
0.000591603
0.000968498
0.000788347
0.00414564
0.00577159
0.00505878
0.00463838
0.00463539
0.00480453
0.00599912
0.00858515
0.0116249
0.0114182
0.00383429
0.00248213
0.00479967
0.00414946
0.00883188
0.00911828
0.0081905
0.00639176
0.00390898
0.00127538
0.00189827
0.00336381
0.00412417
0.00435765
0.00434647
0.00428097
0.00428405
0.00452255
0.00477643
0.00441117
0.00315225
0.00218704
0.00354815
0.00589353
0.00691362
0.00391031
0.000998276
0.00289011
0.00378018
0.00406544
0.00407159
0.00353282
0.0130484
0.0132166
0.0124052
0.0114955
0.0105042
0.00943234
0.00831014
0.00719408
0.00613897
0.00516488
0.00424127
0.00332265
0.00250357
0.00306025
0.00475899
0.00625246
0.00698316
0.00702605
0.00667766
0.00619347
0.00571164
0.00528401
0.00491781
0.00460543
0.00433576
0.00407901
0.00373146
0.00301529
0.00164587
0.00464149
0.00208596
0.00254837
0.00338666
0.00376641
0.00388652
0.00390926
0.00391084
0.00391721
0.00393498
0.00396498
0.00400371
0.00405199
0.00410882
0.00417684
0.00425434
0.00433831
0.00442321
0.00449934
0.00454998
0.00454823
0.00445624
0.00422662
0.00380335
0.00313356
0.00221987
0.00126486
0.000782515
0.00201174
0.00484607
0.00660023
0.00592223
0.00541664
0.00542237
0.00524987
0.00545117
0.00717868
0.0102361
0.0111378
0.00355134
0.00267582
0.00436627
0.0035605
0.007325
0.0090585
0.00869773
0.00679191
0.00405843
0.00219059
0.0028346
0.0037853
0.00422723
0.00430515
0.00424901
0.00421267
0.00428639
0.00452894
0.00470695
0.00407871
0.00212223
0.00199799
0.00468862
0.00670609
0.00706976
0.00283477
0.00140879
0.0030316
0.00375394
0.00395221
0.0039244
0.00342638
0.0125366
0.0127494
0.0120355
0.0112079
0.01032
0.00938569
0.00843743
0.00752549
0.00669241
0.00593755
0.0051995
0.00440913
0.00360913
0.00348388
0.00458493
0.00592088
0.00670932
0.00684961
0.00656146
0.00609258
0.00559749
0.00514065
0.00473004
0.00435975
0.0040157
0.00367323
0.0032942
0.00278307
0.00185245
0.00278278
0.00174342
0.00264131
0.003136
0.00335926
0.00346038
0.00351327
0.00354942
0.00358157
0.00361582
0.00365486
0.00369742
0.0037454
0.00379951
0.00386135
0.00392968
0.00400194
0.00407369
0.00413769
0.00418255
0.00419122
0.00414009
0.00399799
0.00372626
0.00329348
0.00271829
0.00210471
0.00163916
0.00260541
0.00528284
0.00735578
0.00682675
0.00600196
0.00594515
0.00574903
0.00529668
0.00578462
0.00827777
0.0105105
0.00309839
0.00277373
0.00377803
0.00277147
0.00553362
0.00881046
0.00885099
0.00686237
0.00419935
0.00293379
0.00344186
0.004001
0.004176
0.0041249
0.00403075
0.0040019
0.00409866
0.00433614
0.00444961
0.00360176
0.000854875
0.00288649
0.00548846
0.00701816
0.0068272
0.0014727
0.00180183
0.00315184
0.00369091
0.00379449
0.00373139
0.00327199
0.0116182
0.0119368
0.0114882
0.0109017
0.0102304
0.00949843
0.00874252
0.00800563
0.0073171
0.00666704
0.00599457
0.00522932
0.00443625
0.00403668
0.0046768
0.00576275
0.00648987
0.00665233
0.00639802
0.00594531
0.00544725
0.00497335
0.00453995
0.00413945
0.00374843
0.00334922
0.00291411
0.0024093
0.00178467
0.000518525
0.00177081
0.00240997
0.00275296
0.0029594
0.0030867
0.00316924
0.00322822
0.00327589
0.00331985
0.00336389
0.00340858
0.00345553
0.00350748
0.00356522
0.00362801
0.00369404
0.00376025
0.00382192
0.0038722
0.00390183
0.00389894
0.00384744
0.00372474
0.00350709
0.00318064
0.00273239
0.00226442
0.00291179
0.00538433
0.00785624
0.00774615
0.00644788
0.00603377
0.00587328
0.0053404
0.00484899
0.00613064
0.00919775
0.00256549
0.00255339
0.00296743
0.00189255
0.00378636
0.00862957
0.00864398
0.00647772
0.00410092
0.00338017
0.00374324
0.00398503
0.00395568
0.00381667
0.00369891
0.00366696
0.00375916
0.00396929
0.00401168
0.00304378
0.000650904
0.00334983
0.00591751
0.00695232
0.00589583
0.00104167
0.00218135
0.00321375
0.00356558
0.00357949
0.0034875
0.0030671
0.010292
0.0108229
0.010814
0.0106084
0.0102306
0.00972368
0.00913871
0.0085213
0.00790053
0.00727341
0.00659542
0.00581032
0.00498991
0.00450853
0.00489186
0.00573731
0.00633649
0.00646046
0.00621023
0.00576956
0.00527753
0.00480168
0.00435959
0.00394546
0.0035457
0.00314143
0.00270598
0.00221534
0.00165859
0.000949157
0.00172713
0.00218194
0.00246949
0.0026632
0.00279387
0.00288382
0.00294962
0.00300224
0.00304915
0.00309401
0.00313851
0.00318374
0.00323355
0.00328839
0.00334791
0.00341102
0.00347594
0.00354
0.00359972
0.00365113
0.00369008
0.00371077
0.00370195
0.00364325
0.00349643
0.00319162
0.00275867
0.00305733
0.0051747
0.0079403
0.00859717
0.00696466
0.00582443
0.00537041
0.00495261
0.00430762
0.00433107
0.00694333
0.00201173
0.00188259
0.00197011
0.00117598
0.00249195
0.00856562
0.00801529
0.00569362
0.00387812
0.00358633
0.00376155
0.0037559
0.00359587
0.00341442
0.00328739
0.00324536
0.00331348
0.00347591
0.00347207
0.00271405
0.00103142
0.00346974
0.00613636
0.00666763
0.00416472
0.00144524
0.00252532
0.00319731
0.00336347
0.00330369
0.00319539
0.00281612
0.00852656
0.00950085
0.0100986
0.0103504
0.0102776
0.00996891
0.00950483
0.00894714
0.0083378
0.00769004
0.00697839
0.00616297
0.00533258
0.00486236
0.00513623
0.00578878
0.006235
0.00628217
0.00601166
0.00557691
0.00509684
0.00463104
0.00419644
0.00378949
0.00339948
0.00301481
0.0026256
0.00222683
0.00184967
0.00153002
0.00181093
0.0020933
0.00230417
0.00245765
0.00256815
0.0026483
0.002709
0.00275845
0.00280282
0.00284499
0.00288709
0.00292981
0.00297725
0.00302975
0.00308723
0.00314917
0.00321472
0.0032827
0.00335189
0.00342155
0.00349216
0.00356428
0.00363459
0.00368782
0.00367972
0.00352277
0.00318313
0.00318684
0.00475765
0.00753422
0.0091415
0.00768332
0.00570726
0.00444034
0.00389698
0.00350565
0.00308507
0.00419254
0.00139216
0.000955733
0.00103159
0.000882505
0.00219176
0.00809963
0.00688716
0.00474262
0.0036548
0.00355359
0.00352921
0.00336746
0.00315409
0.00296791
0.00284026
0.00278229
0.0028121
0.00291657
0.00294332
0.00245277
0.00129192
0.00324128
0.0062278
0.00602217
0.00274099
0.00192062
0.00271414
0.00306921
0.00308148
0.00297575
0.00286673
0.00253092
0.00619952
0.0080638
0.00937638
0.0100642
0.0102435
0.0100763
0.00968255
0.00914776
0.00853254
0.00786556
0.00713133
0.00630229
0.005503
0.00511805
0.00536932
0.0058672
0.00615638
0.00610963
0.00580624
0.00537452
0.00491122
0.00446449
0.00404838
0.00366107
0.00329589
0.00294679
0.00261228
0.00229981
0.00203713
0.00187318
0.00194182
0.0020784
0.00220629
0.00230981
0.00238971
0.00245088
0.00249929
0.00254024
0.00257822
0.00261514
0.00265315
0.00269267
0.00273743
0.00278772
0.00284368
0.00290514
0.00297179
0.00304338
0.00311991
0.00320234
0.00329331
0.00339671
0.00351476
0.0036399
0.00373676
0.00372464
0.0035292
0.00338521
0.00430686
0.00672893
0.00907664
0.00845461
0.00599258
0.0034678
0.00249342
0.00237766
0.00206038
0.00212708
0.000791995
0.000212063
0.000454486
0.000935009
0.00211116
0.00705734
0.00542931
0.00390767
0.00338804
0.00327108
0.00311543
0.00290231
0.00269502
0.00252444
0.00239868
0.00232134
0.00230561
0.0023495
0.00239383
0.00216509
0.00144086
0.00270164
0.00617566
0.00477348
0.00224896
0.00227165
0.00271933
0.00282064
0.00273421
0.00261589
0.00251994
0.00222839
0.00323525
0.00649964
0.00849066
0.00953693
0.00991627
0.00986242
0.00953287
0.00903631
0.00844805
0.00780057
0.00707451
0.00626277
0.00555391
0.00531331
0.00557363
0.00593266
0.00606981
0.00592866
0.0055919
0.00516544
0.00472382
0.00430259
0.00391182
0.00355054
0.00321512
0.00290309
0.00261632
0.0023636
0.00216322
0.00204154
0.00202905
0.00207532
0.00213632
0.00219335
0.00224121
0.00228025
0.00231304
0.00234259
0.0023719
0.00240199
0.00243493
0.00247077
0.00251256
0.00256066
0.00261525
0.00267631
0.00274378
0.00281783
0.002899
0.0029888
0.00309047
0.00320895
0.00334935
0.00351148
0.00367557
0.00378335
0.00375175
0.00362527
0.00400304
0.00575835
0.00829405
0.0088958
0.00663159
0.00277055
0.00111538
0.00130139
0.00111803
0.00107896
0.000477335
0.000254782
0.000410443
0.000916446
0.00189346
0.00550126
0.004053
0.0032536
0.0029891
0.00281674
0.00263602
0.00244382
0.0022677
0.00211716
0.00199339
0.0018975
0.00183791
0.00181871
0.00183756
0.00177699
0.00143919
0.0020487
0.00570557
0.0034859
0.00219231
0.00238588
0.00252742
0.00247064
0.00235245
0.00225024
0.00217527
0.00192639
0.000823592
0.00472976
0.00724107
0.00860514
0.00918658
0.00927314
0.00905194
0.00864778
0.0081393
0.0075477
0.00685047
0.00609623
0.00554936
0.00547894
0.00573212
0.00595206
0.00594929
0.00572635
0.00536576
0.00495126
0.00453634
0.00414479
0.0037828
0.00344968
0.00314365
0.00286424
0.00261378
0.00239875
0.00222935
0.00211677
0.00206652
0.00205923
0.00207199
0.00209086
0.00210977
0.00212711
0.00214358
0.00216072
0.00218037
0.00220307
0.00223031
0.00226224
0.00230104
0.00234704
0.00240032
0.00246087
0.00252866
0.0026039
0.00268721
0.00278
0.00288516
0.00300724
0.00315186
0.00332302
0.00351477
0.00369573
0.00380154
0.00379244
0.00390107
0.00489709
0.00703466
0.00862678
0.00715783
0.00254618
0.000150783
0.000430568
0.000411498
0.00059677
0.000440267
0.000439858
0.000549057
0.00086771
0.00157261
0.0038044
0.00300949
0.00266917
0.00249849
0.00234169
0.00219085
0.00203881
0.00189512
0.00176327
0.00164278
0.0015334
0.00143842
0.00136435
0.00132043
0.00129171
0.00120938
0.00150217
0.00458387
0.00256707
0.00211906
0.00220084
0.00217313
0.00207386
0.00197582
0.00190307
0.00184994
0.00164005
0.00154498
0.00265031
0.00573653
0.00740829
0.00820297
0.00846156
0.00838687
0.00811044
0.00769978
0.0071619
0.00650412
0.00587067
0.00554753
0.00561814
0.00581941
0.00589904
0.00577801
0.00549623
0.00512792
0.00473435
0.00435052
0.00399074
0.00365835
0.00335283
0.00307346
0.00282063
0.00259631
0.00240438
0.0022499
0.00213688
0.00206484
0.00202437
0.00200329
0.00199247
0.00198694
0.00198471
0.00198566
0.00199053
0.00200047
0.00201585
0.00203733
0.00206532
0.00210132
0.00214545
0.00219762
0.00225764
0.00232535
0.00240079
0.00248434
0.002577
0.00268088
0.00279946
0.00293736
0.00309937
0.00328705
0.00348965
0.00367167
0.00378223
0.0038655
0.00431715
0.00572672
0.0076071
0.00714839
0.00257322
0.00079582
0.00033114
0.000191417
0.000454089
0.000483556
0.000539971
0.000650644
0.000870069
0.00127607
0.00250374
0.00226594
0.00213592
0.00203075
0.00192092
0.00181098
0.00169804
0.00158304
0.00146865
0.00135435
0.0012391
0.00112255
0.00100947
0.000899479
0.000814267
0.000781225
0.00106663
0.00301176
0.00193159
0.00183054
0.00182181
0.00176581
0.00169534
0.00163479
0.00159027
0.00155538
0.00137967
0.00217846
0.000692812
0.00438365
0.00627914
0.00725113
0.00765164
0.00770234
0.00752795
0.00717815
0.0066717
0.00609384
0.00566473
0.00557005
0.00570071
0.00580682
0.00575877
0.00555233
0.005241
0.00488305
0.00451875
0.00416877
0.00384095
0.00353711
0.00325711
0.00300088
0.00276911
0.00256328
0.00238549
0.00223796
0.00212168
0.00203494
0.00197237
0.00192712
0.00189343
0.0018678
0.00184858
0.00183547
0.00182888
0.0018296
0.00183799
0.00185415
0.00187848
0.00191207
0.00195474
0.00200617
0.00206585
0.00213335
0.00220842
0.00229107
0.00238171
0.00248157
0.00259289
0.00271876
0.00286282
0.00302837
0.00321479
0.00340867
0.00357888
0.00371711
0.00394123
0.00467185
0.00613496
0.00655938
0.00247487
0.00115856
0.00065763
0.000466965
0.000515981
0.000555029
0.000610953
0.000704909
0.000868509
0.00108741
0.00171917
0.00172645
0.00169446
0.0016445
0.00157981
0.00150159
0.00141975
0.00132923
0.00123172
0.00112704
0.00101407
0.000890825
0.000756414
0.000608087
0.000454806
0.000349142
0.000609254
0.00165581
0.00142123
0.00142616
0.0014221
0.00140138
0.0013715
0.00134233
0.00131866
0.00129708
0.0011505
0.00222398
0.000400877
0.00330177
0.00545948
0.00650775
0.00695081
0.00704964
0.00690734
0.00657285
0.00611844
0.00570803
0.0055276
0.00558276
0.00568444
0.00567998
0.00553587
0.00528375
0.00497179
0.00463918
0.00430945
0.00399381
0.00369657
0.00341912
0.00316185
0.00292519
0.00270996
0.00251724
0.00234815
0.0022035
0.00208316
0.00198542
0.00190693
0.00184367
0.00179209
0.00174992
0.0017161
0.00169047
0.00167344
0.00166572
0.00166769
0.00167916
0.00170036
0.00173216
0.001774
0.00182525
0.00188504
0.00195256
0.00202717
0.00210844
0.0021962
0.0022908
0.00239335
0.0025055
0.00262925
0.00276678
0.00291916
0.00308198
0.00325032
0.00340635
0.00356783
0.00389826
0.00469546
0.00540683
0.00221269
0.00124435
0.000833329
0.00065531
0.000617836
0.000622582
0.000657038
0.000724183
0.000835873
0.000977027
0.00127645
0.00134713
0.00136033
0.00134513
0.00131048
0.00125966
0.0012
0.00112838
0.00104641
0.000954137
0.00085054
0.000733654
0.000600285
0.000446396
0.000265339
5.97224e-05
0.000233105
0.000879578
0.00100217
0.0010655
0.00109975
0.0011119
0.001109
0.00109944
0.00108882
0.00107588
0.000953607
0.00192597
0.000791551
0.00269595
0.00486523
0.00592313
0.00630379
0.00637072
0.00621423
0.0059127
0.00559587
0.00541913
0.00542917
0.00551568
0.00553959
0.00544624
0.0052516
0.00499261
0.0047027
0.00440459
0.00411098
0.00382813
0.00355903
0.00330523
0.00306774
0.00284739
0.00264511
0.00246177
0.002298
0.00215404
0.00202942
0.00192279
0.001832
0.00175462
0.00168854
0.00163248
0.00158597
0.00154916
0.00152267
0.00150729
0.00150351
0.00151101
0.00152983
0.00156069
0.00160254
0.00165443
0.00171504
0.00178312
0.0018576
0.0019376
0.00202238
0.00211155
0.00220521
0.00230388
0.0024082
0.00251895
0.00263594
0.0027565
0.00288429
0.00300754
0.003124
0.00327089
0.00357479
0.00400537
0.00187711
0.00121863
0.000918172
0.000755995
0.000686308
0.000664055
0.000675102
0.000715123
0.000785269
0.000877785
0.00102108
0.00108797
0.00111527
0.00111757
0.00110138
0.00106954
0.00102616
0.000970708
0.000903788
0.000825849
0.000736529
0.000635076
0.000520314
0.000391498
0.000252739
0.000148463
0.000212302
0.000543177
0.000723386
0.000812297
0.000865234
0.000892367
0.000901841
0.000901723
0.000897679
0.000889486
0.000787234
0.00140909
0.000942922
0.00249542
0.00438863
0.0053248
0.00560275
0.00561999
0.00548287
0.00529935
0.00518906
0.00520405
0.0052832
0.00532456
0.00527812
0.00514133
0.00494063
0.00470292
0.00444738
0.00418628
0.00392699
0.00367391
0.00342984
0.00319676
0.00297618
0.00276929
0.00257713
0.00240051
0.0022399
0.00209536
0.00196645
0.00185219
0.00175124
0.00166215
0.0015838
0.00151566
0.00145781
0.00141082
0.0013756
0.00135322
0.00134431
0.00134863
0.00136599
0.00139694
0.00143988
0.00149346
0.00155584
0.00162532
0.00170036
0.00177961
0.00186184
0.00194606
0.00203157
0.00211799
0.00220489
0.0022918
0.00237714
0.00245967
0.00253957
0.00261077
0.00266864
0.00271498
0.002769
0.00281956
0.00157432
0.00117297
0.000935608
0.000789182
0.000709439
0.000671503
0.000664596
0.000682839
0.000723448
0.000780789
0.000855887
0.000905784
0.000933815
0.000944003
0.000939032
0.000920398
0.000889492
0.000847805
0.000794975
0.000731785
0.000658717
0.000576538
0.000486874
0.000393916
0.000310094
0.000268585
0.000305814
0.000443314
0.000573148
0.000654131
0.000703115
0.000729344
0.000740418
0.000742462
0.000740241
0.000733858
0.000647951
0.00079712
0.000945325
0.00230697
0.00388782
0.00463349
0.00482846
0.00485653
0.00482217
0.00481337
0.0048723
0.004968
0.00503538
0.00503075
0.00495506
0.00481799
0.00463891
0.00443443
0.00421522
0.0039886
0.00375983
0.00353279
0.00331046
0.0030952
0.00288888
0.002693
0.00250872
0.0023369
0.00217798
0.00203207
0.00189887
0.00177776
0.00166794
0.00156863
0.00147939
0.0014003
0.00133191
0.00127529
0.00123171
0.00120275
0.00118924
0.00119118
0.00120815
0.00124038
0.00128575
0.00134228
0.00140762
0.00147954
0.00155605
0.00163535
0.00171578
0.00179593
0.00187451
0.00195044
0.0020225
0.00208922
0.00214857
0.00220052
0.00223984
0.00226373
0.00226674
0.00224253
0.0021817
0.00203964
0.0013577
0.00110366
0.000904526
0.000774603
0.000693814
0.000648135
0.000629545
0.000632951
0.000654471
0.000689435
0.000733513
0.000770106
0.000795791
0.000809806
0.000812187
0.000803141
0.000782615
0.000752364
0.000712042
0.000662605
0.000605208
0.000541655
0.000475149
0.000411379
0.000360782
0.000339336
0.000360571
0.000424675
0.000499154
0.000554483
0.000588984
0.000607543
0.000614535
0.000614354
0.000610826
0.000604202
0.000531628
0.000297265
0.000928747
0.00205434
0.00330593
0.00386914
0.00406767
0.00418322
0.00428851
0.00441575
0.00455133
0.00465756
0.00470597
0.00468951
0.0046211
0.00450914
0.00436329
0.00419429
0.00400901
0.00381291
0.00361059
0.00340593
0.00320218
0.00300201
0.00280758
0.00262061
0.00244243
0.00227395
0.00211572
0.00196793
0.00183046
0.00170298
0.00158509
0.00147647
0.00137716
0.00128769
0.00120905
0.00114287
0.00109091
0.00105539
0.00103765
0.00103794
0.00105575
0.00109071
0.00114007
0.00120106
0.00127071
0.00134624
0.00142524
0.00150551
0.00158509
0.00166222
0.00173526
0.0018027
0.00186289
0.00191387
0.00195316
0.00198007
0.00198959
0.00197873
0.00194256
0.00187446
0.00176347
0.0015781
0.00120811
0.00100779
0.000843862
0.000728893
0.000650457
0.000601267
0.000576037
0.00057067
0.000581296
0.000603954
0.000633982
0.000663271
0.000687551
0.000704301
0.000712209
0.000710504
0.000698837
0.000678058
0.000648407
0.000610869
0.000567067
0.00051918
0.00047061
0.000426371
0.000393284
0.000378986
0.000388129
0.000418373
0.000456367
0.000487284
0.000506593
0.000515153
0.000515463
0.000510688
0.000503961
0.00049575
0.00043411
0.000259958
0.000951856
0.00177776
0.00269575
0.0031426
0.00340758
0.0036269
0.00383445
0.00402844
0.00418943
0.00429999
0.00435424
0.00435592
0.00431175
0.00423299
0.00412197
0.00398583
0.00383018
0.00366009
0.00348011
0.00329431
0.00310615
0.00291854
0.00273388
0.00255405
0.00238051
0.00221428
0.00205601
0.00190601
0.00176433
0.00163087
0.00150546
0.00138812
0.00127919
0.00117952
0.00109049
0.00101431
0.000953418
0.000910909
0.000889002
0.000888357
0.000908433
0.000947864
0.00100309
0.00107026
0.0011457
0.00122607
0.00130856
0.00139069
0.00147034
0.00154553
0.0016144
0.00167518
0.00172602
0.00176475
0.00178904
0.00179734
0.00178592
0.00175198
0.00169195
0.00160162
0.00147538
0.00130286
0.00107382
0.000906638
0.000768363
0.000664116
0.00058881
0.000538536
0.000509912
0.000500319
0.000506099
0.000523686
0.000548667
0.000575612
0.000600466
0.000620178
0.00063283
0.000637225
0.000632774
0.000619811
0.000599035
0.000571405
0.000538626
0.000502822
0.000466969
0.000434898
0.000410795
0.000398338
0.000399036
0.000410602
0.000426452
0.000439085
0.000444868
0.000443471
0.000436338
0.000425876
0.000414864
0.000404178
0.000351559
0.000424363
0.000968132
0.00152503
0.00214335
0.00254585
0.00286627
0.00315345
0.00341466
0.00364106
0.00382183
0.00395134
0.00402978
0.00406081
0.00404872
0.00400095
0.00391973
0.00381071
0.00367933
0.00353054
0.00336892
0.00319863
0.00302327
0.00284592
0.00266911
0.00249488
0.00232479
0.00215998
0.00200118
0.00184883
0.00170309
0.00156402
0.0014316
0.00130601
0.00118776
0.00107787
0.000978024
0.000890907
0.000819936
0.000769328
0.000742867
0.000741993
0.000766048
0.000812229
0.000875555
0.000950823
0.00103353
0.00111983
0.00120668
0.00129144
0.00137193
0.00144613
0.00151207
0.00156782
0.0016115
0.00164098
0.00165423
0.00164929
0.00162361
0.00157518
0.00150195
0.00140243
0.00127598
0.00112364
0.000954781
0.000810705
0.000688204
0.000590672
0.000516902
0.000466046
0.00043576
0.000425275
0.000430607
0.000448309
0.000473701
0.000502016
0.00052934
0.000552601
0.000569654
0.000579253
0.000580828
0.00057424
0.000560564
0.000540888
0.000516579
0.000489631
0.000462455
0.0004378
0.000418259
0.000405647
0.000400285
0.000400398
0.0004023
0.000401933
0.000396873
0.000386642
0.000372227
0.000355675
0.000339701
0.000325832
0.000280645
0.000483012
0.000917603
0.00129096
0.00171591
0.00208707
0.00242965
0.00274927
0.00303918
0.00328996
0.0034947
0.00365034
0.00375702
0.00381698
0.00383333
0.00381136
0.0037544
0.00366732
0.00355548
0.00342382
0.00327695
0.00311908
0.00295393
0.00278468
0.00261399
0.00244401
0.0022764
0.00211238
0.00195279
0.00179813
0.00164866
0.00150448
0.00136567
0.00123243
0.00110527
0.000985195
0.000874006
0.000774714
0.000691763
0.000631032
0.000598859
0.000598518
0.000628887
0.000684899
0.000758989
0.000844349
0.00093561
0.00102865
0.00112039
0.00120826
0.00129017
0.0013641
0.00142809
0.00148021
0.00151858
0.00154127
0.00154657
0.00153249
0.00149735
0.00144009
0.00136
0.00125762
0.00113519
0.000997716
0.00085537
0.000725136
0.000610811
0.00051579
0.000441233
0.000388365
0.00035719
0.00034788
0.000356257
0.000378059
0.000407589
0.000439993
0.000471254
0.000498525
0.000519746
0.000533789
0.000540196
0.000538981
0.000530975
0.000517261
0.000499217
0.000478556
0.000457183
0.000437048
0.000419785
0.000406322
0.000396551
0.000389151
0.000381861
0.000372286
0.000358845
0.000341147
0.000319974
0.000297199
0.000275653
0.000257794
0.000218587
0.000445858
0.000791369
0.0010699
0.00139843
0.00174301
0.00208993
0.00242465
0.00273326
0.00300484
0.00323222
0.00341176
0.0035426
0.003626
0.00366462
0.00366273
0.00362443
0.0035542
0.00345726
0.00333857
0.00320279
0.00305422
0.00289666
0.0027334
0.00256719
0.00240026
0.00223436
0.00207078
0.0019104
0.00175377
0.00160117
0.00145274
0.00130851
0.00116863
0.00103344
0.000903752
0.000781158
0.000668592
0.000571171
0.000496991
0.00045669
0.000457836
0.000498295
0.000568378
0.000656234
0.000753311
0.000853838
0.000953844
0.00105054
0.00114163
0.00122519
0.0012993
0.0013621
0.00141168
0.00144628
0.00146415
0.00146387
0.00144365
0.00140243
0.00133988
0.00125636
0.00115364
0.0010352
0.000906744
0.000776351
0.000653045
0.000541507
0.000445172
0.000366766
0.000309446
0.000276505
0.000269691
0.000284465
0.00031392
0.000350465
0.000388757
0.000424853
0.000456274
0.000481322
0.000499114
0.000509395
0.000512309
0.00050859
0.000499334
0.000485796
0.000469465
0.000451901
0.000434512
0.000418344
0.000403887
0.000390909
0.000378416
0.000364903
0.000348809
0.000329024
0.000305201
0.000277929
0.000248891
0.000221019
0.000197945
0.000163126
0.000345701
0.000617145
0.000860244
0.00115739
0.00149212
0.00184166
0.00218549
0.00250703
0.00279403
0.00303835
0.00323542
0.00338363
0.00348366
0.00353788
0.00354985
0.00352379
0.00346428
0.00337656
0.00326574
0.00313666
0.00299373
0.00284088
0.00268146
0.00251828
0.0023536
0.00218919
0.00202633
0.0018659
0.00170844
0.00155421
0.00140327
0.0012556
0.00111119
0.000970155
0.000832933
0.000700526
0.000575169
0.000461552
0.000369449
0.000316584
0.000321238
0.000378701
0.000468092
0.000571856
0.000680763
0.000789835
0.000895952
0.000996881
0.00109071
0.00117574
0.00125022
0.00131239
0.00136044
0.00139265
0.00140743
0.00140343
0.00137926
0.00133428
0.0012687
0.00118355
0.00108125
0.000965677
0.000842186
0.000717087
0.000596395
0.000484274
0.000383841
0.000298374
0.000232732
0.000195065
0.000192185
0.000217696
0.000258439
0.000304038
0.000348999
0.000390025
0.000425243
0.000453518
0.000474261
0.000487428
0.000493341
0.000492673
0.000486492
0.000476037
0.000462606
0.000447456
0.000431667
0.000415957
0.000400598
0.000385349
0.000369442
0.000351775
0.000331189
0.000306777
0.000278149
0.000245637
0.000210542
0.000175542
0.000145304
0.000112539
0.000212197
0.000430862
0.00067845
0.000979758
0.00131685
0.00166873
0.00201613
0.00234275
0.002636
0.00288721
0.00309129
0.00324619
0.00335224
0.00341168
0.00342624
0.00340105
0.00334186
0.00325449
0.00314446
0.0030168
0.00287601
0.00272598
0.00256997
0.00241067
0.00225018
0.00209008
0.00193152
0.00177523
0.00162161
0.00147083
0.00132284
0.00117749
0.00103461
0.000894063
0.000755856
0.000620308
0.000488438
0.000362925
0.000251855
0.000180665
0.000196566
0.000281807
0.000391631
0.000507591
0.000623564
0.000736734
0.00084522
0.000947465
0.00104194
0.00112712
0.00120144
0.00126323
0.00131074
0.00134222
0.00135596
0.00135029
0.00132435
0.00127792
0.00121149
0.00112649
0.00102558
0.000912635
0.000792541
0.000670513
0.000551205
0.000438062
0.000333554
0.000240153
0.000162506
0.00011471
0.000119832
0.000163322
0.000217804
0.0002721
0.000322421
0.000366953
0.000404612
0.000434811
0.000457248
0.000472037
0.000479645
0.000480745
0.000476346
0.000467675
0.00045589
0.000442059
0.000427065
0.000411469
0.000395445
0.00037877
0.00036082
0.000340686
0.000317381
0.000290079
0.00025832
0.00022217
0.000182367
0.000140655
0.000101249
6.62162e-05
7.9659e-05
0.000249767
0.00048415
0.000759602
0.00106189
0.00137497
0.00168221
0.00196844
0.00222158
0.00243331
0.00259905
0.00271755
0.00279033
0.00282066
0.00281553
0.00277965
0.00271741
0.00263358
0.0025327
0.00241891
0.00229593
0.00216698
0.00203472
0.00190128
0.00176822
0.00163669
0.00150741
0.00138077
0.00125692
0.00113577
0.00101713
0.000900715
0.000786192
0.000673232
0.000561581
0.00045106
0.000341656
0.000233692
0.000129323
4.81641e-05
0.000105111
0.000203712
0.000305692
0.000406786
0.000505622
0.00060128
0.000692836
0.000779272
0.000859408
0.000931974
0.0009956
0.00104883
0.00109012
0.00111794
0.00113084
0.00112794
0.00110765
0.00106926
0.00101302
0.000940195
0.000853158
0.000755381
0.000651124
0.000544823
0.00044033
0.000340424
0.000246858
0.00016062
8.31249e-05
3.14913e-05
7.31614e-05
0.000131851
0.000187679
0.000238673
0.000284118
0.000323517
0.000356389
0.000382451
0.0004016
0.00041401
0.000420142
0.000420678
0.000416537
0.000408701
0.000398138
0.000385707
0.000372127
0.000357868
0.000343076
0.000327563
0.000310818
0.000292081
0.000270518
0.000245422
0.00021635
0.000183211
0.000146283
0.000106244
6.48542e-05
2.65596e-05
)
;

boundaryField
{
    floor
    {
        type            calculated;
        value           uniform 0;
    }
    ceiling
    {
        type            calculated;
        value           uniform 0;
    }
    fixedWalls
    {
        type            calculated;
        value           uniform 0;
    }
    frontAndBack
    {
        type            empty;
    }
}


// ************************************************************************* //
