/*--------------------------------*- C++ -*----------------------------------*\
| =========                 |                                                 |
| \\      /  F ield         | OpenFOAM: The Open Source CFD Toolbox           |
|  \\    /   O peration     | Version:  4.1                                   |
|   \\  /    A nd           | Web:      www.OpenFOAM.org                      |
|    \\/     M anipulation  |                                                 |
\*---------------------------------------------------------------------------*/
FoamFile
{
    version     2.0;
    format      ascii;
    class       volScalarField;
    location    "1780";
    object      mag(U);
}
// * * * * * * * * * * * * * * * * * * * * * * * * * * * * * * * * * * * * * //

dimensions      [0 1 -1 0 0 0 0];

internalField   nonuniform List<scalar> 
5000
(
0.00483835
0.00479281
0.00473247
0.00421593
0.00377505
0.00340998
0.00307611
0.00275208
0.00243191
0.00211203
0.00178725
0.00145106
0.00109742
0.000725737
0.000371973
0.000320612
0.000753386
0.00126668
0.00180536
0.00233384
0.0028367
0.00330876
0.00374946
0.00415658
0.00452776
0.00486233
0.00516153
0.00542818
0.00566628
0.00588061
0.00607632
0.00625858
0.00643221
0.00660152
0.00677008
0.00694066
0.00711517
0.0072946
0.00747909
0.00766797
0.00785981
0.00805257
0.00824366
0.00843008
0.0086085
0.00877536
0.00892694
0.0090595
0.00916932
0.00925294
0.0093074
0.00933067
0.00932542
0.00929081
0.00922552
0.00912831
0.00899781
0.0088323
0.00862846
0.00837799
0.00805779
0.00760193
0.00681367
0.00602514
0.00345233
0.00522929
0.00554947
0.0055411
0.00528444
0.00501594
0.00473835
0.00443065
0.00407632
0.00366789
0.00320666
0.00270181
0.0021684
0.00162473
0.00109036
0.000591241
0.000253437
0.000504262
0.000912917
0.00130848
0.0016715
0.00199346
0.00226441
0.00247305
0.00260692
0.00264678
0.00257698
0.00237106
0.0020322
0.00165959
0.00139383
0.00126564
0.00130238
0.00192696
0.00269552
0.00329783
0.00642436
0.00363326
0.00381952
0.00368616
0.00345503
0.00320153
0.00294472
0.00268398
0.0024153
0.00213529
0.00184189
0.0015354
0.00122198
0.00092568
0.00072623
0.000761223
0.00105546
0.00144979
0.00188479
0.00233885
0.00280377
0.0032609
0.00369859
0.0041114
0.00449706
0.00485527
0.00518733
0.00549576
0.00578394
0.00605573
0.00631514
0.00656599
0.00681172
0.00705525
0.00729888
0.00754432
0.00779259
0.00804411
0.0082987
0.00855558
0.00881349
0.00907065
0.00932489
0.00957368
0.0098142
0.0100434
0.0102581
0.0104549
0.0106306
0.0107819
0.010906
0.0110007
0.0110593
0.0110762
0.0110476
0.0109695
0.0108377
0.0106472
0.0103901
0.0100528
0.00960784
0.0090068
0.00818271
0.00785136
0.00814124
0.00532012
0.00420006
0.00460267
0.00456997
0.00439976
0.00415925
0.00387292
0.00354337
0.00316885
0.00275152
0.00230092
0.00183524
0.00138329
0.000995901
0.000777996
0.000848562
0.0011308
0.00148446
0.00185173
0.00220802
0.00253784
0.00282504
0.00305211
0.00320246
0.00327086
0.00326074
0.00318549
0.00304407
0.00281977
0.00252396
0.00224111
0.00210934
0.00223342
0.00211037
0.00450679
0.00865095
0.00283979
0.00279257
0.00302692
0.00299603
0.00288674
0.00274274
0.00257966
0.00240256
0.00221231
0.0020091
0.00179534
0.00157897
0.0013793
0.00123534
0.00119674
0.00128942
0.00149412
0.00177524
0.0021121
0.0024905
0.0028887
0.00328731
0.00367389
0.00404155
0.004387
0.00470951
0.00501042
0.00529248
0.00555933
0.00581495
0.00606323
0.00630775
0.00655152
0.00679697
0.00704584
0.00729918
0.00755733
0.00781998
0.00808616
0.00835434
0.00862252
0.00888826
0.00914884
0.00940133
0.00964262
0.00986956
0.0100789
0.0102673
0.0104312
0.0105664
0.0106674
0.0107292
0.0107455
0.0107106
0.0106193
0.0104657
0.0102434
0.00994541
0.00956371
0.00909394
0.00856313
0.00814537
0.00893412
0.0114025
0.00992758
0.00305332
0.00340528
0.00365574
0.0036494
0.00353351
0.00333789
0.00307868
0.00276887
0.00242543
0.0020721
0.00174131
0.00147615
0.00132826
0.00133466
0.00148625
0.00173214
0.00203396
0.00236833
0.00271755
0.00306435
0.00338863
0.00366751
0.00387726
0.00399707
0.00401579
0.00395812
0.00383706
0.00362244
0.0032835
0.00284737
0.00237665
0.00204174
0.00131134
0.00607641
0.0104499
0.00286403
0.00224336
0.00255882
0.0026624
0.00267579
0.00264311
0.00258375
0.00250537
0.00240983
0.0022973
0.0021694
0.00203161
0.00189559
0.00178095
0.0017126
0.00170523
0.00176155
0.00187973
0.00205825
0.00230118
0.00259575
0.00291901
0.00325129
0.0035795
0.0038956
0.00419553
0.00447842
0.00474582
0.00500081
0.00524724
0.00548907
0.00573
0.00597317
0.00622108
0.00647537
0.00673686
0.00700549
0.00728036
0.00755985
0.00784172
0.00812322
0.00840132
0.00867274
0.00893416
0.00918225
0.00941376
0.00962549
0.00981431
0.00997698
0.0101099
0.010209
0.0102698
0.0102876
0.0102561
0.0101684
0.0100176
0.00979641
0.00949933
0.00912629
0.00869488
0.00828394
0.00817828
0.00954415
0.0131664
0.0134447
0.00746568
0.00270668
0.00305205
0.00309057
0.0030452
0.00292671
0.00275339
0.00254793
0.00233462
0.00213649
0.00197311
0.00186087
0.00181259
0.00183981
0.00194335
0.00212223
0.00236979
0.00267566
0.0030246
0.00339432
0.00375831
0.00408915
0.00436081
0.00455163
0.00464106
0.00462754
0.00450993
0.00427236
0.00389639
0.00338665
0.00276035
0.0020665
0.000920633
0.00719485
0.0118063
0.00308277
0.0019317
0.00222561
0.00242859
0.00254828
0.00262111
0.00266432
0.00268406
0.00268073
0.00265337
0.0026025
0.00253181
0.00244888
0.00236516
0.00229436
0.00224823
0.00223073
0.00224378
0.00228513
0.00237192
0.00251896
0.00271962
0.00295703
0.00321462
0.00347899
0.00374115
0.00399653
0.00424428
0.0044861
0.00472513
0.00496495
0.00520905
0.00546035
0.00572092
0.00599185
0.00627311
0.0065636
0.0068613
0.00716341
0.00746656
0.00776707
0.00806112
0.00834491
0.0086148
0.00886734
0.00909934
0.00930787
0.00949017
0.00964359
0.00976546
0.00985296
0.00990294
0.00991301
0.00987896
0.00979539
0.00965662
0.00945732
0.00919477
0.00887457
0.00852455
0.00823553
0.00828991
0.00976237
0.013826
0.0155763
0.0117542
0.00416484
0.00263537
0.0026086
0.00267182
0.00264863
0.00258815
0.00252065
0.00245919
0.00240141
0.00233861
0.00227098
0.002211
0.00218589
0.00222267
0.00234195
0.00255257
0.00284813
0.00320838
0.00359991
0.00398983
0.00435019
0.00465826
0.00489491
0.00504159
0.00507713
0.00499017
0.0047663
0.00439138
0.00385935
0.00316286
0.0023231
0.000977646
0.00802444
0.0129168
0.0033742
0.00178899
0.00200124
0.00227684
0.00248881
0.00265979
0.0028011
0.00291444
0.0029974
0.00304787
0.0030661
0.00305529
0.00302128
0.0029718
0.00291517
0.00285862
0.00280711
0.00276356
0.00272884
0.00269879
0.00269986
0.00275221
0.00285818
0.00301001
0.00319472
0.00339968
0.00361592
0.00383895
0.00406783
0.00430382
0.00454921
0.00480642
0.00507732
0.00536279
0.00566247
0.00597476
0.00629688
0.00662522
0.00695553
0.00728333
0.00760407
0.00791338
0.0082072
0.00848185
0.00873407
0.00896098
0.00916011
0.0093293
0.00946666
0.00957047
0.00963918
0.00967105
0.00966572
0.00962173
0.00953637
0.00940739
0.00923333
0.00901558
0.00876369
0.00850702
0.00832663
0.00845668
0.0098092
0.0138687
0.0167271
0.0147501
0.0088861
0.0020504
0.00242904
0.00245718
0.00250773
0.00256989
0.00264302
0.00270604
0.0027253
0.00268043
0.00258453
0.00247501
0.0023986
0.0023972
0.00249545
0.0027049
0.00301075
0.00338103
0.00376944
0.00414446
0.0044858
0.00478289
0.00502691
0.00520826
0.00529024
0.00525313
0.00507944
0.00475392
0.00426592
0.00359848
0.00276245
0.00157463
0.0087533
0.0138804
0.00371558
0.00179905
0.00189315
0.00220487
0.00249749
0.00275846
0.00298991
0.00318754
0.00334651
0.00346472
0.00354339
0.00358621
0.00359838
0.00358548
0.00355255
0.0035033
0.00344007
0.00336494
0.00328128
0.00319049
0.00309049
0.00301116
0.00297735
0.00300067
0.00307987
0.00320617
0.00336927
0.00356136
0.00377758
0.00401567
0.00427498
0.00455547
0.00485667
0.00517717
0.00551429
0.0058642
0.00622214
0.00658285
0.00694085
0.00729083
0.00762781
0.00794728
0.00824531
0.00851852
0.00876407
0.00897964
0.00916338
0.00931383
0.00942991
0.00951087
0.0095563
0.00956583
0.00954091
0.00948228
0.00939022
0.00926641
0.00911387
0.00893842
0.00875258
0.00858381
0.0084975
0.00867351
0.00983751
0.0136167
0.0172122
0.0167993
0.01248
0.00494504
0.00221867
0.00230122
0.00247028
0.00265955
0.00284868
0.00298278
0.00301029
0.00292542
0.00277718
0.00263533
0.00255508
0.00257173
0.00269986
0.00293909
0.00325349
0.00360239
0.00393236
0.00422567
0.0044759
0.00469361
0.0048919
0.00507894
0.00521355
0.00525227
0.00517329
0.00495608
0.0045851
0.00403789
0.00331916
0.00237562
0.00943592
0.0147369
0.00408976
0.00195143
0.00191486
0.00222989
0.00258193
0.00292297
0.00323162
0.00349809
0.00371802
0.00389135
0.00402115
0.00411199
0.00416849
0.00419435
0.00419175
0.0041612
0.00410211
0.00401403
0.00389852
0.00376027
0.00360629
0.00343882
0.00328738
0.00318458
0.00314626
0.00317698
0.00327312
0.00342729
0.00363038
0.00387469
0.00415465
0.00446589
0.00480423
0.00516489
0.00554228
0.00593013
0.00632184
0.00671084
0.00709091
0.00745641
0.00780237
0.00812457
0.00841951
0.00868435
0.0089169
0.00911548
0.00927894
0.00940657
0.0094981
0.00955366
0.00957392
0.00955966
0.00951399
0.0094391
0.00933807
0.00921612
0.00908031
0.00894055
0.00881174
0.00871884
0.00871237
0.00892512
0.0099059
0.0132536
0.0172496
0.0181103
0.0151909
0.00913237
0.00153406
0.00234158
0.00252474
0.00281079
0.00307511
0.00322059
0.00320133
0.00305586
0.00288158
0.00276479
0.00274692
0.00283409
0.00302012
0.0032922
0.00358854
0.00386895
0.00407948
0.00421874
0.00429291
0.00433893
0.0044099
0.00455835
0.00476286
0.00492293
0.00500325
0.00496826
0.00479051
0.00443709
0.0038974
0.00318326
0.0100728
0.0155119
0.00449241
0.00222699
0.00207379
0.00237474
0.00276738
0.00316242
0.00352278
0.00383902
0.00410163
0.00431618
0.00448803
0.00462211
0.00472196
0.00478901
0.0048224
0.00481932
0.0047759
0.00468877
0.00455711
0.00438478
0.00418203
0.00396408
0.00373583
0.00352976
0.00338043
0.00330934
0.00332896
0.00343952
0.00362831
0.00388089
0.00418487
0.00452998
0.00490705
0.00530733
0.00572214
0.006143
0.00656187
0.00697142
0.00736516
0.00773757
0.00808409
0.00840105
0.00868559
0.0089356
0.00914959
0.00932662
0.00946626
0.00956852
0.00963389
0.00966334
0.00965839
0.00962097
0.00955539
0.00946489
0.0093549
0.00923349
0.00911095
0.00900041
0.00891869
0.00888853
0.00894826
0.00919356
0.0100249
0.0128891
0.0170042
0.0188614
0.0171928
0.0123385
0.00477539
0.00214654
0.00263261
0.00298167
0.00327138
0.00337177
0.00327736
0.00309699
0.00296464
0.00294452
0.00303454
0.00321379
0.00345909
0.00373207
0.00399231
0.004179
0.00424572
0.00418763
0.00401145
0.00376723
0.00355993
0.00355453
0.00384956
0.00421077
0.00454635
0.0047822
0.00486745
0.00475413
0.00440994
0.00388974
0.010648
0.0162265
0.00492827
0.00260701
0.00236787
0.00264362
0.00305083
0.0034767
0.00386514
0.0041961
0.00448562
0.00472791
0.00493346
0.00510685
0.00524969
0.00536061
0.00543538
0.00546755
0.00544965
0.00537493
0.00523978
0.00504645
0.00480566
0.00453735
0.00426626
0.00399349
0.00375369
0.00358616
0.00352628
0.00359062
0.00376389
0.00402438
0.00435195
0.00472937
0.00514192
0.00557664
0.00602198
0.00646764
0.00690463
0.00732531
0.00772334
0.00809366
0.00843233
0.00873643
0.00900389
0.00923339
0.00942422
0.00957619
0.00968959
0.00976513
0.00980402
0.00980795
0.00977919
0.00972085
0.00963731
0.00953329
0.00941604
0.00929561
0.00918464
0.0090986
0.00905562
0.00907669
0.00919088
0.00946604
0.0101879
0.0125871
0.016607
0.0192038
0.0186286
0.0148558
0.00843823
0.000937462
0.00281891
0.0031296
0.00338756
0.00340456
0.00324879
0.00310536
0.00309617
0.00321891
0.00342972
0.00369678
0.00399012
0.00426959
0.00448794
0.00460042
0.00457182
0.00435545
0.00394075
0.00334023
0.00261745
0.00207356
0.00240473
0.0031271
0.00385299
0.00444159
0.00482538
0.00495609
0.00478438
0.00441851
0.0111385
0.0168971
0.00540422
0.00307657
0.00278126
0.00302604
0.00342196
0.0038417
0.00422864
0.00456611
0.00485421
0.0051148
0.00534677
0.00555605
0.00574177
0.0058993
0.00602076
0.00609576
0.0061128
0.00606122
0.005934
0.00573118
0.00546334
0.00515357
0.00483475
0.00453377
0.00423426
0.00398508
0.00384883
0.00386776
0.00402447
0.00429036
0.00463761
0.00504197
0.00548305
0.00594392
0.00641047
0.00687103
0.00731606
0.00773795
0.0081308
0.00849022
0.00881307
0.00909728
0.00934166
0.00954572
0.00970957
0.00983377
0.00991933
0.00996764
0.00998055
0.00996038
0.00991003
0.00983362
0.00973512
0.00962085
0.00949929
0.00938177
0.00928249
0.00921839
0.00920836
0.00927203
0.00943181
0.0097352
0.0103836
0.0123775
0.0161573
0.0192633
0.0196192
0.0168221
0.0112786
0.00331679
0.00270206
0.00317825
0.00337836
0.00330831
0.00315579
0.00314743
0.00331914
0.00359567
0.0039246
0.00427967
0.0046312
0.00494215
0.0051735
0.00528589
0.00524276
0.00500837
0.0045412
0.00381456
0.00278147
0.00137374
0.000477065
0.00206644
0.00322069
0.0041049
0.00471248
0.00502335
0.00496389
0.00471882
0.0115221
0.0175361
0.00592546
0.00362365
0.00329324
0.0035018
0.00386224
0.00424495
0.00459903
0.00491528
0.00519694
0.00546435
0.00571662
0.00595837
0.00618664
0.00639337
0.0065668
0.00669234
0.006754
0.00673657
0.0066288
0.00642763
0.00614299
0.00580111
0.00544222
0.00510701
0.00479371
0.00448477
0.00428005
0.00425689
0.00439596
0.00466292
0.00502327
0.00544633
0.0059065
0.00638325
0.00686033
0.00732505
0.00776764
0.00818078
0.0085592
0.00889929
0.00919882
0.00945665
0.0096725
0.00984677
0.00998038
0.0100747
0.0101314
0.0101525
0.0101405
0.0100982
0.0100291
0.00993764
0.00982812
0.0097077
0.00958571
0.00947426
0.0093884
0.00934584
0.00936572
0.00946659
0.00966613
0.00999723
0.010601
0.0122658
0.0157254
0.0191438
0.0202755
0.0183532
0.0135732
0.00641116
0.00199276
0.00313961
0.00322419
0.00309828
0.0030605
0.00327745
0.00364929
0.00407556
0.00452664
0.00498741
0.00543297
0.00583249
0.00615307
0.00635998
0.00641717
0.00628758
0.00593653
0.00533851
0.00448925
0.00345647
0.00248353
0.00222422
0.00314338
0.00394096
0.00455747
0.00492972
0.00491842
0.00477569
0.0117822
0.0181529
0.00649434
0.00423707
0.00388284
0.0040482
0.0043521
0.0046723
0.00496997
0.00524647
0.00551024
0.00576549
0.00603103
0.00630108
0.00657101
0.00682926
0.00705997
0.00724401
0.00736047
0.00738894
0.00731298
0.00712529
0.00683416
0.00646891
0.00607818
0.00571399
0.00539783
0.005065
0.00480484
0.00474472
0.00486474
0.00512703
0.00549199
0.00592357
0.00639171
0.00687281
0.00734889
0.00780658
0.00823611
0.00863064
0.0089856
0.00929829
0.0095674
0.00979279
0.00997512
0.0101157
0.0102163
0.010279
0.0103062
0.0103006
0.010265
0.0102029
0.0101183
0.0100155
0.00989922
0.00977733
0.00965955
0.00955834
0.00948908
0.00946966
0.009519
0.00965468
0.0098911
0.0102507
0.010832
0.0122446
0.0153575
0.0189303
0.0206945
0.0195532
0.0154746
0.00887498
0.000253921
0.00293582
0.00288863
0.0028123
0.00304024
0.0035349
0.00409974
0.00467502
0.00526364
0.00585917
0.00644088
0.00698155
0.00745084
0.00781587
0.00804187
0.00809332
0.0079363
0.00754309
0.00690522
0.00605545
0.00506949
0.00407638
0.00389654
0.00407461
0.00435613
0.00460671
0.00460374
0.00458672
0.0119253
0.0187543
0.00711007
0.00490551
0.00453085
0.00464471
0.00487465
0.00511154
0.00533074
0.00554398
0.0057666
0.00600671
0.00627663
0.00657032
0.00688056
0.00719242
0.00748574
0.0077365
0.00791844
0.00800532
0.00797463
0.00781345
0.00752706
0.00714736
0.00673287
0.00634896
0.00603031
0.00570811
0.00540999
0.00531888
0.00541798
0.00566891
0.00602878
0.00645744
0.00692132
0.0073944
0.00785743
0.00829664
0.00870246
0.00906862
0.00939135
0.00966885
0.00990083
0.0100881
0.0102323
0.0103357
0.0104008
0.0104306
0.010428
0.0103964
0.010339
0.0102598
0.0101632
0.0100528
0.00993452
0.0098163
0.00970804
0.00962218
0.00957399
0.00958102
0.00966165
0.00983244
0.0101055
0.0104959
0.0110722
0.012301
0.0150799
0.0186892
0.0209588
0.0205122
0.0170795
0.0109499
0.00252776
0.00243183
0.00236179
0.00256287
0.00319837
0.00396235
0.0046986
0.00542408
0.00616403
0.00691385
0.00765301
0.00835449
0.00898825
0.00952181
0.00992055
0.0101483
0.0101687
0.00994712
0.00945775
0.00869016
0.00764747
0.00637169
0.00516536
0.00452886
0.00416983
0.00406817
0.00399987
0.00435994
0.0118695
0.0193452
0.00776892
0.00561714
0.00521979
0.00527308
0.00541457
0.00555042
0.00567179
0.00580286
0.00596801
0.00617973
0.00644217
0.00675292
0.00710152
0.00746903
0.00783037
0.00815612
0.00841431
0.00857255
0.00860144
0.00848109
0.00821191
0.00782741
0.00739749
0.00700383
0.0066881
0.0063954
0.00608335
0.00596729
0.00604328
0.00627565
0.00662007
0.0070337
0.00748045
0.00793263
0.00837024
0.0087794
0.00915091
0.00947914
0.00976114
0.00999605
0.0101845
0.0103284
0.0104303
0.0104933
0.0105209
0.0105167
0.0104844
0.0104276
0.0103504
0.010257
0.010152
0.0100383
0.00992292
0.00981406
0.00972126
0.0096567
0.00963513
0.00967341
0.00978903
0.00999751
0.0103093
0.0107341
0.0113196
0.0124224
0.0149039
0.0184696
0.0211354
0.0213016
0.0184575
0.0127418
0.0045116
0.00164947
0.00180491
0.00261164
0.00368194
0.00462659
0.0054774
0.00634334
0.00722949
0.0081252
0.00900774
0.00985004
0.0106223
0.0112927
0.0118268
0.0121874
0.0123354
0.0122309
0.0118352
0.0111133
0.0100355
0.00859876
0.00687307
0.00527547
0.00414018
0.00341825
0.00318341
0.00414131
0.0115805
0.0199286
0.0084646
0.00635966
0.00593382
0.00591787
0.00595984
0.00598132
0.00598929
0.00602085
0.00610988
0.00627489
0.00651649
0.00683739
0.00722277
0.00764841
0.00808325
0.00849186
0.00883648
0.00907858
0.00918154
0.00911715
0.00887886
0.00850019
0.00806353
0.00767011
0.00736868
0.00711436
0.0068128
0.00667746
0.00672805
0.00693463
0.00725315
0.00763938
0.00805586
0.0084741
0.00887387
0.0092415
0.00956832
0.00984937
0.0100825
0.0102678
0.0104069
0.0105026
0.0105584
0.0105784
0.0105667
0.0105278
0.0104659
0.0103853
0.0102903
0.0101857
0.0100754
0.00996327
0.00985657
0.00976316
0.00969228
0.00965559
0.00966704
0.00974247
0.00989823
0.0101487
0.0105031
0.0109674
0.0115744
0.0125976
0.0148306
0.0183052
0.0212775
0.021984
0.0196796
0.0143435
0.00623277
0.000655474
0.00177402
0.00331466
0.0045457
0.00556375
0.00650832
0.00744078
0.00841273
0.00942103
0.0104011
0.0113349
0.0121947
0.012951
0.0135709
0.0140187
0.0142562
0.0142428
0.0139368
0.0132963
0.0122811
0.0108611
0.00904152
0.00689342
0.0047095
0.00311507
0.00244208
0.00395679
0.0109951
0.0205054
0.00918887
0.00712056
0.00665858
0.0065658
0.00650011
0.00639681
0.00627693
0.00618992
0.00618081
0.00627854
0.00649136
0.00681655
0.00723868
0.00772588
0.00823963
0.00873788
0.00917737
0.00951414
0.00970459
0.00971124
0.00951827
0.00915694
0.00872276
0.00834003
0.00806583
0.00785828
0.0075862
0.0074365
0.00745947
0.00763327
0.00791562
0.00826222
0.0086354
0.00900681
0.00935658
0.00967159
0.00994379
0.0101689
0.0103457
0.0104749
0.0105593
0.0106024
0.0106089
0.0105835
0.0105313
0.0104573
0.0103664
0.0102633
0.0101528
0.0100402
0.00992865
0.00982316
0.00973079
0.0096591
0.0096169
0.00961506
0.00966651
0.00978578
0.00998788
0.010286
0.0106881
0.0111978
0.0118373
0.0128183
0.0148544
0.0182169
0.021426
0.0226107
0.0208049
0.0158235
0.00777137
0.00134478
0.00269046
0.00426277
0.00550496
0.00656641
0.00759055
0.00863378
0.00967964
0.0106944
0.011709
0.0126726
0.01356
0.0143478
0.0150068
0.0155048
0.0158072
0.0158772
0.0156769
0.0151682
0.0143148
0.0130867
0.0114699
0.00947783
0.0071651
0.00463037
0.00265624
0.00382177
0.00998946
0.0210753
0.00993221
0.00788755
0.00738107
0.00720535
0.00702652
0.00679091
0.00653128
0.00630897
0.0061825
0.00619518
0.0063665
0.00669135
0.00715202
0.00770538
0.00830301
0.00889561
0.00943533
0.00987426
0.010163
0.0102544
0.0101211
0.00978921
0.00936747
0.00900677
0.00877321
0.00862082
0.00839181
0.00823151
0.00822456
0.0083589
0.00859523
0.00889036
0.00920768
0.0095199
0.00980815
0.0100601
0.0102686
0.0104298
0.0105434
0.0106109
0.0106358
0.0106228
0.0105772
0.0105047
0.010411
0.0103018
0.0101826
0.0100587
0.00993507
0.00981792
0.00970919
0.0096154
0.00954325
0.00949984
0.00949334
0.00953365
0.0096324
0.00980263
0.0100578
0.0104098
0.0108658
0.0114273
0.0121094
0.0130775
0.0149666
0.018215
0.0216088
0.0232194
0.0218762
0.0172273
0.00916621
0.00280082
0.004036
0.00547273
0.00662965
0.00765958
0.00868385
0.00973501
0.0107946
0.0118305
0.0128037
0.0137283
0.0145877
0.0153553
0.0160103
0.016525
0.0168696
0.0170132
0.0169242
0.0165717
0.0159275
0.0149686
0.0136802
0.0120574
0.0100954
0.00777089
0.0050561
0.00374571
0.00839964
0.0216367
0.0106846
0.00864887
0.0080896
0.00782654
0.0075317
0.00715933
0.00675133
0.00637974
0.00611808
0.00602859
0.00614751
0.00647104
0.00697512
0.00760061
0.00828613
0.00897483
0.00961572
0.0101594
0.0105529
0.0107399
0.0106793
0.010389
0.00999034
0.00966397
0.00948457
0.00939584
0.00921813
0.00904969
0.0090103
0.00909882
0.00927976
0.00951225
0.00976194
0.0100036
0.0102198
0.0103995
0.0105361
0.0106266
0.0106711
0.0106721
0.0106339
0.0105618
0.0104621
0.0103411
0.0102053
0.0100611
0.0099145
0.00977132
0.00963705
0.00951868
0.00941704
0.00934013
0.00929422
0.00928575
0.00932207
0.0094119
0.00956534
0.0097937
0.0101088
0.0105212
0.0110372
0.0116572
0.0123908
0.0133695
0.0151557
0.0183003
0.0218416
0.0238337
0.0229201
0.0185816
0.0104165
0.00442762
0.0055595
0.0068266
0.00784683
0.00877543
0.00971437
0.0106813
0.0116562
0.0126141
0.0135327
0.0143849
0.015166
0.0158714
0.0164846
0.0169843
0.0173456
0.0175427
0.0175498
0.0173427
0.0168995
0.0162023
0.0152352
0.0139802
0.0123988
0.0103817
0.00767474
0.00428074
0.00606385
0.0221869
0.011436
0.00939365
0.00877377
0.00842079
0.00800961
0.00749925
0.00693803
0.00640688
0.00599505
0.00578851
0.00584726
0.00617307
0.00672912
0.00743395
0.00820999
0.00899291
0.00973075
0.0103759
0.0108747
0.0111637
0.0111865
0.0109489
0.0105846
0.0103058
0.010194
0.0101769
0.010054
0.00987855
0.00980391
0.00984045
0.00995721
0.0101168
0.0102882
0.0104492
0.0105844
0.010684
0.0107421
0.0107563
0.0107273
0.0106582
0.010554
0.0104209
0.0102656
0.0100953
0.00991718
0.0097381
0.00956485
0.00940387
0.00926124
0.00914486
0.00905457
0.00899974
0.00898612
0.00901927
0.00910551
0.00925208
0.00946734
0.00976075
0.0101424
0.0106214
0.0112032
0.0118878
0.0126807
0.013688
0.0154092
0.0184669
0.0221295
0.024465
0.0239493
0.0198962
0.0115451
0.00609523
0.00713813
0.00823552
0.00908903
0.00985805
0.0106362
0.0114379
0.012247
0.0130464
0.0138225
0.0145625
0.0152485
0.015864
0.0164123
0.0168774
0.0172372
0.0174693
0.0175511
0.0174619
0.0171829
0.0166973
0.0159871
0.0150274
0.0137669
0.0120744
0.00965466
0.00610103
0.00391089
0.0227223
0.0121771
0.0101121
0.00942448
0.00898079
0.00845543
0.00780906
0.00709387
0.00639749
0.00582461
0.00548947
0.00548409
0.00582054
0.00644059
0.00723275
0.00810024
0.00897202
0.00979759
0.0105346
0.0111331
0.0115248
0.0116376
0.0114626
0.0111443
0.0109272
0.0108959
0.0109572
0.0108889
0.0107062
0.010593
0.0105716
0.010616
0.0106934
0.0107775
0.0108495
0.0108967
0.0109102
0.010885
0.010819
0.0107134
0.010572
0.0104001
0.0102047
0.00999312
0.00977304
0.00955222
0.00933833
0.00913888
0.00896118
0.00881213
0.00870069
0.00862594
0.00859834
0.00862301
0.00870442
0.00884751
0.00905774
0.00934148
0.00970619
0.0101601
0.0107112
0.0113641
0.0121182
0.0129767
0.0140266
0.0157133
0.0187035
0.0224691
0.0251147
0.0249659
0.0211711
0.0125894
0.00773411
0.00869841
0.00963561
0.0103068
0.0108754
0.0114353
0.0120082
0.0125884
0.0131695
0.0137482
0.0143204
0.0148784
0.0154079
0.0158864
0.0163164
0.0166741
0.0169385
0.0170882
0.0171028
0.0169636
0.0166512
0.0161428
0.015405
0.0143757
0.0129247
0.0108156
0.00784231
0.00422099
0.0232393
0.0128994
0.0107957
0.0100338
0.00950031
0.00886532
0.00808808
0.00722236
0.00636011
0.00561995
0.00514786
0.0050778
0.00543727
0.00613603
0.00702354
0.00798181
0.00893454
0.00983497
0.0106493
0.0113357
0.0118248
0.0120299
0.0119247
0.0116644
0.0115236
0.0115852
0.0117297
0.0117126
0.0115212
0.0113659
0.0112807
0.0112454
0.0112328
0.0112222
0.0111992
0.0111533
0.0110772
0.0109658
0.0108177
0.0106342
0.0104194
0.0101795
0.00992139
0.0096531
0.00938276
0.00911873
0.0088695
0.00864363
0.00844957
0.00829546
0.00819156
0.00813637
0.00814106
0.00821002
0.00834629
0.00855293
0.00883327
0.00919144
0.00963278
0.0101638
0.0107912
0.0115191
0.0123468
0.0132754
0.0143777
0.0160542
0.0189956
0.0228517
0.0257779
0.0259654
0.0223974
0.013581
0.00929457
0.0101889
0.0109799
0.0114659
0.0118127
0.0121208
0.0124252
0.0127367
0.0130643
0.0134166
0.0137991
0.0142107
0.014644
0.0150575
0.015461
0.0158281
0.0161365
0.0163642
0.0164906
0.0164959
0.0163595
0.0160561
0.0155488
0.0147722
0.0136042
0.0118609
0.00942184
0.00637554
0.0237342
0.0135958
0.0114372
0.0105949
0.00997399
0.00923616
0.00833615
0.00732725
0.00630316
0.00539344
0.00477771
0.00464431
0.00504253
0.00583636
0.00682647
0.00787353
0.00889819
0.0098591
0.0107334
0.0114913
0.0120673
0.0123619
0.0123314
0.0121409
0.0120917
0.012257
0.012487
0.012516
0.0123134
0.0121118
0.0119573
0.0118359
0.011727
0.0116165
0.0114947
0.0113535
0.0111863
0.0109884
0.0107581
0.0104971
0.0102097
0.00990209
0.0095817
0.00925656
0.00893526
0.00862683
0.00834082
0.00808715
0.0078759
0.00771727
0.0076213
0.00759034
0.00763292
0.00775256
0.00795045
0.00822718
0.00858351
0.00902112
0.00954328
0.0101549
0.0108615
0.0116669
0.0125704
0.013572
0.0147334
0.0164178
0.0193275
0.0232651
0.0264459
0.0269431
0.0235297
0.0145786
0.0107389
0.0115731
0.0122356
0.0125442
0.0126659
0.012711
0.0127311
0.0127559
0.0128124
0.0129236
0.013105
0.0133596
0.0136824
0.0140489
0.0144356
0.0148271
0.0151959
0.0155189
0.0157742
0.0159415
0.0160001
0.0159269
0.0156894
0.0152341
0.0144696
0.0132674
0.0114957
0.00880485
0.0242034
0.0142602
0.0120304
0.0111019
0.010397
0.00956513
0.00855306
0.0074117
0.00623385
0.00515567
0.0043897
0.00419367
0.00464794
0.00555389
0.00665228
0.00778496
0.00887259
0.00988024
0.010797
0.0116082
0.0122566
0.0126337
0.01268
0.0125716
0.0126289
0.0129071
0.0132221
0.0132906
0.0130735
0.0128213
0.0125924
0.0123794
0.0121699
0.0119568
0.011735
0.0114988
0.0112418
0.010959
0.0106487
0.0103123
0.00995422
0.00958059
0.00919865
0.00881647
0.00844295
0.00808791
0.00776223
0.00747779
0.00724703
0.00708305
0.00699561
0.00699223
0.00707834
0.00725568
0.00752238
0.0078757
0.00831331
0.00883437
0.00944018
0.0101343
0.0109214
0.0118053
0.0127852
0.0138606
0.0150848
0.0167902
0.0196829
0.0236954
0.0271079
0.0278917
0.0245782
0.0155644
0.0120434
0.0128271
0.0133817
0.0135289
0.0134356
0.0132238
0.0129617
0.0126978
0.0124768
0.012338
0.0123094
0.0124034
0.0126174
0.0129385
0.0133185
0.0137488
0.0141957
0.0146334
0.0150374
0.0153856
0.0156575
0.0158321
0.0158839
0.0157747
0.0154413
0.0147809
0.0135908
0.0111452
0.024644
0.0148881
0.0125705
0.0115492
0.0107648
0.00984932
0.00873814
0.00747789
0.00615765
0.00491441
0.00398891
0.00372742
0.00425767
0.00529298
0.00650276
0.00771641
0.00885842
0.00990093
0.0108448
0.0116916
0.0123962
0.0128457
0.0129693
0.0129553
0.0131335
0.0135313
0.0139283
0.0140291
0.0137933
0.0134863
0.0131785
0.0128702
0.0125576
0.0122416
0.0119216
0.0115932
0.01125
0.0108863
0.0104999
0.010092
0.00966652
0.00922921
0.00878683
0.00834719
0.00791939
0.00751414
0.00714408
0.00682378
0.0065692
0.00639729
0.00632138
0.00634883
0.00648412
0.0067261
0.00706859
0.00750443
0.00802769
0.0086349
0.00932566
0.0101025
0.0109698
0.0119313
0.0129866
0.0141348
0.0154229
0.0171583
0.0200456
0.0241277
0.0277509
0.0287981
0.0255594
0.0165147
0.0132009
0.0139387
0.0144065
0.0144134
0.0141247
0.0136736
0.0131443
0.0126018
0.0121077
0.0117178
0.0114755
0.0114046
0.0115082
0.0117759
0.0121572
0.0126398
0.0131834
0.0137567
0.0143305
0.0148785
0.0153779
0.0158082
0.0161491
0.016374
0.0164382
0.0162445
0.0155213
0.0132511
0.0250539
0.0154765
0.0130537
0.0119322
0.0110727
0.0100853
0.00888974
0.00752643
0.00607788
0.00467476
0.00357602
0.00324027
0.00387203
0.00505346
0.0063738
0.00766141
0.00884903
0.00991647
0.0108753
0.0117428
0.012488
0.0129985
0.0131991
0.0132921
0.0136043
0.0141259
0.0145995
0.014725
0.0144665
0.0141007
0.0137106
0.0133046
0.0128889
0.0124722
0.012058
0.0116427
0.011219
0.0107805
0.0103238
0.00984953
0.00936109
0.00886323
0.00836185
0.00786417
0.00737929
0.00691878
0.00649739
0.0061333
0.00584757
0.00566289
0.00559857
0.00566148
0.00585378
0.00616917
0.00659523
0.00711931
0.0077316
0.00842623
0.00920154
0.0100596
0.0110049
0.0120414
0.0131694
0.0143878
0.0157386
0.0175093
0.0204003
0.0245471
0.0283617
0.0296512
0.0264772
0.0174198
0.0142092
0.0149022
0.0153041
0.0151954
0.0147363
0.0140709
0.0132976
0.0124952
0.0117391
0.0111003
0.0106379
0.010391
0.0103749
0.0105866
0.010975
0.0115237
0.0121836
0.0129147
0.0136793
0.0144439
0.0151801
0.0158654
0.016481
0.0170075
0.0174112
0.0175979
0.0172549
0.0151374
0.025432
0.0160234
0.0134773
0.0122463
0.0113154
0.0102686
0.00900487
0.00755623
0.00599602
0.00444089
0.0031508
0.00272408
0.00349341
0.00483459
0.00625868
0.00760988
0.00883327
0.00991695
0.0108818
0.0117588
0.0125315
0.0130922
0.0133704
0.0135834
0.0140405
0.0146874
0.0152303
0.0153728
0.0150883
0.0146606
0.0141857
0.0136817
0.0131651
0.0126522
0.01215
0.0116549
0.0111584
0.0106524
0.0101327
0.0095988
0.00905286
0.00849845
0.00794015
0.00738417
0.00683916
0.00631725
0.00583527
0.00541584
0.00508726
0.00488112
0.00482707
0.0049309
0.00519029
0.00559004
0.00610855
0.00672646
0.00743008
0.00821177
0.00906941
0.0100053
0.0110245
0.0121318
0.0133281
0.0146122
0.0160229
0.0178314
0.0207328
0.0249402
0.0289285
0.0304426
0.0273445
0.0182698
0.0150683
0.0157143
0.016071
0.0158735
0.0152729
0.0144225
0.0134333
0.0123953
0.0113938
0.010511
0.00982118
0.00938271
0.00923152
0.00937998
0.00977873
0.0104073
0.0112041
0.0121153
0.0130903
0.0140843
0.015061
0.015993
0.0168603
0.0176471
0.0183274
0.0188145
0.0187846
0.0168132
0.0257786
0.0165287
0.0138399
0.0124876
0.0114878
0.0103942
0.00907913
0.00756448
0.00591248
0.00421882
0.00271838
0.00217178
0.00313164
0.00463705
0.00615017
0.00755056
0.00879815
0.00988983
0.0108541
0.0117332
0.0125238
0.0131264
0.0134848
0.0138309
0.0144417
0.0152124
0.0158166
0.015968
0.0156556
0.0151641
0.0146037
0.0140033
0.0133899
0.0127874
0.0122051
0.0116387
0.011078
0.0105135
0.00993925
0.00935341
0.00875671
0.00815105
0.00753933
0.00692617
0.00631904
0.00572965
0.00517608
0.0046854
0.00429555
0.00405255
0.00400481
0.0041569
0.00449721
0.00499528
0.00561628
0.00633316
0.00712894
0.00799534
0.00893089
0.00993913
0.0110263
0.0121983
0.0134568
0.0148009
0.0162668
0.0181135
0.0210303
0.0252946
0.0294408
0.0311647
0.0281695
0.0190631
0.0157804
0.0163731
0.0167044
0.0164465
0.0157354
0.0147317
0.0135577
0.0123119
0.0110858
0.00996767
0.00904365
0.00839387
0.00808482
0.00815569
0.00856426
0.00928685
0.010243
0.0113566
0.0125585
0.0137899
0.0150048
0.0161696
0.0172622
0.0182676
0.0191671
0.0198854
0.0201133
0.0182869
0.0260955
0.0169937
0.0141419
0.0126532
0.0115846
0.0104562
0.00910688
0.00754679
0.00582661
0.00401731
0.00229621
0.00158488
0.00280741
0.00446234
0.00604142
0.00747262
0.00873117
0.00982224
0.0107808
0.0116576
0.0124601
0.0131
0.0135447
0.0140367
0.0148071
0.0156982
0.0163554
0.016508
0.0161671
0.0156115
0.0149666
0.0142733
0.0135692
0.0128849
0.0122314
0.011603
0.0109877
0.0103742
0.00975498
0.00912638
0.0084873
0.00783782
0.00717881
0.00651277
0.00584486
0.00518467
0.00454908
0.00396728
0.00348757
0.00317914
0.00312652
0.00333765
0.00377993
0.00439527
0.00513025
0.00595
0.00683619
0.00778196
0.0087882
0.00986076
0.0110078
0.0122367
0.0135498
0.0149467
0.0164618
0.0183452
0.0212812
0.025599
0.029889
0.0318108
0.0289599
0.0198041
0.0163505
0.0168771
0.0172007
0.0169116
0.0161226
0.0149989
0.0136727
0.0122494
0.010823
0.00948264
0.00831882
0.00742975
0.00692119
0.00688263
0.00732081
0.00815485
0.00929629
0.0106336
0.0120745
0.013545
0.0149899
0.0163701
0.0176607
0.018847
0.0199168
0.0208092
0.0212468
0.0195658
0.0263861
0.0174213
0.0143851
0.0127416
0.0116013
0.010449
0.00908195
0.00749741
0.00573658
0.00385078
0.00193893
0.000971634
0.00255003
0.00431186
0.00592666
0.0073664
0.00862089
0.00970229
0.0106507
0.0115231
0.0123351
0.0130124
0.0135528
0.0142024
0.0151356
0.0161423
0.0168454
0.0169923
0.0166232
0.0160053
0.0152787
0.0144978
0.0137105
0.0129531
0.0122373
0.0115565
0.0108964
0.0102441
0.00959049
0.00892976
0.0082589
0.00757609
0.00688014
0.006171
0.00545052
0.00472398
0.00400295
0.00331164
0.00270111
0.00227139
0.00218248
0.00247276
0.00305524
0.0038145
0.00467365
0.0055951
0.00656427
0.00757914
0.00864489
0.0097707
0.0109671
0.0122429
0.0136016
0.0150425
0.0165996
0.0185171
0.0214751
0.0258437
0.0302642
0.0323745
0.0297206
0.0205048
0.016787
0.0172257
0.0175555
0.0172637
0.0164307
0.0152214
0.0137769
0.0122084
0.0106106
0.00906882
0.0076703
0.00652238
0.00577168
0.00558376
0.00603914
0.00701014
0.00836547
0.0099442
0.0116288
0.0133331
0.0149946
0.0165698
0.018032
0.0193661
0.0205666
0.0215861
0.022191
0.0206562
0.0266559
0.017816
0.0145737
0.0127536
0.0115353
0.0103686
0.00899892
0.00741366
0.0056476
0.00373792
0.00172361
0.000444624
0.00239134
0.00418523
0.00579888
0.0072227
0.00845784
0.00951914
0.0104538
0.0113215
0.0121437
0.0128636
0.0135122
0.0143294
0.0154259
0.0165429
0.0172872
0.0174216
0.0170264
0.0163504
0.0155469
0.0146844
0.0138219
0.0129997
0.0122307
0.0115066
0.0108118
0.0101314
0.00945481
0.00877434
0.00808491
0.00738302
0.00666572
0.00593101
0.00517691
0.00440358
0.00361395
0.00281732
0.00204161
0.00138207
0.00115906
0.00160214
0.00239731
0.00331993
0.00429494
0.00530045
0.00633313
0.00739858
0.00850701
0.00967097
0.0109032
0.0122137
0.0136071
0.0150818
0.0166724
0.0186204
0.0216026
0.0260197
0.0305586
0.0328496
0.0304514
0.0211859
0.0171028
0.0174193
0.0177631
0.0174955
0.0166526
0.0153935
0.0138662
0.0121875
0.0104519
0.00873933
0.00712608
0.00571064
0.00466151
0.00425632
0.00471684
0.00586514
0.00746494
0.00929404
0.0112163
0.0131403
0.0149996
0.0167474
0.0183556
0.0198089
0.0211077
0.0222167
0.0229508
0.0215624
0.0269114
0.0181837
0.0147135
0.0126924
0.0113866
0.010214
0.00885991
0.00728437
0.00551921
0.0036344
0.00166243
0.000562673
0.00233655
0.00407396
0.0056439
0.00702905
0.00823109
0.009264
0.0101821
0.0110462
0.0118826
0.0126548
0.0134258
0.014418
0.0156758
0.0168986
0.017682
0.0178042
0.0173746
0.0166537
0.0157797
0.0148422
0.0139121
0.0130328
0.0122183
0.0114596
0.0107398
0.0100426
0.00935548
0.00866945
0.00797759
0.00727481
0.00655735
0.00582281
0.0050668
0.00428655
0.00347976
0.00264446
0.00177941
0.000885862
5.81761e-05
0.00100467
0.00200769
0.00303353
0.00406857
0.00511295
0.00617322
0.00726033
0.00838764
0.00956959
0.01082
0.0121494
0.0135626
0.0150584
0.0166727
0.018647
0.0216551
0.026119
0.0307647
0.0332297
0.0311437
0.0218785
0.0173168
0.0174605
0.017818
0.0175971
0.0167781
0.015506
0.0139335
0.0121827
0.0103487
0.00850576
0.00671621
0.00505148
0.00365157
0.00290135
0.00336921
0.00476536
0.00663336
0.00870189
0.0108391
0.0129583
0.0149907
0.0168859
0.0186148
0.0201619
0.0215321
0.0227002
0.0235291
0.0222873
0.0271606
0.0185309
0.0148121
0.0125635
0.0111586
0.00998889
0.00863172
0.0070891
0.0053827
0.00357895
0.00178668
0.00100826
0.00239752
0.00400416
0.00548725
0.00679686
0.00793043
0.00892872
0.00983008
0.0106933
0.0115508
0.0123888
0.0132963
0.0144673
0.015883
0.017208
0.0180314
0.0181454
0.0176821
0.0169106
0.015981
0.0149809
0.0139902
0.0130601
0.0122064
0.0114208
0.0106854
0.0099827
0.0092987
0.00862315
0.00794844
0.00726887
0.00657999
0.00587778
0.00515996
0.00442532
0.00367481
0.00291432
0.00216411
0.00149366
0.00113897
0.00143793
0.00218776
0.00309674
0.00406834
0.00507299
0.00610677
0.00717576
0.00829092
0.00946514
0.0107112
0.0120407
0.0134693
0.0149716
0.0165974
0.0185901
0.0216251
0.0261345
0.0308764
0.0335089
0.0317776
0.0226231
0.0174557
0.0173556
0.0177156
0.0175571
0.0167931
0.0155453
0.0139687
0.0121879
0.0103001
0.0083768
0.00646979
0.00462074
0.00288873
0.00157421
0.0020725
0.00382658
0.00594264
0.00820149
0.010509
0.0127864
0.0149603
0.0169746
0.0187978
0.0204145
0.0218327
0.023035
0.0239273
0.0228314
0.0274114
0.0188641
0.0148775
0.0123737
0.0108555
0.0096724
0.0083393
0.00685397
0.00523379
0.00355594
0.00200166
0.00144714
0.00251818
0.00394459
0.00530475
0.0065186
0.00757608
0.00851137
0.00939584
0.0102625
0.011151
0.0120703
0.0131259
0.0144757
0.0160442
0.0174699
0.0183372
0.0184494
0.0179576
0.0171412
0.0161569
0.015101
0.0140597
0.0130875
0.0122029
0.0113993
0.0106589
0.00996334
0.00929752
0.00865004
0.00801255
0.00737903
0.00674533
0.0061089
0.0054692
0.00482853
0.00419396
0.00358156
0.00302523
0.00258972
0.00237512
0.00247613
0.0029046
0.0035591
0.00435357
0.00523433
0.00617859
0.00718114
0.00824596
0.00938113
0.0105962
0.011901
0.0133105
0.0148016
0.0164279
0.0184484
0.0215071
0.02606
0.0308878
0.0336807
0.0323051
0.0234772
0.017561
0.0171176
0.0174551
0.0173662
0.0166857
0.0154996
0.0139577
0.0121967
0.0103104
0.00836765
0.00641757
0.00449504
0.00261555
0.000747851
0.00119588
0.00325447
0.00548127
0.00783107
0.0102416
0.0126289
0.014906
0.017007
0.0188965
0.0205586
0.0220027
0.023218
0.0241446
0.0231927
0.0276705
0.0191885
0.0149167
0.0121302
0.0104815
0.00927044
0.00798775
0.00657885
0.00506937
0.00354989
0.00224281
0.00183911
0.002662
0.00388168
0.00508953
0.00618451
0.00715201
0.00802164
0.00888235
0.00975814
0.0106897
0.0117053
0.0129159
0.0144399
0.0161552
0.0176822
0.0186008
0.01872
0.0182059
0.0173509
0.0163194
0.015215
0.0141288
0.0131199
0.0122107
0.0113969
0.0106617
0.00998611
0.00935392
0.0087527
0.00817335
0.0076095
0.00705701
0.00651391
0.0059807
0.00546115
0.00496367
0.00450369
0.0041067
0.003809
0.00365305
0.00367636
0.00391045
0.00433204
0.00491071
0.00561169
0.00641122
0.00729797
0.00826965
0.00932896
0.0104814
0.0117348
0.0131013
0.0145631
0.0161779
0.0181923
0.0212906
0.025889
0.0307922
0.033735
0.0326944
0.0244516
0.0176983
0.0167706
0.0170408
0.017014
0.0164208
0.0153257
0.013869
0.0121801
0.0103552
0.00846554
0.00656765
0.0047141
0.00297029
0.00157564
0.00159386
0.00323057
0.00531295
0.00762012
0.010052
0.0124922
0.0148286
0.0169801
0.0189049
0.0205868
0.0220351
0.0232434
0.0241777
0.0233661
0.0279421
0.0195068
0.0149349
0.0118388
0.0100284
0.00880496
0.00758293
0.00626799
0.00489035
0.00355054
0.00247879
0.00217996
0.00280055
0.00380062
0.00483342
0.00579162
0.00665801
0.0074605
0.00829813
0.0091897
0.0101768
0.0113002
0.0126664
0.0143551
0.0162102
0.017841
0.0188215
0.0189592
0.0184309
0.0175443
0.016473
0.0153268
0.0142019
0.0131623
0.0122352
0.0114197
0.0107004
0.010058
0.00947505
0.00893783
0.00843588
0.00796169
0.00751014
0.00707828
0.0066655
0.00627383
0.00590856
0.00557911
0.00529978
0.00508873
0.00496557
0.00494775
0.00506359
0.00531172
0.0056927
0.00619818
0.00681881
0.00754824
0.00838406
0.00932686
0.0103797
0.0115487
0.0128424
0.0142527
0.0158439
0.0178552
0.0209463
0.0256109
0.0305812
0.0336582
0.0329391
0.0255037
0.0179561
0.0163535
0.0164815
0.0164929
0.0159958
0.0150178
0.0136862
0.0121199
0.0104159
0.00865006
0.00688986
0.00521206
0.00373844
0.00274889
0.00270583
0.00378531
0.00552899
0.00765539
0.010004
0.0124155
0.0147473
0.0168999
0.0188216
0.0204937
0.0219223
0.0231053
0.0240181
0.023344
0.0282262
0.0198178
0.0149328
0.0115007
0.00950528
0.0082879
0.00713525
0.00592922
0.00470094
0.00355362
0.00269751
0.00246956
0.00291376
0.00368868
0.00452972
0.00533803
0.00609692
0.00683397
0.00765577
0.00857117
0.00962469
0.0108611
0.012375
0.0142135
0.0161998
0.0179389
0.0189952
0.0191654
0.0186326
0.0177227
0.0166202
0.0154402
0.0142837
0.0132202
0.0122827
0.0114744
0.010782
0.0101859
0.00966726
0.00921004
0.00880153
0.00843184
0.00809343
0.00778086
0.00749064
0.00722138
0.00697396
0.00675185
0.00656143
0.00641115
0.00631031
0.00626729
0.00630547
0.0064282
0.00664714
0.00696981
0.00740173
0.00794747
0.00861126
0.00939719
0.0103099
0.0113559
0.0125434
0.013876
0.0154253
0.01743
0.0205109
0.0251857
0.0302442
0.0334356
0.0330279
0.0265177
0.0184737
0.0159316
0.0157934
0.0158079
0.015406
0.0145634
0.0133903
0.0119934
0.0104669
0.00888974
0.0073376
0.00590094
0.00471063
0.00396572
0.00389266
0.00461663
0.0060107
0.00790011
0.0101018
0.0124212
0.0146891
0.0167901
0.0186638
0.0202889
0.0216678
0.0228037
0.0236726
0.0231138
0.0285175
0.020116
0.0149066
0.0111113
0.00893049
0.00773549
0.00665804
0.00557354
0.00450907
0.00356034
0.00289519
0.00270827
0.0029894
0.00353753
0.00417513
0.00482523
0.00547586
0.00615534
0.00697061
0.00792008
0.00904642
0.010392
0.0120365
0.0140037
0.0161099
0.0179622
0.0191111
0.0193313
0.0188058
0.0178829
0.0167601
0.0155566
0.014378
0.0132997
0.012361
0.0115701
0.0109161
0.010379
0.00993794
0.00957374
0.0092701
0.00901358
0.00879315
0.00859995
0.00842712
0.00826974
0.00812491
0.00799181
0.00787196
0.00776862
0.0076858
0.00762694
0.00761117
0.00764175
0.00773235
0.00789639
0.00814791
0.0085009
0.00896861
0.00956312
0.0102956
0.0111777
0.012222
0.0134464
0.0149327
0.0169197
0.0199795
0.024609
0.0297644
0.0330524
0.0329395
0.0273438
0.0193323
0.0156181
0.0150153
0.0149707
0.0146513
0.0139552
0.0129671
0.0117795
0.0104797
0.00914482
0.00785066
0.00668416
0.00575262
0.00517966
0.00509057
0.00558901
0.00669971
0.00834768
0.0103609
0.0125298
0.0146714
0.0166622
0.018437
0.0199724
0.0212681
0.0223297
0.0231342
0.022664
0.0288051
0.0203916
0.0148454
0.0106484
0.00834588
0.00716601
0.00616755
0.00521587
0.00432686
0.0035755
0.00307113
0.0028978
0.00302326
0.00334585
0.00377205
0.00425978
0.00480719
0.00544345
0.00626429
0.00725611
0.00845356
0.00989335
0.0116414
0.0137089
0.015919
0.0178884
0.0191497
0.0194415
0.0189381
0.0180152
0.0168865
0.0156744
0.0144878
0.0134079
0.0124805
0.0117193
0.0111158
0.0106496
0.010297
0.0100347
0.00984193
0.00970095
0.00959691
0.00951752
0.00945291
0.00939543
0.0093395
0.0092816
0.00922033
0.00915605
0.00908972
0.00902171
0.00896757
0.00892924
0.00891881
0.00895001
0.00903922
0.00920501
0.00946744
0.00984729
0.0103656
0.011044
0.0119065
0.0129886
0.0143855
0.0163367
0.0193557
0.0239007
0.0290992
0.032491
0.032644
0.0279108
0.0203623
0.015623
0.0142391
0.014015
0.0137442
0.0131963
0.0124129
0.0114672
0.0104338
0.00938108
0.00837541
0.00748724
0.0067922
0.00636482
0.00628726
0.00665918
0.0075678
0.00899695
0.010797
0.0127629
0.0147151
0.0165328
0.0181521
0.0195495
0.020723
0.021679
0.0223954
0.0219851
0.0290718
0.0206313
0.0147291
0.010105
0.00778109
0.00659854
0.00568334
0.00487559
0.00416981
0.00360561
0.00322775
0.00304483
0.00302168
0.00312319
0.00333239
0.00365676
0.00411218
0.00472312
0.00556346
0.00659823
0.0078544
0.00936187
0.0111763
0.0133066
0.0155968
0.0176836
0.0190795
0.0194699
0.019008
0.018102
0.0169874
0.0157879
0.0146147
0.0135533
0.0126554
0.0119397
0.0114002
0.0110157
0.0107592
0.0106027
0.0105209
0.0104918
0.0104971
0.0105219
0.010554
0.010584
0.0106047
0.0106109
0.0105996
0.0105693
0.010519
0.0104471
0.0103659
0.0102758
0.0101861
0.0101084
0.0100576
0.0100522
0.0101148
0.010272
0.0105544
0.0109968
0.0116404
0.0125431
0.013818
0.0157042
0.018652
0.0230587
0.0282227
0.0317275
0.0321041
0.0281689
0.0213286
0.0160277
0.0136787
0.0130353
0.0127277
0.0123113
0.0117437
0.0110648
0.0103279
0.00958467
0.008884
0.00827455
0.00780507
0.00752139
0.00749512
0.00782555
0.00861386
0.00985825
0.011428
0.0131411
0.0148398
0.0164184
0.017821
0.0190271
0.0200338
0.0208482
0.0214484
0.0210677
0.0292919
0.0208216
0.0145242
0.00952874
0.00723136
0.00605009
0.00522785
0.00457596
0.00405586
0.00366018
0.00337495
0.00316761
0.00300659
0.0028967
0.00288576
0.00304712
0.00342636
0.00403027
0.00489447
0.00596314
0.00725465
0.00879303
0.0106269
0.0127706
0.0151044
0.0173005
0.018854
0.0193773
0.0189822
0.0181157
0.0170427
0.0158868
0.0147588
0.0137462
0.0129043
0.0122559
0.0117963
0.0115034
0.0113469
0.0112951
0.0113184
0.011392
0.011495
0.0116108
0.0117261
0.0118304
0.0119158
0.0119761
0.0120074
0.0120069
0.0119724
0.0119007
0.0118012
0.0116728
0.0115221
0.0113574
0.0111904
0.0110368
0.010918
0.0108618
0.0109047
0.0110934
0.0114886
0.0121744
0.0132863
0.0150628
0.0178892
0.022088
0.0271024
0.0307331
0.0312816
0.0280561
0.0220582
0.0166897
0.0135294
0.0122397
0.011732
0.0113865
0.0110255
0.0106259
0.0102046
0.00978664
0.00939819
0.00906666
0.0088228
0.00869666
0.00877209
0.00913754
0.00987073
0.0109532
0.0122711
0.0136808
0.0150616
0.0163341
0.0174564
0.0184139
0.0192043
0.0198357
0.0202865
0.0199027
0.0294313
0.0209496
0.0141266
0.00903081
0.00670208
0.00553898
0.00482818
0.004346
0.00400817
0.00375678
0.00353622
0.00329896
0.00301813
0.00272146
0.00249953
0.00249863
0.00281196
0.00341321
0.00428844
0.00537026
0.00666648
0.00819067
0.00998715
0.0120786
0.0143983
0.0166784
0.018409
0.0191076
0.0188138
0.0180161
0.0170227
0.0159545
0.014918
0.0139986
0.0132516
0.0127006
0.0123409
0.0121497
0.0120946
0.0121415
0.0122593
0.0124213
0.0126062
0.0127966
0.0129792
0.0131432
0.0132805
0.0133844
0.0134505
0.0134754
0.0134558
0.0133875
0.0132773
0.0131225
0.012927
0.0126962
0.0124381
0.0121647
0.0118934
0.01165
0.0114715
0.0114112
0.011545
0.0119814
0.0128797
0.0144784
0.017103
0.021001
0.0257436
0.0294361
0.0301374
0.0275159
0.0224046
0.0173701
0.013813
0.0118983
0.0110367
0.0106513
0.0104486
0.0103138
0.0102059
0.010112
0.0100321
0.00997553
0.00996267
0.0100147
0.0102423
0.0106907
0.0113911
0.012302
0.0133329
0.0143873
0.0153898
0.0162926
0.0170721
0.0177218
0.0182424
0.0186435
0.0189054
0.0184822
0.0294117
0.0209625
0.013632
0.00859184
0.00621694
0.00509972
0.00452963
0.00423162
0.00406537
0.00393053
0.00375379
0.00349093
0.00312384
0.00269998
0.00232206
0.00217483
0.00240732
0.00298623
0.0038168
0.00487703
0.00613774
0.00758805
0.0092774
0.011229
0.0134438
0.0157479
0.0176618
0.018586
0.0184394
0.0177488
0.0168859
0.0159664
0.0150868
0.0143237
0.0137263
0.0133145
0.0130818
0.013005
0.0130521
0.0131898
0.013388
0.0136213
0.0138693
0.0141156
0.0143475
0.0145549
0.0147297
0.0148657
0.0149577
0.0150022
0.0149955
0.0149327
0.0148189
0.0146488
0.0144245
0.0141488
0.0138267
0.0134662
0.0130807
0.0126912
0.0123311
0.0120529
0.0119371
0.0121046
0.0127306
0.0140529
0.0163519
0.0198178
0.0241377
0.0277859
0.028632
0.0264995
0.0222528
0.0178344
0.0143647
0.012159
0.0110012
0.0105149
0.0104016
0.0104781
0.0106414
0.0108358
0.011035
0.0112339
0.0114432
0.0116779
0.0120719
0.0125867
0.0132111
0.0138997
0.0145948
0.0152466
0.0158214
0.0163017
0.0166825
0.0169673
0.0171615
0.0172791
0.0173051
0.016801
0.029104
0.0207724
0.0131893
0.00825
0.00585813
0.00482848
0.00443296
0.00432209
0.00430231
0.00425464
0.00411084
0.00384359
0.00345994
0.00301151
0.00262068
0.00242594
0.00256907
0.00305019
0.00379055
0.00472782
0.00583607
0.00710426
0.00858309
0.0102734
0.0122386
0.0144471
0.0165116
0.0177158
0.0177781
0.0172424
0.0165761
0.0158876
0.0152534
0.014732
0.0143582
0.0141422
0.0140741
0.0141314
0.0142859
0.0145091
0.0147755
0.0150638
0.0153565
0.0156399
0.015903
0.0161369
0.0163346
0.0164903
0.0165993
0.0166578
0.0166622
0.0166079
0.0164922
0.0163189
0.0160824
0.0157846
0.0154279
0.0150173
0.0145619
0.0140777
0.0135917
0.0131481
0.012819
0.0127173
0.0130118
0.0139308
0.0157307
0.0185846
0.0222937
0.0257285
0.026728
0.0249714
0.0215327
0.0179018
0.0149357
0.0129234
0.0117968
0.0113381
0.0113166
0.0115483
0.0119061
0.0123111
0.0127204
0.0131184
0.0134993
0.0139251
0.0143873
0.0148517
0.0152939
0.0156856
0.0159986
0.0162168
0.0163359
0.0163606
0.0163013
0.0161714
0.0159834
0.0157589
0.0154931
0.0148591
0.0283463
0.020257
0.0128534
0.00817459
0.00588491
0.00500053
0.00477866
0.00481002
0.00488446
0.00489663
0.00480257
0.00459996
0.0043156
0.00399665
0.00375927
0.00369763
0.00384744
0.00420473
0.00473447
0.00540698
0.00620653
0.00712976
0.00818175
0.00937903
0.0108753
0.0127529
0.014851
0.0163726
0.0167271
0.0164055
0.0160186
0.0156688
0.0153951
0.015225
0.0151684
0.0152209
0.0153685
0.015592
0.0158706
0.0161845
0.0165164
0.0168516
0.017178
0.0174859
0.0177672
0.0180152
0.0182243
0.0183898
0.0185078
0.0185747
0.0185877
0.0185427
0.0184345
0.0182693
0.0180376
0.0177406
0.0173787
0.0169544
0.0164732
0.0159457
0.0153901
0.0148376
0.0143403
0.0139828
0.0138991
0.0142843
0.0153795
0.017387
0.020253
0.0232327
0.0243709
0.0229106
0.0202148
0.0174756
0.0153188
0.0139256
0.0132247
0.0130502
0.0132299
0.0136216
0.0141207
0.0146571
0.0151879
0.0156917
0.016151
0.0166169
0.0170016
0.0172938
0.0174747
0.0175275
0.0174446
0.0172294
0.0168939
0.0164562
0.0159369
0.0153574
0.0147385
0.0141117
0.0134896
0.0126665
0.0269127
0.019278
0.0126683
0.00872821
0.00689006
0.00624746
0.00614115
0.0062217
0.00632466
0.00638239
0.00637973
0.00632875
0.00625507
0.00620346
0.00623819
0.00636465
0.00657137
0.00683332
0.00712258
0.00742455
0.00774099
0.00808991
0.00850511
0.0090293
0.00972526
0.0108094
0.0126009
0.0144013
0.0151532
0.0151219
0.0151155
0.0152413
0.0154687
0.0157788
0.0161475
0.0165546
0.0169838
0.0174225
0.0178603
0.018289
0.0187019
0.0190932
0.0194578
0.0197914
0.0200902
0.0203504
0.0205688
0.0207425
0.0208685
0.0209443
0.0209676
0.0209353
0.0208419
0.020695
0.0204824
0.0202041
0.0198593
0.0194481
0.0189722
0.0184357
0.0178471
0.0172215
0.0165854
0.0159848
0.0154997
0.015263
0.0154751
0.0163772
0.0181038
0.0203128
0.0215006
0.0203089
0.0183076
0.016549
0.0154172
0.0149173
0.0149005
0.0152036
0.0156988
0.0162947
0.0169268
0.0175494
0.0181307
0.0186482
0.0190821
0.0194383
0.0196464
0.0196974
0.0195805
0.019289
0.0188259
0.0182032
0.0174395
0.0165577
0.0155829
0.0145414
0.0134603
0.0123809
0.0113357
0.0102541
0.0245194
0.0177237
0.0127624
0.0103655
0.00947245
0.00922789
0.00924656
0.00936577
0.00950774
0.00964137
0.00976405
0.00988673
0.0100227
0.0101893
0.0104222
0.0106609
0.0108533
0.0109657
0.0109774
0.0108801
0.0106748
0.0103741
0.0100074
0.00962866
0.00933205
0.00928498
0.00993399
0.0116451
0.0128858
0.0132464
0.0137381
0.0145042
0.0153888
0.0163112
0.017213
0.0180636
0.0188501
0.0195692
0.0202227
0.0208146
0.0213492
0.0218304
0.0222611
0.0226432
0.0229779
0.0232654
0.0235055
0.0236974
0.0238397
0.0239312
0.0239703
0.0239551
0.0238809
0.0237509
0.0235606
0.0233052
0.0229825
0.0225901
0.0221252
0.0215853
0.0209685
0.0202743
0.0195044
0.0186673
0.017787
0.0169196
0.0161818
0.0157879
0.0160382
0.0170592
0.0180723
0.0171674
0.0158658
0.0152134
0.0152615
0.015774
0.0165203
0.0173542
0.0181991
0.0190141
0.0197729
0.0204548
0.021042
0.0215142
0.0218712
0.0220526
0.0220458
0.0218431
0.0214384
0.0208309
0.0200274
0.0190414
0.0178916
0.0166013
0.0151968
0.0137073
0.0121647
0.0106148
0.00910251
0.00769647
0.02085
0.0156892
0.0135589
0.0134219
0.0137487
0.0140699
0.0143548
0.0146223
0.0148791
0.0151306
0.0153846
0.0156483
0.0159321
0.0162891
0.0165568
0.0166797
0.0166541
0.0164604
0.0160885
0.0155345
0.0147976
0.01388
0.0127896
0.0115483
0.0102079
0.00888772
0.00792854
0.00823661
0.00974705
0.0106268
0.0117363
0.0133129
0.0149834
0.016609
0.0181161
0.0194777
0.0206898
0.0217594
0.0226989
0.0235222
0.0242427
0.0248726
0.0254219
0.0258986
0.026309
0.0266573
0.0269468
0.0271791
0.0273551
0.027475
0.0275382
0.0275439
0.0274892
0.0273689
0.0271972
0.026959
0.0266508
0.0262675
0.0258026
0.0252475
0.0245916
0.0238208
0.0229173
0.0218597
0.0206266
0.0192042
0.0176067
0.0159299
0.0144638
0.0137613
0.0140606
0.0134807
0.0130375
0.0136997
0.0150188
0.0165182
0.017961
0.0192624
0.0204089
0.0214059
0.0222587
0.0229667
0.0235233
0.0239169
0.0241401
0.0241539
0.023953
0.0235307
0.0228821
0.0220075
0.0209128
0.01961
0.018117
0.0164576
0.0146611
0.0127621
0.0108008
0.00882639
0.00688037
0.00513587
0.0155231
0.013559
0.0153937
0.0176226
0.0191581
0.0201566
0.0208738
0.0214452
0.0219355
0.0223835
0.0228135
0.0232296
0.0236185
0.0238824
0.0239449
0.0237747
0.0233674
0.0227287
0.0218698
0.0208006
0.0195253
0.0180439
0.0163554
0.014462
0.0123759
0.0101305
0.00781008
0.00596851
0.00587518
0.0072214
0.0090002
0.0114412
0.013873
0.01615
0.0182215
0.0200778
0.0217254
0.0231785
0.024455
0.0255735
0.0265522
0.0274073
0.0281531
0.0288013
0.0293616
0.0298413
0.030246
0.0305794
0.0308441
0.0310413
0.0311716
0.0312342
0.0312278
0.0311487
0.0309941
0.0307716
0.030473
0.0300926
0.0296208
0.0290443
0.0283458
0.0275017
0.02648
0.0252388
0.0237252
0.0218762
0.019623
0.0169205
0.0138514
0.0109554
0.0094418
0.00910363
0.01006
0.0123144
0.0148695
0.0171966
0.0191738
0.0208123
0.0221654
0.0232773
0.0241768
0.0248783
0.0253851
0.0256919
0.0257771
0.0256288
0.0252411
0.0246075
0.0237248
0.0225942
0.021223
0.0196242
0.0178178
0.0158307
0.0136977
0.0114623
0.00917808
0.00690871
0.00469839
0.00275182
0.0120289
0.014912
0.0195788
0.0230909
0.0252769
0.0266675
0.0276544
0.0284201
0.0290472
0.0295768
0.0300195
0.0303536
0.0305259
0.0304608
0.0301332
0.0295545
0.0287352
0.0276882
0.0264273
0.0249623
0.0232984
0.0214378
0.0193828
0.0171399
0.014723
0.0121567
0.00947399
0.00677172
0.00459017
0.0032964
0.00538329
0.00826434
0.010997
0.0135007
0.0157696
0.0178118
0.0196415
0.0212758
0.0227338
0.0240345
0.0251961
0.026235
0.0271655
0.0279996
0.0287472
0.0294158
0.0300114
0.030538
0.0309983
0.0313939
0.0317251
0.0319913
0.0321909
0.0323202
0.0323731
0.0323446
0.0322314
0.0320244
0.0317124
0.0312802
0.0307066
0.0299627
0.0290087
0.0277908
0.0262399
0.024269
0.0217671
0.0186109
0.0147131
0.0102729
0.006221
0.00494909
0.00814639
0.0117355
0.0150273
0.0177402
0.0198999
0.0215941
0.0229249
0.0239593
0.0247371
0.0252782
0.0255903
0.0256763
0.0255328
0.0251544
0.0245401
0.0236875
0.022595
0.0212645
0.0197036
0.0179256
0.0159506
0.013806
0.0115283
0.00916525
0.0067815
0.00446744
0.00233302
0.000675062
)
;

boundaryField
{
    floor
    {
        type            calculated;
        value           uniform 0;
    }
    ceiling
    {
        type            calculated;
        value           uniform 0;
    }
    fixedWalls
    {
        type            calculated;
        value           uniform 0;
    }
    frontAndBack
    {
        type            empty;
    }
}


// ************************************************************************* //
