/*--------------------------------*- C++ -*----------------------------------*\
| =========                 |                                                 |
| \\      /  F ield         | OpenFOAM: The Open Source CFD Toolbox           |
|  \\    /   O peration     | Version:  4.1                                   |
|   \\  /    A nd           | Web:      www.OpenFOAM.org                      |
|    \\/     M anipulation  |                                                 |
\*---------------------------------------------------------------------------*/
FoamFile
{
    version     2.0;
    format      ascii;
    class       volScalarField;
    location    "720";
    object      p;
}
// * * * * * * * * * * * * * * * * * * * * * * * * * * * * * * * * * * * * * //

dimensions      [0 2 -2 0 0 0 0];

internalField   nonuniform List<scalar> 
5000
(
0
-1.70346e-05
-3.29122e-05
-4.82624e-05
-6.26234e-05
-7.54543e-05
-8.61242e-05
-9.399e-05
-9.84783e-05
-9.9132e-05
-9.56475e-05
-8.80308e-05
-7.65185e-05
-6.17907e-05
-4.47704e-05
-2.64886e-05
-7.96089e-06
9.91335e-06
2.6416e-05
4.10385e-05
5.34799e-05
6.36182e-05
7.14564e-05
7.70701e-05
8.06448e-05
8.27691e-05
8.39699e-05
8.41213e-05
8.33183e-05
8.18928e-05
8.00839e-05
7.80521e-05
7.59151e-05
7.37528e-05
7.16093e-05
6.95068e-05
6.74708e-05
6.55358e-05
6.365e-05
6.13463e-05
5.73513e-05
5.04426e-05
4.23775e-05
3.8588e-05
3.68579e-05
3.24285e-05
3.3177e-05
3.77475e-05
3.9615e-05
3.64162e-05
2.84691e-05
1.84258e-05
9.53352e-06
4.26903e-06
1.02204e-05
2.57347e-05
2.96097e-05
2.18292e-05
1.91217e-05
2.42224e-05
3.52534e-05
4.8709e-05
6.16895e-05
7.22687e-05
8.03024e-05
8.64971e-05
9.16612e-05
9.6399e-05
0.000101074
0.000105862
0.000110802
0.000115836
0.00012082
0.000125524
0.0001296
0.000132496
0.000133407
0.000131776
0.000128511
0.000125521
0.000124171
0.000127834
0.00013895
0.000151348
0.000157192
0.000158828
0.000157985
0.000155047
0.000149933
0.00014361
0.000136996
0.00013069
0.000125096
0.000120505
0.000117055
0.000114697
0.000113297
0.000112899
0.000114572
0.000123768
-0.0984399
-0.0984613
-0.0984804
-0.0984989
-0.0985163
-0.0985319
-0.0985451
-0.0985552
-0.0985615
-0.0985637
-0.0985615
-0.0985549
-0.098544
-0.0985297
-0.098513
-0.0984949
-0.0984764
-0.0984585
-0.0984419
-0.098427
-0.0984143
-0.0984038
-0.0983955
-0.0983893
-0.0983848
-0.0983812
-0.0983788
-0.0983776
-0.0983773
-0.0983775
-0.0983781
-0.0983789
-0.0983797
-0.0983805
-0.0983812
-0.0983818
-0.0983824
-0.0983831
-0.0983843
-0.0983861
-0.0983888
-0.0983924
-0.0983964
-0.0983998
-0.0984086
-0.0984197
-0.0984233
-0.0984215
-0.0984197
-0.0984225
-0.0984304
-0.0984408
-0.09845
-0.0984482
-0.0984371
-0.0984159
-0.0984073
-0.0984183
-0.0984275
-0.0984281
-0.0984211
-0.0984105
-0.0983989
-0.0983889
-0.0983808
-0.0983742
-0.0983685
-0.0983632
-0.0983582
-0.0983533
-0.0983484
-0.0983437
-0.0983391
-0.0983347
-0.0983306
-0.0983272
-0.0983245
-0.0983225
-0.0983201
-0.0983164
-0.0983148
-0.0983166
-0.0983161
-0.0983135
-0.0983116
-0.0983116
-0.0983124
-0.098315
-0.098319
-0.098324
-0.0983291
-0.0983336
-0.0983372
-0.0983395
-0.0983403
-0.0983396
-0.0983378
-0.0983347
-0.0983298
-0.0983165
-0.196913
-0.196935
-0.196955
-0.196975
-0.196994
-0.197012
-0.197026
-0.197037
-0.197044
-0.197047
-0.197045
-0.197038
-0.197027
-0.197012
-0.196995
-0.196977
-0.196958
-0.19694
-0.196923
-0.196908
-0.196895
-0.196885
-0.196876
-0.19687
-0.196865
-0.196861
-0.196858
-0.196857
-0.196856
-0.196857
-0.196857
-0.196858
-0.196858
-0.196859
-0.196859
-0.19686
-0.19686
-0.19686
-0.196861
-0.196862
-0.196863
-0.196864
-0.196864
-0.196865
-0.19687
-0.196879
-0.196885
-0.196884
-0.196884
-0.196888
-0.196898
-0.196905
-0.196913
-0.196909
-0.196892
-0.196876
-0.196872
-0.196882
-0.196893
-0.196897
-0.196892
-0.196883
-0.196873
-0.196865
-0.196858
-0.196852
-0.196847
-0.196842
-0.196837
-0.196832
-0.196828
-0.196823
-0.196818
-0.196814
-0.196809
-0.196805
-0.196801
-0.196797
-0.196792
-0.196786
-0.196783
-0.196785
-0.196789
-0.196792
-0.196792
-0.196794
-0.196795
-0.196798
-0.196802
-0.196807
-0.196812
-0.196816
-0.196819
-0.196821
-0.196821
-0.19682
-0.196817
-0.196812
-0.196806
-0.196793
-0.295405
-0.295425
-0.295442
-0.295462
-0.295481
-0.295498
-0.295513
-0.295524
-0.295531
-0.295534
-0.295531
-0.295524
-0.295512
-0.295497
-0.29548
-0.295461
-0.295441
-0.295423
-0.295406
-0.29539
-0.295377
-0.295367
-0.295358
-0.295351
-0.295345
-0.295341
-0.295339
-0.295337
-0.295337
-0.295336
-0.295337
-0.295337
-0.295338
-0.295338
-0.295338
-0.295338
-0.295338
-0.295338
-0.295338
-0.295338
-0.295338
-0.295337
-0.295336
-0.295335
-0.295335
-0.295338
-0.29534
-0.295341
-0.295341
-0.295347
-0.295355
-0.295363
-0.295362
-0.295357
-0.295347
-0.295338
-0.295337
-0.295347
-0.295358
-0.295363
-0.295361
-0.295354
-0.295347
-0.29534
-0.295335
-0.29533
-0.295326
-0.295321
-0.295317
-0.295312
-0.295308
-0.295303
-0.295299
-0.295294
-0.29529
-0.295285
-0.295281
-0.295277
-0.295272
-0.295268
-0.295265
-0.295266
-0.295269
-0.295272
-0.295274
-0.295276
-0.295279
-0.295282
-0.295286
-0.295291
-0.295295
-0.295299
-0.295302
-0.295303
-0.295303
-0.295302
-0.295299
-0.295294
-0.295289
-0.295279
-0.393905
-0.393921
-0.393936
-0.393954
-0.393972
-0.393988
-0.394002
-0.394013
-0.39402
-0.394022
-0.394019
-0.394011
-0.393999
-0.393983
-0.393965
-0.393946
-0.393926
-0.393907
-0.393889
-0.393874
-0.393861
-0.39385
-0.39384
-0.393833
-0.393827
-0.393823
-0.39382
-0.393818
-0.393818
-0.393817
-0.393817
-0.393817
-0.393818
-0.393818
-0.393818
-0.393817
-0.393817
-0.393816
-0.393815
-0.393814
-0.393813
-0.393811
-0.393809
-0.393806
-0.393802
-0.393799
-0.393796
-0.393795
-0.393794
-0.3938
-0.393807
-0.393812
-0.393812
-0.393808
-0.393803
-0.393799
-0.393801
-0.393809
-0.39382
-0.393826
-0.393827
-0.393823
-0.393819
-0.393816
-0.393812
-0.393809
-0.393805
-0.393801
-0.393797
-0.393793
-0.393789
-0.393784
-0.39378
-0.393775
-0.393771
-0.393766
-0.393762
-0.393758
-0.393754
-0.393751
-0.393749
-0.393749
-0.393752
-0.393754
-0.393757
-0.39376
-0.393763
-0.393767
-0.393771
-0.393775
-0.39378
-0.393783
-0.393786
-0.393787
-0.393787
-0.393785
-0.393782
-0.393778
-0.393775
-0.393766
-0.492406
-0.49242
-0.492433
-0.492449
-0.492465
-0.49248
-0.492493
-0.492503
-0.49251
-0.492511
-0.492508
-0.4925
-0.492487
-0.49247
-0.492451
-0.492431
-0.492411
-0.492392
-0.492374
-0.492358
-0.492345
-0.492333
-0.492323
-0.492316
-0.49231
-0.492305
-0.492302
-0.4923
-0.492299
-0.492299
-0.492299
-0.492299
-0.492298
-0.492298
-0.492298
-0.492297
-0.492296
-0.492295
-0.492293
-0.492291
-0.492289
-0.492286
-0.492283
-0.492279
-0.492272
-0.492264
-0.492256
-0.49225
-0.492251
-0.492256
-0.492263
-0.492267
-0.492268
-0.492267
-0.492265
-0.492264
-0.492266
-0.492273
-0.492283
-0.49229
-0.492294
-0.492294
-0.492293
-0.492292
-0.49229
-0.492288
-0.492285
-0.492282
-0.492278
-0.492274
-0.49227
-0.492266
-0.492261
-0.492257
-0.492253
-0.492248
-0.492244
-0.49224
-0.492237
-0.492234
-0.492233
-0.492233
-0.492235
-0.492238
-0.492241
-0.492244
-0.492247
-0.492252
-0.492256
-0.49226
-0.492264
-0.492267
-0.49227
-0.492271
-0.492271
-0.492269
-0.492266
-0.492263
-0.49226
-0.492253
-0.590907
-0.590919
-0.59093
-0.590944
-0.590959
-0.590973
-0.590985
-0.590994
-0.591
-0.591001
-0.590997
-0.590988
-0.590975
-0.590958
-0.590938
-0.590918
-0.590897
-0.590877
-0.590859
-0.590843
-0.590829
-0.590817
-0.590807
-0.590799
-0.590793
-0.590789
-0.590785
-0.590783
-0.590782
-0.590781
-0.590781
-0.59078
-0.59078
-0.590779
-0.590778
-0.590777
-0.590776
-0.590774
-0.590771
-0.590768
-0.590765
-0.590762
-0.590758
-0.590753
-0.590745
-0.590734
-0.590723
-0.590714
-0.590714
-0.59072
-0.590727
-0.590731
-0.590734
-0.590735
-0.590734
-0.590734
-0.590736
-0.590742
-0.59075
-0.590758
-0.590764
-0.590767
-0.590769
-0.59077
-0.590769
-0.590768
-0.590766
-0.590763
-0.59076
-0.590756
-0.590752
-0.590748
-0.590744
-0.59074
-0.590735
-0.590731
-0.590727
-0.590724
-0.590721
-0.590718
-0.590717
-0.590718
-0.590719
-0.590722
-0.590725
-0.590728
-0.590732
-0.590736
-0.590741
-0.590745
-0.590749
-0.590752
-0.590754
-0.590755
-0.590755
-0.590754
-0.590751
-0.590748
-0.590746
-0.59074
-0.689407
-0.689417
-0.689427
-0.689439
-0.689452
-0.689465
-0.689476
-0.689485
-0.68949
-0.689491
-0.689487
-0.689477
-0.689463
-0.689445
-0.689425
-0.689404
-0.689383
-0.689363
-0.689345
-0.689328
-0.689314
-0.689302
-0.689292
-0.689284
-0.689277
-0.689273
-0.68927
-0.689267
-0.689266
-0.689265
-0.689264
-0.689263
-0.689262
-0.689261
-0.68926
-0.689258
-0.689256
-0.689253
-0.68925
-0.689247
-0.689243
-0.689239
-0.689234
-0.689228
-0.68922
-0.689208
-0.689195
-0.689187
-0.689187
-0.689193
-0.689199
-0.689204
-0.689207
-0.689209
-0.68921
-0.689211
-0.689213
-0.689218
-0.689225
-0.689233
-0.689239
-0.689244
-0.689247
-0.689249
-0.689249
-0.689249
-0.689247
-0.689245
-0.689242
-0.689239
-0.689236
-0.689232
-0.689227
-0.689223
-0.689219
-0.689215
-0.689211
-0.689208
-0.689205
-0.689203
-0.689202
-0.689203
-0.689204
-0.689207
-0.689209
-0.689213
-0.689217
-0.689221
-0.689225
-0.689229
-0.689233
-0.689236
-0.689238
-0.689239
-0.689239
-0.689238
-0.689236
-0.689233
-0.689232
-0.689227
-0.787905
-0.787914
-0.787922
-0.787933
-0.787945
-0.787956
-0.787967
-0.787975
-0.78798
-0.78798
-0.787975
-0.787964
-0.787949
-0.787931
-0.787911
-0.78789
-0.787869
-0.787849
-0.78783
-0.787814
-0.787799
-0.787787
-0.787777
-0.787769
-0.787763
-0.787758
-0.787755
-0.787752
-0.787751
-0.787749
-0.787748
-0.787747
-0.787746
-0.787744
-0.787742
-0.78774
-0.787737
-0.787734
-0.78773
-0.787726
-0.787721
-0.787717
-0.787712
-0.787705
-0.787697
-0.787685
-0.787673
-0.787666
-0.787667
-0.787672
-0.787677
-0.787683
-0.787687
-0.78769
-0.787692
-0.787694
-0.787696
-0.7877
-0.787706
-0.787713
-0.78772
-0.787724
-0.787728
-0.78773
-0.787731
-0.787731
-0.78773
-0.787729
-0.787726
-0.787723
-0.78772
-0.787716
-0.787712
-0.787708
-0.787704
-0.7877
-0.787696
-0.787693
-0.78769
-0.787689
-0.787688
-0.787688
-0.787689
-0.787692
-0.787695
-0.787698
-0.787702
-0.787706
-0.78771
-0.787714
-0.787717
-0.78772
-0.787722
-0.787723
-0.787723
-0.787722
-0.78772
-0.787718
-0.787717
-0.787713
-0.886401
-0.886408
-0.886415
-0.886425
-0.886435
-0.886446
-0.886455
-0.886463
-0.886467
-0.886466
-0.886461
-0.88645
-0.886435
-0.886416
-0.886396
-0.886375
-0.886354
-0.886334
-0.886315
-0.886299
-0.886285
-0.886273
-0.886263
-0.886255
-0.886249
-0.886244
-0.886241
-0.886238
-0.886236
-0.886235
-0.886233
-0.886232
-0.88623
-0.886228
-0.886226
-0.886223
-0.88622
-0.886216
-0.886211
-0.886206
-0.886201
-0.886196
-0.88619
-0.886184
-0.886176
-0.886165
-0.886154
-0.886149
-0.88615
-0.886155
-0.886161
-0.886166
-0.886171
-0.886174
-0.886177
-0.88618
-0.886183
-0.886187
-0.886192
-0.886198
-0.886203
-0.886208
-0.886211
-0.886214
-0.886215
-0.886215
-0.886215
-0.886213
-0.886211
-0.886208
-0.886205
-0.886201
-0.886197
-0.886193
-0.886189
-0.886186
-0.886182
-0.886179
-0.886176
-0.886174
-0.886174
-0.886174
-0.886175
-0.886177
-0.88618
-0.886183
-0.886187
-0.88619
-0.886194
-0.886198
-0.886201
-0.886203
-0.886205
-0.886207
-0.886207
-0.886206
-0.886204
-0.886202
-0.886202
-0.886199
-0.984892
-0.984899
-0.984905
-0.984913
-0.984923
-0.984932
-0.984941
-0.984947
-0.984951
-0.98495
-0.984944
-0.984933
-0.984918
-0.9849
-0.98488
-0.984859
-0.984838
-0.984818
-0.9848
-0.984784
-0.98477
-0.984758
-0.984749
-0.984741
-0.984735
-0.984731
-0.984728
-0.984725
-0.984723
-0.984721
-0.984719
-0.984718
-0.984716
-0.984713
-0.98471
-0.984707
-0.984703
-0.984699
-0.984693
-0.984688
-0.984682
-0.984676
-0.984671
-0.984664
-0.984657
-0.984647
-0.984638
-0.984635
-0.984637
-0.984641
-0.984647
-0.984652
-0.984657
-0.984662
-0.984665
-0.984669
-0.984672
-0.984676
-0.98468
-0.984685
-0.98469
-0.984694
-0.984697
-0.984699
-0.9847
-0.984701
-0.9847
-0.984699
-0.984697
-0.984695
-0.984691
-0.984688
-0.984684
-0.98468
-0.984676
-0.984672
-0.984668
-0.984665
-0.984663
-0.984661
-0.98466
-0.98466
-0.984661
-0.984663
-0.984665
-0.984668
-0.984671
-0.984675
-0.984678
-0.984681
-0.984684
-0.984686
-0.984688
-0.984689
-0.98469
-0.984689
-0.984688
-0.984686
-0.984686
-0.984683
-1.08338
-1.08339
-1.08339
-1.0834
-1.08341
-1.08342
-1.08342
-1.08343
-1.08343
-1.08343
-1.08342
-1.08341
-1.0834
-1.08338
-1.08336
-1.08334
-1.08332
-1.0833
-1.08328
-1.08327
-1.08326
-1.08324
-1.08324
-1.08323
-1.08322
-1.08322
-1.08322
-1.08321
-1.08321
-1.08321
-1.08321
-1.0832
-1.0832
-1.0832
-1.0832
-1.08319
-1.08319
-1.08318
-1.08318
-1.08317
-1.08316
-1.08316
-1.08315
-1.08315
-1.08314
-1.08313
-1.08312
-1.08312
-1.08312
-1.08313
-1.08314
-1.08314
-1.08315
-1.08315
-1.08315
-1.08316
-1.08316
-1.08317
-1.08317
-1.08317
-1.08318
-1.08318
-1.08318
-1.08319
-1.08319
-1.08319
-1.08319
-1.08319
-1.08318
-1.08318
-1.08318
-1.08318
-1.08317
-1.08317
-1.08316
-1.08316
-1.08316
-1.08315
-1.08315
-1.08315
-1.08315
-1.08315
-1.08315
-1.08315
-1.08315
-1.08315
-1.08316
-1.08316
-1.08316
-1.08316
-1.08317
-1.08317
-1.08317
-1.08317
-1.08317
-1.08317
-1.08317
-1.08317
-1.08317
-1.08317
-1.18187
-1.18187
-1.18187
-1.18188
-1.18189
-1.18189
-1.1819
-1.18191
-1.18191
-1.18191
-1.1819
-1.18189
-1.18188
-1.18186
-1.18184
-1.18182
-1.1818
-1.18178
-1.18177
-1.18175
-1.18174
-1.18173
-1.18172
-1.18172
-1.18171
-1.18171
-1.1817
-1.1817
-1.1817
-1.1817
-1.18169
-1.18169
-1.18169
-1.18169
-1.18168
-1.18168
-1.18167
-1.18167
-1.18166
-1.18166
-1.18165
-1.18164
-1.18164
-1.18163
-1.18162
-1.18162
-1.18161
-1.18161
-1.18161
-1.18162
-1.18162
-1.18163
-1.18164
-1.18164
-1.18165
-1.18165
-1.18165
-1.18166
-1.18166
-1.18166
-1.18167
-1.18167
-1.18167
-1.18167
-1.18168
-1.18168
-1.18168
-1.18167
-1.18167
-1.18167
-1.18167
-1.18166
-1.18166
-1.18166
-1.18165
-1.18165
-1.18164
-1.18164
-1.18164
-1.18163
-1.18163
-1.18163
-1.18163
-1.18163
-1.18164
-1.18164
-1.18164
-1.18164
-1.18164
-1.18165
-1.18165
-1.18165
-1.18165
-1.18165
-1.18165
-1.18165
-1.18165
-1.18165
-1.18165
-1.18165
-1.28035
-1.28035
-1.28035
-1.28036
-1.28036
-1.28037
-1.28038
-1.28038
-1.28038
-1.28038
-1.28038
-1.28037
-1.28035
-1.28034
-1.28032
-1.2803
-1.28028
-1.28027
-1.28025
-1.28024
-1.28023
-1.28022
-1.28021
-1.2802
-1.2802
-1.2802
-1.28019
-1.28019
-1.28019
-1.28019
-1.28018
-1.28018
-1.28018
-1.28017
-1.28017
-1.28017
-1.28016
-1.28015
-1.28015
-1.28014
-1.28014
-1.28013
-1.28012
-1.28012
-1.28011
-1.2801
-1.2801
-1.2801
-1.2801
-1.28011
-1.28012
-1.28012
-1.28013
-1.28013
-1.28014
-1.28014
-1.28015
-1.28015
-1.28015
-1.28016
-1.28016
-1.28016
-1.28016
-1.28016
-1.28017
-1.28017
-1.28017
-1.28016
-1.28016
-1.28016
-1.28016
-1.28015
-1.28015
-1.28014
-1.28014
-1.28014
-1.28013
-1.28013
-1.28013
-1.28012
-1.28012
-1.28012
-1.28012
-1.28012
-1.28012
-1.28012
-1.28012
-1.28013
-1.28013
-1.28013
-1.28013
-1.28013
-1.28013
-1.28013
-1.28014
-1.28013
-1.28013
-1.28013
-1.28013
-1.28013
-1.37883
-1.37883
-1.37883
-1.37884
-1.37884
-1.37884
-1.37885
-1.37885
-1.37885
-1.37885
-1.37885
-1.37884
-1.37883
-1.37881
-1.3788
-1.37878
-1.37876
-1.37875
-1.37873
-1.37872
-1.37871
-1.3787
-1.3787
-1.37869
-1.37869
-1.37868
-1.37868
-1.37868
-1.37868
-1.37868
-1.37867
-1.37867
-1.37867
-1.37866
-1.37866
-1.37865
-1.37865
-1.37864
-1.37864
-1.37863
-1.37862
-1.37862
-1.37861
-1.3786
-1.3786
-1.37859
-1.37859
-1.37859
-1.3786
-1.3786
-1.37861
-1.37861
-1.37862
-1.37863
-1.37863
-1.37863
-1.37864
-1.37864
-1.37864
-1.37865
-1.37865
-1.37865
-1.37865
-1.37866
-1.37866
-1.37866
-1.37866
-1.37865
-1.37865
-1.37865
-1.37865
-1.37864
-1.37864
-1.37863
-1.37863
-1.37862
-1.37862
-1.37862
-1.37861
-1.37861
-1.37861
-1.37861
-1.37861
-1.37861
-1.37861
-1.37861
-1.37861
-1.37861
-1.37861
-1.37861
-1.37861
-1.37861
-1.37862
-1.37862
-1.37862
-1.37862
-1.37862
-1.37861
-1.37862
-1.37861
-1.4773
-1.4773
-1.47731
-1.47731
-1.47731
-1.47732
-1.47732
-1.47732
-1.47732
-1.47732
-1.47732
-1.47731
-1.4773
-1.47729
-1.47727
-1.47726
-1.47724
-1.47723
-1.47722
-1.47721
-1.4772
-1.47719
-1.47718
-1.47718
-1.47718
-1.47717
-1.47717
-1.47717
-1.47717
-1.47717
-1.47716
-1.47716
-1.47716
-1.47715
-1.47715
-1.47714
-1.47714
-1.47713
-1.47713
-1.47712
-1.47711
-1.4771
-1.4771
-1.47709
-1.47709
-1.47708
-1.47708
-1.47708
-1.47709
-1.4771
-1.4771
-1.47711
-1.47711
-1.47712
-1.47712
-1.47713
-1.47713
-1.47713
-1.47714
-1.47714
-1.47714
-1.47715
-1.47715
-1.47715
-1.47715
-1.47715
-1.47715
-1.47715
-1.47714
-1.47714
-1.47714
-1.47713
-1.47713
-1.47712
-1.47712
-1.47711
-1.47711
-1.47711
-1.4771
-1.4771
-1.4771
-1.47709
-1.47709
-1.47709
-1.47709
-1.47709
-1.47709
-1.47709
-1.47709
-1.47709
-1.4771
-1.4771
-1.4771
-1.4771
-1.4771
-1.4771
-1.4771
-1.4771
-1.4771
-1.4771
-1.57578
-1.57578
-1.57578
-1.57578
-1.57578
-1.57579
-1.57579
-1.57579
-1.57579
-1.57579
-1.57579
-1.57578
-1.57577
-1.57576
-1.57574
-1.57573
-1.57572
-1.57571
-1.5757
-1.57569
-1.57568
-1.57568
-1.57567
-1.57567
-1.57567
-1.57566
-1.57566
-1.57566
-1.57566
-1.57566
-1.57565
-1.57565
-1.57565
-1.57564
-1.57564
-1.57563
-1.57563
-1.57562
-1.57562
-1.57561
-1.5756
-1.57559
-1.57559
-1.57558
-1.57558
-1.57557
-1.57557
-1.57558
-1.57558
-1.57559
-1.5756
-1.5756
-1.57561
-1.57561
-1.57562
-1.57562
-1.57562
-1.57563
-1.57563
-1.57563
-1.57564
-1.57564
-1.57564
-1.57564
-1.57564
-1.57564
-1.57564
-1.57564
-1.57564
-1.57563
-1.57563
-1.57562
-1.57562
-1.57561
-1.57561
-1.5756
-1.5756
-1.57559
-1.57559
-1.57559
-1.57558
-1.57558
-1.57558
-1.57558
-1.57558
-1.57558
-1.57558
-1.57558
-1.57558
-1.57558
-1.57558
-1.57558
-1.57558
-1.57558
-1.57558
-1.57558
-1.57558
-1.57558
-1.57558
-1.57558
-1.67425
-1.67425
-1.67425
-1.67425
-1.67425
-1.67426
-1.67426
-1.67426
-1.67426
-1.67426
-1.67425
-1.67425
-1.67424
-1.67423
-1.67422
-1.67421
-1.6742
-1.67419
-1.67418
-1.67417
-1.67417
-1.67416
-1.67416
-1.67416
-1.67415
-1.67415
-1.67415
-1.67415
-1.67415
-1.67415
-1.67415
-1.67414
-1.67414
-1.67414
-1.67413
-1.67413
-1.67412
-1.67411
-1.67411
-1.6741
-1.67409
-1.67409
-1.67408
-1.67407
-1.67407
-1.67407
-1.67407
-1.67407
-1.67408
-1.67408
-1.67409
-1.6741
-1.6741
-1.67411
-1.67411
-1.67412
-1.67412
-1.67412
-1.67413
-1.67413
-1.67413
-1.67413
-1.67413
-1.67413
-1.67413
-1.67413
-1.67413
-1.67413
-1.67413
-1.67412
-1.67412
-1.67411
-1.67411
-1.6741
-1.6741
-1.67409
-1.67409
-1.67408
-1.67408
-1.67407
-1.67407
-1.67407
-1.67406
-1.67406
-1.67406
-1.67406
-1.67406
-1.67406
-1.67406
-1.67406
-1.67406
-1.67406
-1.67406
-1.67406
-1.67406
-1.67406
-1.67406
-1.67406
-1.67406
-1.67406
-1.77272
-1.77272
-1.77272
-1.77272
-1.77272
-1.77272
-1.77273
-1.77273
-1.77273
-1.77273
-1.77272
-1.77272
-1.77271
-1.7727
-1.77269
-1.77268
-1.77267
-1.77266
-1.77266
-1.77265
-1.77265
-1.77265
-1.77265
-1.77264
-1.77264
-1.77264
-1.77264
-1.77264
-1.77264
-1.77264
-1.77264
-1.77263
-1.77263
-1.77263
-1.77262
-1.77262
-1.77261
-1.7726
-1.7726
-1.77259
-1.77258
-1.77258
-1.77257
-1.77257
-1.77256
-1.77256
-1.77256
-1.77257
-1.77257
-1.77258
-1.77259
-1.77259
-1.7726
-1.7726
-1.77261
-1.77261
-1.77261
-1.77262
-1.77262
-1.77262
-1.77262
-1.77263
-1.77263
-1.77263
-1.77263
-1.77263
-1.77263
-1.77262
-1.77262
-1.77262
-1.77261
-1.77261
-1.7726
-1.7726
-1.77259
-1.77258
-1.77258
-1.77257
-1.77257
-1.77256
-1.77256
-1.77255
-1.77255
-1.77255
-1.77255
-1.77254
-1.77254
-1.77254
-1.77254
-1.77254
-1.77254
-1.77254
-1.77254
-1.77254
-1.77254
-1.77254
-1.77254
-1.77254
-1.77254
-1.77254
-1.87119
-1.87119
-1.87119
-1.87119
-1.87119
-1.87119
-1.87119
-1.87119
-1.87119
-1.87119
-1.87119
-1.87118
-1.87118
-1.87117
-1.87116
-1.87115
-1.87115
-1.87114
-1.87114
-1.87114
-1.87113
-1.87113
-1.87113
-1.87113
-1.87113
-1.87113
-1.87113
-1.87113
-1.87113
-1.87113
-1.87113
-1.87113
-1.87112
-1.87112
-1.87111
-1.87111
-1.8711
-1.8711
-1.87109
-1.87108
-1.87108
-1.87107
-1.87106
-1.87106
-1.87106
-1.87105
-1.87105
-1.87106
-1.87107
-1.87108
-1.87108
-1.87109
-1.87109
-1.8711
-1.8711
-1.87111
-1.87111
-1.87111
-1.87111
-1.87112
-1.87112
-1.87112
-1.87112
-1.87112
-1.87112
-1.87112
-1.87112
-1.87112
-1.87111
-1.87111
-1.8711
-1.8711
-1.87109
-1.87109
-1.87108
-1.87107
-1.87107
-1.87106
-1.87106
-1.87105
-1.87105
-1.87104
-1.87104
-1.87103
-1.87103
-1.87103
-1.87103
-1.87103
-1.87102
-1.87102
-1.87102
-1.87102
-1.87102
-1.87102
-1.87102
-1.87102
-1.87102
-1.87102
-1.87102
-1.87102
-1.96966
-1.96966
-1.96966
-1.96966
-1.96966
-1.96966
-1.96966
-1.96966
-1.96966
-1.96966
-1.96966
-1.96965
-1.96964
-1.96964
-1.96963
-1.96963
-1.96962
-1.96962
-1.96962
-1.96962
-1.96962
-1.96962
-1.96962
-1.96962
-1.96962
-1.96962
-1.96962
-1.96962
-1.96962
-1.96962
-1.96962
-1.96962
-1.96962
-1.96961
-1.96961
-1.9696
-1.9696
-1.96959
-1.96958
-1.96958
-1.96957
-1.96956
-1.96956
-1.96955
-1.96955
-1.96955
-1.96955
-1.96955
-1.96956
-1.96957
-1.96958
-1.96958
-1.96959
-1.96959
-1.9696
-1.9696
-1.9696
-1.96961
-1.96961
-1.96961
-1.96961
-1.96961
-1.96962
-1.96962
-1.96962
-1.96961
-1.96961
-1.96961
-1.9696
-1.9696
-1.96959
-1.96959
-1.96958
-1.96958
-1.96957
-1.96956
-1.96956
-1.96955
-1.96954
-1.96954
-1.96953
-1.96953
-1.96952
-1.96952
-1.96952
-1.96951
-1.96951
-1.96951
-1.96951
-1.96951
-1.96951
-1.96951
-1.96951
-1.96951
-1.96951
-1.96951
-1.96951
-1.96951
-1.96951
-1.96951
-2.06813
-2.06813
-2.06813
-2.06813
-2.06813
-2.06813
-2.06813
-2.06813
-2.06813
-2.06813
-2.06812
-2.06812
-2.06811
-2.06811
-2.0681
-2.0681
-2.0681
-2.0681
-2.0681
-2.0681
-2.0681
-2.0681
-2.0681
-2.06811
-2.06811
-2.06811
-2.06811
-2.06811
-2.06811
-2.06811
-2.06811
-2.06811
-2.06811
-2.0681
-2.0681
-2.06809
-2.06809
-2.06808
-2.06808
-2.06807
-2.06806
-2.06806
-2.06805
-2.06805
-2.06804
-2.06804
-2.06804
-2.06805
-2.06806
-2.06806
-2.06807
-2.06808
-2.06808
-2.06809
-2.06809
-2.06809
-2.0681
-2.0681
-2.0681
-2.0681
-2.06811
-2.06811
-2.06811
-2.06811
-2.06811
-2.06811
-2.0681
-2.0681
-2.0681
-2.06809
-2.06809
-2.06808
-2.06807
-2.06807
-2.06806
-2.06805
-2.06805
-2.06804
-2.06803
-2.06803
-2.06802
-2.06802
-2.06801
-2.06801
-2.068
-2.068
-2.068
-2.06799
-2.06799
-2.06799
-2.06799
-2.06799
-2.06799
-2.06799
-2.06799
-2.06799
-2.06799
-2.06799
-2.06799
-2.06799
-2.1666
-2.1666
-2.1666
-2.1666
-2.1666
-2.1666
-2.1666
-2.1666
-2.16659
-2.16659
-2.16659
-2.16658
-2.16658
-2.16658
-2.16658
-2.16657
-2.16657
-2.16658
-2.16658
-2.16658
-2.16658
-2.16658
-2.16659
-2.16659
-2.16659
-2.1666
-2.1666
-2.1666
-2.1666
-2.1666
-2.1666
-2.1666
-2.1666
-2.1666
-2.16659
-2.16659
-2.16658
-2.16657
-2.16657
-2.16656
-2.16656
-2.16655
-2.16654
-2.16654
-2.16654
-2.16654
-2.16654
-2.16654
-2.16655
-2.16656
-2.16657
-2.16657
-2.16658
-2.16658
-2.16658
-2.16659
-2.16659
-2.16659
-2.1666
-2.1666
-2.1666
-2.1666
-2.1666
-2.1666
-2.1666
-2.1666
-2.1666
-2.16659
-2.16659
-2.16658
-2.16658
-2.16657
-2.16656
-2.16656
-2.16655
-2.16654
-2.16653
-2.16653
-2.16652
-2.16651
-2.16651
-2.1665
-2.1665
-2.16649
-2.16649
-2.16648
-2.16648
-2.16648
-2.16648
-2.16648
-2.16648
-2.16647
-2.16647
-2.16647
-2.16647
-2.16647
-2.16647
-2.16647
-2.16647
-2.16647
-2.26506
-2.26507
-2.26507
-2.26507
-2.26507
-2.26507
-2.26507
-2.26506
-2.26506
-2.26506
-2.26505
-2.26505
-2.26505
-2.26505
-2.26505
-2.26505
-2.26505
-2.26505
-2.26506
-2.26506
-2.26506
-2.26507
-2.26507
-2.26508
-2.26508
-2.26508
-2.26509
-2.26509
-2.26509
-2.26509
-2.26509
-2.26509
-2.26509
-2.26509
-2.26508
-2.26508
-2.26507
-2.26507
-2.26506
-2.26505
-2.26505
-2.26504
-2.26504
-2.26503
-2.26503
-2.26503
-2.26503
-2.26503
-2.26504
-2.26505
-2.26506
-2.26507
-2.26507
-2.26507
-2.26508
-2.26508
-2.26508
-2.26508
-2.26509
-2.26509
-2.26509
-2.26509
-2.2651
-2.2651
-2.26509
-2.26509
-2.26509
-2.26509
-2.26508
-2.26508
-2.26507
-2.26506
-2.26505
-2.26505
-2.26504
-2.26503
-2.26502
-2.26502
-2.26501
-2.265
-2.26499
-2.26499
-2.26498
-2.26498
-2.26497
-2.26497
-2.26497
-2.26496
-2.26496
-2.26496
-2.26496
-2.26496
-2.26496
-2.26496
-2.26496
-2.26496
-2.26496
-2.26496
-2.26496
-2.26496
-2.36353
-2.36353
-2.36353
-2.36353
-2.36353
-2.36353
-2.36353
-2.36353
-2.36352
-2.36352
-2.36352
-2.36351
-2.36351
-2.36351
-2.36352
-2.36352
-2.36352
-2.36353
-2.36353
-2.36354
-2.36354
-2.36355
-2.36355
-2.36356
-2.36357
-2.36357
-2.36357
-2.36358
-2.36358
-2.36358
-2.36358
-2.36358
-2.36358
-2.36358
-2.36357
-2.36357
-2.36356
-2.36356
-2.36355
-2.36355
-2.36354
-2.36353
-2.36353
-2.36353
-2.36352
-2.36352
-2.36352
-2.36353
-2.36353
-2.36354
-2.36355
-2.36356
-2.36356
-2.36357
-2.36357
-2.36357
-2.36357
-2.36358
-2.36358
-2.36358
-2.36358
-2.36359
-2.36359
-2.36359
-2.36359
-2.36358
-2.36358
-2.36358
-2.36357
-2.36357
-2.36356
-2.36355
-2.36354
-2.36354
-2.36353
-2.36352
-2.36351
-2.3635
-2.3635
-2.36349
-2.36348
-2.36347
-2.36347
-2.36346
-2.36346
-2.36346
-2.36345
-2.36345
-2.36345
-2.36345
-2.36345
-2.36344
-2.36344
-2.36344
-2.36344
-2.36344
-2.36344
-2.36344
-2.36344
-2.36344
-2.46199
-2.46199
-2.462
-2.462
-2.462
-2.462
-2.46199
-2.46199
-2.46198
-2.46198
-2.46198
-2.46198
-2.46198
-2.46198
-2.46199
-2.46199
-2.462
-2.462
-2.46201
-2.46202
-2.46202
-2.46203
-2.46204
-2.46204
-2.46205
-2.46206
-2.46206
-2.46207
-2.46207
-2.46207
-2.46207
-2.46207
-2.46207
-2.46207
-2.46206
-2.46206
-2.46205
-2.46205
-2.46204
-2.46204
-2.46203
-2.46203
-2.46202
-2.46202
-2.46201
-2.46201
-2.46201
-2.46202
-2.46202
-2.46203
-2.46204
-2.46205
-2.46205
-2.46206
-2.46206
-2.46206
-2.46206
-2.46207
-2.46207
-2.46207
-2.46208
-2.46208
-2.46208
-2.46208
-2.46208
-2.46208
-2.46207
-2.46207
-2.46206
-2.46206
-2.46205
-2.46204
-2.46203
-2.46202
-2.46202
-2.46201
-2.462
-2.46199
-2.46198
-2.46197
-2.46197
-2.46196
-2.46195
-2.46195
-2.46195
-2.46194
-2.46194
-2.46194
-2.46193
-2.46193
-2.46193
-2.46193
-2.46193
-2.46193
-2.46193
-2.46193
-2.46192
-2.46192
-2.46192
-2.46192
-2.56044
-2.56045
-2.56046
-2.56046
-2.56046
-2.56046
-2.56045
-2.56045
-2.56044
-2.56044
-2.56044
-2.56044
-2.56045
-2.56045
-2.56046
-2.56046
-2.56047
-2.56048
-2.56049
-2.56049
-2.5605
-2.56051
-2.56052
-2.56053
-2.56053
-2.56054
-2.56055
-2.56055
-2.56056
-2.56056
-2.56056
-2.56056
-2.56056
-2.56056
-2.56055
-2.56055
-2.56054
-2.56054
-2.56053
-2.56053
-2.56052
-2.56052
-2.56051
-2.56051
-2.5605
-2.5605
-2.5605
-2.56051
-2.56051
-2.56052
-2.56052
-2.56053
-2.56054
-2.56054
-2.56055
-2.56055
-2.56055
-2.56056
-2.56056
-2.56056
-2.56057
-2.56057
-2.56057
-2.56057
-2.56057
-2.56057
-2.56056
-2.56056
-2.56055
-2.56054
-2.56054
-2.56053
-2.56052
-2.56051
-2.5605
-2.56049
-2.56048
-2.56048
-2.56047
-2.56046
-2.56045
-2.56045
-2.56044
-2.56044
-2.56043
-2.56043
-2.56043
-2.56042
-2.56042
-2.56042
-2.56042
-2.56042
-2.56041
-2.56041
-2.56041
-2.56041
-2.56041
-2.56041
-2.56041
-2.56041
-2.65889
-2.6589
-2.65891
-2.65891
-2.65891
-2.65891
-2.65891
-2.6589
-2.6589
-2.6589
-2.6589
-2.65891
-2.65891
-2.65892
-2.65893
-2.65893
-2.65894
-2.65895
-2.65896
-2.65897
-2.65898
-2.65899
-2.659
-2.65901
-2.65902
-2.65902
-2.65903
-2.65904
-2.65904
-2.65904
-2.65905
-2.65905
-2.65905
-2.65905
-2.65904
-2.65904
-2.65903
-2.65903
-2.65902
-2.65902
-2.65901
-2.659
-2.659
-2.659
-2.65899
-2.65899
-2.65899
-2.65899
-2.659
-2.659
-2.65901
-2.65902
-2.65902
-2.65903
-2.65903
-2.65904
-2.65904
-2.65904
-2.65905
-2.65905
-2.65905
-2.65906
-2.65906
-2.65906
-2.65906
-2.65905
-2.65905
-2.65905
-2.65904
-2.65903
-2.65903
-2.65902
-2.65901
-2.659
-2.65899
-2.65898
-2.65897
-2.65896
-2.65895
-2.65895
-2.65894
-2.65893
-2.65893
-2.65892
-2.65892
-2.65891
-2.65891
-2.65891
-2.65891
-2.65891
-2.6589
-2.6589
-2.6589
-2.6589
-2.6589
-2.65889
-2.65889
-2.65889
-2.65889
-2.65889
-2.75733
-2.75734
-2.75735
-2.75736
-2.75736
-2.75736
-2.75736
-2.75735
-2.75735
-2.75736
-2.75736
-2.75737
-2.75738
-2.75738
-2.75739
-2.7574
-2.75741
-2.75743
-2.75744
-2.75745
-2.75746
-2.75747
-2.75748
-2.75749
-2.7575
-2.75751
-2.75751
-2.75752
-2.75752
-2.75753
-2.75753
-2.75753
-2.75753
-2.75753
-2.75753
-2.75752
-2.75752
-2.75751
-2.75751
-2.7575
-2.7575
-2.75749
-2.75749
-2.75748
-2.75748
-2.75748
-2.75748
-2.75748
-2.75748
-2.75749
-2.75749
-2.7575
-2.75751
-2.75752
-2.75752
-2.75752
-2.75753
-2.75753
-2.75754
-2.75754
-2.75754
-2.75754
-2.75755
-2.75755
-2.75755
-2.75754
-2.75754
-2.75753
-2.75753
-2.75752
-2.75751
-2.7575
-2.75749
-2.75748
-2.75747
-2.75746
-2.75746
-2.75745
-2.75744
-2.75743
-2.75742
-2.75742
-2.75741
-2.75741
-2.7574
-2.7574
-2.7574
-2.7574
-2.75739
-2.75739
-2.75739
-2.75739
-2.75739
-2.75738
-2.75738
-2.75738
-2.75738
-2.75738
-2.75738
-2.75737
-2.85576
-2.85577
-2.85579
-2.85579
-2.8558
-2.8558
-2.8558
-2.8558
-2.85581
-2.85581
-2.85582
-2.85583
-2.85584
-2.85585
-2.85586
-2.85587
-2.85589
-2.8559
-2.85591
-2.85592
-2.85593
-2.85594
-2.85596
-2.85597
-2.85598
-2.85599
-2.85599
-2.856
-2.85601
-2.85601
-2.85602
-2.85602
-2.85602
-2.85602
-2.85601
-2.85601
-2.85601
-2.856
-2.856
-2.85599
-2.85598
-2.85598
-2.85597
-2.85597
-2.85597
-2.85596
-2.85596
-2.85596
-2.85597
-2.85597
-2.85598
-2.85599
-2.85599
-2.856
-2.856
-2.85601
-2.85601
-2.85602
-2.85602
-2.85603
-2.85603
-2.85603
-2.85603
-2.85603
-2.85603
-2.85603
-2.85603
-2.85602
-2.85601
-2.85601
-2.856
-2.85599
-2.85598
-2.85597
-2.85596
-2.85595
-2.85594
-2.85593
-2.85592
-2.85591
-2.85591
-2.8559
-2.85589
-2.85589
-2.85589
-2.85589
-2.85588
-2.85588
-2.85588
-2.85588
-2.85588
-2.85587
-2.85587
-2.85587
-2.85587
-2.85586
-2.85586
-2.85586
-2.85586
-2.85586
-2.95418
-2.9542
-2.95421
-2.95422
-2.95423
-2.95424
-2.95424
-2.95425
-2.95426
-2.95427
-2.95428
-2.95429
-2.95431
-2.95432
-2.95433
-2.95434
-2.95436
-2.95437
-2.95438
-2.9544
-2.95441
-2.95442
-2.95443
-2.95445
-2.95446
-2.95447
-2.95447
-2.95448
-2.95449
-2.95449
-2.9545
-2.9545
-2.9545
-2.9545
-2.9545
-2.95449
-2.95449
-2.95449
-2.95448
-2.95447
-2.95447
-2.95446
-2.95446
-2.95446
-2.95445
-2.95445
-2.95444
-2.95444
-2.95445
-2.95445
-2.95446
-2.95447
-2.95448
-2.95448
-2.95449
-2.95449
-2.9545
-2.9545
-2.95451
-2.95451
-2.95452
-2.95452
-2.95452
-2.95452
-2.95452
-2.95452
-2.95451
-2.95451
-2.9545
-2.95449
-2.95448
-2.95447
-2.95446
-2.95445
-2.95444
-2.95443
-2.95442
-2.95441
-2.9544
-2.95439
-2.95439
-2.95438
-2.95438
-2.95437
-2.95437
-2.95437
-2.95437
-2.95437
-2.95437
-2.95437
-2.95436
-2.95436
-2.95436
-2.95435
-2.95435
-2.95435
-2.95434
-2.95434
-2.95434
-2.95434
-3.05261
-3.05262
-3.05263
-3.05265
-3.05266
-3.05268
-3.05269
-3.0527
-3.05272
-3.05273
-3.05275
-3.05276
-3.05277
-3.05279
-3.0528
-3.05281
-3.05283
-3.05284
-3.05286
-3.05287
-3.05288
-3.0529
-3.05291
-3.05292
-3.05293
-3.05294
-3.05295
-3.05296
-3.05297
-3.05298
-3.05298
-3.05298
-3.05298
-3.05298
-3.05298
-3.05298
-3.05297
-3.05297
-3.05296
-3.05296
-3.05295
-3.05295
-3.05294
-3.05294
-3.05293
-3.05293
-3.05293
-3.05292
-3.05293
-3.05293
-3.05294
-3.05295
-3.05296
-3.05297
-3.05297
-3.05298
-3.05298
-3.05299
-3.05299
-3.053
-3.053
-3.053
-3.05301
-3.05301
-3.05301
-3.053
-3.053
-3.05299
-3.05299
-3.05298
-3.05297
-3.05296
-3.05294
-3.05293
-3.05292
-3.05291
-3.0529
-3.05289
-3.05288
-3.05287
-3.05287
-3.05286
-3.05286
-3.05286
-3.05285
-3.05285
-3.05285
-3.05285
-3.05285
-3.05285
-3.05285
-3.05284
-3.05284
-3.05284
-3.05283
-3.05283
-3.05283
-3.05282
-3.05282
-3.05282
-3.15104
-3.15104
-3.15106
-3.15108
-3.15111
-3.15112
-3.15114
-3.15116
-3.15118
-3.15119
-3.15121
-3.15122
-3.15124
-3.15125
-3.15127
-3.15128
-3.1513
-3.15131
-3.15133
-3.15134
-3.15136
-3.15137
-3.15139
-3.1514
-3.15141
-3.15142
-3.15143
-3.15144
-3.15145
-3.15146
-3.15146
-3.15146
-3.15146
-3.15146
-3.15146
-3.15146
-3.15146
-3.15145
-3.15145
-3.15144
-3.15144
-3.15143
-3.15142
-3.15142
-3.15141
-3.15141
-3.1514
-3.1514
-3.1514
-3.15141
-3.15141
-3.15142
-3.15143
-3.15145
-3.15145
-3.15146
-3.15147
-3.15147
-3.15148
-3.15148
-3.15149
-3.15149
-3.15149
-3.15149
-3.15149
-3.15149
-3.15149
-3.15148
-3.15147
-3.15146
-3.15145
-3.15144
-3.15143
-3.15141
-3.1514
-3.15139
-3.15138
-3.15137
-3.15136
-3.15135
-3.15135
-3.15134
-3.15134
-3.15134
-3.15134
-3.15133
-3.15133
-3.15134
-3.15134
-3.15133
-3.15133
-3.15133
-3.15132
-3.15132
-3.15131
-3.15131
-3.15131
-3.1513
-3.1513
-3.1513
-3.24948
-3.24948
-3.24951
-3.24953
-3.24956
-3.24958
-3.2496
-3.24962
-3.24964
-3.24966
-3.24967
-3.24969
-3.24971
-3.24972
-3.24974
-3.24975
-3.24977
-3.24979
-3.2498
-3.24982
-3.24983
-3.24985
-3.24986
-3.24987
-3.24989
-3.2499
-3.24991
-3.24992
-3.24993
-3.24993
-3.24994
-3.24994
-3.24994
-3.24994
-3.24994
-3.24994
-3.24994
-3.24993
-3.24993
-3.24992
-3.24992
-3.24991
-3.24991
-3.2499
-3.24989
-3.24989
-3.24988
-3.24987
-3.24987
-3.24988
-3.24988
-3.2499
-3.24991
-3.24992
-3.24993
-3.24994
-3.24995
-3.24996
-3.24996
-3.24997
-3.24997
-3.24998
-3.24998
-3.24998
-3.24998
-3.24998
-3.24997
-3.24996
-3.24995
-3.24994
-3.24993
-3.24992
-3.2499
-3.24989
-3.24988
-3.24987
-3.24986
-3.24985
-3.24984
-3.24983
-3.24982
-3.24982
-3.24982
-3.24981
-3.24981
-3.24981
-3.24982
-3.24982
-3.24982
-3.24982
-3.24981
-3.24981
-3.24981
-3.2498
-3.24979
-3.24979
-3.24979
-3.24978
-3.24978
-3.24978
-3.34794
-3.34795
-3.34797
-3.34799
-3.34802
-3.34804
-3.34806
-3.34809
-3.3481
-3.34812
-3.34814
-3.34816
-3.34818
-3.34819
-3.34821
-3.34822
-3.34824
-3.34826
-3.34827
-3.34829
-3.3483
-3.34832
-3.34833
-3.34835
-3.34836
-3.34837
-3.34839
-3.3484
-3.34841
-3.34841
-3.34842
-3.34842
-3.34842
-3.34842
-3.34842
-3.34842
-3.34842
-3.34841
-3.34841
-3.3484
-3.3484
-3.34839
-3.34838
-3.34838
-3.34837
-3.34836
-3.34835
-3.34834
-3.34834
-3.34834
-3.34835
-3.34836
-3.34838
-3.3484
-3.34841
-3.34842
-3.34843
-3.34844
-3.34844
-3.34845
-3.34846
-3.34846
-3.34846
-3.34846
-3.34846
-3.34846
-3.34845
-3.34844
-3.34843
-3.34842
-3.34841
-3.34839
-3.34838
-3.34837
-3.34835
-3.34834
-3.34833
-3.34832
-3.34831
-3.34831
-3.3483
-3.3483
-3.34829
-3.34829
-3.34829
-3.34829
-3.34829
-3.3483
-3.3483
-3.3483
-3.34829
-3.34829
-3.34828
-3.34828
-3.34827
-3.34827
-3.34826
-3.34826
-3.34826
-3.34826
-3.44642
-3.44643
-3.44645
-3.44647
-3.44649
-3.44651
-3.44653
-3.44655
-3.44657
-3.44659
-3.44661
-3.44663
-3.44665
-3.44666
-3.44668
-3.4467
-3.44671
-3.44673
-3.44674
-3.44676
-3.44678
-3.44679
-3.44681
-3.44682
-3.44683
-3.44685
-3.44686
-3.44687
-3.44688
-3.44689
-3.4469
-3.4469
-3.4469
-3.4469
-3.4469
-3.4469
-3.4469
-3.44689
-3.44689
-3.44688
-3.44687
-3.44687
-3.44686
-3.44685
-3.44684
-3.44683
-3.44682
-3.44681
-3.4468
-3.44681
-3.44682
-3.44683
-3.44685
-3.44686
-3.44688
-3.44689
-3.4469
-3.44691
-3.44692
-3.44693
-3.44693
-3.44694
-3.44694
-3.44694
-3.44694
-3.44694
-3.44693
-3.44692
-3.44691
-3.44689
-3.44688
-3.44687
-3.44685
-3.44684
-3.44683
-3.44682
-3.4468
-3.44679
-3.44679
-3.44678
-3.44677
-3.44677
-3.44677
-3.44677
-3.44677
-3.44677
-3.44677
-3.44677
-3.44677
-3.44677
-3.44677
-3.44677
-3.44676
-3.44675
-3.44675
-3.44674
-3.44674
-3.44674
-3.44674
-3.44674
-3.54491
-3.54492
-3.54493
-3.54495
-3.54497
-3.54499
-3.54501
-3.54503
-3.54504
-3.54506
-3.54508
-3.5451
-3.54512
-3.54513
-3.54515
-3.54517
-3.54518
-3.5452
-3.54521
-3.54523
-3.54525
-3.54526
-3.54528
-3.54529
-3.54531
-3.54532
-3.54533
-3.54534
-3.54535
-3.54536
-3.54537
-3.54538
-3.54538
-3.54538
-3.54538
-3.54538
-3.54537
-3.54537
-3.54536
-3.54536
-3.54535
-3.54534
-3.54533
-3.54532
-3.54531
-3.54529
-3.54528
-3.54527
-3.54526
-3.54526
-3.54527
-3.54529
-3.5453
-3.54532
-3.54534
-3.54536
-3.54537
-3.54538
-3.54539
-3.5454
-3.54541
-3.54541
-3.54542
-3.54542
-3.54541
-3.54541
-3.5454
-3.54539
-3.54538
-3.54537
-3.54535
-3.54534
-3.54532
-3.54531
-3.5453
-3.54528
-3.54527
-3.54526
-3.54526
-3.54525
-3.54524
-3.54524
-3.54524
-3.54524
-3.54524
-3.54524
-3.54524
-3.54525
-3.54525
-3.54525
-3.54525
-3.54524
-3.54524
-3.54523
-3.54522
-3.54522
-3.54522
-3.54521
-3.54521
-3.54521
-3.6434
-3.64341
-3.64342
-3.64343
-3.64345
-3.64346
-3.64348
-3.6435
-3.64352
-3.64354
-3.64355
-3.64357
-3.64359
-3.6436
-3.64362
-3.64364
-3.64365
-3.64367
-3.64368
-3.6437
-3.64372
-3.64373
-3.64375
-3.64376
-3.64378
-3.64379
-3.6438
-3.64381
-3.64383
-3.64384
-3.64384
-3.64385
-3.64385
-3.64385
-3.64385
-3.64385
-3.64385
-3.64384
-3.64384
-3.64383
-3.64382
-3.64381
-3.6438
-3.64379
-3.64377
-3.64375
-3.64373
-3.64372
-3.64371
-3.64371
-3.64372
-3.64374
-3.64376
-3.64378
-3.6438
-3.64382
-3.64383
-3.64385
-3.64386
-3.64387
-3.64387
-3.64388
-3.64388
-3.64388
-3.64388
-3.64387
-3.64387
-3.64386
-3.64385
-3.64383
-3.64382
-3.6438
-3.64379
-3.64378
-3.64376
-3.64375
-3.64374
-3.64373
-3.64372
-3.64372
-3.64371
-3.64371
-3.64371
-3.64371
-3.64371
-3.64371
-3.64371
-3.64372
-3.64372
-3.64372
-3.64372
-3.64371
-3.64371
-3.6437
-3.6437
-3.64369
-3.64369
-3.64369
-3.64369
-3.64369
-3.74189
-3.7419
-3.7419
-3.74191
-3.74193
-3.74194
-3.74196
-3.74197
-3.74199
-3.74201
-3.74203
-3.74204
-3.74206
-3.74207
-3.74209
-3.74211
-3.74212
-3.74214
-3.74215
-3.74217
-3.74219
-3.7422
-3.74222
-3.74223
-3.74224
-3.74226
-3.74227
-3.74228
-3.74229
-3.7423
-3.74231
-3.74232
-3.74232
-3.74233
-3.74233
-3.74232
-3.74232
-3.74231
-3.74231
-3.7423
-3.74229
-3.74228
-3.74226
-3.74224
-3.74222
-3.7422
-3.74218
-3.74217
-3.74216
-3.74216
-3.74217
-3.74218
-3.7422
-3.74222
-3.74225
-3.74227
-3.74228
-3.7423
-3.74231
-3.74232
-3.74233
-3.74234
-3.74234
-3.74234
-3.74234
-3.74234
-3.74233
-3.74232
-3.74231
-3.7423
-3.74228
-3.74227
-3.74225
-3.74224
-3.74223
-3.74221
-3.7422
-3.74219
-3.74219
-3.74218
-3.74218
-3.74218
-3.74218
-3.74218
-3.74218
-3.74218
-3.74218
-3.74219
-3.74219
-3.74219
-3.74219
-3.74218
-3.74218
-3.74217
-3.74217
-3.74217
-3.74216
-3.74216
-3.74216
-3.74216
-3.84038
-3.84038
-3.84039
-3.8404
-3.84041
-3.84042
-3.84043
-3.84045
-3.84047
-3.84048
-3.8405
-3.84051
-3.84053
-3.84055
-3.84056
-3.84058
-3.84059
-3.84061
-3.84062
-3.84064
-3.84065
-3.84067
-3.84068
-3.8407
-3.84071
-3.84073
-3.84074
-3.84075
-3.84076
-3.84077
-3.84078
-3.84078
-3.84079
-3.84079
-3.84079
-3.84079
-3.84079
-3.84078
-3.84077
-3.84076
-3.84075
-3.84073
-3.84072
-3.84069
-3.84067
-3.84064
-3.84062
-3.84061
-3.8406
-3.8406
-3.84061
-3.84062
-3.84064
-3.84066
-3.84069
-3.84071
-3.84073
-3.84075
-3.84076
-3.84077
-3.84078
-3.84079
-3.8408
-3.8408
-3.8408
-3.84079
-3.84079
-3.84078
-3.84077
-3.84076
-3.84074
-3.84073
-3.84071
-3.8407
-3.84069
-3.84067
-3.84066
-3.84066
-3.84065
-3.84065
-3.84064
-3.84064
-3.84064
-3.84064
-3.84065
-3.84065
-3.84065
-3.84065
-3.84066
-3.84066
-3.84065
-3.84065
-3.84065
-3.84064
-3.84064
-3.84064
-3.84064
-3.84064
-3.84064
-3.84063
-3.93886
-3.93886
-3.93887
-3.93888
-3.93889
-3.9389
-3.93891
-3.93893
-3.93894
-3.93896
-3.93897
-3.93899
-3.939
-3.93902
-3.93903
-3.93905
-3.93906
-3.93908
-3.93909
-3.93911
-3.93912
-3.93914
-3.93915
-3.93917
-3.93918
-3.93919
-3.9392
-3.93921
-3.93923
-3.93923
-3.93924
-3.93925
-3.93925
-3.93925
-3.93925
-3.93925
-3.93925
-3.93924
-3.93923
-3.93922
-3.9392
-3.93918
-3.93916
-3.93914
-3.93911
-3.93908
-3.93906
-3.93904
-3.93904
-3.93903
-3.93904
-3.93906
-3.93908
-3.9391
-3.93913
-3.93915
-3.93917
-3.93919
-3.93921
-3.93922
-3.93923
-3.93924
-3.93925
-3.93925
-3.93925
-3.93925
-3.93924
-3.93923
-3.93922
-3.93921
-3.9392
-3.93918
-3.93917
-3.93915
-3.93914
-3.93913
-3.93912
-3.93911
-3.93911
-3.93911
-3.93911
-3.93911
-3.93911
-3.93911
-3.93911
-3.93912
-3.93912
-3.93912
-3.93913
-3.93913
-3.93912
-3.93912
-3.93912
-3.93911
-3.93911
-3.93911
-3.93911
-3.93911
-3.93911
-3.93911
-4.03735
-4.03735
-4.03735
-4.03736
-4.03737
-4.03738
-4.03739
-4.0374
-4.03742
-4.03743
-4.03744
-4.03746
-4.03747
-4.03749
-4.0375
-4.03752
-4.03753
-4.03755
-4.03756
-4.03758
-4.03759
-4.0376
-4.03762
-4.03763
-4.03764
-4.03766
-4.03767
-4.03768
-4.03769
-4.0377
-4.0377
-4.03771
-4.03771
-4.03771
-4.03771
-4.03771
-4.0377
-4.0377
-4.03768
-4.03767
-4.03765
-4.03763
-4.0376
-4.03758
-4.03755
-4.03752
-4.03749
-4.03748
-4.03747
-4.03747
-4.03747
-4.03749
-4.03751
-4.03753
-4.03756
-4.03759
-4.03761
-4.03763
-4.03765
-4.03767
-4.03768
-4.03769
-4.0377
-4.0377
-4.0377
-4.0377
-4.03769
-4.03769
-4.03768
-4.03767
-4.03765
-4.03764
-4.03762
-4.03761
-4.03759
-4.03758
-4.03757
-4.03757
-4.03757
-4.03757
-4.03757
-4.03757
-4.03758
-4.03758
-4.03758
-4.03759
-4.03759
-4.03759
-4.0376
-4.0376
-4.03759
-4.03759
-4.03759
-4.03759
-4.03758
-4.03758
-4.03758
-4.03758
-4.03758
-4.03758
-4.13583
-4.13583
-4.13583
-4.13584
-4.13585
-4.13586
-4.13587
-4.13588
-4.13589
-4.1359
-4.13592
-4.13593
-4.13595
-4.13596
-4.13597
-4.13599
-4.136
-4.13602
-4.13603
-4.13605
-4.13606
-4.13607
-4.13609
-4.1361
-4.13611
-4.13612
-4.13613
-4.13614
-4.13615
-4.13616
-4.13616
-4.13617
-4.13617
-4.13617
-4.13617
-4.13617
-4.13616
-4.13615
-4.13613
-4.13612
-4.13609
-4.13607
-4.13604
-4.13601
-4.13598
-4.13595
-4.13592
-4.13591
-4.1359
-4.1359
-4.13591
-4.13592
-4.13594
-4.13597
-4.13599
-4.13602
-4.13605
-4.13607
-4.13609
-4.13611
-4.13612
-4.13613
-4.13614
-4.13615
-4.13615
-4.13615
-4.13615
-4.13614
-4.13613
-4.13612
-4.1361
-4.13609
-4.13607
-4.13606
-4.13604
-4.13603
-4.13602
-4.13602
-4.13602
-4.13603
-4.13603
-4.13604
-4.13605
-4.13605
-4.13605
-4.13606
-4.13606
-4.13606
-4.13607
-4.13607
-4.13607
-4.13606
-4.13606
-4.13606
-4.13606
-4.13605
-4.13605
-4.13605
-4.13606
-4.13605
-4.23431
-4.23431
-4.23431
-4.23432
-4.23433
-4.23434
-4.23434
-4.23435
-4.23437
-4.23438
-4.23439
-4.2344
-4.23442
-4.23443
-4.23445
-4.23446
-4.23447
-4.23449
-4.2345
-4.23451
-4.23453
-4.23454
-4.23455
-4.23457
-4.23458
-4.23459
-4.2346
-4.23461
-4.23461
-4.23462
-4.23463
-4.23463
-4.23463
-4.23463
-4.23463
-4.23462
-4.23461
-4.2346
-4.23458
-4.23456
-4.23454
-4.23451
-4.23448
-4.23444
-4.23441
-4.23438
-4.23435
-4.23434
-4.23433
-4.23433
-4.23434
-4.23435
-4.23438
-4.2344
-4.23443
-4.23446
-4.23448
-4.23451
-4.23453
-4.23455
-4.23457
-4.23458
-4.23459
-4.2346
-4.2346
-4.2346
-4.2346
-4.23459
-4.23458
-4.23457
-4.23455
-4.23454
-4.23452
-4.2345
-4.23449
-4.23448
-4.23447
-4.23447
-4.23447
-4.23448
-4.23449
-4.2345
-4.23451
-4.23452
-4.23452
-4.23453
-4.23453
-4.23454
-4.23454
-4.23454
-4.23454
-4.23454
-4.23453
-4.23453
-4.23453
-4.23453
-4.23453
-4.23453
-4.23453
-4.23452
-4.33279
-4.33279
-4.3328
-4.3328
-4.33281
-4.33281
-4.33282
-4.33283
-4.33284
-4.33285
-4.33286
-4.33288
-4.33289
-4.3329
-4.33292
-4.33293
-4.33294
-4.33296
-4.33297
-4.33298
-4.333
-4.33301
-4.33302
-4.33303
-4.33304
-4.33305
-4.33306
-4.33307
-4.33308
-4.33308
-4.33309
-4.33309
-4.33309
-4.33309
-4.33308
-4.33307
-4.33306
-4.33305
-4.33303
-4.333
-4.33298
-4.33295
-4.33291
-4.33288
-4.33284
-4.33281
-4.33279
-4.33277
-4.33277
-4.33276
-4.33277
-4.33279
-4.33281
-4.33284
-4.33287
-4.3329
-4.33292
-4.33295
-4.33297
-4.33299
-4.33301
-4.33303
-4.33304
-4.33305
-4.33305
-4.33305
-4.33305
-4.33304
-4.33303
-4.33302
-4.333
-4.33298
-4.33296
-4.33295
-4.33293
-4.33292
-4.33291
-4.33291
-4.33292
-4.33294
-4.33295
-4.33297
-4.33298
-4.33299
-4.333
-4.333
-4.33301
-4.33301
-4.33301
-4.33301
-4.33301
-4.33301
-4.33301
-4.333
-4.333
-4.333
-4.333
-4.333
-4.333
-4.33299
-4.43127
-4.43128
-4.43128
-4.43128
-4.43129
-4.43129
-4.4313
-4.43131
-4.43132
-4.43133
-4.43134
-4.43135
-4.43136
-4.43137
-4.43139
-4.4314
-4.43141
-4.43143
-4.43144
-4.43145
-4.43147
-4.43148
-4.43149
-4.4315
-4.43151
-4.43152
-4.43153
-4.43154
-4.43154
-4.43155
-4.43155
-4.43155
-4.43155
-4.43154
-4.43154
-4.43153
-4.43151
-4.43149
-4.43147
-4.43145
-4.43142
-4.43139
-4.43135
-4.43131
-4.43128
-4.43125
-4.43122
-4.43121
-4.4312
-4.4312
-4.43121
-4.43123
-4.43125
-4.43128
-4.43131
-4.43134
-4.43137
-4.43139
-4.43142
-4.43144
-4.43146
-4.43148
-4.43149
-4.4315
-4.4315
-4.43151
-4.4315
-4.4315
-4.43149
-4.43147
-4.43145
-4.43143
-4.43141
-4.43139
-4.43137
-4.43135
-4.43135
-4.43135
-4.43137
-4.43139
-4.43141
-4.43143
-4.43145
-4.43146
-4.43147
-4.43148
-4.43148
-4.43148
-4.43149
-4.43149
-4.43148
-4.43148
-4.43148
-4.43148
-4.43147
-4.43147
-4.43147
-4.43147
-4.43147
-4.43144
-4.52976
-4.52976
-4.52976
-4.52977
-4.52977
-4.52977
-4.52978
-4.52978
-4.52979
-4.5298
-4.52981
-4.52982
-4.52983
-4.52985
-4.52986
-4.52987
-4.52989
-4.5299
-4.52991
-4.52993
-4.52994
-4.52995
-4.52996
-4.52997
-4.52998
-4.52999
-4.53
-4.53
-4.53001
-4.53001
-4.53001
-4.53001
-4.53001
-4.53
-4.52999
-4.52998
-4.52997
-4.52995
-4.52992
-4.5299
-4.52986
-4.52983
-4.52979
-4.52975
-4.52972
-4.52969
-4.52966
-4.52965
-4.52964
-4.52964
-4.52965
-4.52967
-4.52969
-4.52972
-4.52975
-4.52978
-4.52981
-4.52984
-4.52987
-4.52989
-4.52991
-4.52993
-4.52994
-4.52995
-4.52996
-4.52996
-4.52996
-4.52995
-4.52994
-4.52992
-4.5299
-4.52988
-4.52985
-4.52983
-4.5298
-4.52979
-4.52978
-4.52979
-4.52981
-4.52983
-4.52986
-4.52989
-4.52991
-4.52993
-4.52994
-4.52995
-4.52996
-4.52996
-4.52996
-4.52996
-4.52996
-4.52996
-4.52996
-4.52995
-4.52995
-4.52995
-4.52994
-4.52993
-4.52991
-4.52987
-4.62824
-4.62824
-4.62824
-4.62825
-4.62825
-4.62825
-4.62826
-4.62826
-4.62827
-4.62828
-4.62829
-4.6283
-4.62831
-4.62832
-4.62833
-4.62835
-4.62836
-4.62837
-4.62838
-4.6284
-4.62841
-4.62842
-4.62843
-4.62844
-4.62845
-4.62846
-4.62847
-4.62847
-4.62848
-4.62848
-4.62848
-4.62848
-4.62847
-4.62847
-4.62846
-4.62844
-4.62842
-4.6284
-4.62838
-4.62835
-4.62831
-4.62828
-4.62824
-4.6282
-4.62816
-4.62813
-4.6281
-4.62809
-4.62809
-4.62809
-4.6281
-4.62812
-4.62814
-4.62817
-4.6282
-4.62824
-4.62827
-4.62829
-4.62832
-4.62834
-4.62837
-4.62838
-4.6284
-4.62841
-4.62842
-4.62842
-4.62842
-4.62841
-4.6284
-4.62838
-4.62836
-4.62833
-4.6283
-4.62827
-4.62824
-4.62822
-4.62821
-4.62822
-4.62825
-4.62828
-4.62831
-4.62834
-4.62837
-4.62839
-4.62841
-4.62842
-4.62843
-4.62843
-4.62844
-4.62844
-4.62844
-4.62843
-4.62843
-4.62842
-4.62842
-4.62841
-4.6284
-4.62838
-4.62832
-4.62825
-4.72672
-4.72672
-4.72672
-4.72673
-4.72673
-4.72673
-4.72674
-4.72674
-4.72675
-4.72675
-4.72676
-4.72677
-4.72678
-4.72679
-4.72681
-4.72682
-4.72683
-4.72685
-4.72686
-4.72687
-4.72688
-4.72689
-4.7269
-4.72691
-4.72692
-4.72693
-4.72694
-4.72694
-4.72695
-4.72695
-4.72695
-4.72694
-4.72694
-4.72693
-4.72692
-4.72691
-4.72689
-4.72686
-4.72684
-4.72681
-4.72677
-4.72673
-4.72669
-4.72665
-4.72661
-4.72658
-4.72656
-4.72654
-4.72654
-4.72654
-4.72655
-4.72657
-4.7266
-4.72663
-4.72666
-4.72669
-4.72672
-4.72675
-4.72678
-4.7268
-4.72683
-4.72684
-4.72686
-4.72687
-4.72688
-4.72688
-4.72688
-4.72687
-4.72686
-4.72684
-4.72681
-4.72678
-4.72675
-4.72672
-4.72669
-4.72666
-4.72665
-4.72667
-4.7267
-4.72673
-4.72676
-4.7268
-4.72683
-4.72685
-4.72687
-4.72689
-4.7269
-4.7269
-4.72691
-4.72691
-4.72691
-4.72691
-4.7269
-4.7269
-4.72689
-4.72688
-4.72685
-4.72679
-4.72669
-4.72659
-4.8252
-4.8252
-4.8252
-4.82521
-4.82521
-4.82521
-4.82522
-4.82522
-4.82522
-4.82523
-4.82524
-4.82525
-4.82526
-4.82527
-4.82528
-4.8253
-4.82531
-4.82532
-4.82534
-4.82535
-4.82536
-4.82537
-4.82538
-4.82539
-4.8254
-4.82541
-4.82541
-4.82542
-4.82542
-4.82542
-4.82542
-4.82542
-4.82541
-4.8254
-4.82539
-4.82537
-4.82535
-4.82533
-4.8253
-4.82527
-4.82523
-4.82519
-4.82515
-4.82511
-4.82507
-4.82504
-4.82501
-4.825
-4.825
-4.825
-4.82501
-4.82503
-4.82506
-4.82509
-4.82512
-4.82516
-4.82519
-4.82522
-4.82524
-4.82527
-4.82529
-4.82531
-4.82533
-4.82534
-4.82535
-4.82535
-4.82535
-4.82534
-4.82532
-4.82531
-4.82528
-4.82525
-4.82522
-4.82519
-4.82516
-4.82513
-4.82512
-4.82513
-4.82515
-4.82519
-4.82522
-4.82525
-4.82528
-4.82531
-4.82533
-4.82535
-4.82536
-4.82536
-4.82537
-4.82537
-4.82537
-4.82537
-4.82536
-4.82535
-4.82533
-4.82531
-4.82526
-4.82516
-4.82501
-4.8249
)
;

boundaryField
{
    floor
    {
        type            calculated;
        value           nonuniform List<scalar> 
100
(
0.0492094
0.0491956
0.0491817
0.0491679
0.0491548
0.0491432
0.0491336
0.0491267
0.0491232
0.0491234
0.0491278
0.0491363
0.0491486
0.0491638
0.0491812
0.0491998
0.0492185
0.0492365
0.049253
0.0492675
0.0492798
0.0492898
0.0492973
0.0493026
0.0493055
0.0493066
0.0493068
0.049306
0.0493042
0.0493018
0.0492989
0.0492957
0.0492924
0.049289
0.0492855
0.049282
0.0492785
0.0492755
0.0492733
0.0492715
0.0492673
0.0492578
0.0492473
0.0492434
0.0492493
0.049252
0.0492567
0.0492622
0.0492637
0.0492596
0.0492506
0.0492392
0.0492295
0.0492219
0.049225
0.0492295
0.0492282
0.0492291
0.0492321
0.0492408
0.0492544
0.0492698
0.0492838
0.0492946
0.0493023
0.0493078
0.0493122
0.0493163
0.0493205
0.0493251
0.0493301
0.0493354
0.0493408
0.049346
0.0493505
0.0493535
0.0493539
0.0493508
0.0493439
0.0493346
0.0493311
0.0493399
0.0493584
0.0493773
0.0493846
0.0493872
0.0493858
0.0493822
0.0493762
0.049369
0.0493613
0.0493536
0.0493465
0.04934
0.0493343
0.0493294
0.0493254
0.0493224
0.0493212
0.0493265
)
;
    }
    ceiling
    {
        type            calculated;
        value           nonuniform List<scalar> 
100
(
-4.87444
-4.87444
-4.87444
-4.87445
-4.87445
-4.87445
-4.87446
-4.87446
-4.87446
-4.87447
-4.87448
-4.87449
-4.8745
-4.87451
-4.87452
-4.87454
-4.87455
-4.87456
-4.87457
-4.87459
-4.8746
-4.87461
-4.87462
-4.87463
-4.87464
-4.87464
-4.87465
-4.87465
-4.87466
-4.87466
-4.87466
-4.87465
-4.87465
-4.87464
-4.87463
-4.87461
-4.87459
-4.87457
-4.87454
-4.87451
-4.87447
-4.87443
-4.87439
-4.87435
-4.87431
-4.87428
-4.87425
-4.87423
-4.87423
-4.87424
-4.87425
-4.87427
-4.8743
-4.87433
-4.87436
-4.87439
-4.87442
-4.87445
-4.87448
-4.87451
-4.87453
-4.87455
-4.87456
-4.87458
-4.87458
-4.87459
-4.87458
-4.87458
-4.87456
-4.87454
-4.87452
-4.87449
-4.87446
-4.87443
-4.8744
-4.87437
-4.87435
-4.87436
-4.87439
-4.87442
-4.87445
-4.87449
-4.87452
-4.87454
-4.87456
-4.87458
-4.87459
-4.8746
-4.8746
-4.8746
-4.8746
-4.8746
-4.87459
-4.87458
-4.87457
-4.87454
-4.87449
-4.87439
-4.87424
-4.87413
)
;
    }
    fixedWalls
    {
        type            calculated;
        value           nonuniform List<scalar> 
100
(
6.93889e-18
-0.0984399
-0.196913
-0.295405
-0.393905
-0.492406
-0.590907
-0.689407
-0.787905
-0.886401
-0.984892
-1.08338
-1.18187
-1.28035
-1.37883
-1.4773
-1.57578
-1.67425
-1.77272
-1.87119
-1.96966
-2.06813
-2.1666
-2.26506
-2.36353
-2.46199
-2.56044
-2.65889
-2.75733
-2.85576
-2.95418
-3.05261
-3.15104
-3.24948
-3.34794
-3.44642
-3.54491
-3.6434
-3.74189
-3.84038
-3.93886
-4.03735
-4.13583
-4.23431
-4.33279
-4.43127
-4.52976
-4.62824
-4.72672
-4.8252
0.000123768
-0.0983165
-0.196793
-0.295279
-0.393766
-0.492253
-0.59074
-0.689227
-0.787713
-0.886199
-0.984683
-1.08317
-1.18165
-1.28013
-1.37861
-1.4771
-1.57558
-1.67406
-1.77254
-1.87102
-1.96951
-2.06799
-2.16647
-2.26496
-2.36344
-2.46192
-2.56041
-2.65889
-2.75737
-2.85586
-2.95434
-3.05282
-3.1513
-3.24978
-3.34826
-3.44674
-3.54521
-3.64369
-3.74216
-3.84063
-3.93911
-4.03758
-4.13605
-4.23452
-4.33299
-4.43144
-4.52987
-4.62825
-4.72659
-4.8249
)
;
    }
    frontAndBack
    {
        type            empty;
    }
}


// ************************************************************************* //
