/*--------------------------------*- C++ -*----------------------------------*\
| =========                 |                                                 |
| \\      /  F ield         | OpenFOAM: The Open Source CFD Toolbox           |
|  \\    /   O peration     | Version:  4.1                                   |
|   \\  /    A nd           | Web:      www.OpenFOAM.org                      |
|    \\/     M anipulation  |                                                 |
\*---------------------------------------------------------------------------*/
FoamFile
{
    version     2.0;
    format      ascii;
    class       volScalarField;
    location    "1160";
    object      p_rgh;
}
// * * * * * * * * * * * * * * * * * * * * * * * * * * * * * * * * * * * * * //

dimensions      [0 2 -2 0 0 0 0];

internalField   nonuniform List<scalar> 
5000
(
0.0492048
0.0492153
0.0492272
0.0492285
0.0492239
0.0492157
0.0492051
0.0491952
0.0491877
0.0491839
0.0491837
0.0491877
0.0491795
0.0491678
0.0491666
0.0491691
0.0491728
0.0491778
0.0491838
0.0491904
0.0491973
0.0492049
0.0492132
0.0492227
0.0492334
0.0492456
0.049259
0.0492738
0.0492896
0.0493064
0.0493237
0.0493409
0.0493574
0.0493721
0.0493834
0.0493899
0.0493914
0.0493889
0.0493808
0.0493683
0.0493528
0.049335
0.0493156
0.0492954
0.0492748
0.0492545
0.0492349
0.0492163
0.049199
0.049183
0.0491686
0.0491558
0.0491445
0.0491346
0.0491263
0.0491193
0.0491136
0.049109
0.0491055
0.0491029
0.049101
0.0490998
0.0490992
0.0490989
0.049099
0.0490993
0.0490996
0.0490998
0.0491
0.0490999
0.0490994
0.0490985
0.0490971
0.049095
0.0490922
0.0490887
0.0490844
0.0490797
0.0490747
0.04907
0.0490661
0.0490641
0.0490651
0.049071
0.0491027
0.0490988
0.0491063
0.0491141
0.0491219
0.0491294
0.0491373
0.0491465
0.0491583
0.0491732
0.0491896
0.0492023
0.0492067
0.0491941
0.0491799
0.0491749
0.0492017
0.0492444
0.0492502
0.0492495
0.0492452
0.0492378
0.0492291
0.0492224
0.0492199
0.0492197
0.0492165
0.0491779
0.049176
0.049196
0.0492236
0.049236
0.0492384
0.0492412
0.0492462
0.0492512
0.0492552
0.049259
0.0492635
0.0492691
0.0492757
0.0492837
0.0492934
0.0493047
0.0493175
0.0493313
0.0493458
0.0493603
0.0493739
0.0493855
0.0493936
0.0493981
0.0494001
0.049398
0.0493909
0.0493797
0.0493653
0.0493487
0.0493305
0.0493115
0.0492922
0.0492733
0.0492551
0.049238
0.0492222
0.0492079
0.0491952
0.0491841
0.0491747
0.0491669
0.0491606
0.0491556
0.0491517
0.0491489
0.049147
0.0491459
0.0491456
0.0491458
0.0491466
0.0491477
0.0491492
0.0491508
0.0491525
0.0491542
0.0491557
0.049157
0.0491579
0.0491584
0.0491581
0.049157
0.0491547
0.0491512
0.0491462
0.0491397
0.0491322
0.0491241
0.0491167
0.0491117
0.0491062
0.04908
0.0490767
0.0490831
0.0491438
0.0491499
0.049155
0.0491583
0.0491611
0.0491652
0.0491718
0.0491815
0.0491931
0.0492024
0.049204
0.049198
0.0491863
0.049166
0.0491865
0.0492446
0.0492503
0.0492479
0.0492416
0.0492316
0.0492203
0.0492125
0.0492095
0.0492098
0.0491783
0.0491529
0.0491679
0.0492143
0.0492511
0.0492607
0.0492599
0.0492585
0.0492582
0.0492584
0.049259
0.0492604
0.0492631
0.0492673
0.0492732
0.0492809
0.0492903
0.0493013
0.0493137
0.049327
0.0493407
0.0493544
0.049367
0.0493774
0.0493845
0.0493888
0.0493908
0.0493884
0.0493816
0.0493709
0.049357
0.0493408
0.049323
0.0493044
0.0492856
0.0492671
0.0492493
0.0492325
0.0492171
0.0492032
0.0491908
0.0491801
0.0491709
0.0491634
0.0491575
0.049153
0.0491499
0.049148
0.0491472
0.0491475
0.0491486
0.0491505
0.049153
0.049156
0.0491594
0.049163
0.0491668
0.0491706
0.0491744
0.0491779
0.0491812
0.049184
0.0491863
0.0491878
0.0491883
0.0491876
0.0491856
0.049182
0.0491769
0.0491707
0.0491642
0.0491588
0.0491511
0.0491148
0.0490807
0.0490597
0.0490845
0.0491362
0.049157
0.0491584
0.0491596
0.049162
0.0491667
0.0491744
0.0491842
0.049193
0.0491956
0.0491925
0.0491824
0.0491496
0.0491735
0.0492462
0.0492521
0.0492477
0.0492382
0.0492232
0.0492058
0.0491957
0.0491799
0.049165
0.0491438
0.0491339
0.0491669
0.0492249
0.049258
0.0492635
0.0492616
0.0492592
0.0492574
0.0492562
0.0492559
0.0492569
0.0492592
0.0492632
0.0492689
0.0492763
0.0492854
0.0492959
0.0493077
0.0493203
0.0493332
0.049346
0.0493575
0.0493667
0.0493733
0.0493776
0.0493789
0.0493762
0.0493694
0.0493588
0.0493452
0.0493294
0.049312
0.0492938
0.0492755
0.0492574
0.0492402
0.0492239
0.049209
0.0491956
0.0491837
0.0491733
0.0491646
0.0491575
0.0491519
0.0491478
0.049145
0.0491435
0.0491431
0.0491438
0.0491454
0.0491478
0.049151
0.0491548
0.049159
0.0491637
0.0491686
0.0491737
0.0491789
0.049184
0.049189
0.0491937
0.049198
0.0492019
0.0492051
0.0492075
0.0492088
0.049209
0.0492078
0.0492054
0.0492022
0.0491988
0.0491928
0.0491624
0.0491123
0.0490657
0.0490596
0.0490881
0.0491298
0.0491574
0.0491566
0.0491576
0.0491605
0.0491666
0.0491755
0.0491849
0.0491898
0.0491883
0.0491786
0.0491343
0.0491647
0.0492502
0.0492565
0.04925
0.0492361
0.0492144
0.0491873
0.0491586
0.0491449
0.0491327
0.04912
0.0491259
0.0491713
0.0492294
0.0492562
0.0492599
0.0492581
0.0492556
0.0492534
0.049252
0.0492515
0.0492523
0.0492545
0.0492582
0.0492636
0.0492706
0.0492791
0.0492891
0.0493001
0.0493119
0.049324
0.0493357
0.0493462
0.0493546
0.0493607
0.0493647
0.0493653
0.0493621
0.049355
0.0493445
0.049331
0.0493154
0.0492984
0.0492806
0.0492628
0.0492453
0.0492286
0.049213
0.0491987
0.0491858
0.0491744
0.0491647
0.0491565
0.0491498
0.0491447
0.049141
0.0491386
0.0491375
0.0491375
0.0491385
0.0491405
0.0491433
0.0491469
0.0491511
0.0491559
0.0491611
0.0491667
0.0491725
0.0491784
0.0491845
0.0491905
0.0491964
0.0492021
0.0492076
0.0492126
0.0492172
0.0492212
0.0492244
0.0492267
0.0492279
0.0492282
0.0492277
0.0492247
0.0492049
0.049156
0.0490941
0.0490593
0.0490631
0.0490928
0.0491289
0.0491534
0.0491527
0.0491548
0.0491594
0.0491679
0.0491788
0.0491865
0.0491866
0.049179
0.0491225
0.0491596
0.0492571
0.0492636
0.0492548
0.0492352
0.0492042
0.0491676
0.0491389
0.0491227
0.0491116
0.0491068
0.049125
0.0491762
0.0492295
0.0492518
0.049255
0.0492534
0.0492509
0.0492487
0.0492472
0.0492466
0.0492472
0.049249
0.0492524
0.0492573
0.0492637
0.0492716
0.0492809
0.0492911
0.0493021
0.0493134
0.0493242
0.0493337
0.0493415
0.0493472
0.0493505
0.0493503
0.0493465
0.049339
0.0493282
0.0493147
0.0492993
0.0492825
0.0492652
0.0492478
0.0492309
0.0492149
0.0491999
0.0491863
0.0491741
0.0491634
0.0491542
0.0491465
0.0491404
0.0491358
0.0491326
0.0491307
0.04913
0.0491305
0.049132
0.0491344
0.0491377
0.0491417
0.0491463
0.0491515
0.0491572
0.0491632
0.0491695
0.049176
0.0491827
0.0491893
0.049196
0.0492026
0.049209
0.0492152
0.0492211
0.0492267
0.0492318
0.0492363
0.0492401
0.049243
0.0492449
0.0492447
0.0492339
0.0491958
0.0491312
0.0490757
0.049055
0.0490677
0.0490984
0.0491292
0.0491476
0.04915
0.0491535
0.0491618
0.0491749
0.0491858
0.0491885
0.049184
0.049113
0.0491576
0.049266
0.0492727
0.0492618
0.0492373
0.0492001
0.0491594
0.0491289
0.0491095
0.0490991
0.0491007
0.0491269
0.0491795
0.0492276
0.0492473
0.0492504
0.0492487
0.0492461
0.0492438
0.0492421
0.0492412
0.0492414
0.0492429
0.0492458
0.0492501
0.0492559
0.0492632
0.0492717
0.0492813
0.0492915
0.049302
0.0493119
0.0493208
0.049328
0.0493332
0.0493355
0.0493344
0.0493298
0.0493217
0.0493105
0.0492969
0.0492814
0.0492649
0.049248
0.0492312
0.0492149
0.0491995
0.0491853
0.0491724
0.0491609
0.0491509
0.0491424
0.0491353
0.0491298
0.0491257
0.049123
0.0491217
0.0491215
0.0491224
0.0491244
0.0491273
0.049131
0.0491355
0.0491406
0.0491463
0.0491524
0.0491589
0.0491656
0.0491726
0.0491797
0.0491869
0.049194
0.0492011
0.0492082
0.049215
0.0492217
0.0492281
0.0492342
0.0492399
0.0492451
0.0492495
0.0492529
0.0492546
0.0492498
0.049224
0.0491664
0.0491005
0.0490591
0.0490535
0.0490745
0.049105
0.0491307
0.0491448
0.04915
0.049158
0.0491731
0.0491872
0.0491923
0.0491864
0.0491052
0.0491577
0.0492758
0.0492829
0.0492707
0.0492436
0.049204
0.0491621
0.0491268
0.0491035
0.0490931
0.0490991
0.04913
0.0491818
0.0492258
0.0492439
0.0492465
0.0492444
0.0492415
0.0492389
0.0492369
0.0492356
0.0492353
0.0492362
0.0492386
0.0492423
0.0492476
0.0492542
0.0492621
0.049271
0.0492806
0.0492903
0.0492996
0.0493079
0.0493144
0.0493187
0.0493201
0.049318
0.0493125
0.0493036
0.0492918
0.0492779
0.0492624
0.049246
0.0492295
0.0492132
0.0491977
0.0491831
0.0491696
0.0491575
0.0491468
0.0491375
0.0491297
0.0491233
0.0491184
0.0491148
0.0491127
0.0491118
0.0491121
0.0491136
0.049116
0.0491194
0.0491237
0.0491287
0.0491343
0.0491404
0.049147
0.049154
0.0491612
0.0491686
0.0491761
0.0491837
0.0491912
0.0491987
0.0492061
0.0492134
0.0492205
0.0492273
0.0492339
0.0492401
0.0492458
0.0492509
0.0492552
0.049258
0.0492567
0.0492407
0.0491942
0.0491266
0.0490707
0.0490481
0.0490579
0.0490854
0.0491145
0.0491362
0.0491484
0.0491568
0.0491734
0.0491901
0.049197
0.0491889
0.0490985
0.0491587
0.0492851
0.0492932
0.0492811
0.049254
0.049215
0.0491712
0.0491318
0.0491046
0.0490931
0.0491015
0.0491346
0.0491849
0.0492257
0.0492419
0.0492434
0.0492406
0.0492373
0.0492342
0.0492316
0.0492298
0.049229
0.0492293
0.0492311
0.0492343
0.049239
0.0492451
0.0492525
0.0492608
0.0492699
0.049279
0.0492877
0.0492952
0.049301
0.0493043
0.0493045
0.0493013
0.0492947
0.0492849
0.0492724
0.049258
0.0492425
0.0492263
0.0492102
0.0491945
0.0491797
0.049166
0.0491534
0.0491421
0.0491323
0.0491238
0.0491167
0.049111
0.0491066
0.0491036
0.049102
0.0491016
0.0491024
0.0491043
0.0491073
0.0491112
0.0491159
0.0491214
0.0491275
0.0491342
0.0491413
0.0491487
0.0491564
0.0491642
0.0491722
0.0491801
0.049188
0.0491959
0.0492036
0.0492111
0.0492184
0.0492255
0.0492322
0.0492386
0.0492446
0.0492499
0.0492545
0.0492579
0.0492585
0.049249
0.0492134
0.0491499
0.0490854
0.0490486
0.0490472
0.0490703
0.0491013
0.0491284
0.0491474
0.0491592
0.0491755
0.0491942
0.0492027
0.0491927
0.049093
0.0491596
0.0492933
0.0493028
0.0492918
0.0492669
0.0492303
0.049186
0.0491438
0.0491131
0.0491
0.0491089
0.0491425
0.0491906
0.0492277
0.0492412
0.049241
0.0492373
0.0492333
0.0492296
0.0492265
0.049224
0.0492226
0.0492225
0.0492237
0.0492265
0.0492307
0.0492364
0.0492433
0.0492513
0.0492599
0.0492685
0.0492764
0.0492831
0.049288
0.0492902
0.0492891
0.0492846
0.0492767
0.0492658
0.0492525
0.0492377
0.049222
0.0492061
0.0491905
0.0491755
0.0491616
0.0491487
0.0491371
0.0491268
0.0491178
0.0491101
0.0491038
0.0490988
0.049095
0.0490926
0.0490914
0.0490915
0.0490927
0.0490951
0.0490985
0.0491028
0.0491081
0.049114
0.0491207
0.0491278
0.0491354
0.0491433
0.0491515
0.0491598
0.0491681
0.0491764
0.0491847
0.0491928
0.0492008
0.0492086
0.0492161
0.0492233
0.0492302
0.0492367
0.0492427
0.0492481
0.0492528
0.0492565
0.0492581
0.0492525
0.0492255
0.0491682
0.0490998
0.0490519
0.0490402
0.0490585
0.0490905
0.0491222
0.0491461
0.0491627
0.0491805
0.0491987
0.049209
0.049198
0.0490886
0.0491596
0.0492997
0.0493107
0.0493019
0.0492806
0.049247
0.0492047
0.0491622
0.0491295
0.0491146
0.0491228
0.0491552
0.0491996
0.0492315
0.0492412
0.0492392
0.0492345
0.0492297
0.0492254
0.0492216
0.0492185
0.0492166
0.0492159
0.0492168
0.0492191
0.0492231
0.0492285
0.0492352
0.0492428
0.0492509
0.0492588
0.049266
0.0492719
0.0492757
0.0492766
0.0492741
0.049268
0.0492586
0.0492465
0.0492324
0.0492171
0.0492014
0.0491858
0.0491708
0.0491567
0.0491437
0.0491318
0.0491213
0.049112
0.0491039
0.0490971
0.0490915
0.0490872
0.049084
0.0490821
0.0490814
0.0490818
0.0490834
0.0490862
0.04909
0.0490947
0.0491004
0.0491068
0.0491139
0.0491215
0.0491296
0.049138
0.0491466
0.0491553
0.0491641
0.0491728
0.0491814
0.0491899
0.0491981
0.0492061
0.0492139
0.0492212
0.0492282
0.0492348
0.0492409
0.0492464
0.0492512
0.0492551
0.0492572
0.0492536
0.0492325
0.0491813
0.0491117
0.0490555
0.0490347
0.0490486
0.0490815
0.0491177
0.0491466
0.0491666
0.0491863
0.0492047
0.0492152
0.0492043
0.0490851
0.049158
0.0493042
0.0493172
0.0493108
0.0492929
0.0492635
0.0492252
0.049185
0.0491525
0.0491367
0.0491435
0.0491727
0.0492111
0.0492361
0.0492414
0.0492376
0.049232
0.0492266
0.0492216
0.0492171
0.0492135
0.049211
0.04921
0.0492106
0.0492128
0.0492166
0.0492219
0.0492284
0.0492357
0.0492431
0.0492502
0.0492567
0.0492616
0.0492642
0.0492636
0.0492593
0.0492515
0.0492405
0.0492271
0.0492121
0.0491964
0.0491807
0.0491656
0.0491514
0.0491383
0.0491264
0.0491157
0.0491063
0.0490981
0.049091
0.0490851
0.0490802
0.0490766
0.049074
0.0490725
0.0490721
0.0490729
0.0490748
0.0490779
0.049082
0.0490871
0.0490931
0.0490999
0.0491074
0.0491155
0.049124
0.0491329
0.049142
0.0491511
0.0491603
0.0491694
0.0491784
0.0491872
0.0491957
0.049204
0.0492119
0.0492195
0.0492267
0.0492334
0.0492396
0.0492452
0.0492501
0.0492542
0.0492565
0.0492539
0.0492363
0.0491899
0.0491201
0.0490574
0.0490292
0.0490394
0.0490739
0.0491145
0.0491479
0.0491707
0.0491924
0.0492109
0.049221
0.049211
0.049082
0.0491547
0.0493064
0.0493218
0.0493174
0.0493027
0.0492781
0.0492453
0.0492096
0.0491795
0.049164
0.0491689
0.0491932
0.0492232
0.0492403
0.0492415
0.0492362
0.0492298
0.0492237
0.0492181
0.0492131
0.0492091
0.0492062
0.049205
0.0492055
0.0492077
0.0492116
0.0492169
0.0492231
0.0492297
0.0492365
0.049243
0.0492486
0.0492524
0.0492535
0.0492511
0.049245
0.0492352
0.0492224
0.0492076
0.0491918
0.0491758
0.0491604
0.0491459
0.0491327
0.0491207
0.0491101
0.0491007
0.0490925
0.0490854
0.0490793
0.0490743
0.0490702
0.0490672
0.0490651
0.049064
0.049064
0.049065
0.0490672
0.0490704
0.0490747
0.0490801
0.0490864
0.0490935
0.0491014
0.0491099
0.0491189
0.0491281
0.0491376
0.0491472
0.0491568
0.0491663
0.0491757
0.0491848
0.0491937
0.0492023
0.0492105
0.0492183
0.0492257
0.0492326
0.049239
0.0492448
0.0492499
0.0492541
0.0492566
0.0492543
0.0492384
0.0491947
0.0491246
0.0490565
0.0490222
0.0490304
0.0490674
0.0491128
0.04915
0.0491752
0.0491985
0.0492169
0.0492264
0.0492169
0.0490792
0.0491494
0.0493066
0.0493241
0.0493215
0.0493096
0.0492896
0.0492627
0.0492327
0.0492067
0.0491925
0.0491953
0.0492132
0.0492339
0.0492434
0.0492414
0.0492349
0.0492279
0.0492213
0.0492152
0.0492097
0.0492053
0.0492024
0.0492012
0.0492018
0.0492043
0.0492083
0.0492135
0.0492192
0.0492253
0.0492315
0.0492373
0.0492419
0.0492444
0.0492437
0.0492393
0.0492308
0.0492188
0.0492042
0.049188
0.0491715
0.0491555
0.0491405
0.049127
0.0491149
0.0491044
0.0490952
0.0490872
0.0490802
0.0490743
0.0490692
0.049065
0.0490617
0.0490592
0.0490575
0.0490568
0.049057
0.0490582
0.0490605
0.0490638
0.0490683
0.0490738
0.0490803
0.0490878
0.049096
0.0491048
0.0491142
0.0491239
0.0491338
0.0491438
0.0491538
0.0491637
0.0491734
0.0491829
0.0491921
0.049201
0.0492095
0.0492177
0.0492254
0.0492326
0.0492393
0.0492454
0.0492507
0.049255
0.0492575
0.0492551
0.0492393
0.0491965
0.0491249
0.0490519
0.0490131
0.0490211
0.0490622
0.0491125
0.0491529
0.04918
0.0492042
0.0492222
0.0492312
0.0492221
0.0490762
0.0491423
0.0493049
0.0493246
0.0493233
0.0493138
0.0492978
0.0492763
0.0492521
0.0492307
0.0492183
0.0492188
0.04923
0.0492419
0.0492453
0.0492408
0.0492337
0.0492263
0.0492193
0.0492129
0.0492071
0.0492025
0.0491997
0.0491987
0.0491998
0.0492026
0.0492066
0.0492115
0.0492169
0.0492225
0.0492281
0.049233
0.0492364
0.0492373
0.0492346
0.0492277
0.0492167
0.0492023
0.0491858
0.0491684
0.0491514
0.0491355
0.0491214
0.0491091
0.0490985
0.0490895
0.0490818
0.0490753
0.0490697
0.0490649
0.0490608
0.0490574
0.0490547
0.0490526
0.0490513
0.0490508
0.0490512
0.0490525
0.0490548
0.0490582
0.0490627
0.0490683
0.049075
0.0490826
0.0490911
0.0491003
0.04911
0.0491201
0.0491304
0.0491408
0.0491512
0.0491615
0.0491716
0.0491815
0.0491911
0.0492003
0.0492092
0.0492178
0.0492259
0.0492335
0.0492405
0.0492469
0.0492524
0.0492569
0.0492592
0.0492563
0.0492395
0.0491954
0.0491209
0.049043
0.0490013
0.0490118
0.0490588
0.0491141
0.0491563
0.0491847
0.0492093
0.0492265
0.0492349
0.0492263
0.0490729
0.0491336
0.0493016
0.0493235
0.0493234
0.0493156
0.0493028
0.0492858
0.0492667
0.0492495
0.0492387
0.0492371
0.0492422
0.0492471
0.0492461
0.0492401
0.0492325
0.049225
0.0492178
0.0492111
0.0492053
0.0492008
0.0491983
0.0491979
0.0491995
0.0492025
0.0492065
0.0492111
0.0492161
0.0492212
0.0492261
0.0492301
0.0492321
0.0492311
0.0492259
0.0492162
0.0492023
0.0491854
0.049167
0.0491487
0.0491315
0.0491162
0.0491032
0.0490924
0.0490836
0.0490763
0.0490703
0.0490653
0.049061
0.0490573
0.0490541
0.0490515
0.0490493
0.0490476
0.0490466
0.0490462
0.0490465
0.0490478
0.0490501
0.0490534
0.0490579
0.0490635
0.0490703
0.0490781
0.0490868
0.0490963
0.0491064
0.0491169
0.0491276
0.0491384
0.0491492
0.0491599
0.0491704
0.0491806
0.0491906
0.0492003
0.0492096
0.0492186
0.0492272
0.0492352
0.0492427
0.0492494
0.0492552
0.0492597
0.0492618
0.0492578
0.049239
0.0491917
0.0491125
0.0490294
0.0489869
0.0490032
0.049058
0.0491177
0.0491602
0.0491889
0.0492135
0.0492297
0.0492375
0.0492295
0.0490693
0.0491236
0.0492972
0.0493213
0.0493222
0.0493156
0.0493051
0.0492916
0.0492764
0.0492626
0.0492531
0.0492496
0.0492501
0.04925
0.0492461
0.0492393
0.0492316
0.049224
0.0492168
0.04921
0.0492042
0.0492002
0.0491985
0.0491987
0.0492007
0.0492039
0.0492078
0.0492121
0.0492167
0.0492213
0.0492254
0.0492283
0.0492288
0.0492254
0.0492173
0.0492043
0.0491874
0.049168
0.049148
0.0491289
0.049112
0.0490978
0.0490864
0.0490774
0.0490705
0.0490651
0.0490608
0.0490573
0.0490543
0.0490517
0.0490493
0.0490473
0.0490455
0.0490441
0.0490432
0.0490428
0.049043
0.0490442
0.0490462
0.0490494
0.0490538
0.0490594
0.0490662
0.0490742
0.0490832
0.049093
0.0491034
0.0491143
0.0491254
0.0491366
0.0491478
0.0491588
0.0491697
0.0491804
0.0491908
0.0492009
0.0492107
0.0492202
0.0492293
0.0492378
0.0492457
0.0492527
0.0492587
0.0492632
0.0492649
0.0492594
0.0492374
0.0491849
0.0490988
0.0490107
0.0489707
0.0489969
0.0490607
0.0491231
0.049164
0.0491925
0.0492166
0.0492317
0.0492391
0.0492318
0.0490651
0.0491125
0.0492918
0.0493183
0.0493201
0.0493143
0.0493054
0.0492943
0.0492821
0.0492706
0.049262
0.0492571
0.0492545
0.0492513
0.0492457
0.0492385
0.0492309
0.0492234
0.0492163
0.0492097
0.0492042
0.049201
0.0492
0.049201
0.0492034
0.0492066
0.0492103
0.0492144
0.0492185
0.0492226
0.0492259
0.0492275
0.049226
0.0492199
0.0492084
0.0491918
0.0491716
0.0491499
0.0491286
0.0491094
0.0490933
0.0490806
0.0490711
0.0490643
0.0490594
0.049056
0.0490535
0.0490514
0.0490497
0.049048
0.0490464
0.0490449
0.0490434
0.0490421
0.0490411
0.0490405
0.0490406
0.0490414
0.0490432
0.0490461
0.0490503
0.0490558
0.0490627
0.0490708
0.04908
0.0490901
0.0491009
0.0491122
0.0491237
0.0491353
0.0491469
0.0491584
0.0491697
0.0491807
0.0491916
0.0492022
0.0492126
0.0492226
0.0492322
0.0492413
0.0492496
0.0492569
0.049263
0.0492674
0.0492683
0.0492608
0.0492343
0.0491743
0.0490791
0.0489869
0.0489542
0.0489946
0.0490674
0.04913
0.0491674
0.0491955
0.0492185
0.0492326
0.0492395
0.0492332
0.0490605
0.0491004
0.0492857
0.0493147
0.0493174
0.0493121
0.0493043
0.0492948
0.0492846
0.0492749
0.0492669
0.0492611
0.0492565
0.0492515
0.0492452
0.049238
0.0492306
0.0492234
0.0492165
0.0492103
0.0492054
0.0492031
0.0492031
0.0492047
0.0492073
0.0492104
0.0492139
0.0492176
0.0492213
0.0492248
0.0492273
0.0492275
0.0492236
0.0492141
0.0491987
0.0491783
0.0491549
0.0491311
0.049109
0.0490903
0.0490756
0.049065
0.0490578
0.0490533
0.0490506
0.0490492
0.0490483
0.0490477
0.0490471
0.0490464
0.0490454
0.0490442
0.0490429
0.0490416
0.0490404
0.0490395
0.0490392
0.0490396
0.0490409
0.0490434
0.0490473
0.0490527
0.0490595
0.0490678
0.0490773
0.0490878
0.049099
0.0491107
0.0491227
0.0491347
0.0491467
0.0491586
0.0491703
0.0491818
0.0491932
0.0492043
0.0492153
0.0492259
0.049236
0.0492455
0.0492542
0.0492617
0.0492679
0.049272
0.0492719
0.0492616
0.049229
0.0491584
0.0490503
0.0489597
0.0489416
0.0489977
0.049078
0.0491375
0.0491701
0.0491977
0.0492191
0.0492323
0.049239
0.0492339
0.0490555
0.0490874
0.0492789
0.0493108
0.0493144
0.0493095
0.0493023
0.049294
0.0492851
0.0492765
0.049269
0.0492627
0.0492572
0.0492513
0.0492447
0.0492377
0.0492307
0.0492239
0.0492173
0.0492117
0.0492077
0.0492065
0.0492074
0.0492094
0.049212
0.0492149
0.0492181
0.0492215
0.0492249
0.0492279
0.0492295
0.0492279
0.049221
0.0492076
0.0491878
0.0491633
0.049137
0.0491116
0.0490896
0.0490721
0.0490595
0.0490513
0.0490467
0.0490446
0.0490442
0.0490447
0.0490455
0.0490463
0.0490468
0.0490468
0.0490463
0.0490454
0.0490441
0.0490425
0.049041
0.0490397
0.0490388
0.0490386
0.0490393
0.0490413
0.0490448
0.04905
0.0490568
0.0490653
0.0490751
0.049086
0.0490977
0.0491098
0.0491222
0.0491347
0.0491471
0.0491594
0.0491715
0.0491836
0.0491955
0.0492072
0.0492187
0.0492299
0.0492405
0.0492504
0.0492594
0.0492671
0.0492731
0.0492767
0.0492752
0.0492613
0.0492199
0.0491295
0.0490124
0.0489358
0.0489356
0.0490065
0.0490914
0.0491447
0.0491719
0.049199
0.0492185
0.0492311
0.0492377
0.049234
0.0490502
0.0490737
0.0492717
0.0493066
0.0493112
0.0493066
0.0492998
0.0492923
0.0492843
0.0492766
0.0492694
0.0492631
0.0492571
0.049251
0.0492445
0.0492379
0.0492314
0.049225
0.0492191
0.0492139
0.0492111
0.0492111
0.0492126
0.0492148
0.0492172
0.0492198
0.0492226
0.0492258
0.049229
0.0492316
0.0492321
0.0492283
0.0492179
0.0491999
0.0491753
0.0491469
0.049118
0.049092
0.0490708
0.0490553
0.0490453
0.04904
0.049038
0.0490384
0.0490402
0.0490426
0.049045
0.0490471
0.0490485
0.0490493
0.0490492
0.0490483
0.0490469
0.0490449
0.0490428
0.0490409
0.0490392
0.0490382
0.0490382
0.0490396
0.0490426
0.0490476
0.0490545
0.0490631
0.0490733
0.0490847
0.0490968
0.0491095
0.0491224
0.0491353
0.0491481
0.0491609
0.0491735
0.049186
0.0491985
0.0492108
0.0492229
0.0492345
0.0492456
0.0492559
0.049265
0.0492727
0.0492785
0.0492814
0.0492778
0.0492581
0.0491984
0.0490837
0.0489761
0.0489175
0.0489373
0.0490213
0.0491054
0.0491506
0.049173
0.0491991
0.0492167
0.0492292
0.0492357
0.0492337
0.0490447
0.0490591
0.0492639
0.0493023
0.0493081
0.0493037
0.0492972
0.0492902
0.049283
0.0492758
0.0492691
0.0492628
0.0492569
0.0492508
0.0492447
0.0492386
0.0492325
0.0492268
0.0492214
0.049217
0.0492158
0.0492167
0.0492185
0.0492205
0.0492225
0.0492246
0.0492272
0.0492303
0.0492335
0.0492357
0.049235
0.0492285
0.0492138
0.0491905
0.0491609
0.0491288
0.0490983
0.0490725
0.0490532
0.0490405
0.0490335
0.0490312
0.049032
0.0490348
0.0490387
0.0490429
0.0490469
0.0490502
0.0490526
0.0490538
0.049054
0.0490531
0.0490513
0.0490487
0.0490458
0.049043
0.0490404
0.0490384
0.0490375
0.0490382
0.0490407
0.0490455
0.0490524
0.0490614
0.049072
0.0490839
0.0490966
0.0491098
0.0491231
0.0491365
0.0491498
0.049163
0.0491762
0.0491893
0.0492023
0.0492151
0.0492277
0.0492398
0.0492513
0.0492618
0.0492711
0.0492786
0.049284
0.0492856
0.0492787
0.0492456
0.0491512
0.0490373
0.0489444
0.0489068
0.0489471
0.0490408
0.0491188
0.0491546
0.0491738
0.0491981
0.0492141
0.0492269
0.0492332
0.0492328
0.0490391
0.0490437
0.0492558
0.049298
0.049305
0.049301
0.0492947
0.0492881
0.0492814
0.0492748
0.0492684
0.0492625
0.0492567
0.049251
0.0492453
0.0492397
0.0492342
0.0492289
0.0492241
0.0492214
0.0492214
0.0492228
0.0492246
0.049226
0.0492272
0.0492289
0.0492315
0.0492349
0.0492383
0.0492402
0.049238
0.049228
0.0492081
0.049179
0.0491445
0.0491095
0.0490784
0.0490541
0.0490375
0.0490281
0.0490245
0.0490251
0.0490285
0.0490336
0.0490396
0.0490456
0.0490511
0.0490556
0.0490588
0.0490605
0.0490607
0.0490596
0.0490572
0.0490538
0.0490498
0.049046
0.0490422
0.0490391
0.0490371
0.0490369
0.049039
0.0490436
0.0490506
0.04906
0.0490712
0.0490837
0.049097
0.0491107
0.0491245
0.0491384
0.0491522
0.0491659
0.0491796
0.0491932
0.0492067
0.0492201
0.0492332
0.0492457
0.0492575
0.0492681
0.0492774
0.0492847
0.0492892
0.0492886
0.0492728
0.0492047
0.0490978
0.0489943
0.0489198
0.0489052
0.0489647
0.0490628
0.0491304
0.0491564
0.0491746
0.0491957
0.049211
0.0492244
0.0492303
0.0492314
0.0490336
0.0490274
0.0492473
0.0492936
0.0493022
0.0492984
0.0492924
0.0492861
0.0492798
0.0492737
0.0492678
0.0492622
0.0492568
0.0492515
0.0492463
0.0492412
0.0492363
0.0492315
0.0492277
0.0492266
0.0492275
0.0492292
0.0492303
0.0492306
0.049231
0.0492324
0.0492353
0.0492394
0.0492433
0.049245
0.0492408
0.0492265
0.0492004
0.0491651
0.0491262
0.0490893
0.049059
0.0490374
0.0490244
0.0490186
0.0490182
0.0490217
0.0490276
0.049035
0.0490429
0.0490507
0.0490577
0.0490633
0.0490672
0.0490692
0.0490693
0.0490676
0.0490644
0.04906
0.0490548
0.0490495
0.0490443
0.0490398
0.0490368
0.0490358
0.0490374
0.0490419
0.0490492
0.0490591
0.0490709
0.049084
0.049098
0.0491123
0.0491266
0.049141
0.0491553
0.0491695
0.0491837
0.0491978
0.0492119
0.0492258
0.0492392
0.0492521
0.0492641
0.0492749
0.0492839
0.0492906
0.0492934
0.0492864
0.0492406
0.0491479
0.0490467
0.0489576
0.0489045
0.0489133
0.0489891
0.0490852
0.0491394
0.0491566
0.049175
0.0491924
0.0492078
0.0492219
0.0492271
0.0492293
0.0490283
0.0490099
0.0492383
0.0492892
0.0492994
0.0492961
0.0492904
0.0492844
0.0492786
0.0492729
0.0492674
0.0492622
0.0492572
0.0492524
0.0492477
0.0492431
0.0492386
0.0492346
0.0492322
0.0492324
0.049234
0.0492351
0.0492348
0.0492337
0.0492333
0.0492349
0.0492388
0.0492439
0.0492486
0.04925
0.0492432
0.0492234
0.0491903
0.0491489
0.0491064
0.0490692
0.0490412
0.0490233
0.0490142
0.0490121
0.0490148
0.0490208
0.0490291
0.0490387
0.0490487
0.0490583
0.0490667
0.0490733
0.0490777
0.0490797
0.0490793
0.0490768
0.0490725
0.0490668
0.0490605
0.0490534
0.0490465
0.0490405
0.0490363
0.0490345
0.0490358
0.0490404
0.0490482
0.0490587
0.0490713
0.0490851
0.0490997
0.0491146
0.0491295
0.0491443
0.0491591
0.0491738
0.0491886
0.0492032
0.0492178
0.0492322
0.049246
0.0492592
0.0492713
0.049282
0.0492904
0.0492955
0.0492928
0.0492608
0.0491839
0.0490917
0.0490012
0.04893
0.0488998
0.0489309
0.0490182
0.0491058
0.0491457
0.0491561
0.0491742
0.0491886
0.0492049
0.0492198
0.0492235
0.0492266
0.0490234
0.0489912
0.0492288
0.0492848
0.0492968
0.049294
0.0492886
0.049283
0.0492776
0.0492724
0.0492674
0.0492626
0.049258
0.0492536
0.0492494
0.0492452
0.0492414
0.0492384
0.0492374
0.0492387
0.0492403
0.0492399
0.0492374
0.0492348
0.0492341
0.0492365
0.0492418
0.0492485
0.0492542
0.0492551
0.0492448
0.0492184
0.0491777
0.0491307
0.049086
0.0490501
0.0490258
0.0490123
0.0490073
0.0490084
0.0490138
0.0490223
0.0490328
0.0490446
0.0490568
0.0490682
0.049078
0.0490854
0.0490899
0.0490914
0.0490901
0.0490865
0.0490809
0.0490738
0.0490659
0.049057
0.0490482
0.0490407
0.0490354
0.0490331
0.0490344
0.0490393
0.0490478
0.0490591
0.0490725
0.049087
0.0491022
0.0491176
0.0491331
0.0491484
0.0491637
0.049179
0.0491943
0.0492096
0.0492247
0.0492395
0.0492538
0.0492671
0.0492792
0.0492892
0.0492958
0.0492952
0.0492696
0.049206
0.0491254
0.0490402
0.0489642
0.0489133
0.0489063
0.0489569
0.0490494
0.0491231
0.0491496
0.0491556
0.0491722
0.0491849
0.0492024
0.0492181
0.0492194
0.0492231
0.0490187
0.048971
0.0492187
0.0492803
0.0492943
0.0492921
0.0492871
0.0492819
0.049277
0.0492722
0.0492677
0.0492633
0.0492592
0.0492552
0.0492514
0.0492477
0.0492445
0.0492426
0.0492432
0.0492452
0.0492455
0.0492424
0.0492375
0.0492338
0.0492335
0.0492374
0.0492448
0.0492534
0.0492602
0.0492604
0.0492455
0.0492111
0.0491626
0.0491109
0.0490659
0.0490333
0.0490137
0.0490047
0.0490033
0.0490072
0.049015
0.0490258
0.0490387
0.0490528
0.049067
0.0490803
0.0490913
0.0490991
0.0491032
0.0491036
0.0491009
0.0490958
0.0490887
0.04908
0.0490703
0.0490594
0.0490488
0.04904
0.049034
0.0490315
0.0490331
0.0490388
0.0490482
0.0490604
0.0490746
0.0490899
0.0491057
0.0491216
0.0491376
0.0491535
0.0491694
0.0491853
0.0492012
0.0492171
0.0492328
0.0492481
0.0492627
0.049276
0.0492873
0.049295
0.0492947
0.0492703
0.0492165
0.049147
0.0490703
0.0489967
0.0489379
0.0489084
0.0489234
0.0489893
0.0490797
0.0491364
0.0491518
0.0491558
0.0491698
0.0491818
0.0492005
0.0492168
0.0492146
0.0492185
0.0490141
0.048949
0.0492078
0.0492757
0.0492917
0.0492903
0.0492858
0.0492812
0.0492767
0.0492725
0.0492684
0.0492645
0.0492607
0.0492572
0.0492537
0.0492506
0.0492482
0.0492477
0.0492498
0.0492512
0.0492484
0.0492418
0.0492349
0.0492308
0.0492317
0.0492378
0.0492478
0.0492588
0.0492669
0.0492658
0.0492449
0.0492014
0.0491453
0.0490906
0.0490476
0.0490198
0.0490053
0.0490004
0.0490019
0.0490082
0.0490182
0.0490311
0.0490463
0.0490628
0.0490793
0.0490943
0.0491061
0.0491137
0.0491165
0.0491149
0.0491101
0.0491031
0.0490946
0.0490846
0.0490728
0.0490598
0.0490478
0.0490381
0.0490318
0.0490297
0.0490322
0.0490391
0.0490496
0.0490629
0.0490779
0.0490938
0.0491101
0.0491266
0.0491431
0.0491597
0.0491762
0.0491929
0.0492096
0.0492263
0.0492427
0.0492585
0.0492731
0.0492852
0.0492932
0.0492913
0.0492647
0.049218
0.0491578
0.0490903
0.0490226
0.0489636
0.0489238
0.0489155
0.04895
0.0490255
0.0491066
0.0491457
0.0491528
0.0491567
0.0491674
0.0491792
0.0491991
0.049216
0.049209
0.049213
0.0490091
0.0489245
0.0491957
0.0492707
0.049289
0.0492884
0.0492847
0.0492808
0.0492769
0.0492732
0.0492696
0.0492661
0.0492627
0.0492595
0.0492566
0.0492541
0.0492527
0.049254
0.0492566
0.0492552
0.0492479
0.0492381
0.04923
0.0492266
0.0492294
0.0492382
0.0492513
0.0492649
0.0492744
0.0492713
0.0492428
0.0491893
0.0491265
0.0490711
0.0490323
0.0490102
0.0490005
0.0489989
0.0490027
0.0490109
0.0490228
0.049038
0.0490556
0.0490744
0.049093
0.0491094
0.0491215
0.0491279
0.0491283
0.0491238
0.049116
0.0491067
0.049097
0.0490862
0.0490723
0.0490571
0.049044
0.0490345
0.0490293
0.0490287
0.0490326
0.0490408
0.0490525
0.0490666
0.0490823
0.0490988
0.0491156
0.0491327
0.0491501
0.0491675
0.049185
0.0492027
0.0492205
0.0492381
0.0492552
0.0492708
0.0492834
0.0492898
0.0492834
0.0492547
0.0492125
0.0491599
0.0491007
0.0490402
0.0489849
0.0489426
0.0489224
0.048934
0.0489839
0.0490623
0.049128
0.0491517
0.0491533
0.0491574
0.0491654
0.0491771
0.0491981
0.0492159
0.0492031
0.0492071
0.0490036
0.0488969
0.0491812
0.0492648
0.0492858
0.0492865
0.0492838
0.0492806
0.0492775
0.0492744
0.0492713
0.0492683
0.0492653
0.0492625
0.0492601
0.0492585
0.0492584
0.0492615
0.0492622
0.0492554
0.0492436
0.0492319
0.049224
0.049222
0.0492271
0.0492391
0.0492556
0.0492721
0.049283
0.0492769
0.0492389
0.049175
0.0491072
0.049054
0.0490211
0.0490048
0.0489989
0.0489996
0.0490051
0.0490149
0.0490287
0.049046
0.0490659
0.0490871
0.0491076
0.0491248
0.0491364
0.0491405
0.0491372
0.0491285
0.049117
0.049105
0.0490937
0.0490812
0.0490653
0.0490509
0.0490392
0.0490314
0.0490279
0.049029
0.0490346
0.0490442
0.0490569
0.0490719
0.0490882
0.0491053
0.0491227
0.0491406
0.0491591
0.0491777
0.0491966
0.0492157
0.0492348
0.0492534
0.0492699
0.0492817
0.0492842
0.0492689
0.0492408
0.0492021
0.0491551
0.049103
0.0490496
0.0489998
0.0489593
0.0489347
0.0489335
0.0489625
0.0490225
0.0490962
0.0491434
0.0491554
0.0491539
0.0491573
0.0491637
0.0491754
0.0491972
0.0492166
0.0491987
0.0492016
0.0489978
0.0488662
0.0491621
0.0492568
0.0492817
0.0492842
0.0492828
0.0492807
0.0492784
0.0492761
0.0492737
0.0492712
0.0492687
0.0492663
0.0492647
0.0492643
0.049266
0.0492689
0.0492638
0.0492511
0.0492367
0.0492249
0.0492181
0.0492179
0.0492256
0.0492409
0.0492611
0.0492806
0.0492929
0.0492825
0.0492332
0.0491591
0.049089
0.0490406
0.0490146
0.049003
0.0489998
0.0490019
0.0490085
0.0490198
0.0490354
0.0490546
0.0490766
0.0491
0.0491219
0.0491393
0.0491494
0.04915
0.0491419
0.0491283
0.0491128
0.049098
0.0490845
0.0490704
0.0490565
0.0490442
0.049035
0.0490294
0.0490281
0.0490312
0.0490384
0.0490493
0.0490631
0.0490788
0.0490958
0.0491136
0.049132
0.0491511
0.0491714
0.0491919
0.0492126
0.0492335
0.0492536
0.0492704
0.0492787
0.0492717
0.0492517
0.0492231
0.0491871
0.049145
0.0490988
0.0490519
0.0490079
0.0489713
0.0489469
0.04894
0.0489562
0.0489986
0.0490625
0.0491243
0.0491535
0.0491576
0.0491546
0.0491572
0.0491631
0.0491742
0.0491956
0.0492179
0.0491988
0.0491954
0.0489926
0.048835
0.0491345
0.0492443
0.0492756
0.049281
0.0492814
0.0492806
0.0492795
0.0492781
0.0492766
0.0492749
0.0492729
0.0492713
0.0492705
0.0492714
0.0492749
0.049272
0.0492596
0.0492438
0.0492294
0.0492187
0.0492133
0.049215
0.0492253
0.0492442
0.0492683
0.0492909
0.0493043
0.0492879
0.0492256
0.0491424
0.0490734
0.0490321
0.0490124
0.0490042
0.0490024
0.0490053
0.0490128
0.0490253
0.0490423
0.0490633
0.0490872
0.0491122
0.0491348
0.0491514
0.049159
0.0491559
0.0491435
0.0491256
0.0491064
0.0490889
0.0490737
0.0490602
0.0490487
0.0490392
0.0490326
0.0490296
0.0490306
0.0490356
0.0490445
0.0490567
0.0490715
0.0490881
0.0491059
0.0491248
0.0491446
0.0491658
0.049189
0.0492118
0.0492348
0.0492563
0.0492708
0.0492694
0.0492538
0.0492314
0.049203
0.049169
0.0491307
0.0490896
0.0490483
0.04901
0.048978
0.0489561
0.0489482
0.048958
0.0489887
0.0490396
0.0491001
0.0491449
0.0491597
0.0491593
0.0491562
0.0491586
0.0491642
0.0491734
0.0491928
0.049219
0.0492046
0.0491845
0.0489882
0.0488078
0.0490979
0.0492231
0.0492652
0.0492756
0.0492786
0.0492797
0.04928
0.0492798
0.0492793
0.0492785
0.0492774
0.0492764
0.049276
0.0492768
0.0492775
0.0492672
0.0492519
0.0492366
0.0492237
0.0492144
0.0492104
0.0492138
0.0492269
0.0492495
0.0492775
0.0493033
0.0493174
0.0492928
0.0492162
0.0491264
0.0490621
0.0490288
0.049014
0.0490076
0.0490062
0.0490094
0.0490176
0.049031
0.049049
0.0490711
0.0490959
0.0491213
0.049144
0.0491602
0.0491662
0.0491605
0.0491447
0.0491233
0.0491011
0.0490815
0.0490657
0.0490536
0.0490442
0.0490373
0.0490334
0.0490329
0.0490361
0.0490431
0.0490535
0.049067
0.0490829
0.0491006
0.0491198
0.0491404
0.0491627
0.0491874
0.0492141
0.0492393
0.0492607
0.0492646
0.0492525
0.049233
0.049209
0.0491807
0.0491487
0.0491135
0.0490767
0.0490403
0.0490071
0.0489798
0.0489615
0.0489549
0.0489629
0.0489874
0.0490286
0.0490817
0.0491317
0.0491587
0.0491642
0.0491621
0.0491599
0.0491626
0.0491671
0.0491733
0.0491881
0.0492192
0.0492174
0.0491686
0.048984
0.0487874
0.0490601
0.0491899
0.0492465
0.0492652
0.0492725
0.0492762
0.0492783
0.0492795
0.0492801
0.0492803
0.04928
0.0492791
0.0492782
0.0492766
0.0492704
0.0492586
0.0492449
0.0492318
0.0492206
0.0492126
0.0492098
0.049215
0.0492308
0.0492571
0.0492891
0.0493179
0.0493321
0.0492969
0.0492054
0.0491128
0.0490563
0.0490304
0.0490183
0.0490125
0.049011
0.0490142
0.0490223
0.0490356
0.0490537
0.049076
0.0491012
0.0491269
0.04915
0.0491663
0.0491722
0.0491657
0.0491483
0.0491248
0.0491006
0.0490798
0.0490639
0.0490529
0.0490451
0.0490402
0.0490386
0.0490403
0.0490456
0.0490544
0.0490665
0.0490814
0.0490988
0.0491182
0.0491397
0.0491632
0.0491894
0.0492189
0.0492476
0.0492575
0.04925
0.0492321
0.0492099
0.0491849
0.0491573
0.049127
0.0490947
0.0490615
0.0490295
0.0490008
0.0489779
0.0489633
0.0489593
0.0489678
0.04899
0.0490259
0.0490724
0.0491205
0.0491554
0.0491687
0.0491697
0.0491678
0.0491671
0.0491689
0.0491712
0.0491744
0.0491823
0.0492134
0.0492404
0.0492015
0.04898
0.0487753
0.0490251
0.0491528
0.0492169
0.0492459
0.0492595
0.049267
0.0492716
0.0492746
0.0492765
0.0492776
0.0492778
0.049277
0.0492751
0.0492713
0.0492629
0.0492521
0.0492406
0.0492296
0.04922
0.0492133
0.0492117
0.0492187
0.0492373
0.0492674
0.0493034
0.049335
0.0493484
0.0492997
0.0491941
0.0491034
0.0490565
0.0490357
0.0490246
0.0490182
0.049016
0.0490185
0.049026
0.0490386
0.0490561
0.0490779
0.0491027
0.0491284
0.049152
0.0491696
0.0491773
0.0491727
0.0491566
0.0491333
0.0491085
0.049087
0.049071
0.0490602
0.0490533
0.0490499
0.0490501
0.0490537
0.049061
0.0490716
0.0490855
0.0491023
0.0491219
0.0491441
0.0491692
0.0491974
0.0492267
0.0492457
0.0492457
0.0492304
0.0492091
0.0491853
0.0491602
0.0491334
0.0491049
0.0490752
0.0490454
0.0490171
0.0489925
0.0489736
0.0489627
0.0489615
0.0489716
0.0489938
0.0490274
0.0490699
0.049115
0.0491524
0.0491728
0.0491785
0.0491784
0.0491772
0.0491764
0.0491758
0.0491755
0.0491762
0.0491795
0.0491943
0.049244
0.049277
0.0489758
0.0487729
0.0489953
0.0491161
0.0491823
0.0492177
0.0492373
0.0492491
0.0492568
0.0492621
0.0492657
0.049268
0.049269
0.0492686
0.0492666
0.0492624
0.0492552
0.0492468
0.0492378
0.0492291
0.0492214
0.0492161
0.049216
0.0492249
0.0492466
0.0492806
0.0493202
0.0493543
0.0493659
0.0493007
0.0491834
0.0490997
0.049062
0.0490434
0.0490318
0.0490243
0.049021
0.0490221
0.0490283
0.0490395
0.0490556
0.0490759
0.0490996
0.0491248
0.049149
0.0491688
0.0491804
0.0491811
0.0491701
0.0491504
0.0491272
0.0491058
0.0490895
0.0490783
0.0490716
0.0490691
0.0490706
0.049076
0.049085
0.0490977
0.0491138
0.0491333
0.0491558
0.049181
0.0492072
0.0492284
0.0492355
0.0492263
0.0492073
0.0491842
0.04916
0.0491353
0.0491097
0.0490831
0.049056
0.0490294
0.0490046
0.0489837
0.0489684
0.0489608
0.0489624
0.0489745
0.0489974
0.0490303
0.0490708
0.0491136
0.0491512
0.0491761
0.0491869
0.0491894
0.0491881
0.0491856
0.0491826
0.0491799
0.049178
0.0491773
0.0491786
0.0491854
0.0492122
0.0492866
0.0489705
0.048781
0.0489729
0.0490831
0.0491475
0.0491852
0.0492082
0.0492232
0.0492336
0.0492411
0.0492466
0.0492504
0.0492527
0.0492535
0.0492527
0.04925
0.0492458
0.0492406
0.0492349
0.0492291
0.0492238
0.0492205
0.0492222
0.0492335
0.0492585
0.0492964
0.0493396
0.0493758
0.0493839
0.0492994
0.0491753
0.0491036
0.0490706
0.0490524
0.0490397
0.0490307
0.0490256
0.0490249
0.0490289
0.0490378
0.0490515
0.0490695
0.0490911
0.0491149
0.0491392
0.0491613
0.0491781
0.0491867
0.0491852
0.0491741
0.0491567
0.0491378
0.0491217
0.0491101
0.0491034
0.0491014
0.0491038
0.0491105
0.0491212
0.0491356
0.0491533
0.0491734
0.049194
0.0492113
0.0492201
0.0492165
0.0492019
0.049181
0.0491579
0.0491343
0.0491106
0.0490866
0.0490623
0.049038
0.0490145
0.0489931
0.0489755
0.0489635
0.0489588
0.0489629
0.0489767
0.0490005
0.0490331
0.0490721
0.0491131
0.0491498
0.0491764
0.0491909
0.0491956
0.0491918
0.049186
0.0491823
0.0491794
0.0491774
0.0491763
0.049176
0.0491772
0.0491819
0.0491984
0.0492584
0.0489654
0.0488003
0.0489603
0.0490573
0.0491166
0.0491533
0.0491769
0.0491931
0.0492049
0.0492139
0.049221
0.0492264
0.0492305
0.0492333
0.0492349
0.0492352
0.0492347
0.0492334
0.0492316
0.0492291
0.0492267
0.0492258
0.0492299
0.0492441
0.0492728
0.0493147
0.0493611
0.0493992
0.0494016
0.0492956
0.0491746
0.0491116
0.0490809
0.0490622
0.049048
0.0490371
0.0490297
0.0490265
0.0490277
0.0490335
0.0490438
0.0490584
0.0490766
0.0490978
0.0491208
0.0491438
0.0491648
0.0491815
0.0491914
0.0491935
0.0491878
0.0491768
0.0491638
0.0491531
0.0491468
0.0491449
0.0491474
0.0491538
0.0491635
0.0491753
0.0491876
0.0491979
0.049203
0.0492004
0.0491897
0.0491727
0.049152
0.0491301
0.0491082
0.0490864
0.0490647
0.049043
0.0490217
0.0490014
0.0489833
0.048969
0.0489599
0.0489577
0.0489637
0.0489788
0.0490028
0.0490348
0.0490721
0.0491107
0.0491456
0.049172
0.0491879
0.049195
0.0491949
0.0491786
0.0491711
0.049167
0.0491662
0.049167
0.0491687
0.0491709
0.0491736
0.0491783
0.0491917
0.0492385
0.0489606
0.048832
0.0489597
0.0490418
0.049094
0.0491272
0.0491492
0.0491647
0.0491765
0.049186
0.049194
0.0492009
0.0492068
0.049212
0.0492163
0.0492201
0.0492235
0.0492264
0.0492284
0.0492295
0.0492301
0.0492319
0.0492387
0.0492565
0.0492892
0.0493351
0.0493843
0.0494238
0.0494174
0.0492928
0.0491799
0.0491218
0.0490924
0.0490727
0.0490566
0.0490433
0.0490332
0.0490268
0.0490245
0.0490264
0.0490325
0.0490425
0.0490563
0.0490732
0.0490927
0.0491139
0.0491355
0.049156
0.0491738
0.0491871
0.0491947
0.0491959
0.0491912
0.0491844
0.0491794
0.0491771
0.0491772
0.0491792
0.0491819
0.0491837
0.0491831
0.0491786
0.0491693
0.0491557
0.0491389
0.0491202
0.0491008
0.0490816
0.0490626
0.0490439
0.0490254
0.0490074
0.0489906
0.0489758
0.0489645
0.0489581
0.048958
0.0489654
0.0489809
0.0490045
0.0490349
0.0490698
0.0491055
0.0491377
0.0491627
0.049179
0.0491879
0.0491913
0.049186
0.0491615
0.0491499
0.0491447
0.0491451
0.0491492
0.0491548
0.0491609
0.0491668
0.0491734
0.0491863
0.049227
0.0489555
0.0488772
0.0489737
0.04904
0.0490835
0.0491117
0.0491305
0.049144
0.0491547
0.0491638
0.0491722
0.04918
0.0491874
0.0491946
0.0492016
0.0492083
0.0492151
0.0492214
0.0492268
0.0492309
0.0492341
0.0492385
0.0492485
0.0492702
0.0493074
0.0493571
0.0494085
0.0494491
0.0494298
0.0492954
0.0491882
0.0491337
0.0491046
0.0490835
0.0490652
0.0490492
0.049036
0.0490261
0.0490198
0.0490171
0.0490182
0.0490229
0.0490309
0.0490421
0.049056
0.0490722
0.0490899
0.0491083
0.0491263
0.0491425
0.0491558
0.0491649
0.0491691
0.0491681
0.0491657
0.049163
0.0491603
0.0491571
0.0491528
0.0491468
0.0491385
0.0491279
0.0491151
0.0491007
0.0490855
0.0490699
0.0490544
0.0490392
0.0490242
0.0490094
0.0489952
0.048982
0.0489708
0.0489625
0.0489585
0.0489601
0.0489683
0.0489836
0.0490058
0.0490339
0.0490657
0.0490979
0.0491271
0.0491504
0.0491668
0.0491775
0.0491842
0.0491872
0.0491719
0.0491411
0.0491249
0.049118
0.0491189
0.0491258
0.0491357
0.0491465
0.0491568
0.0491667
0.0491809
0.0492191
0.0489501
0.0489363
0.0490039
0.0490549
0.0490893
0.0491117
0.0491266
0.0491375
0.0491465
0.0491547
0.0491627
0.0491706
0.0491787
0.049187
0.0491954
0.0492039
0.0492124
0.0492207
0.0492279
0.0492338
0.0492389
0.0492456
0.0492589
0.0492851
0.0493269
0.04938
0.0494331
0.0494743
0.0494406
0.049302
0.0491987
0.0491466
0.0491173
0.0490945
0.0490738
0.0490549
0.0490384
0.0490246
0.0490139
0.0490064
0.049002
0.0490008
0.0490025
0.0490071
0.0490142
0.0490235
0.0490347
0.0490471
0.0490601
0.0490728
0.0490844
0.049094
0.0491012
0.0491048
0.0491054
0.0491044
0.0491019
0.049098
0.0490927
0.049086
0.0490779
0.0490687
0.0490587
0.0490481
0.0490373
0.0490265
0.0490157
0.0490051
0.0489948
0.0489848
0.0489756
0.048968
0.0489628
0.0489611
0.0489641
0.0489726
0.0489872
0.0490076
0.0490329
0.0490611
0.0490896
0.0491157
0.0491372
0.0491535
0.0491656
0.0491743
0.0491804
0.049184
0.049154
0.0491168
0.0490976
0.04909
0.0490911
0.0490998
0.0491136
0.0491293
0.0491446
0.0491587
0.0491755
0.0492132
0.0489448
0.0490072
0.0490516
0.0490897
0.0491163
0.0491336
0.0491451
0.0491535
0.0491605
0.0491669
0.0491732
0.0491796
0.0491863
0.0491935
0.0492012
0.0492093
0.0492173
0.0492251
0.0492323
0.0492384
0.0492443
0.049253
0.0492701
0.0493011
0.0493475
0.0494034
0.0494575
0.0494987
0.0494519
0.0493111
0.0492107
0.0491602
0.0491302
0.0491056
0.0490825
0.0490606
0.0490406
0.0490229
0.0490078
0.0489952
0.0489854
0.0489783
0.0489737
0.0489716
0.0489718
0.0489741
0.0489784
0.0489841
0.048991
0.0489985
0.0490062
0.0490134
0.0490198
0.049025
0.0490281
0.0490295
0.0490296
0.0490283
0.049026
0.0490226
0.0490185
0.0490137
0.0490086
0.0490031
0.0489976
0.048992
0.0489864
0.0489808
0.0489755
0.0489708
0.048967
0.048965
0.0489657
0.04897
0.0489786
0.0489922
0.0490105
0.0490327
0.0490574
0.0490824
0.0491055
0.0491251
0.049141
0.0491539
0.049164
0.0491709
0.0491768
0.0491796
0.0491332
0.0490904
0.0490716
0.0490656
0.0490669
0.0490758
0.0490923
0.0491123
0.0491325
0.0491509
0.0491707
0.0492092
0.0489396
0.0490873
0.04912
0.0491515
0.0491743
0.0491889
0.0491977
0.049203
0.0492062
0.0492081
0.0492094
0.0492105
0.049212
0.0492145
0.0492181
0.0492227
0.0492279
0.0492333
0.0492385
0.0492436
0.0492498
0.0492608
0.0492823
0.0493186
0.0493692
0.049427
0.0494813
0.0495214
0.0494648
0.0493223
0.0492237
0.0491739
0.0491431
0.0491168
0.0490914
0.0490668
0.0490435
0.049022
0.0490025
0.0489852
0.0489702
0.0489575
0.048947
0.0489388
0.0489329
0.048929
0.0489272
0.0489271
0.0489287
0.0489317
0.0489357
0.0489403
0.0489453
0.0489504
0.048955
0.0489587
0.0489616
0.0489639
0.0489655
0.0489666
0.0489672
0.0489676
0.0489677
0.0489677
0.0489675
0.0489673
0.048967
0.0489667
0.0489666
0.048967
0.0489685
0.0489717
0.0489773
0.0489862
0.0489987
0.0490148
0.0490342
0.0490555
0.0490773
0.0490977
0.0491153
0.0491301
0.0491428
0.0491537
0.0491611
0.0491677
0.0491739
0.0491721
0.0491109
0.0490657
0.0490524
0.0490513
0.0490535
0.0490598
0.0490765
0.0490993
0.0491232
0.0491452
0.0491679
0.0492071
0.0489347
0.0491768
0.0492171
0.0492528
0.0492765
0.0492883
0.0492909
0.0492873
0.0492802
0.0492712
0.0492617
0.0492528
0.0492455
0.0492404
0.0492378
0.0492374
0.0492387
0.0492411
0.0492439
0.049248
0.0492551
0.0492695
0.0492964
0.0493381
0.049392
0.0494505
0.0495042
0.0495427
0.0494794
0.0493353
0.0492375
0.0491878
0.049156
0.0491283
0.049101
0.049074
0.0490478
0.0490228
0.0489994
0.0489778
0.048958
0.0489403
0.0489247
0.0489113
0.0489001
0.048891
0.0488842
0.0488796
0.048877
0.0488764
0.0488774
0.0488799
0.0488836
0.0488885
0.0488938
0.0488992
0.0489047
0.0489102
0.0489156
0.048921
0.0489264
0.0489317
0.0489369
0.0489421
0.0489473
0.0489523
0.0489572
0.048962
0.0489669
0.0489721
0.0489781
0.0489854
0.0489947
0.0490063
0.0490206
0.0490372
0.0490554
0.0490742
0.049092
0.0491078
0.049121
0.0491323
0.0491427
0.0491508
0.049158
0.0491655
0.0491729
0.0491615
0.0490886
0.0490487
0.0490466
0.0490534
0.0490577
0.0490582
0.0490708
0.0490941
0.0491199
0.0491437
0.0491685
0.0492067
0.0489302
0.0492739
0.0493402
0.0493848
0.0494042
0.0494018
0.0493858
0.0493638
0.0493406
0.0493183
0.0492981
0.0492808
0.049267
0.0492568
0.0492501
0.0492464
0.049245
0.0492454
0.0492473
0.0492516
0.0492613
0.0492809
0.0493139
0.0493605
0.0494164
0.0494742
0.0495263
0.049563
0.049496
0.0493504
0.0492522
0.049202
0.0491694
0.0491407
0.0491121
0.0490833
0.0490548
0.0490269
0.0490001
0.0489746
0.0489507
0.0489287
0.0489086
0.0488907
0.048875
0.0488617
0.0488508
0.0488425
0.0488365
0.048833
0.0488317
0.0488326
0.0488352
0.0488397
0.0488456
0.0488524
0.04886
0.0488682
0.048877
0.0488862
0.0488958
0.0489057
0.0489157
0.0489258
0.0489359
0.0489459
0.0489556
0.048965
0.0489743
0.0489835
0.0489929
0.0490031
0.0490143
0.0490269
0.049041
0.0490563
0.0490721
0.0490874
0.0491014
0.0491132
0.0491231
0.0491318
0.0491393
0.049147
0.0491556
0.0491655
0.0491749
0.0491488
0.0490702
0.0490455
0.0490568
0.0490717
0.0490787
0.0490768
0.0490801
0.0490989
0.0491235
0.0491471
0.0491736
0.0491976
0.0489285
0.0493648
0.0494498
0.0494843
0.0494822
0.0494497
0.0494102
0.0493746
0.049345
0.0493203
0.0492997
0.0492827
0.0492692
0.0492592
0.0492523
0.0492482
0.0492466
0.0492471
0.0492501
0.0492572
0.0492718
0.0492981
0.0493373
0.0493873
0.0494431
0.0494986
0.049548
0.0495828
0.0495147
0.0493683
0.0492686
0.0492173
0.0491842
0.0491551
0.049126
0.0490963
0.0490661
0.049036
0.0490064
0.0489777
0.0489502
0.0489244
0.0489004
0.0488786
0.0488591
0.0488421
0.0488278
0.0488162
0.0488075
0.0488015
0.0487983
0.0487976
0.0487994
0.0488036
0.0488097
0.0488175
0.0488267
0.0488372
0.0488488
0.0488613
0.0488746
0.0488885
0.0489028
0.0489173
0.0489318
0.0489461
0.0489599
0.0489732
0.0489859
0.0489979
0.0490095
0.0490209
0.0490325
0.0490444
0.0490569
0.0490697
0.0490823
0.0490943
0.0491049
0.0491139
0.0491216
0.0491286
0.0491344
0.0491437
0.0491549
0.0491691
0.0491806
0.0491366
0.0490615
0.0490547
0.0490767
0.0490987
0.0491106
0.04911
0.0491077
0.0491179
0.0491372
0.0491583
0.0491825
0.0491758
0.0489314
0.0494294
0.0495057
0.0495154
0.0494965
0.0494586
0.0493955
0.0493494
0.0493204
0.0493001
0.0492844
0.0492718
0.0492621
0.049255
0.0492504
0.0492482
0.0492484
0.0492515
0.0492584
0.0492711
0.0492928
0.049326
0.0493696
0.0494202
0.0494736
0.0495251
0.0495707
0.049603
0.0495363
0.049391
0.0492891
0.0492362
0.0492026
0.0491736
0.0491449
0.0491152
0.0490843
0.0490527
0.049021
0.0489896
0.0489592
0.04893
0.0489026
0.0488772
0.0488542
0.0488338
0.0488163
0.0488018
0.0487904
0.0487821
0.0487769
0.0487747
0.0487755
0.0487791
0.0487852
0.0487936
0.0488039
0.0488161
0.0488298
0.048845
0.0488612
0.0488784
0.0488962
0.0489143
0.0489323
0.04895
0.0489671
0.0489832
0.0489981
0.0490118
0.0490242
0.0490354
0.0490459
0.0490558
0.0490655
0.0490751
0.0490843
0.0490931
0.0491013
0.0491093
0.0491161
0.0491202
0.0491288
0.0491412
0.0491571
0.0491781
0.0491909
0.0491283
0.049063
0.0490689
0.0490953
0.0491222
0.0491431
0.0491525
0.049151
0.0491534
0.0491638
0.0491764
0.0491817
0.0491399
0.048942
0.0494597
0.0495106
0.0495142
0.049503
0.0494822
0.0494316
0.0493529
0.0493146
0.0492938
0.04928
0.0492702
0.0492634
0.0492594
0.0492579
0.049259
0.0492632
0.0492712
0.0492843
0.0493042
0.049333
0.0493703
0.0494143
0.0494621
0.0495107
0.0495567
0.0495971
0.0496253
0.0495635
0.0494242
0.0493204
0.0492648
0.0492297
0.0492005
0.0491727
0.049144
0.0491135
0.0490815
0.0490485
0.0490152
0.0489823
0.0489503
0.0489197
0.048891
0.0488646
0.0488409
0.0488201
0.0488025
0.0487882
0.0487773
0.0487699
0.0487658
0.0487651
0.0487677
0.0487732
0.0487814
0.0487921
0.048805
0.04882
0.0488368
0.048855
0.0488743
0.0488944
0.0489149
0.0489354
0.0489553
0.0489743
0.0489919
0.0490079
0.0490219
0.0490338
0.0490436
0.0490517
0.0490586
0.0490647
0.0490706
0.0490765
0.0490845
0.04909
0.0490952
0.0491006
0.0491085
0.049122
0.0491406
0.0491643
0.0491934
0.0492064
0.0491258
0.0490703
0.0490783
0.0490989
0.049122
0.0491444
0.0491621
0.0491693
0.0491683
0.049166
0.0491593
0.0491416
0.0490971
0.0489641
0.0494656
0.0494854
0.0494875
0.0495053
0.049516
0.0494962
0.0494336
0.0493625
0.0493338
0.0493172
0.0493069
0.0493011
0.0492991
0.0493005
0.0493054
0.0493139
0.0493268
0.0493447
0.0493685
0.0494003
0.0494376
0.0494785
0.0495209
0.0495623
0.0496006
0.0496338
0.049656
0.0496062
0.0494857
0.0493831
0.0493228
0.0492804
0.0492457
0.0492173
0.0491902
0.0491616
0.0491308
0.0490984
0.0490648
0.0490309
0.0489971
0.0489641
0.0489325
0.0489028
0.0488754
0.0488508
0.0488292
0.0488109
0.0487962
0.0487851
0.0487777
0.0487741
0.0487742
0.048778
0.048785
0.0487948
0.0488072
0.0488219
0.0488388
0.0488574
0.0488773
0.0488982
0.0489195
0.0489408
0.0489614
0.0489808
0.0489985
0.049014
0.0490271
0.0490374
0.0490449
0.0490498
0.049053
0.0490557
0.0490609
0.0490629
0.0490652
0.049068
0.0490721
0.0490804
0.0490967
0.0491197
0.049148
0.049181
0.0492182
0.0492265
0.049128
0.0490774
0.0490742
0.0490754
0.0490774
0.0490804
0.0490844
0.0490889
0.0490909
0.0490877
0.0490813
0.0490738
0.0490595
0.0490001
0.0495196
0.0495421
0.0495631
0.0495792
0.0495915
0.0495994
0.0495884
0.049545
0.0495038
0.0494816
0.049469
0.049463
0.049462
0.0494653
0.0494727
0.0494844
0.0495005
0.0495215
0.0495472
0.0495727
0.0495968
0.04962
0.0496425
0.0496643
0.0496849
0.0497042
0.0497271
0.049734
0.049706
0.0496397
0.0495373
0.049427
0.0493479
0.0493042
0.0492765
0.0492519
0.0492265
0.0491994
0.0491711
0.0491419
0.0491124
0.049083
0.0490542
0.0490266
0.0490006
0.0489765
0.0489547
0.0489353
0.0489187
0.0489049
0.0488941
0.0488863
0.0488817
0.0488799
0.0488815
0.0488864
0.0488943
0.048905
0.0489182
0.0489335
0.0489504
0.0489685
0.0489873
0.0490061
0.0490243
0.0490412
0.0490563
0.0490691
0.0490792
0.0490861
0.0490892
0.0490887
0.0490944
0.0490963
0.049098
0.0490998
0.0491032
0.0491097
0.0491207
0.0491363
0.049156
0.0491795
0.0492062
0.0492356
0.0492671
0.0492521
0.0491385
0.049093
0.0490789
0.0490658
0.0490539
0.0490444
0.0490378
0.0490343
0.049033
0.0490326
0.0490357
0.049048
0.0490675
0.0490633
)
;

boundaryField
{
    floor
    {
        type            fixedFluxPressure;
        gradient        uniform 0;
        value           nonuniform List<scalar> 
100
(
0.0492048
0.0492153
0.0492272
0.0492285
0.0492239
0.0492157
0.0492051
0.0491952
0.0491877
0.0491839
0.0491837
0.0491877
0.0491795
0.0491678
0.0491666
0.0491691
0.0491728
0.0491778
0.0491838
0.0491904
0.0491973
0.0492049
0.0492132
0.0492227
0.0492334
0.0492456
0.049259
0.0492738
0.0492896
0.0493064
0.0493237
0.0493409
0.0493574
0.0493721
0.0493834
0.0493899
0.0493914
0.0493889
0.0493808
0.0493683
0.0493528
0.049335
0.0493156
0.0492954
0.0492748
0.0492545
0.0492349
0.0492163
0.049199
0.049183
0.0491686
0.0491558
0.0491445
0.0491346
0.0491263
0.0491193
0.0491136
0.049109
0.0491055
0.0491029
0.049101
0.0490998
0.0490992
0.0490989
0.049099
0.0490993
0.0490996
0.0490998
0.0491
0.0490999
0.0490994
0.0490985
0.0490971
0.049095
0.0490922
0.0490887
0.0490844
0.0490797
0.0490747
0.04907
0.0490661
0.0490641
0.0490651
0.049071
0.0491027
0.0490988
0.0491063
0.0491141
0.0491219
0.0491294
0.0491373
0.0491465
0.0491583
0.0491732
0.0491896
0.0492023
0.0492067
0.0491941
0.0491799
0.0491749
)
;
    }
    ceiling
    {
        type            fixedFluxPressure;
        gradient        nonuniform List<scalar> 
100
(
0.649046
0.643872
0.638678
0.634427
0.630965
0.62843
0.629814
0.63797
0.645921
0.6503
0.652922
0.654371
0.6549
0.654611
0.653535
0.651653
0.64892
0.645286
0.640817
0.636553
0.632797
0.629411
0.626303
0.623399
0.620628
0.617854
0.613901
0.612692
0.618322
0.631456
0.651646
0.673199
0.688101
0.695395
0.698895
0.701203
0.703163
0.70497
0.706668
0.708276
0.709807
0.71127
0.712673
0.714024
0.715329
0.71659
0.717814
0.719002
0.720157
0.721282
0.722379
0.723448
0.724493
0.725513
0.726401
0.727154
0.727779
0.728284
0.728676
0.728958
0.729135
0.729207
0.729175
0.729038
0.728793
0.728439
0.727973
0.727392
0.7267
0.725905
0.725023
0.724045
0.721436
0.719392
0.717096
0.714821
0.71246
0.709975
0.707274
0.704442
0.701608
0.698732
0.695782
0.692714
0.68944
0.694808
0.717961
0.726062
0.727554
0.72889
0.730308
0.731774
0.733289
0.73487
0.736557
0.738661
0.741255
0.744469
0.748802
0.755863
)
;
        value           nonuniform List<scalar> 
100
(
0.0527648
0.0527615
0.0527565
0.0527513
0.0527463
0.0527415
0.0527375
0.0527349
0.0527334
0.0527331
0.0527336
0.0527348
0.0527365
0.0527383
0.0527404
0.0527426
0.0527451
0.0527479
0.0527513
0.0527555
0.0527608
0.052767
0.052774
0.0527813
0.052788
0.0527935
0.0527966
0.0527975
0.0527976
0.0527969
0.0527955
0.052793
0.0527884
0.0527811
0.052771
0.052758
0.0527423
0.0527243
0.0527044
0.0526833
0.0526614
0.0526393
0.0526176
0.0525968
0.0525773
0.0525595
0.0525437
0.0525303
0.0525195
0.0525113
0.052506
0.0525036
0.0525042
0.0525075
0.0525136
0.0525222
0.0525332
0.0525465
0.0525616
0.0525783
0.0525961
0.0526146
0.0526331
0.0526513
0.0526682
0.0526834
0.0526962
0.0527061
0.0527127
0.0527156
0.0527144
0.052709
0.0527016
0.0526933
0.0526835
0.0526739
0.0526655
0.0526595
0.0526571
0.0526585
0.052664
0.0526732
0.0526851
0.0526991
0.0527143
0.0527262
0.0527283
0.0527233
0.0527167
0.0527103
0.0527055
0.0527032
0.0527042
0.0527087
0.0527158
0.052726
0.0527419
0.0527704
0.0528116
0.0528426
)
;
    }
    fixedWalls
    {
        type            fixedFluxPressure;
        gradient        uniform 0;
        value           nonuniform List<scalar> 
100
(
0.0492048
0.0492017
0.0491865
0.0491735
0.0491647
0.0491596
0.0491576
0.0491577
0.0491587
0.0491596
0.0491596
0.049158
0.0491547
0.0491494
0.0491423
0.0491336
0.0491236
0.0491125
0.0491004
0.0490874
0.0490737
0.0490591
0.0490437
0.0490274
0.0490099
0.0489912
0.048971
0.048949
0.0489245
0.0488969
0.0488662
0.048835
0.0488078
0.0487874
0.0487753
0.0487729
0.048781
0.0488003
0.048832
0.0488772
0.0489363
0.0490072
0.0490873
0.0491768
0.0492739
0.0493648
0.0494294
0.0494597
0.0494656
0.0495196
0.0491749
0.049166
0.0491496
0.0491343
0.0491225
0.049113
0.0491052
0.0490985
0.049093
0.0490886
0.0490851
0.049082
0.0490792
0.0490762
0.0490729
0.0490693
0.0490651
0.0490605
0.0490555
0.0490502
0.0490447
0.0490391
0.0490336
0.0490283
0.0490234
0.0490187
0.0490141
0.0490091
0.0490036
0.0489978
0.0489926
0.0489882
0.048984
0.04898
0.0489758
0.0489705
0.0489654
0.0489606
0.0489555
0.0489501
0.0489448
0.0489396
0.0489347
0.0489302
0.0489285
0.0489314
0.048942
0.0489641
0.0490001
0.0490633
)
;
    }
    frontAndBack
    {
        type            empty;
    }
}


// ************************************************************************* //
