/*--------------------------------*- C++ -*----------------------------------*\
| =========                 |                                                 |
| \\      /  F ield         | OpenFOAM: The Open Source CFD Toolbox           |
|  \\    /   O peration     | Version:  4.1                                   |
|   \\  /    A nd           | Web:      www.OpenFOAM.org                      |
|    \\/     M anipulation  |                                                 |
\*---------------------------------------------------------------------------*/
FoamFile
{
    version     2.0;
    format      ascii;
    class       volScalarField;
    location    "160";
    object      mag(U);
}
// * * * * * * * * * * * * * * * * * * * * * * * * * * * * * * * * * * * * * //

dimensions      [0 1 -1 0 0 0 0];

internalField   nonuniform List<scalar> 
5000
(
0.00170353
0.003599
0.00717445
0.0097748
0.0116809
0.0133037
0.0148323
0.0163326
0.0178108
0.0192513
0.0206307
0.0219217
0.0230938
0.0241154
0.0249568
0.0255935
0.026009
0.0261956
0.0261525
0.025888
0.025422
0.0247847
0.0240088
0.0231233
0.0221495
0.021099
0.0199748
0.0187725
0.0174829
0.016095
0.0145979
0.0129827
0.0112448
0.00938594
0.00741732
0.0053699
0.00333526
0.00163004
0.00176122
0.00352988
0.00525574
0.00686905
0.00832467
0.00961208
0.01074
0.0117199
0.0125609
0.01327
0.0138521
0.0143112
0.0146503
0.0148727
0.0149819
0.014983
0.0148848
0.0146916
0.0144086
0.0140416
0.0135958
0.0130766
0.0124894
0.01184
0.0111345
0.0103803
0.0095859
0.00876178
0.00791801
0.00705437
0.00611341
0.00511809
0.00352871
0.00374523
0.00493203
0.00682234
0.00863658
0.0103946
0.0120429
0.0135158
0.0147465
0.0156684
0.0162115
0.0162924
0.0158233
0.0147043
0.0128477
0.0102443
0.00721912
0.00470636
0.0057041
0.00890043
0.012207
0.0145252
0.0157155
0.0160406
0.0156763
0.0147635
0.0133463
0.0113597
0.00858802
0.00668635
0.00419527
0.00642971
0.00900589
0.0110787
0.0129893
0.0147547
0.0163869
0.0179238
0.0193867
0.0207769
0.0220807
0.0232752
0.0243315
0.025218
0.0259052
0.0263693
0.0265986
0.0265891
0.02635
0.025916
0.0253213
0.0245933
0.023758
0.022837
0.0218444
0.0207865
0.0196621
0.0184645
0.0171841
0.0158108
0.0143358
0.0127545
0.0110693
0.00929292
0.00745704
0.00564237
0.0040851
0.00333562
0.00391914
0.00512148
0.00653682
0.00796833
0.00931937
0.0105539
0.0116609
0.0126402
0.0134949
0.0142284
0.0148437
0.0153432
0.0157293
0.0160046
0.0161722
0.0162341
0.0161931
0.0160555
0.0158258
0.0155088
0.0151102
0.0146352
0.0140891
0.0134771
0.0128036
0.0120726
0.0112863
0.0104433
0.00953528
0.00853976
0.00741189
0.00641782
0.00655583
0.00512214
0.00508099
0.00682123
0.00866397
0.0104156
0.0120067
0.0133796
0.0144777
0.0152463
0.0156341
0.0155811
0.0150586
0.0140378
0.0125151
0.0106246
0.00886457
0.00810809
0.00813692
0.00852294
0.0100279
0.0116096
0.0125597
0.0128788
0.0126187
0.0119123
0.0108143
0.00940883
0.00795977
0.00898152
0.00705491
0.00892077
0.010547
0.0117006
0.0130914
0.0146022
0.0160845
0.0174952
0.0188277
0.0200774
0.021232
0.0222713
0.0231704
0.0239031
0.0244467
0.0247867
0.0249215
0.0248576
0.0246103
0.0242118
0.0236755
0.0230243
0.0222807
0.0214632
0.0205836
0.0196457
0.0186466
0.0175793
0.0164351
0.015207
0.0138916
0.0124932
0.0110281
0.00953115
0.00806848
0.00677314
0.00589776
0.00570018
0.00598715
0.0066766
0.00769151
0.00883813
0.00999296
0.0110952
0.0121148
0.0130374
0.0138563
0.0145681
0.0151712
0.0156643
0.0160472
0.0163199
0.0164833
0.0165407
0.0164947
0.0163496
0.0161117
0.0157871
0.0153816
0.0149011
0.0143514
0.0137374
0.0130628
0.0123296
0.0115368
0.0106797
0.00975092
0.00875268
0.00776765
0.00747514
0.00928571
0.00816888
0.00636921
0.00713457
0.00850058
0.00992957
0.0112481
0.0123738
0.013253
0.0138488
0.0141338
0.0140821
0.0137271
0.0131103
0.012323
0.0115915
0.0112699
0.0115434
0.0117602
0.0106378
0.00931744
0.00912235
0.00928662
0.00935227
0.00920129
0.0088707
0.00846659
0.00829558
0.00897104
0.0122282
0.00991671
0.0113097
0.0121081
0.0123331
0.0130469
0.0141428
0.015358
0.0165706
0.0177374
0.0188386
0.019857
0.0207723
0.0215617
0.0222031
0.0226786
0.0229791
0.0231054
0.0230683
0.0228824
0.0225645
0.0221269
0.0215869
0.0209635
0.0202732
0.0195265
0.0187266
0.0178705
0.0169523
0.0159665
0.0149111
0.0137909
0.0126211
0.0114326
0.0102775
0.00923532
0.00842866
0.00801686
0.00796238
0.00786932
0.0081549
0.0087851
0.0096213
0.0105465
0.0114864
0.0123958
0.0132472
0.0140235
0.0147135
0.0153094
0.0158054
0.016197
0.0164815
0.0166574
0.0167254
0.0166862
0.0165445
0.0163063
0.0159776
0.0155651
0.0150751
0.0145141
0.0138876
0.0132003
0.0124551
0.0116535
0.0107972
0.00989463
0.0089923
0.00829373
0.00871126
0.0116604
0.0111948
0.00833306
0.00815327
0.00879681
0.00966514
0.0105183
0.0112433
0.0117837
0.0121178
0.0122506
0.0122038
0.012086
0.0120024
0.0120943
0.0125322
0.013348
0.0142367
0.0145765
0.0132279
0.00989652
0.00748255
0.00652643
0.00629191
0.00636758
0.00658886
0.00703782
0.00808442
0.0103109
0.014891
0.0125481
0.013567
0.0137119
0.0131243
0.0131339
0.0137436
0.0146288
0.0155976
0.0165685
0.0175043
0.0183805
0.0191753
0.0198676
0.0204389
0.0208759
0.0211724
0.0213301
0.0213563
0.0212591
0.0210495
0.0207327
0.0203202
0.0198277
0.0192708
0.0186605
0.0180013
0.0172919
0.0165297
0.0157139
0.0148494
0.0139495
0.013039
0.0121575
0.0113593
0.01071
0.0102875
0.0101638
0.0100931
0.00967104
0.00959461
0.00984524
0.0103421
0.0109956
0.0117319
0.0124967
0.0132512
0.0139682
0.0146279
0.0152153
0.0157187
0.0161289
0.0164387
0.0166431
0.0167401
0.0167272
0.0166078
0.016388
0.0160739
0.0156724
0.0151908
0.0146362
0.0140157
0.0133356
0.0126022
0.0118222
0.0110069
0.0101833
0.00943319
0.00903172
0.00998266
0.0136651
0.0138483
0.0103441
0.00953123
0.00951208
0.00972716
0.00995891
0.0101079
0.010141
0.0100773
0.00997986
0.0099448
0.010143
0.0106931
0.0117174
0.0132323
0.014957
0.0163136
0.0166898
0.0154705
0.011394
0.00683062
0.00453623
0.00388961
0.00429564
0.00513451
0.0063171
0.00816335
0.0113095
0.0168045
0.0148376
0.0156048
0.0153066
0.0140752
0.0134229
0.0135213
0.0140403
0.0147327
0.01548
0.0162268
0.0169414
0.017601
0.0181879
0.0186888
0.0190959
0.0194045
0.0196146
0.0197255
0.0197338
0.0196459
0.0194607
0.0191821
0.0188225
0.0183975
0.0179205
0.017399
0.0168359
0.0162333
0.0155967
0.014938
0.0142779
0.0136464
0.0130827
0.0126291
0.0123212
0.0121851
0.012222
0.0120871
0.011397
0.0109778
0.0108525
0.0109891
0.0113329
0.0118229
0.0124035
0.0130288
0.0136626
0.0142764
0.0148475
0.0153577
0.0157919
0.0161383
0.0163872
0.0165329
0.0165686
0.0164943
0.0163159
0.0160393
0.0156716
0.015221
0.0146962
0.0141061
0.0134602
0.0127689
0.0120452
0.0113101
0.0106046
0.010031
0.00989587
0.0112339
0.0153986
0.0160537
0.0122783
0.0109579
0.0104417
0.0100619
0.00963952
0.00911691
0.00851168
0.0079123
0.00747915
0.0074334
0.00798511
0.00919252
0.0111061
0.0135712
0.0160542
0.0178183
0.0182809
0.0170329
0.0132438
0.00689543
0.00346504
0.00224667
0.00300842
0.00435489
0.00597108
0.00821358
0.0119289
0.0181851
0.0167506
0.0173653
0.0168198
0.0151263
0.0138965
0.0134934
0.013632
0.0140308
0.0145364
0.0150748
0.0156069
0.0161102
0.0165717
0.0169868
0.0173552
0.0176758
0.0179428
0.0181457
0.0182743
0.0183147
0.018267
0.0181253
0.0178979
0.0176015
0.0172534
0.0168666
0.0164498
0.0160113
0.0155631
0.0151234
0.0147172
0.0143744
0.0141253
0.0139906
0.0139704
0.0140405
0.0141409
0.0139295
0.013026
0.0122813
0.0117916
0.0115638
0.0115751
0.011784
0.0121417
0.012601
0.01312
0.0136627
0.0141995
0.0147054
0.0151599
0.0155458
0.015849
0.016059
0.0161655
0.0161609
0.0160498
0.0158373
0.0155305
0.0151379
0.01467
0.014138
0.0135547
0.0129348
0.0122979
0.0116726
0.0111087
0.0107175
0.0108164
0.0124512
0.0169414
0.0178873
0.0140532
0.0122868
0.0114144
0.0105586
0.00955788
0.00838575
0.00710265
0.0058654
0.00497745
0.00491198
0.00582036
0.00761493
0.0102845
0.0135586
0.016681
0.0188043
0.0193954
0.0181357
0.0147279
0.00748476
0.00319754
0.00132188
0.00237581
0.00400765
0.00578678
0.00816836
0.0122702
0.0192262
0.018296
0.0188194
0.0181899
0.0162098
0.0145065
0.0136354
0.0133975
0.0135005
0.013761
0.0140841
0.0144217
0.0147498
0.0150615
0.015363
0.0156672
0.0159818
0.0162986
0.0165943
0.0168448
0.0170169
0.0171101
0.0171074
0.017012
0.0168419
0.0166201
0.016367
0.0160984
0.0158295
0.0155784
0.0153676
0.0152228
0.0151687
0.0152206
0.0153735
0.015591
0.0158023
0.0158953
0.0156
0.014533
0.0134904
0.0126653
0.0120945
0.0117777
0.0116917
0.0117992
0.0120578
0.0124248
0.012861
0.0133315
0.0138066
0.0142611
0.0146738
0.0150269
0.0153053
0.0154982
0.0155847
0.0155663
0.0154458
0.0152288
0.0149238
0.014542
0.0140967
0.0136038
0.0130823
0.0125564
0.0120606
0.0116493
0.0114369
0.0117442
0.0136258
0.0183422
0.019429
0.0156074
0.0134649
0.0123234
0.0111082
0.00965028
0.00794039
0.00606071
0.00419386
0.00277098
0.00279171
0.00400149
0.00616139
0.009355
0.0132848
0.016933
0.0193606
0.0200989
0.0189173
0.0155678
0.00870603
0.00340058
0.00096175
0.00217924
0.003905
0.00568332
0.00805278
0.0124244
0.0200475
0.0195004
0.0199553
0.0193666
0.017266
0.0152052
0.0139144
0.0133139
0.0131284
0.0131528
0.0132694
0.013416
0.0135627
0.0137046
0.0138587
0.0140568
0.0143261
0.014666
0.015044
0.015416
0.0157208
0.0159574
0.0160972
0.0161359
0.0160924
0.0159971
0.0158788
0.0157618
0.0156678
0.0156198
0.0156423
0.0157585
0.0159838
0.016316
0.0167234
0.0171341
0.0174346
0.017476
0.0170719
0.0159008
0.014601
0.0134942
0.0126335
0.0120309
0.011672
0.0115291
0.011567
0.0117483
0.0120358
0.0123946
0.0127938
0.0132063
0.0136095
0.0139841
0.014312
0.0145872
0.0147729
0.0148641
0.0148589
0.0147589
0.0145706
0.0143043
0.0139742
0.013598
0.0131979
0.0128017
0.0124474
0.0121918
0.0121499
0.0126478
0.0147541
0.0196357
0.0207242
0.0168945
0.0145008
0.0131131
0.0116348
0.00983744
0.00772379
0.00538453
0.00299744
0.00111595
0.00156829
0.00292244
0.00505913
0.00846649
0.0128862
0.0169354
0.019596
0.0204706
0.0194035
0.0161869
0.00989661
0.00385203
0.00095684
0.00223742
0.00396194
0.0056544
0.00791771
0.0124606
0.0207242
0.0203981
0.020771
0.0203047
0.0182392
0.0159512
0.014305
0.0133623
0.0128971
0.012698
0.0126271
0.0126035
0.0125831
0.0125532
0.0125337
0.0125746
0.0127356
0.0130441
0.0134748
0.0139619
0.0144039
0.0147856
0.0150737
0.0152515
0.0153383
0.0153721
0.0153918
0.0154302
0.0155149
0.0156717
0.0159249
0.016293
0.0167807
0.017368
0.0179972
0.0185632
0.0189155
0.0188831
0.0183294
0.0171167
0.0156278
0.0143054
0.0132371
0.0124262
0.0118563
0.0115006
0.011328
0.0113077
0.01141
0.0116069
0.0118725
0.0121833
0.0125186
0.0128603
0.0131915
0.0135065
0.0137757
0.0139758
0.014097
0.0141335
0.0140857
0.0139606
0.0137707
0.013534
0.0132741
0.0130209
0.0128144
0.0127128
0.0128329
0.0135119
0.015842
0.0208528
0.0218088
0.0179238
0.0153564
0.0137788
0.0120936
0.0100574
0.00765742
0.00499561
0.00222687
0.000119823
0.00136711
0.00258192
0.00440943
0.00776657
0.0125067
0.0168182
0.019628
0.0206058
0.0196554
0.0166271
0.0108547
0.00451813
0.00116531
0.00246801
0.00416206
0.00572431
0.00781809
0.0124341
0.0213075
0.0210254
0.0212735
0.0209622
0.0190692
0.0167023
0.0147903
0.0135384
0.0128008
0.0123845
0.0121431
0.011978
0.011825
0.0116505
0.0114591
0.0113038
0.0112787
0.0114683
0.0118852
0.012454
0.0130495
0.0135788
0.0140233
0.0143487
0.0145724
0.0147408
0.0149032
0.0151004
0.0153644
0.0157224
0.0161965
0.0167998
0.0175267
0.018341
0.0191612
0.0198522
0.0202328
0.0201206
0.0194143
0.018146
0.016587
0.0151298
0.0139375
0.0130112
0.0123156
0.0118142
0.011473
0.0112642
0.0111664
0.0111634
0.0112419
0.0113887
0.0115903
0.0118334
0.0121054
0.0123933
0.0127019
0.0129834
0.0132189
0.0133934
0.0134971
0.0135292
0.0134973
0.0134167
0.0133099
0.0132078
0.0131511
0.0131997
0.0134749
0.0143344
0.016904
0.0220196
0.0227013
0.0187104
0.0160137
0.014311
0.0124895
0.0102696
0.00768337
0.00484358
0.00166527
0.000579814
0.00152835
0.00253914
0.00409189
0.00734725
0.0122594
0.016691
0.0195621
0.0205966
0.0197431
0.016902
0.0116006
0.00532045
0.0014804
0.00281403
0.00450438
0.0059201
0.00780125
0.0123902
0.0218317
0.0214167
0.0214802
0.0213079
0.0196926
0.0174049
0.0153511
0.0138506
0.0128552
0.0122187
0.011809
0.0115215
0.0112753
0.0110097
0.0106927
0.0103473
0.0100746
0.0100299
0.0103198
0.0109068
0.0116464
0.0123287
0.0129372
0.0134209
0.0137915
0.0141023
0.0144133
0.014772
0.0152131
0.0157633
0.0164421
0.0172574
0.0181957
0.0192072
0.0201904
0.0209831
0.0213803
0.0211963
0.0203674
0.0190205
0.0174567
0.0159814
0.0147414
0.0137778
0.0130327
0.0124568
0.0120036
0.0116423
0.0113555
0.0111392
0.0109966
0.010932
0.0109464
0.011036
0.0111931
0.0114057
0.0116861
0.0119955
0.0123092
0.0126016
0.0128504
0.0130422
0.0131753
0.0132585
0.0133112
0.0133627
0.0134545
0.0136487
0.0140757
0.015124
0.0179623
0.0231572
0.0234052
0.0192634
0.0164859
0.0146849
0.0127738
0.0104517
0.00771861
0.00457347
0.00181522
0.00102408
0.00169112
0.00253178
0.00399065
0.00729308
0.0121938
0.0166126
0.0194664
0.0205109
0.0197205
0.0170236
0.0122074
0.00611777
0.00182213
0.00320433
0.00496733
0.00625297
0.00789895
0.0123649
0.0223187
0.0215985
0.0214178
0.0213225
0.020043
0.0180156
0.0159649
0.0143052
0.0130892
0.0122343
0.0116435
0.0112278
0.0109068
0.0106032
0.0102424
0.00978252
0.00927145
0.00888876
0.00887877
0.00935346
0.0101809
0.0110302
0.0118074
0.0124623
0.012992
0.0134556
0.0139224
0.0144452
0.0150592
0.0157888
0.0166511
0.0176507
0.0187691
0.0199473
0.0210675
0.0219457
0.0223582
0.0221225
0.0212118
0.019813
0.0182491
0.0168072
0.015619
0.01468
0.0139412
0.0133432
0.0128279
0.0123548
0.0119046
0.0114809
0.0111036
0.0107987
0.0105896
0.0104896
0.0104991
0.0106056
0.0108147
0.0111042
0.011452
0.0118284
0.0122002
0.0125401
0.0128332
0.0130785
0.0132891
0.0134918
0.0137281
0.0140639
0.0146435
0.0158983
0.0190458
0.0242776
0.0239078
0.019591
0.0167805
0.0149112
0.0129324
0.0105472
0.00771669
0.00452222
0.00212069
0.0014643
0.0018742
0.00252675
0.00392185
0.00737703
0.0123221
0.0166576
0.0194226
0.0204147
0.0196386
0.0170741
0.0126343
0.00680629
0.00215636
0.00358097
0.00550832
0.00671144
0.0081234
0.0123854
0.0227817
0.0215724
0.021111
0.0210056
0.0200545
0.0184127
0.0165938
0.0149418
0.0135797
0.0125084
0.0117134
0.0111357
0.0107168
0.0103877
0.0100543
0.00960389
0.00897225
0.00825476
0.00776781
0.00788225
0.00863384
0.00967356
0.0106256
0.0114649
0.0121678
0.0127964
0.0134282
0.0141187
0.0149007
0.0157955
0.0168177
0.0179711
0.0192362
0.0205499
0.0217837
0.0227369
0.0231724
0.0229134
0.0219638
0.0205498
0.0190106
0.0176202
0.0164965
0.0156354
0.0149596
0.014379
0.0138372
0.0132854
0.0126987
0.0120811
0.0114656
0.0109003
0.0104378
0.0101197
0.0099641
0.00996117
0.0100972
0.0103496
0.0107025
0.0111306
0.0115969
0.0120634
0.0125014
0.0128981
0.0132586
0.0136058
0.013981
0.0144556
0.0151939
0.0166834
0.0201889
0.0253758
0.024181
0.0197002
0.016906
0.0149936
0.0129661
0.010534
0.00764001
0.0045755
0.00247683
0.00188275
0.00206245
0.00253084
0.00391159
0.00758539
0.012573
0.0168064
0.0194512
0.0203569
0.0195563
0.0170679
0.0128862
0.00734144
0.00248071
0.00391606
0.00608354
0.00726743
0.00846822
0.0124698
0.0232285
0.021292
0.0205773
0.0204082
0.0197636
0.018566
0.0171168
0.015653
0.0143109
0.0131388
0.0121656
0.0113946
0.0108068
0.0103833
0.0100628
0.00971112
0.00914131
0.00826486
0.007277
0.00673516
0.00713415
0.00825299
0.0093897
0.0104188
0.0113083
0.0121156
0.0129236
0.0137875
0.0147348
0.0157816
0.0169404
0.0182166
0.019594
0.0210116
0.0223369
0.0233591
0.023832
0.023583
0.0226362
0.0212413
0.0197477
0.0184237
0.0173758
0.0165889
0.0159921
0.0154784
0.0149423
0.0143387
0.0136391
0.0128437
0.0119907
0.0111474
0.0103979
0.00982266
0.00947559
0.00936426
0.00945743
0.00969764
0.010063
0.0105323
0.0110727
0.011643
0.0122058
0.0127378
0.0132358
0.0137182
0.0142265
0.0148399
0.0157501
0.0175154
0.0214298
0.0264151
0.0241893
0.0196016
0.0168727
0.0149356
0.0128654
0.0103945
0.00748425
0.00463476
0.0028342
0.0022606
0.00224171
0.00254001
0.00396222
0.00790497
0.0129282
0.0170435
0.0195466
0.0203405
0.0194846
0.0170272
0.0130101
0.00771156
0.00277841
0.00421127
0.00666298
0.00788763
0.00891335
0.0126267
0.0236636
0.0206605
0.0198002
0.0195965
0.0192572
0.0185313
0.0175298
0.0163938
0.0152296
0.014101
0.013059
0.0121445
0.011379
0.0107753
0.0103388
0.0100205
0.00962088
0.00883674
0.0075839
0.00627953
0.00585677
0.00674297
0.00809022
0.00930948
0.0103978
0.0113979
0.0123956
0.0134421
0.0145558
0.0157455
0.0170211
0.0183911
0.0198469
0.0213364
0.0227316
0.0238189
0.0243468
0.0241424
0.0232375
0.0218908
0.0204571
0.0192056
0.0182379
0.0175294
0.0170006
0.0165569
0.0160692
0.0154425
0.0146543
0.0137007
0.0126185
0.0114877
0.0104181
0.00953206
0.0089373
0.00869076
0.00877145
0.00905371
0.00947918
0.0100142
0.0106303
0.0112923
0.0119628
0.0126136
0.0132357
0.013844
0.0144811
0.0152374
0.0163426
0.0184413
0.0227943
0.0273212
0.023899
0.0193119
0.0166924
0.0147418
0.012629
0.0101238
0.00725872
0.00467574
0.00314987
0.00257812
0.00239979
0.00255577
0.00408858
0.00832447
0.0133638
0.017348
0.0196965
0.0203614
0.0194258
0.0169599
0.0130348
0.00792439
0.00302328
0.00448521
0.00723313
0.00854182
0.00943123
0.0128547
0.0240888
0.0195276
0.0187269
0.018649
0.018669
0.0184312
0.0179113
0.0171741
0.016295
0.0153379
0.0143607
0.0134132
0.0125328
0.0117447
0.0110876
0.0106131
0.010268
0.00974187
0.00859681
0.00677771
0.00523778
0.00530141
0.00671754
0.00812704
0.00941754
0.0106227
0.011825
0.0130671
0.014354
0.0156839
0.0170626
0.0185022
0.0200049
0.0215343
0.0229766
0.0241246
0.0247249
0.0245986
0.0237714
0.0224972
0.0211322
0.0199522
0.0190619
0.0184313
0.0179708
0.0175783
0.0171499
0.0165367
0.015689
0.014604
0.0133126
0.0119032
0.010498
0.00925056
0.00832312
0.0078623
0.00792495
0.00830577
0.008864
0.009522
0.010244
0.0110046
0.0117763
0.0125351
0.0132713
0.0139988
0.0147635
0.0156732
0.01701
0.0195224
0.0243407
0.0278536
0.0233847
0.0188546
0.016377
0.0144167
0.0122592
0.00972898
0.00697262
0.00468489
0.00339313
0.00282311
0.00253081
0.00258518
0.0043122
0.00883506
0.0138599
0.0176992
0.0198838
0.0204078
0.0193732
0.0168664
0.0129778
0.00799661
0.00319356
0.0047595
0.00779194
0.00920583
0.00999193
0.0131438
0.0245039
0.0176888
0.0173077
0.0176712
0.018174
0.018431
0.0183741
0.0180348
0.0174709
0.016744
0.0159142
0.0150335
0.0141393
0.0132512
0.0123945
0.0116538
0.0111373
0.0107138
0.00992158
0.00821274
0.00569898
0.00431243
0.00526494
0.00686569
0.00834596
0.00976467
0.0111869
0.0126415
0.0141146
0.0155898
0.0170664
0.0185589
0.0200817
0.0216203
0.023085
0.0242857
0.0249721
0.0249539
0.0242367
0.0230563
0.0217653
0.0206508
0.0198293
0.0192708
0.0188773
0.0185358
0.0181379
0.0175694
0.0166962
0.0155131
0.0140446
0.0123891
0.0106655
0.00904087
0.00769794
0.00689024
0.00684255
0.00736217
0.00813576
0.00899436
0.00987501
0.0107604
0.0116414
0.0125071
0.0133538
0.0141984
0.0150947
0.016178
0.0178093
0.020949
0.0258465
0.0278961
0.0226508
0.0182931
0.0159383
0.0139652
0.0117617
0.00922698
0.00663707
0.00465232
0.00355387
0.00298758
0.00262815
0.00263741
0.0046531
0.00942741
0.0143997
0.0180777
0.0200906
0.0204646
0.0193154
0.0167414
0.0128466
0.0079435
0.00327918
0.00505419
0.00834332
0.00986112
0.0105662
0.0134772
0.0249068
0.0148892
0.0155532
0.016771
0.0178859
0.0186096
0.0189421
0.0189313
0.0186396
0.0181334
0.0174752
0.0167165
0.0158914
0.0150084
0.014063
0.0131058
0.0123099
0.0117727
0.0111944
0.00994965
0.00739549
0.00438069
0.00384885
0.00550762
0.00716213
0.00879569
0.0104514
0.0121382
0.0138162
0.01545
0.0170292
0.0185682
0.0200925
0.0216127
0.0230729
0.0243126
0.025092
0.0252063
0.0246285
0.0235625
0.0223497
0.0212918
0.0205255
0.0200282
0.0196962
0.0194061
0.0190393
0.0184848
0.0176341
0.016391
0.0147852
0.0129336
0.0109418
0.00898089
0.00719564
0.00588592
0.00555092
0.00620861
0.00726937
0.00840241
0.00949776
0.0105436
0.0115529
0.012534
0.013495
0.0144602
0.0154994
0.0167983
0.0189291
0.0227045
0.0269802
0.0274559
0.0217289
0.0176742
0.0153877
0.0133937
0.0111464
0.00864244
0.00626789
0.00457431
0.00362902
0.00307312
0.00269035
0.00272465
0.00512227
0.0100906
0.0149676
0.0184658
0.0202991
0.0205158
0.0192391
0.0165764
0.0126417
0.00777533
0.00328182
0.00538603
0.00889264
0.0104928
0.0111271
0.0138341
0.0252936
0.0108172
0.0134972
0.0158893
0.0176421
0.0187622
0.0193917
0.0196269
0.0195507
0.0192394
0.0187582
0.018157
0.017465
0.016681
0.0157727
0.0147338
0.0137104
0.012945
0.012389
0.0115132
0.00955309
0.00599094
0.00318786
0.00408812
0.00586458
0.00768436
0.00958262
0.0115241
0.0134309
0.0152443
0.0169408
0.0185316
0.02005
0.021531
0.0229594
0.0242173
0.0250872
0.0253508
0.0249389
0.0240088
0.0228805
0.0218696
0.0211416
0.0206898
0.020409
0.0201667
0.0198346
0.0192939
0.0184404
0.0172038
0.0155049
0.0135144
0.0113208
0.00910955
0.00694565
0.00504878
0.00416216
0.00489462
0.00629999
0.00776321
0.00911625
0.0103547
0.0115149
0.0126259
0.0137105
0.0148044
0.0160196
0.0177236
0.0205167
0.0243819
0.0276001
0.0265898
0.0206871
0.0169887
0.0147577
0.0127108
0.0104302
0.00800571
0.00588228
0.0044515
0.00362434
0.00308696
0.00271299
0.00286059
0.00571732
0.0108114
0.0155482
0.0188468
0.0204929
0.0205455
0.01913
0.0163601
0.0123583
0.00749655
0.00321457
0.00576854
0.00944352
0.0110874
0.01165
0.0141922
0.0256592
0.00557812
0.0111105
0.0146574
0.0169791
0.0184598
0.0193516
0.0198066
0.0199341
0.0198229
0.0195419
0.0191389
0.0186388
0.0180328
0.0172672
0.0162832
0.0151599
0.014181
0.0135216
0.0128534
0.0114345
0.00856915
0.00418569
0.00262447
0.00440893
0.00638685
0.00853918
0.0107622
0.0129254
0.0149448
0.0167821
0.0184425
0.0199615
0.0213937
0.0227659
0.0240148
0.0249612
0.0253811
0.0251575
0.0243872
0.0233544
0.0223835
0.0216754
0.0212494
0.0210045
0.0208012
0.020503
0.0199837
0.019132
0.017869
0.0161785
0.014106
0.011778
0.00941232
0.00698878
0.00458169
0.00283255
0.00352834
0.00532936
0.00714401
0.0087691
0.0102173
0.0115464
0.0127995
0.0140174
0.0152849
0.016869
0.0191168
0.0222666
0.025703
0.0276754
0.0253768
0.0195833
0.0162455
0.0140607
0.0119279
0.0096388
0.00735051
0.00549547
0.00428779
0.00355027
0.00303346
0.00269058
0.00306586
0.00642537
0.0115735
0.0161252
0.0192045
0.0206565
0.020539
0.0189741
0.0160804
0.0119879
0.0071049
0.00310398
0.00621321
0.00999572
0.0116311
0.0121128
0.0145295
0.0259976
0.00196751
0.00832682
0.0127401
0.0156021
0.0174642
0.0186395
0.0193346
0.0196878
0.0198024
0.019753
0.0195878
0.0193285
0.0189606
0.0184155
0.0175918
0.0164955
0.015386
0.0145814
0.0139864
0.0129712
0.0107836
0.00708683
0.00246395
0.00283054
0.00489292
0.00728637
0.00981869
0.012266
0.0145189
0.0165254
0.0182836
0.0198251
0.0212143
0.022515
0.0237246
0.0247215
0.0252918
0.0252726
0.0246882
0.0237692
0.0228371
0.0221314
0.0217088
0.0214802
0.0213013
0.0210298
0.0205344
0.0196984
0.0184345
0.0167176
0.0146218
0.0122874
0.00985199
0.00728444
0.00458551
0.0018552
0.00233254
0.00452691
0.00664178
0.00851328
0.0101658
0.0116677
0.0130857
0.0145274
0.0161292
0.0181495
0.0207922
0.023862
0.0265293
0.0272197
0.0239139
0.0184601
0.0154548
0.0132999
0.0110627
0.00880834
0.00671073
0.00511972
0.00409043
0.00341507
0.00291191
0.0026277
0.00336893
0.0072278
0.0123564
0.0166796
0.0195233
0.0207764
0.0204832
0.0187582
0.0157247
0.01152
0.00659364
0.00300586
0.00672676
0.0105437
0.0121081
0.0124959
0.0148263
0.0263023
0.00376355
0.00529109
0.010319
0.0137084
0.0159328
0.017389
0.0183266
0.0189102
0.0192592
0.0194554
0.0195477
0.0195563
0.0194627
0.0191868
0.0185933
0.0176212
0.0164755
0.015542
0.0149298
0.0141813
0.0125577
0.00962324
0.00551956
0.00105466
0.00318657
0.00582689
0.00868914
0.011428
0.0139334
0.0161371
0.0180278
0.0196273
0.0209976
0.022227
0.0233708
0.0243819
0.0250815
0.0252728
0.0249001
0.0241212
0.0232361
0.0225197
0.0220778
0.0218429
0.0216687
0.0214094
0.0209327
0.0201189
0.0188747
0.017169
0.0150682
0.0127197
0.0102657
0.00773374
0.00504912
0.00216353
0.0011844
0.00394461
0.00632565
0.00840777
0.0102654
0.012
0.0136599
0.0153999
0.0173828
0.0197547
0.0224582
0.0250868
0.0267916
0.0262965
0.0223051
0.0173449
0.0146212
0.0124773
0.0101436
0.007983
0.00611661
0.00476594
0.00387007
0.00322523
0.00272253
0.00253586
0.00379539
0.00810286
0.0131347
0.0171909
0.019789
0.0208424
0.0203682
0.0184717
0.0152816
0.0109437
0.00595561
0.00299903
0.00731204
0.0110743
0.0124999
0.0127824
0.0150662
0.0265677
0.00589655
0.00286102
0.00793322
0.0117063
0.0142044
0.0158817
0.0170147
0.0177935
0.0183521
0.0187778
0.0191201
0.0193977
0.0195897
0.0196064
0.0192835
0.0185014
0.0173999
0.0163791
0.0157004
0.015096
0.0139031
0.0116103
0.00828425
0.00435166
0.00123704
0.00426735
0.00740966
0.0104092
0.0131644
0.0155818
0.0176418
0.0193444
0.020737
0.0219159
0.0229799
0.0239649
0.0247564
0.0251489
0.0250093
0.0244036
0.0235854
0.0228531
0.0223714
0.0221068
0.0219141
0.0216464
0.0211745
0.0203817
0.0191702
0.0174993
0.0154295
0.0131122
0.0106941
0.00820503
0.00558076
0.0028165
0.00112533
0.00368639
0.0062715
0.00856855
0.0106568
0.0126369
0.0146009
0.0166816
0.0189591
0.021427
0.0238648
0.0258023
0.0265015
0.0249984
0.0206459
0.0162509
0.0137478
0.0115931
0.00921662
0.00720829
0.00559183
0.00444497
0.00363656
0.00298224
0.00246738
0.00244539
0.00436122
0.00902405
0.0138775
0.0176377
0.0199913
0.0208487
0.0201879
0.0181066
0.014742
0.010249
0.0051826
0.00317904
0.00796252
0.0115633
0.0127853
0.0129594
0.0152377
0.026789
0.00740118
0.00241079
0.00593202
0.00990909
0.0125702
0.0143694
0.0156158
0.0165241
0.0172396
0.0178533
0.0184144
0.0189403
0.0194085
0.019721
0.0196878
0.0191373
0.0181428
0.0170826
0.0163171
0.0157572
0.014856
0.0130812
0.010371
0.00720061
0.00384148
0.00290091
0.00606614
0.00921875
0.0122035
0.0148432
0.0170985
0.0189476
0.0204155
0.0215851
0.0225761
0.0235
0.0243328
0.0248981
0.0250015
0.024605
0.0238858
0.0231438
0.0226062
0.0222904
0.0220552
0.0217536
0.0212652
0.0204827
0.0193084
0.0176897
0.0156743
0.0134135
0.011065
0.00867483
0.00619657
0.00370628
0.00228313
0.00404171
0.0066127
0.00908397
0.0114176
0.0136791
0.0159404
0.0182606
0.020625
0.0229079
0.0248342
0.0259692
0.0257217
0.0234322
0.0190125
0.0151794
0.012837
0.0106677
0.0083283
0.00652439
0.00515294
0.00416638
0.00339654
0.00268676
0.00215793
0.00239108
0.0050696
0.00995669
0.014551
0.0180028
0.0201266
0.0207955
0.0199404
0.0176588
0.0140998
0.00942875
0.00426716
0.00362249
0.00865644
0.0119736
0.0129439
0.01302
0.015335
0.0269636
0.00839473
0.00307169
0.00435462
0.00846479
0.0111876
0.0130088
0.014281
0.0152417
0.016047
0.0167916
0.0175245
0.0182625
0.0189826
0.0195799
0.019841
0.0195478
0.0187088
0.0176584
0.0168069
0.0162175
0.0154825
0.0140901
0.0118815
0.00916817
0.00653523
0.00432799
0.00514561
0.00796175
0.0110917
0.0139175
0.0163895
0.0184192
0.020012
0.0212254
0.0221747
0.0230202
0.0238389
0.0245274
0.0248651
0.0247093
0.0241315
0.0233992
0.0227968
0.0224117
0.0221122
0.0217498
0.0212174
0.0204256
0.0192836
0.0177266
0.0157833
0.0135981
0.0113413
0.00908018
0.00679637
0.00464854
0.00361569
0.00497001
0.00742809
0.0100277
0.0125808
0.0150789
0.0175296
0.0199079
0.0221241
0.0240075
0.025291
0.0256152
0.0245451
0.0217085
0.0174545
0.0141254
0.0118949
0.00973083
0.00752969
0.00595858
0.00480623
0.00393176
0.00314974
0.00234376
0.00181405
0.00240925
0.00591782
0.010856
0.0151228
0.0182784
0.0202007
0.0206896
0.0196284
0.0171273
0.0133519
0.00847812
0.00320625
0.00434557
0.00933253
0.0122666
0.0129623
0.0129667
0.0153586
0.0270912
0.00897049
0.00380778
0.0031341
0.00736427
0.0100905
0.0118674
0.0130961
0.0140383
0.0148639
0.0156757
0.0165243
0.0174277
0.0183652
0.0192261
0.0197761
0.019756
0.0191129
0.0181225
0.0172046
0.0165399
0.0158685
0.014737
0.0129231
0.0106133
0.00826814
0.00630619
0.00573459
0.00732058
0.00999148
0.0128618
0.0155332
0.0177476
0.0195108
0.0208209
0.0217772
0.0225527
0.0233113
0.0240571
0.0245955
0.0246987
0.0243095
0.0236206
0.0229529
0.0224847
0.0221029
0.0216548
0.0210488
0.0202213
0.0190975
0.0176036
0.0157437
0.013648
0.0114987
0.00939136
0.00734482
0.00558528
0.00497631
0.00624358
0.00862286
0.0113082
0.0140149
0.0166446
0.0191291
0.0213807
0.0232733
0.024633
0.025236
0.0248114
0.0230801
0.0199288
0.0159942
0.0130826
0.010936
0.00882469
0.0068561
0.00551678
0.00454183
0.00372905
0.00289391
0.00197289
0.00145251
0.00255329
0.00688341
0.0116689
0.015571
0.0184718
0.0202301
0.020543
0.0192576
0.0165139
0.0124955
0.00738583
0.001987
0.00523791
0.00998347
0.0123637
0.0128352
0.0128134
0.0153126
0.0271737
0.00921552
0.00435806
0.00209261
0.00650792
0.00923195
0.0109463
0.0120971
0.0129696
0.0137543
0.0145691
0.0154722
0.0164872
0.017599
0.0186942
0.0195203
0.0197824
0.0193702
0.0184927
0.0175464
0.0167899
0.0161064
0.0151321
0.0136202
0.0116533
0.00956923
0.00779625
0.00672619
0.00731061
0.0093509
0.0119665
0.0145896
0.0169547
0.0189049
0.0203506
0.0213712
0.022111
0.0227874
0.0235199
0.0241998
0.024557
0.0244005
0.0238013
0.0230779
0.0225171
0.0220397
0.0214853
0.0207784
0.0198863
0.0187599
0.0173226
0.0155517
0.0135551
0.011524
0.00958902
0.00781252
0.00646395
0.00627037
0.00761414
0.00998027
0.0127175
0.0154965
0.0181426
0.0205247
0.0225158
0.0239814
0.0247722
0.0247214
0.0236529
0.021436
0.0181748
0.0146323
0.0120491
0.00998427
0.00799425
0.00631366
0.00517918
0.00433097
0.00353718
0.00263675
0.00162115
0.00106051
0.00294859
0.0079058
0.0123473
0.0158966
0.018608
0.0202388
0.0203699
0.0188355
0.0158234
0.0115313
0.00613368
0.00116826
0.00643263
0.0103215
0.0122588
0.0125838
0.0125822
0.0152049
0.0272163
0.00922744
0.00470835
0.00109843
0.00578427
0.00852593
0.0102023
0.0112806
0.0120637
0.0127646
0.0135246
0.0144195
0.0154855
0.0167203
0.0180123
0.0190944
0.0196415
0.0194906
0.0187802
0.0178593
0.0170247
0.016283
0.0153797
0.0140795
0.0123888
0.0105371
0.00887541
0.00769943
0.00767661
0.0090572
0.0113032
0.013796
0.0161643
0.0182049
0.0198029
0.0209342
0.021688
0.0222927
0.0229572
0.0236992
0.0242763
0.024382
0.0239277
0.0231695
0.02251
0.0219274
0.0212519
0.0204231
0.0194406
0.0182879
0.016895
0.0152139
0.0133233
0.0114176
0.00966672
0.0081792
0.00723724
0.00741598
0.00889374
0.0112836
0.0140435
0.0168249
0.0193972
0.0215838
0.0232383
0.024236
0.0244668
0.0238292
0.0222426
0.0197117
0.0165007
0.0133569
0.0110294
0.00906788
0.00726691
0.00586974
0.00491164
0.00413485
0.00333736
0.0023965
0.00135925
0.000602989
0.00379877
0.00888663
0.0128691
0.01613
0.0187239
0.0202495
0.0201804
0.0183678
0.015064
0.0104682
0.00469954
0.00238639
0.00724282
0.0103732
0.0119876
0.0122341
0.0122926
0.0150528
0.0272261
0.00910395
0.00483891
0.000146829
0.00508002
0.00787326
0.00956501
0.0106109
0.0113213
0.0119249
0.0125887
0.0134161
0.0144678
0.0157649
0.0172059
0.018515
0.019342
0.0194762
0.018985
0.0181542
0.0172829
0.0164695
0.0155736
0.0144028
0.0129187
0.0112682
0.00972397
0.00855826
0.00822078
0.0090761
0.010888
0.0131397
0.0154364
0.0175202
0.0192154
0.0204464
0.0212601
0.0218317
0.0224034
0.0231292
0.0238607
0.0242335
0.0239796
0.0232197
0.0224593
0.021764
0.0209583
0.0199953
0.0189046
0.0177046
0.0163411
0.0147469
0.0129677
0.0111928
0.00963139
0.00843618
0.00787176
0.00835926
0.00996816
0.012385
0.0151397
0.0178734
0.0203153
0.0222569
0.023545
0.024077
0.0237902
0.0226533
0.0206786
0.0179856
0.0149318
0.0121514
0.0100316
0.00820775
0.00663771
0.00548721
0.00465783
0.00392242
0.00312414
0.00219365
0.00124427
0.000218555
0.00506892
0.00971473
0.0132483
0.0163201
0.0188515
0.0202732
0.0199745
0.0178529
0.0142372
0.00931762
0.00303431
0.0041076
0.00765121
0.0102006
0.0115867
0.0118144
0.0119656
0.014875
0.0272102
0.00887814
0.00488122
0.000802532
0.0042718
0.00718772
0.00895511
0.0100282
0.0107136
0.0112413
0.0117965
0.0125127
0.0134853
0.0147743
0.0163037
0.0177987
0.0188897
0.0193227
0.0190953
0.0184221
0.0175762
0.0167116
0.0157898
0.0146829
0.0133403
0.0118521
0.0104239
0.00931893
0.00882951
0.00931414
0.0107133
0.0126625
0.014804
0.0168601
0.0186139
0.0199348
0.0208167
0.0213873
0.0218783
0.0225277
0.0233293
0.0239417
0.0239333
0.0232156
0.0223563
0.0215426
0.0206021
0.0195026
0.0182977
0.0170369
0.015688
0.0141758
0.012513
0.0108744
0.00950208
0.00858754
0.00835408
0.0090797
0.0107865
0.0132115
0.0159347
0.0185894
0.0208734
0.0225545
0.0234791
0.0235737
0.0228292
0.0212867
0.0190447
0.0163101
0.0134683
0.0109986
0.00906046
0.00740678
0.00607458
0.00512051
0.004383
0.00368582
0.00291117
0.00204574
0.00125565
0.000354351
0.00633763
0.0103156
0.0135212
0.0165032
0.0189994
0.0203031
0.0197411
0.0172798
0.0133301
0.00800077
0.00121565
0.00501286
0.00775944
0.00985426
0.0110914
0.0113515
0.0116214
0.0146902
0.0271739
0.00856732
0.00484901
0.0013143
0.00322682
0.00641506
0.00830049
0.00946076
0.010184
0.0106875
0.0111583
0.0117503
0.0125942
0.0138009
0.015344
0.0169681
0.0182927
0.0190237
0.0190917
0.0186365
0.0178877
0.0170206
0.0160741
0.0149916
0.0137378
0.0123711
0.0110484
0.0100024
0.00945819
0.00969296
0.010734
0.0123616
0.0142929
0.0162606
0.0180215
0.0194008
0.0203458
0.020941
0.0213847
0.0219278
0.0227134
0.0235039
0.0237651
0.0231394
0.0221887
0.0212526
0.0201778
0.0189491
0.0176371
0.0163127
0.0149681
0.0135319
0.0119902
0.0104945
0.00930683
0.00864853
0.00868944
0.00958412
0.011343
0.0137461
0.0164139
0.0189729
0.0210939
0.0225229
0.0231082
0.0228077
0.0216705
0.0198106
0.0174028
0.0147093
0.0120922
0.00987946
0.00811246
0.00665015
0.00553888
0.00473965
0.00408737
0.00344615
0.00273324
0.00197096
0.00135119
0.000500809
0.00722391
0.0106757
0.0137115
0.016678
0.0191487
0.0203193
0.0194645
0.0166406
0.0123124
0.00638837
0.00168461
0.005473
0.00766304
0.00938933
0.0105339
0.0108673
0.0112763
0.0145104
0.0271269
0.00817967
0.00474155
0.0016574
0.00203549
0.00551557
0.00754203
0.00883741
0.00965881
0.0102039
0.010646
0.0111412
0.0118411
0.012905
0.0143791
0.0160584
0.0175673
0.018577
0.0189532
0.0187614
0.0181769
0.0173706
0.0164305
0.0153631
0.0141651
0.0128872
0.0116551
0.0106659
0.0100988
0.0101572
0.0108984
0.0122131
0.0139054
0.0157392
0.0174607
0.0188616
0.0198489
0.0204684
0.0208885
0.0213511
0.0220553
0.022933
0.023455
0.0229701
0.0219405
0.0208811
0.0196787
0.0183377
0.0169379
0.0155598
0.0142158
0.01285
0.0114335
0.0100885
0.00907881
0.00864276
0.00889687
0.00989675
0.0116591
0.0140059
0.0165962
0.019053
0.0210221
0.0222251
0.0225082
0.0218607
0.0203918
0.0182884
0.0157893
0.0131818
0.0107741
0.00877396
0.00717704
0.00591923
0.00500919
0.00435079
0.00380404
0.00325141
0.00264208
0.00200436
0.00147539
0.000280224
0.00754971
0.0107979
0.0138139
0.0168145
0.0192685
0.0202986
0.0191348
0.0159388
0.0111961
0.0052571
0.00213425
0.00570058
0.00745243
0.00885986
0.00994169
0.0103768
0.0109417
0.0143449
0.0270774
0.00771819
0.00454942
0.00190026
0.00107303
0.00443
0.00664159
0.00809705
0.00906161
0.0097105
0.0101935
0.0106527
0.0112385
0.0121364
0.0134697
0.0151192
0.0167434
0.0179905
0.0186654
0.0187603
0.0183915
0.0177082
0.0168214
0.0157856
0.0146335
0.0134239
0.0122666
0.0113262
0.010744
0.0106655
0.0111562
0.0121831
0.0136299
0.0153017
0.0169454
0.0183307
0.0193326
0.0199642
0.0203656
0.0207646
0.0213874
0.022265
0.022992
0.0226852
0.0215919
0.0204146
0.019099
0.0176721
0.016215
0.0148044
0.0134661
0.0121667
0.010877
0.0096902
0.0088513
0.00859691
0.00899983
0.0100506
0.0117708
0.0140253
0.0165162
0.0188702
0.0207096
0.021726
0.0217537
0.0208071
0.0190566
0.0167626
0.0142169
0.0117081
0.0094817
0.00766539
0.00625207
0.00520987
0.00449952
0.00400299
0.00358595
0.00316257
0.00269226
0.0022043
0.00171273
0.000553624
0.00748202
0.0107058
0.0138184
0.0168857
0.0193341
0.0202246
0.0187495
0.0151913
0.0102605
0.00469774
0.00245217
0.00583441
0.00720567
0.00831337
0.00933611
0.00988759
0.0106226
0.0141998
0.027031
0.00718786
0.00427659
0.00205821
0.000800272
0.00309315
0.00557172
0.00719287
0.00832661
0.00912448
0.00971184
0.0102085
0.0107464
0.0115063
0.0126646
0.0142067
0.0158645
0.0172865
0.0182262
0.0186058
0.0184807
0.0179678
0.0171822
0.0162082
0.0151104
0.0139626
0.0128689
0.0119679
0.0113703
0.0111788
0.0114611
0.0122348
0.0134479
0.0149454
0.016483
0.017818
0.0188032
0.0194265
0.0198036
0.0201459
0.0206908
0.021536
0.0223873
0.0222646
0.0211219
0.0198403
0.0184359
0.0169589
0.0154834
0.0140713
0.0127524
0.0115183
0.0103537
0.00932917
0.00865276
0.00853861
0.00902858
0.0100852
0.0117219
0.0138469
0.0162135
0.0184643
0.0202028
0.0210827
0.0209105
0.0197114
0.0177141
0.015257
0.0126803
0.0102621
0.00819294
0.00655765
0.0053593
0.00456077
0.00407494
0.00375367
0.00349667
0.00322998
0.00292411
0.0026232
0.00196826
0.00159967
0.00723459
0.0104769
0.0137435
0.0168883
0.0193363
0.0200859
0.0183056
0.0145113
0.00964423
0.00430337
0.00267522
0.00589243
0.00696176
0.00778279
0.00873193
0.00940045
0.0103174
0.0140777
0.0269911
0.00659588
0.00392787
0.00213802
0.00104796
0.00191029
0.00430148
0.00609889
0.00740569
0.00837484
0.00911091
0.00970975
0.0102777
0.0109684
0.0119717
0.0133632
0.0149774
0.0164985
0.0176477
0.018285
0.0184059
0.0180891
0.0174408
0.0165601
0.0155345
0.0144533
0.0134199
0.0125523
0.0119465
0.0116605
0.0117733
0.0123351
0.0133393
0.0146639
0.0160759
0.0173292
0.018265
0.0188544
0.0191936
0.0194784
0.0199486
0.0207455
0.0216664
0.0216918
0.0205132
0.019149
0.017691
0.0162083
0.0147593
0.0133832
0.0121057
0.0109401
0.00989548
0.00903029
0.00850479
0.00849301
0.0090215
0.0100422
0.0115584
0.0135164
0.0157279
0.0178687
0.0195343
0.0203364
0.0200312
0.018628
0.0164022
0.0137828
0.0111691
0.00882913
0.0069149
0.00549836
0.00457786
0.00406391
0.00379883
0.00366795
0.00357948
0.00347255
0.00334998
0.00323068
0.00212203
0.00247476
0.00694626
0.0102247
0.0136292
0.0168316
0.0192708
0.0198722
0.0178636
0.0139627
0.00915749
0.00409418
0.00279233
0.0058636
0.00673582
0.00728855
0.00813997
0.00891247
0.0100192
0.0139773
0.0269595
0.00595359
0.00350728
0.00212093
0.00140786
0.00139277
0.0028425
0.00480091
0.00626841
0.00741063
0.00831662
0.00906108
0.0097253
0.0104286
0.0113419
0.0125909
0.0141128
0.0156602
0.0169514
0.0177994
0.0181451
0.0180274
0.0175354
0.0167721
0.0158386
0.0148356
0.0138668
0.0130355
0.0124265
0.012076
0.0120619
0.0124576
0.0132869
0.0144492
0.0157231
0.0168668
0.0177201
0.0182463
0.0185283
0.0187485
0.0191442
0.0198856
0.0208402
0.0209586
0.0197538
0.0183372
0.0168714
0.0154339
0.0140599
0.0127611
0.0115531
0.0104651
0.00953359
0.00881659
0.00842537
0.00848203
0.0090085
0.00995943
0.0113253
0.0130807
0.0150996
0.01711
0.0187204
0.0195051
0.0191489
0.0176011
0.01515
0.0123466
0.00968197
0.00743116
0.00571833
0.00462307
0.00403302
0.003781
0.00373321
0.00377702
0.00383349
0.00387209
0.00393871
0.0039394
0.00226428
0.00288974
0.00665217
0.0100081
0.0134786
0.016714
0.019149
0.0196218
0.0174244
0.0134711
0.00878787
0.00401705
0.0028255
0.00574218
0.00653446
0.00684402
0.00757017
0.00842075
0.00971802
0.0138941
0.0269365
0.00527921
0.00302805
0.00200886
0.00169019
0.00147356
0.00184905
0.00327985
0.00490336
0.00620338
0.00727882
0.00818838
0.00899193
0.00977717
0.0106819
0.0118412
0.0132655
0.0147886
0.0161567
0.0171585
0.0176916
0.0177576
0.0174251
0.0167932
0.015969
0.0150594
0.014167
0.0133843
0.0127855
0.0124028
0.0123077
0.0125871
0.0132797
0.0142952
0.0154221
0.0164304
0.0171683
0.0175998
0.0178011
0.0179444
0.0182624
0.0189445
0.0199086
0.020064
0.018836
0.0174097
0.0159902
0.0146531
0.0134033
0.0122239
0.0111169
0.0101204
0.00929598
0.00870984
0.00843423
0.00853591
0.00902791
0.00987578
0.0110654
0.0125877
0.0143724
0.0162151
0.0177651
0.018581
0.0182674
0.0166599
0.0139725
0.0109539
0.00825029
0.0061596
0.00480866
0.00407089
0.00377045
0.00375327
0.00387962
0.00404944
0.00421434
0.00438227
0.00462808
0.00467653
0.00255035
0.00287446
0.00636134
0.00979911
0.0132941
0.0165388
0.0189731
0.0193254
0.0169722
0.0130193
0.00849829
0.00403057
0.00281347
0.00553146
0.00635272
0.00645483
0.00703121
0.00792444
0.00940406
0.0138222
0.0269211
0.00459754
0.00251489
0.00180209
0.00183321
0.0017712
0.00164247
0.00202471
0.00332782
0.0047508
0.0059746
0.00704607
0.00800715
0.00891949
0.00988768
0.0110299
0.0123907
0.0138729
0.0152699
0.0163716
0.0170485
0.0172722
0.0170913
0.016597
0.0158964
0.0150974
0.0142991
0.0135848
0.0130196
0.0126386
0.0125085
0.0127209
0.0133146
0.0141982
0.0151695
0.016017
0.0166067
0.0169113
0.0170059
0.017056
0.0172895
0.0179097
0.0188652
0.0190038
0.0177644
0.0163793
0.0150664
0.0138859
0.0128081
0.0117884
0.0108143
0.00992628
0.00920391
0.00872621
0.00854123
0.00866726
0.00910135
0.00982206
0.0108169
0.0120842
0.0135956
0.0152193
0.016673
0.0175368
0.0173543
0.0158092
0.0128499
0.0096015
0.00697855
0.00527191
0.00428691
0.00384508
0.00378135
0.00392975
0.00416206
0.00440869
0.00465572
0.00494383
0.00535039
0.00539624
0.00302246
0.00259394
0.00605884
0.00957577
0.0130626
0.0162894
0.0187302
0.0189664
0.0164855
0.0125804
0.00825866
0.00410603
0.0028009
0.00524632
0.00616897
0.00611538
0.00652771
0.00742458
0.00907175
0.013756
0.0269104
0.00393644
0.00200804
0.00151345
0.00180344
0.00196232
0.00186451
0.00167474
0.0019471
0.00309797
0.00441345
0.0056197
0.00673283
0.00779212
0.00887397
0.0100689
0.0114208
0.0128763
0.0142797
0.0154413
0.016223
0.0165769
0.0165357
0.0161817
0.015618
0.0149485
0.0142657
0.0136443
0.0131417
0.0127977
0.0126773
0.0128683
0.013395
0.0141561
0.0149599
0.0156209
0.0160303
0.0161758
0.0161363
0.0160745
0.0162135
0.0167687
0.0176998
0.0177757
0.0165539
0.0152669
0.0141242
0.0131551
0.0122936
0.0114702
0.0106585
0.0098957
0.00926973
0.00887221
0.00874513
0.00887601
0.00923962
0.00982123
0.0106122
0.0116139
0.0128234
0.0141731
0.0154659
0.0163457
0.016345
0.0150136
0.0116928
0.00834175
0.00612205
0.00477788
0.00407989
0.00386286
0.00395252
0.00419041
0.00447577
0.00477046
0.00509
0.00549633
0.00604307
0.00606629
0.00363395
0.00231904
0.00575324
0.00931203
0.0127436
0.0159407
0.0184003
0.0185198
0.0159407
0.012132
0.00804704
0.00422575
0.00282907
0.00491227
0.00594925
0.00580867
0.00605804
0.00692298
0.00871881
0.0136889
0.0269006
0.00331962
0.00156027
0.00120075
0.00161633
0.00191746
0.00200645
0.00185201
0.0015787
0.00168502
0.0026761
0.00393645
0.00516632
0.00636667
0.00758835
0.00889129
0.0102917
0.011754
0.0131654
0.0143664
0.0152254
0.0156878
0.0157769
0.0155669
0.015154
0.0146342
0.0140906
0.0135886
0.0131796
0.0129078
0.0128392
0.0130466
0.0135268
0.0141647
0.014784
0.015232
0.0154305
0.0153865
0.0151862
0.0149925
0.0150248
0.015511
0.0164008
0.0163845
0.0152256
0.0141016
0.013193
0.0124857
0.011879
0.0112829
0.0106596
0.0100381
0.00950479
0.00915922
0.00905204
0.00916391
0.00945071
0.00989165
0.0104792
0.0112155
0.0121097
0.01314
0.0141934
0.0150083
0.0151678
0.0141741
0.010395
0.00740332
0.00557838
0.00452236
0.00403807
0.00396857
0.0041438
0.00442232
0.00473148
0.00506332
0.00545684
0.00598215
0.00664693
0.0066459
0.0043062
0.00234655
0.00546814
0.00900396
0.0123149
0.0154497
0.0179522
0.0179536
0.0153154
0.0116585
0.00785195
0.0043833
0.00293069
0.0045617
0.00566037
0.00550954
0.00561391
0.00642046
0.008348
0.0136325
0.0268778
0.00276315
0.00120832
0.000951448
0.00136803
0.0016531
0.0018536
0.00189975
0.00173127
0.00140302
0.00131415
0.00212515
0.00335902
0.00465472
0.00601376
0.00746451
0.0089649
0.0104751
0.0119126
0.0131496
0.0140721
0.0146308
0.014847
0.0147886
0.0145426
0.0141937
0.0138135
0.013458
0.0131739
0.0130087
0.0130276
0.0132752
0.0137121
0.0142132
0.0146254
0.0148343
0.0147951
0.0145353
0.0141501
0.0138048
0.0137164
0.0141281
0.0149573
0.0148426
0.0138112
0.0129202
0.0123061
0.0119043
0.0115829
0.0112382
0.0108242
0.0103595
0.00991992
0.0096055
0.00948225
0.00954489
0.00974607
0.0100493
0.0104411
0.0109218
0.0115026
0.0121877
0.0129303
0.0135704
0.0137885
0.0131331
0.00911153
0.0066476
0.00516162
0.00433157
0.00400289
0.00403538
0.00425753
0.00454556
0.00486158
0.00522945
0.00570379
0.0063475
0.00710513
0.00708188
0.00492996
0.00279371
0.00521985
0.00862791
0.0118065
0.0147856
0.0173438
0.0172321
0.0145919
0.0111539
0.00767666
0.00458709
0.00313221
0.00423682
0.00528644
0.00518821
0.00518036
0.00591611
0.00797268
0.0136003
0.0268157
0.0022831
0.000946167
0.000775384
0.00117674
0.00131888
0.00144864
0.00158491
0.00162835
0.00149551
0.00117292
0.000903659
0.00150986
0.00274709
0.00418174
0.00580019
0.00744434
0.0090422
0.0105292
0.0118076
0.0127897
0.013442
0.0137897
0.0138955
0.0138352
0.0136794
0.0134867
0.0133044
0.013175
0.0131479
0.0132772
0.0135667
0.0139417
0.0142788
0.0144576
0.014405
0.0141081
0.0136133
0.0130241
0.0125088
0.0122844
0.0126135
0.0133622
0.0131775
0.0123508
0.0117655
0.0115003
0.0114373
0.0114214
0.0113441
0.0111553
0.0108628
0.0105259
0.0102357
0.0100707
0.0100524
0.0101496
0.010313
0.0105178
0.0107577
0.0110397
0.0113763
0.0117611
0.0121187
0.012242
0.0117617
0.00793059
0.00592934
0.004726
0.00407381
0.00387865
0.0039879
0.00422156
0.00449097
0.00480586
0.00521885
0.00578556
0.00654458
0.00736661
0.00731916
0.00538545
0.00350905
0.00504101
0.00816453
0.0111917
0.0139866
0.0165303
0.0163222
0.0137626
0.0106285
0.00754559
0.00486788
0.00346404
0.00400146
0.0048469
0.00481612
0.00473771
0.00541139
0.00762372
0.0136059
0.0266631
0.00192305
0.00072596
0.000605043
0.00106987
0.00112172
0.00105674
0.00105504
0.00112499
0.00117509
0.00111192
0.000877668
0.000533028
0.000963702
0.00224518
0.00398117
0.00579183
0.00750075
0.00905011
0.0103734
0.0114164
0.0121679
0.0126595
0.0129478
0.0130945
0.0131546
0.0131733
0.0131897
0.0132408
0.0133733
0.0136116
0.013914
0.0141852
0.0143209
0.014241
0.0139119
0.0133483
0.0126104
0.0118064
0.0111063
0.0107293
0.0109621
0.0116196
0.0114327
0.010894
0.0106868
0.0108135
0.0111074
0.0114044
0.011601
0.0116486
0.0115447
0.0113292
0.0110751
0.0108619
0.0107377
0.0107055
0.0107165
0.0107348
0.0107458
0.0107477
0.0107493
0.0107595
0.010755
0.0106224
0.0100779
0.00680815
0.00516806
0.00417688
0.00367797
0.00359875
0.00373953
0.00393915
0.00417406
0.0045038
0.00498992
0.00566702
0.00653575
0.00739225
0.00731882
0.00562037
0.00402249
0.00500566
0.0076498
0.0104367
0.013064
0.0154929
0.0152035
0.0128363
0.0101151
0.00751347
0.00528945
0.00397361
0.00395672
0.00442382
0.00439103
0.00427908
0.00493271
0.00735892
0.0136438
0.0263287
0.0017892
0.000568338
0.000453476
0.0010086
0.001127
0.00100769
0.00080315
0.000622894
0.000541202
0.00054825
0.000558448
0.000491514
0.000282204
0.000704977
0.00223702
0.00413589
0.00592945
0.00752843
0.00889246
0.0100017
0.0108668
0.0115233
0.0120179
0.0123959
0.0126952
0.0129478
0.013183
0.0134287
0.0137165
0.014023
0.0142739
0.0143809
0.0142748
0.0139183
0.0133113
0.0124877
0.0115143
0.010498
0.00960528
0.00905941
0.00917321
0.00975535
0.00966865
0.00950809
0.00974051
0.0102785
0.0109248
0.0115261
0.0119937
0.0122844
0.0123876
0.0123226
0.0121383
0.0118996
0.0116684
0.0114829
0.0113221
0.0111425
0.0109247
0.010658
0.0103422
0.00998276
0.00957467
0.00905761
0.00822095
0.0057021
0.00430591
0.0034503
0.00306607
0.00303792
0.00313646
0.00327614
0.00350968
0.00391561
0.00452421
0.0053313
0.0062981
0.00715939
0.00707236
0.00565926
0.00439629
0.00499918
0.00708459
0.00952228
0.011964
0.0142321
0.0138743
0.011846
0.0096795
0.00767507
0.00596155
0.00477521
0.00426938
0.00422816
0.00403944
0.00390594
0.00461216
0.00727072
0.0136542
0.0256595
0.00197597
0.00073045
0.000520526
0.00103741
0.00125073
0.0012293
0.00108385
0.000887876
0.000680821
0.000481041
0.00029533
0.000131863
3.14815e-05
0.000204889
0.00107014
0.00269391
0.00443584
0.00603373
0.00742763
0.00861542
0.00961892
0.0104699
0.0111997
0.0118338
0.0123923
0.0128919
0.0133473
0.0137707
0.0141569
0.0144407
0.0145485
0.0144268
0.0140479
0.0134123
0.0125439
0.0114867
0.0103063
0.00909985
0.00802081
0.00729569
0.00726006
0.00782169
0.00797472
0.00828085
0.00897815
0.00990518
0.0108699
0.0117491
0.0124754
0.0130123
0.0133428
0.013467
0.0134056
0.0132002
0.0129053
0.0125662
0.0122244
0.0118352
0.0113808
0.0108471
0.0102261
0.00951384
0.00870263
0.00775327
0.00653937
0.00459913
0.00336742
0.00250339
0.00210464
0.00201147
0.00203274
0.00217205
0.00250917
0.00307734
0.00384783
0.0047872
0.0058234
0.0066559
0.00658463
0.00552076
0.00463657
0.00498359
0.00645954
0.00842914
0.0106207
0.0127054
0.0123547
0.0108596
0.00943529
0.00817503
0.00705319
0.00608623
0.00527459
0.00475884
0.00433036
0.0041662
0.00488509
0.00749276
0.0134966
0.024426
0.00222067
0.0009986
0.000494406
0.000983729
0.00127727
0.00137447
0.00136685
0.00131425
0.00124358
0.00116135
0.00106284
0.000939833
0.000791921
0.000662887
0.000864876
0.00183105
0.00324418
0.00472055
0.00611164
0.00738777
0.00855637
0.00963005
0.0106165
0.0115178
0.012333
0.0130591
0.0136895
0.0142107
0.0145687
0.0147037
0.0145771
0.0141782
0.0135171
0.0126209
0.0115276
0.0102843
0.00894897
0.00760161
0.00636928
0.0054739
0.0052673
0.00592743
0.00647846
0.00729556
0.00840915
0.00964686
0.0108632
0.0119761
0.0129395
0.0137231
0.0143038
0.0146648
0.014799
0.0147177
0.0144458
0.0140236
0.0135275
0.0129445
0.0122627
0.0114739
0.0105705
0.0095459
0.00839079
0.00708411
0.0055956
0.00396316
0.00275824
0.00183284
0.00126069
0.0010016
0.000994925
0.00119102
0.001576
0.00217603
0.00303465
0.00406983
0.00511405
0.00587534
0.00587573
0.00524823
0.0047808
0.00494515
0.00577125
0.00713001
0.00896866
0.0108385
0.0107045
0.0100163
0.00956877
0.00921056
0.00878696
0.00822992
0.00753219
0.00677449
0.00628314
0.00606741
0.00645767
0.00823121
0.012994
0.0223285
0.00207414
0.00124066
0.00013719
0.000603069
0.000943761
0.00112433
0.00123064
0.00130602
0.00136303
0.00140154
0.00141646
0.00140353
0.00136594
0.00132832
0.00139558
0.00182542
0.00272779
0.00391822
0.00522176
0.00655407
0.00787578
0.00915898
0.0103764
0.0115006
0.0125051
0.0133629
0.0140433
0.0144973
0.0146727
0.0145495
0.0141316
0.013442
0.0125165
0.0113983
0.0101334
0.00876893
0.00735446
0.00594999
0.00464451
0.00363454
0.00330266
0.00425237
0.00531873
0.00655737
0.00793408
0.00934446
0.010712
0.0119943
0.0131626
0.0141898
0.0150457
0.015698
0.0161166
0.0162812
0.0161841
0.0158351
0.0152774
0.0145796
0.0137372
0.0127585
0.0116495
0.0104176
0.00907388
0.0076396
0.00617869
0.00486384
0.0038817
0.00319872
0.00278065
0.0025282
0.00235324
0.00220053
0.0020648
0.00202605
0.00229351
0.00321385
0.00417538
0.00481601
0.00499699
0.00492277
0.00488935
0.00491998
0.0050737
0.00561586
0.00693585
0.00862149
0.00913439
0.00961996
0.0103556
0.0109884
0.0113371
0.0113582
0.0110713
0.0105506
0.0101374
0.00981314
0.00960018
0.00982967
0.0121314
0.0190383
0.00164215
0.00132677
0.00124071
0.000794121
0.000672452
0.000537607
0.000522954
0.000604721
0.000730173
0.000862911
0.000986581
0.00109873
0.0012096
0.00134394
0.00155621
0.00195171
0.00263128
0.0036016
0.00479675
0.00613692
0.00754657
0.00895524
0.0102981
0.0115173
0.0125609
0.0133811
0.0139251
0.0141379
0.0140186
0.0135847
0.0128678
0.0119106
0.0107629
0.00947779
0.00810849
0.00670502
0.00531313
0.00397693
0.00275287
0.00179254
0.00166425
0.00306603
0.00447871
0.0058625
0.00724175
0.00861779
0.00998509
0.0113369
0.0126556
0.0139104
0.0150593
0.016054
0.0168448
0.0173865
0.0176442
0.0175913
0.0172191
0.0165732
0.0157149
0.0146804
0.0135008
0.0122092
0.010847
0.00947324
0.00817911
0.00707876
0.00622339
0.00558343
0.00510493
0.00472009
0.00436765
0.00399552
0.00356252
0.00305281
0.00252928
0.00230104
0.00291796
0.00342102
0.00399803
0.00462022
0.00504363
0.00503666
0.00456647
0.00402861
0.00450545
0.00640163
0.0082422
0.0101371
0.0120205
0.0135914
0.014733
0.0154207
0.0156799
0.0155862
0.0152048
0.0146743
0.0137985
0.0123625
0.0111885
0.0141994
0.00122315
0.00174877
0.00221569
0.00226345
0.00203991
0.00173987
0.0014166
0.00107877
0.00082099
0.000607925
0.000429996
0.000277086
0.00017125
0.000258209
0.000542008
0.00100277
0.00168886
0.00262602
0.00378933
0.00511239
0.00650726
0.00788084
0.00914498
0.0102219
0.0110471
0.0115721
0.0117778
0.0116865
0.0113032
0.0106498
0.00976097
0.00867853
0.00745293
0.00614193
0.00480806
0.00351492
0.0023201
0.00126716
0.000486499
0.00080509
0.00140324
0.00222453
0.00343399
0.00453513
0.0054822
0.0064543
0.00755418
0.00879877
0.0101457
0.0115282
0.0128757
0.0141223
0.0152088
0.0160852
0.0167116
0.0170573
0.0171
0.0168356
0.0162804
0.0154713
0.0144582
0.0132967
0.0120497
0.0107922
0.00961098
0.00858507
0.00774885
0.00709124
0.00657696
0.00615768
0.00578192
0.00539832
0.00495595
0.00440694
0.00370319
0.00279678
0.00188938
0.00209837
0.00322146
0.00435029
0.00496334
0.00486393
0.00402086
0.00260318
0.00188708
0.00510916
0.00866399
0.0115528
0.0140688
0.0161803
0.0178541
0.0190806
0.0198637
0.0202119
0.0201507
0.0197054
0.0186292
0.0163936
0.0129076
0.0107777
)
;

boundaryField
{
    floor
    {
        type            calculated;
        value           uniform 0;
    }
    ceiling
    {
        type            calculated;
        value           uniform 0;
    }
    fixedWalls
    {
        type            calculated;
        value           uniform 0;
    }
    frontAndBack
    {
        type            empty;
    }
}


// ************************************************************************* //
