/*--------------------------------*- C++ -*----------------------------------*\
| =========                 |                                                 |
| \\      /  F ield         | OpenFOAM: The Open Source CFD Toolbox           |
|  \\    /   O peration     | Version:  4.1                                   |
|   \\  /    A nd           | Web:      www.OpenFOAM.org                      |
|    \\/     M anipulation  |                                                 |
\*---------------------------------------------------------------------------*/
FoamFile
{
    version     2.0;
    format      ascii;
    class       volScalarField;
    location    "660";
    object      p_rgh;
}
// * * * * * * * * * * * * * * * * * * * * * * * * * * * * * * * * * * * * * //

dimensions      [0 2 -2 0 0 0 0];

internalField   nonuniform List<scalar> 
5000
(
0.0492137
0.049196
0.0491846
0.0491792
0.0491803
0.0491881
0.0492017
0.0492185
0.0492353
0.04925
0.0492615
0.0492697
0.0492751
0.0492778
0.0492784
0.0492775
0.0492755
0.0492728
0.0492697
0.0492666
0.0492639
0.0492614
0.0492586
0.0492561
0.0492543
0.0492534
0.0492532
0.0492537
0.0492549
0.0492567
0.0492589
0.0492614
0.0492641
0.049267
0.0492698
0.0492725
0.0492751
0.0492775
0.0492796
0.0492815
0.0492833
0.0492849
0.0492863
0.0492877
0.0492889
0.04929
0.0492911
0.0492923
0.0492942
0.0492963
0.0492955
0.0492906
0.0492877
0.0492739
0.0492757
0.0492801
0.0492829
0.0492827
0.0492822
0.0492822
0.0492827
0.0492838
0.0492853
0.0492871
0.0492889
0.0492906
0.0492923
0.049294
0.0492956
0.0492973
0.0492991
0.0493009
0.0493028
0.0493047
0.0493066
0.0493084
0.0493101
0.0493116
0.0493128
0.0493137
0.0493146
0.0493146
0.0493136
0.0493117
0.0493089
0.0493054
0.0493014
0.049297
0.0492924
0.0492878
0.0492834
0.0492794
0.0492758
0.0492726
0.0492699
0.0492674
0.049265
0.0492626
0.0492611
0.0492648
0.0492039
0.0492046
0.0492048
0.0492045
0.0492068
0.0492135
0.0492253
0.0492415
0.0492586
0.0492737
0.0492858
0.0492948
0.049301
0.0493046
0.0493061
0.0493061
0.0493048
0.0493025
0.0492997
0.0492967
0.0492939
0.0492914
0.0492895
0.0492881
0.0492873
0.049287
0.0492876
0.0492889
0.0492911
0.0492939
0.0492974
0.0493015
0.0493059
0.0493108
0.0493158
0.0493211
0.0493264
0.0493317
0.049337
0.0493421
0.0493471
0.0493518
0.0493563
0.0493603
0.049364
0.0493672
0.04937
0.0493723
0.049374
0.0493751
0.0493743
0.0493552
0.0493056
0.0492705
0.0493368
0.0493751
0.0493774
0.0493783
0.0493784
0.0493777
0.0493765
0.0493749
0.049373
0.0493711
0.0493693
0.0493676
0.0493661
0.0493648
0.0493637
0.0493628
0.049362
0.0493615
0.0493611
0.0493608
0.0493606
0.0493604
0.0493601
0.0493597
0.0493591
0.0493581
0.0493568
0.0493552
0.0493532
0.0493506
0.0493476
0.0493442
0.0493406
0.0493369
0.0493334
0.0493304
0.0493281
0.0493266
0.049326
0.0493263
0.0493267
0.0493269
0.0493261
0.0493216
0.0493019
0.0492672
0.0491689
0.0491934
0.0492011
0.0491984
0.0491963
0.0492013
0.0492154
0.0492346
0.0492536
0.0492698
0.0492823
0.0492918
0.0492983
0.0493018
0.0493031
0.0493027
0.0493009
0.0492983
0.0492952
0.049292
0.049289
0.0492864
0.0492843
0.0492829
0.0492822
0.0492822
0.049283
0.0492847
0.0492871
0.0492903
0.0492942
0.0492987
0.0493035
0.0493088
0.0493142
0.0493198
0.0493255
0.0493312
0.0493369
0.0493424
0.0493479
0.0493531
0.0493582
0.049363
0.0493675
0.0493716
0.0493754
0.0493788
0.0493817
0.0493839
0.0493835
0.0493628
0.0492824
0.049236
0.0493544
0.0493865
0.0493874
0.0493867
0.0493851
0.0493831
0.0493808
0.0493783
0.0493759
0.0493736
0.0493714
0.0493694
0.0493677
0.0493661
0.0493648
0.0493636
0.0493627
0.049362
0.0493614
0.049361
0.0493607
0.0493603
0.04936
0.0493594
0.0493587
0.0493575
0.049356
0.0493543
0.0493521
0.0493495
0.0493464
0.049343
0.0493392
0.0493355
0.0493321
0.0493291
0.0493269
0.0493256
0.0493254
0.0493261
0.0493277
0.0493299
0.0493322
0.0493326
0.0493131
0.0492454
0.0491271
0.0491753
0.0491885
0.0491829
0.0491781
0.0491849
0.0492057
0.0492302
0.0492519
0.0492695
0.049283
0.0492928
0.0492992
0.0493025
0.0493033
0.0493023
0.0492999
0.0492966
0.0492928
0.0492889
0.0492852
0.049282
0.0492794
0.0492776
0.0492767
0.0492766
0.0492775
0.0492793
0.049282
0.0492856
0.0492898
0.0492947
0.0492999
0.0493055
0.0493114
0.0493173
0.0493233
0.0493294
0.0493353
0.0493411
0.0493468
0.0493523
0.0493576
0.0493626
0.0493674
0.0493719
0.0493761
0.0493799
0.0493833
0.0493859
0.0493846
0.0493575
0.0492413
0.0492043
0.0493656
0.0493901
0.0493901
0.0493883
0.0493859
0.0493832
0.0493805
0.0493779
0.0493753
0.0493729
0.0493707
0.0493686
0.0493668
0.0493652
0.0493638
0.0493626
0.0493616
0.0493608
0.0493602
0.0493597
0.0493593
0.0493589
0.0493584
0.0493578
0.049357
0.0493558
0.0493542
0.0493522
0.0493499
0.0493472
0.049344
0.0493404
0.0493366
0.0493328
0.0493293
0.0493263
0.0493242
0.0493231
0.049323
0.049324
0.049326
0.0493289
0.0493321
0.0493342
0.0493157
0.0492181
0.0490884
0.0491569
0.0491717
0.0491609
0.0491543
0.0491694
0.0492014
0.0492309
0.0492548
0.0492731
0.0492872
0.0492971
0.0493034
0.0493066
0.0493072
0.0493059
0.0493031
0.0492993
0.0492949
0.0492904
0.049286
0.049282
0.0492786
0.0492761
0.0492744
0.0492738
0.0492743
0.0492759
0.0492785
0.0492821
0.0492864
0.0492914
0.0492969
0.0493028
0.0493089
0.0493151
0.0493214
0.0493277
0.0493339
0.04934
0.0493459
0.0493516
0.0493571
0.0493624
0.0493674
0.0493721
0.0493765
0.0493806
0.0493842
0.0493865
0.0493832
0.049346
0.0491913
0.0491883
0.0493753
0.0493921
0.0493913
0.0493889
0.0493861
0.0493832
0.0493803
0.0493775
0.0493748
0.0493723
0.04937
0.0493679
0.0493659
0.0493642
0.0493627
0.0493614
0.0493603
0.0493594
0.0493586
0.049358
0.0493575
0.049357
0.0493565
0.0493558
0.0493549
0.0493536
0.0493519
0.0493497
0.0493472
0.0493442
0.0493409
0.0493371
0.0493332
0.0493293
0.0493257
0.0493228
0.0493208
0.0493199
0.04932
0.0493212
0.0493235
0.0493266
0.0493302
0.049333
0.0493155
0.0491927
0.0490539
0.0491391
0.0491519
0.049134
0.0491268
0.0491614
0.0492022
0.0492342
0.0492583
0.0492769
0.0492907
0.0493003
0.0493064
0.0493096
0.0493103
0.0493092
0.0493068
0.0493033
0.0492992
0.0492948
0.0492903
0.0492861
0.0492824
0.0492793
0.0492771
0.0492758
0.0492756
0.0492766
0.0492786
0.0492817
0.0492857
0.0492904
0.0492957
0.0493015
0.0493076
0.049314
0.0493204
0.0493268
0.0493332
0.0493394
0.0493455
0.0493514
0.0493571
0.0493625
0.0493676
0.0493725
0.049377
0.0493811
0.0493847
0.0493863
0.0493793
0.0493219
0.0491373
0.04919
0.0493825
0.0493932
0.0493919
0.0493892
0.0493861
0.049383
0.04938
0.0493771
0.0493743
0.0493717
0.0493693
0.049367
0.0493649
0.0493631
0.0493614
0.0493599
0.0493587
0.0493576
0.0493567
0.049356
0.0493554
0.0493548
0.0493541
0.0493533
0.0493523
0.0493509
0.0493491
0.0493468
0.049344
0.0493407
0.0493371
0.0493332
0.0493291
0.049325
0.0493214
0.0493186
0.0493167
0.0493161
0.0493165
0.049318
0.0493204
0.0493236
0.0493272
0.0493303
0.0493141
0.0491694
0.0490223
0.0491214
0.0491298
0.0491052
0.0491068
0.0491598
0.0492048
0.0492362
0.04926
0.0492776
0.0492903
0.049299
0.0493044
0.0493072
0.049308
0.0493072
0.0493052
0.0493025
0.0492992
0.0492957
0.0492922
0.0492888
0.0492858
0.0492832
0.0492812
0.0492799
0.0492796
0.0492802
0.0492818
0.0492843
0.0492878
0.049292
0.049297
0.0493024
0.0493083
0.0493144
0.0493207
0.0493271
0.0493334
0.0493397
0.0493458
0.0493517
0.0493575
0.049363
0.0493681
0.049373
0.0493776
0.0493817
0.049385
0.0493852
0.0493715
0.0492666
0.0490946
0.0492101
0.0493874
0.0493938
0.0493919
0.049389
0.0493859
0.0493828
0.0493797
0.0493767
0.0493739
0.0493711
0.0493685
0.0493661
0.0493638
0.0493617
0.0493598
0.0493581
0.0493567
0.0493555
0.0493544
0.0493536
0.0493528
0.0493521
0.0493513
0.0493504
0.0493492
0.0493477
0.0493458
0.0493433
0.0493403
0.0493367
0.0493328
0.0493286
0.0493243
0.0493201
0.0493164
0.0493137
0.0493121
0.0493117
0.0493125
0.0493143
0.0493169
0.0493202
0.0493238
0.049327
0.0493117
0.0491472
0.0489928
0.0491033
0.0491051
0.0490733
0.0491049
0.0491621
0.0492057
0.0492374
0.0492598
0.0492754
0.049286
0.049293
0.0492971
0.049299
0.0492992
0.0492983
0.0492965
0.0492943
0.0492918
0.0492892
0.0492867
0.0492845
0.0492825
0.049281
0.0492801
0.0492798
0.0492801
0.0492812
0.0492831
0.0492858
0.0492892
0.0492934
0.0492982
0.0493035
0.0493092
0.0493152
0.0493213
0.0493276
0.0493339
0.0493401
0.0493462
0.0493522
0.049358
0.0493635
0.0493687
0.0493736
0.0493781
0.0493821
0.0493848
0.0493821
0.0493504
0.0491969
0.0490679
0.0492467
0.0493904
0.0493936
0.0493914
0.0493885
0.0493855
0.0493824
0.0493793
0.0493763
0.0493733
0.0493704
0.0493676
0.0493649
0.0493624
0.0493601
0.0493579
0.0493561
0.0493544
0.049353
0.0493517
0.0493507
0.0493498
0.0493489
0.049348
0.0493469
0.0493456
0.049344
0.0493419
0.0493393
0.0493361
0.0493323
0.049328
0.0493235
0.0493189
0.0493145
0.0493107
0.0493081
0.0493069
0.049307
0.0493083
0.0493105
0.0493133
0.0493166
0.0493201
0.0493233
0.0493087
0.049126
0.0489657
0.0490841
0.0490787
0.0490507
0.0491075
0.0491662
0.0492101
0.0492396
0.0492589
0.0492712
0.049279
0.0492836
0.0492859
0.0492865
0.0492858
0.0492843
0.0492824
0.0492802
0.0492779
0.0492759
0.049274
0.0492726
0.0492716
0.0492711
0.0492713
0.049272
0.0492735
0.0492757
0.0492785
0.049282
0.0492861
0.0492909
0.0492962
0.0493019
0.0493079
0.0493142
0.0493206
0.0493271
0.0493335
0.0493399
0.0493462
0.0493523
0.0493582
0.0493638
0.0493691
0.0493741
0.0493786
0.0493824
0.0493841
0.049375
0.0492941
0.0491345
0.0490573
0.0492907
0.0493914
0.0493927
0.0493903
0.0493877
0.0493848
0.0493819
0.0493788
0.0493758
0.0493727
0.0493696
0.0493665
0.0493636
0.0493608
0.0493582
0.0493558
0.0493536
0.0493517
0.0493501
0.0493487
0.0493474
0.0493463
0.0493453
0.0493442
0.049343
0.0493415
0.0493397
0.0493375
0.0493347
0.0493313
0.0493274
0.0493228
0.0493179
0.049313
0.0493084
0.0493045
0.049302
0.0493012
0.049302
0.049304
0.0493067
0.0493098
0.049313
0.0493163
0.0493195
0.0493053
0.0491057
0.0489443
0.0490594
0.049051
0.0490502
0.0491173
0.0491777
0.0492189
0.0492438
0.0492582
0.0492663
0.0492705
0.0492723
0.0492724
0.0492713
0.0492695
0.0492673
0.0492648
0.0492624
0.0492602
0.0492583
0.0492568
0.0492557
0.0492553
0.0492554
0.0492563
0.049258
0.0492604
0.0492637
0.0492676
0.0492722
0.0492775
0.0492833
0.0492896
0.0492963
0.0493032
0.0493103
0.0493175
0.0493246
0.0493316
0.0493385
0.0493452
0.0493517
0.0493579
0.0493638
0.0493693
0.0493744
0.049379
0.0493827
0.049382
0.0493526
0.0492202
0.0490846
0.0490609
0.0493285
0.0493902
0.0493907
0.0493888
0.0493865
0.0493839
0.0493812
0.0493782
0.049375
0.0493718
0.0493685
0.0493652
0.049362
0.0493589
0.049356
0.0493533
0.0493509
0.0493488
0.0493469
0.0493452
0.0493438
0.0493425
0.0493412
0.0493399
0.0493386
0.0493369
0.049335
0.0493326
0.0493297
0.0493262
0.049322
0.0493172
0.0493121
0.0493068
0.0493018
0.0492978
0.0492954
0.0492951
0.0492969
0.0492999
0.0493033
0.0493066
0.0493097
0.0493128
0.0493157
0.0493019
0.0490863
0.0489302
0.0490313
0.0490303
0.0490669
0.0491406
0.0491979
0.0492322
0.0492498
0.0492579
0.0492609
0.0492611
0.0492598
0.0492576
0.0492548
0.0492518
0.0492487
0.0492458
0.0492431
0.0492408
0.0492388
0.0492374
0.0492366
0.0492363
0.0492369
0.0492382
0.0492403
0.0492435
0.0492475
0.0492523
0.049258
0.0492645
0.0492715
0.0492791
0.0492871
0.0492953
0.0493036
0.0493119
0.04932
0.049328
0.0493357
0.0493432
0.0493503
0.049357
0.0493633
0.0493693
0.0493747
0.0493795
0.0493829
0.049376
0.0492947
0.0491536
0.04905
0.0490782
0.0493527
0.0493877
0.0493882
0.0493869
0.0493851
0.0493828
0.0493802
0.0493773
0.0493741
0.0493707
0.0493672
0.0493637
0.0493602
0.0493568
0.0493536
0.0493507
0.049348
0.0493455
0.0493434
0.0493415
0.0493398
0.0493382
0.0493367
0.0493353
0.0493337
0.0493319
0.0493298
0.0493273
0.0493242
0.0493206
0.0493162
0.0493113
0.0493059
0.0493003
0.049295
0.0492907
0.0492883
0.0492887
0.0492917
0.049296
0.0493003
0.0493039
0.0493069
0.0493096
0.0493123
0.0492984
0.0490678
0.048924
0.0490077
0.0490267
0.0490997
0.0491767
0.0492255
0.0492488
0.0492569
0.0492575
0.0492549
0.049251
0.0492466
0.0492421
0.0492377
0.0492335
0.0492298
0.0492264
0.0492235
0.0492211
0.0492192
0.0492178
0.0492171
0.049217
0.0492176
0.0492191
0.0492215
0.049225
0.0492296
0.0492351
0.0492416
0.0492491
0.0492573
0.0492661
0.0492754
0.049285
0.0492947
0.0493043
0.0493137
0.0493229
0.0493317
0.0493401
0.049348
0.0493555
0.0493625
0.049369
0.049375
0.0493801
0.0493823
0.0493527
0.049223
0.0490986
0.0490329
0.0491106
0.0493652
0.0493849
0.0493856
0.0493849
0.0493835
0.0493816
0.0493792
0.0493763
0.049373
0.0493695
0.0493658
0.049362
0.0493582
0.0493545
0.049351
0.0493478
0.0493448
0.0493421
0.0493396
0.0493375
0.0493355
0.0493336
0.0493319
0.0493302
0.0493284
0.0493264
0.0493241
0.0493215
0.0493184
0.0493146
0.0493102
0.0493051
0.0492995
0.0492937
0.049288
0.0492834
0.0492809
0.0492818
0.0492863
0.0492926
0.049298
0.049302
0.0493048
0.049307
0.0493092
0.0492951
0.04905
0.048928
0.0490015
0.0490539
0.0491533
0.0492246
0.0492574
0.049266
0.0492632
0.0492562
0.0492482
0.0492403
0.049233
0.0492264
0.0492206
0.0492156
0.0492113
0.0492077
0.0492047
0.0492024
0.0492005
0.0491992
0.0491985
0.0491984
0.0491991
0.0492006
0.0492031
0.0492067
0.0492115
0.0492175
0.0492246
0.0492328
0.049242
0.0492519
0.0492624
0.0492733
0.0492844
0.0492954
0.0493062
0.0493167
0.0493267
0.0493362
0.0493452
0.0493535
0.0493614
0.0493686
0.0493753
0.049381
0.0493785
0.0492956
0.0491607
0.049058
0.0490346
0.0491576
0.049371
0.0493824
0.0493831
0.0493828
0.0493819
0.0493802
0.0493779
0.0493751
0.0493717
0.0493681
0.0493642
0.0493601
0.0493561
0.0493521
0.0493483
0.0493448
0.0493415
0.0493385
0.0493357
0.0493332
0.0493309
0.0493288
0.0493267
0.0493247
0.0493227
0.0493205
0.0493181
0.0493153
0.0493121
0.0493084
0.0493039
0.0492988
0.0492931
0.049287
0.049281
0.049276
0.0492732
0.0492742
0.0492803
0.0492894
0.0492966
0.049301
0.0493034
0.0493049
0.0493065
0.049292
0.049033
0.0489498
0.0490293
0.0491252
0.0492294
0.0492773
0.0492873
0.04928
0.0492669
0.0492531
0.0492403
0.049229
0.0492193
0.049211
0.0492042
0.0491986
0.0491941
0.0491905
0.0491877
0.0491855
0.0491838
0.0491826
0.0491819
0.0491818
0.0491824
0.0491837
0.049186
0.0491895
0.0491942
0.0492004
0.0492078
0.0492166
0.0492264
0.0492373
0.0492489
0.049261
0.0492733
0.0492857
0.0492979
0.0493097
0.049321
0.0493318
0.0493418
0.0493512
0.04936
0.0493682
0.0493756
0.0493815
0.0493562
0.0492293
0.0491074
0.0490326
0.0490534
0.0492122
0.0493729
0.04938
0.0493807
0.0493808
0.0493801
0.0493787
0.0493765
0.0493737
0.0493703
0.0493665
0.0493624
0.0493582
0.0493539
0.0493497
0.0493456
0.0493418
0.0493382
0.0493349
0.0493318
0.0493289
0.0493263
0.0493238
0.0493214
0.049319
0.0493167
0.0493142
0.0493117
0.0493088
0.0493056
0.0493019
0.0492976
0.0492925
0.0492867
0.0492804
0.0492741
0.0492687
0.0492653
0.049266
0.0492734
0.0492861
0.0492961
0.0493012
0.049303
0.0493036
0.0493044
0.0492892
0.0490167
0.0490051
0.0491061
0.0492424
0.0493103
0.0493219
0.0493087
0.0492879
0.0492667
0.0492476
0.0492311
0.0492172
0.0492057
0.0491963
0.049189
0.0491832
0.0491789
0.0491756
0.0491731
0.0491712
0.0491698
0.0491688
0.0491682
0.049168
0.0491683
0.0491693
0.0491712
0.0491742
0.0491786
0.0491845
0.049192
0.049201
0.0492113
0.0492228
0.0492353
0.0492485
0.049262
0.0492757
0.0492892
0.0493024
0.049315
0.049327
0.0493382
0.0493487
0.0493585
0.0493676
0.049376
0.04938
0.0493044
0.0491703
0.0490648
0.0490225
0.0490857
0.0492627
0.0493722
0.0493772
0.0493782
0.0493787
0.0493783
0.0493771
0.049375
0.0493722
0.0493688
0.0493649
0.0493606
0.0493562
0.0493517
0.0493473
0.049343
0.0493388
0.049335
0.0493313
0.0493279
0.0493247
0.0493216
0.0493187
0.0493159
0.0493132
0.0493105
0.0493078
0.049305
0.0493021
0.0492989
0.0492953
0.0492911
0.0492862
0.0492805
0.0492741
0.0492675
0.0492615
0.0492575
0.0492575
0.0492649
0.0492818
0.0492967
0.0493025
0.0493035
0.0493029
0.0493028
0.0492867
0.0490011
0.0491102
0.0492349
0.0493473
0.0493669
0.049348
0.0493185
0.0492888
0.0492623
0.0492396
0.0492206
0.049205
0.0491925
0.0491827
0.0491754
0.04917
0.0491662
0.0491635
0.0491616
0.0491603
0.0491592
0.0491585
0.0491579
0.0491576
0.0491576
0.0491581
0.0491594
0.0491616
0.0491653
0.0491707
0.0491778
0.0491866
0.049197
0.049209
0.0492221
0.0492361
0.0492507
0.0492656
0.0492804
0.0492948
0.0493087
0.049322
0.0493344
0.0493461
0.049357
0.0493671
0.0493763
0.0493623
0.0492435
0.0491176
0.0490337
0.0490262
0.0491262
0.0493003
0.0493699
0.0493741
0.0493756
0.0493765
0.0493764
0.0493753
0.0493733
0.0493706
0.0493671
0.0493631
0.0493588
0.0493543
0.0493496
0.049345
0.0493405
0.0493361
0.0493319
0.049328
0.0493242
0.0493206
0.0493171
0.0493138
0.0493105
0.0493074
0.0493043
0.0493012
0.0492982
0.0492952
0.049292
0.0492886
0.0492846
0.04928
0.0492745
0.0492681
0.0492612
0.0492546
0.0492497
0.049249
0.0492552
0.0492748
0.049298
0.0493051
0.0493051
0.0493031
0.0493018
0.0492846
0.048986
0.0492574
0.0493906
0.0494217
0.0493955
0.0493562
0.0493177
0.0492834
0.049254
0.0492293
0.0492089
0.0491926
0.04918
0.0491707
0.049164
0.0491595
0.0491565
0.0491547
0.0491535
0.0491527
0.0491521
0.0491516
0.0491511
0.0491507
0.0491504
0.0491504
0.049151
0.0491523
0.0491549
0.0491593
0.0491656
0.0491738
0.049184
0.049196
0.0492095
0.0492242
0.0492397
0.0492556
0.0492716
0.0492873
0.0493025
0.049317
0.0493306
0.0493434
0.0493554
0.0493666
0.049376
0.049319
0.0491868
0.0490731
0.0490145
0.0490419
0.0491695
0.0493239
0.0493667
0.0493708
0.0493729
0.0493741
0.0493743
0.0493734
0.0493715
0.0493688
0.0493654
0.0493614
0.049357
0.0493524
0.0493477
0.0493429
0.0493382
0.0493336
0.0493292
0.049325
0.0493209
0.0493169
0.049313
0.0493092
0.0493054
0.0493017
0.0492982
0.0492947
0.0492914
0.0492882
0.0492851
0.0492818
0.0492782
0.0492739
0.0492688
0.0492626
0.0492555
0.0492482
0.0492422
0.0492401
0.0492455
0.0492635
0.0492989
0.0493088
0.0493076
0.0493039
0.0493013
0.0492828
0.0489715
0.0494024
0.0494692
0.0494409
0.0493951
0.0493493
0.0493082
0.0492725
0.0492422
0.049217
0.0491966
0.0491807
0.0491688
0.0491605
0.049155
0.0491517
0.0491499
0.0491489
0.0491485
0.0491484
0.0491482
0.0491479
0.0491474
0.0491469
0.0491463
0.0491458
0.0491457
0.0491461
0.0491475
0.0491506
0.0491557
0.049163
0.0491726
0.0491843
0.0491979
0.049213
0.0492293
0.0492461
0.0492632
0.0492801
0.0492964
0.0493121
0.0493269
0.0493408
0.0493538
0.049366
0.0493651
0.0492654
0.0491346
0.0490377
0.0490072
0.0490672
0.0492107
0.0493367
0.0493633
0.0493675
0.0493702
0.0493718
0.0493721
0.0493714
0.0493696
0.0493669
0.0493635
0.0493596
0.0493552
0.0493506
0.0493459
0.049341
0.0493363
0.0493316
0.049327
0.0493225
0.0493181
0.0493137
0.0493094
0.049305
0.0493007
0.0492965
0.0492924
0.0492884
0.0492847
0.0492813
0.0492781
0.049275
0.0492718
0.049268
0.0492634
0.0492576
0.0492505
0.0492426
0.0492352
0.0492312
0.0492348
0.0492513
0.0492911
0.0493133
0.0493112
0.0493055
0.0493013
0.0492812
0.0489575
0.0495017
0.0494753
0.049428
0.0493791
0.0493334
0.0492928
0.0492576
0.0492278
0.0492034
0.049184
0.0491695
0.0491593
0.0491527
0.0491487
0.0491467
0.049146
0.049146
0.0491463
0.0491465
0.0491466
0.0491465
0.049146
0.0491454
0.0491445
0.0491436
0.0491429
0.0491424
0.0491427
0.0491445
0.0491481
0.0491541
0.0491627
0.0491738
0.0491873
0.0492026
0.0492194
0.0492371
0.0492552
0.0492731
0.0492907
0.0493075
0.0493234
0.0493383
0.0493524
0.0493655
0.0493335
0.0492125
0.0490888
0.0490122
0.0490109
0.0490992
0.0492461
0.0493425
0.04936
0.0493644
0.0493675
0.0493693
0.0493699
0.0493693
0.0493675
0.0493649
0.0493616
0.0493578
0.0493535
0.0493489
0.0493442
0.0493394
0.0493347
0.0493299
0.0493252
0.0493205
0.0493159
0.0493112
0.0493064
0.0493015
0.0492967
0.0492918
0.0492871
0.0492826
0.0492784
0.0492746
0.0492713
0.0492683
0.0492654
0.0492623
0.0492584
0.0492531
0.0492462
0.0492378
0.0492291
0.0492228
0.0492235
0.0492383
0.0492758
0.0493201
0.0493157
0.0493077
0.0493018
0.04928
0.0489439
0.0494971
0.0494511
0.0494022
0.0493552
0.049312
0.0492734
0.0492399
0.0492118
0.0491893
0.0491722
0.0491599
0.0491519
0.0491472
0.049145
0.0491443
0.0491445
0.0491452
0.0491459
0.0491465
0.0491467
0.0491465
0.049146
0.0491451
0.049144
0.0491428
0.0491416
0.0491405
0.0491399
0.0491404
0.0491425
0.0491471
0.0491544
0.0491647
0.0491777
0.0491931
0.0492104
0.0492288
0.0492477
0.0492667
0.0492853
0.0493032
0.0493202
0.0493361
0.0493511
0.0493594
0.0492901
0.0491619
0.0490502
0.0489966
0.0490243
0.0491344
0.0492736
0.0493444
0.0493569
0.0493615
0.0493649
0.0493669
0.0493676
0.049367
0.0493653
0.0493628
0.0493596
0.0493558
0.0493517
0.0493473
0.0493427
0.0493381
0.0493334
0.0493287
0.049324
0.0493192
0.0493144
0.0493093
0.0493042
0.0492988
0.0492933
0.0492878
0.0492824
0.0492772
0.0492724
0.0492682
0.0492646
0.0492617
0.0492592
0.0492566
0.0492536
0.0492491
0.0492428
0.0492342
0.0492242
0.0492153
0.0492123
0.0492232
0.0492588
0.0493237
0.0493202
0.0493104
0.0493027
0.0492791
0.0489307
0.049447
0.0494122
0.04937
0.0493271
0.0492872
0.0492513
0.0492206
0.0491954
0.0491759
0.0491618
0.0491524
0.0491469
0.0491442
0.0491434
0.0491438
0.0491448
0.0491459
0.0491469
0.0491476
0.0491477
0.0491473
0.0491465
0.0491453
0.0491439
0.0491424
0.0491409
0.0491394
0.0491382
0.0491376
0.0491384
0.0491415
0.0491474
0.0491567
0.0491692
0.0491846
0.0492021
0.0492212
0.049241
0.049261
0.0492806
0.0492995
0.0493174
0.0493342
0.0493501
0.0493395
0.0492434
0.0491155
0.0490195
0.0489907
0.0490452
0.0491696
0.0492934
0.0493441
0.0493539
0.0493588
0.0493624
0.0493645
0.0493651
0.0493646
0.049363
0.0493605
0.0493574
0.0493538
0.0493499
0.0493457
0.0493413
0.0493369
0.0493324
0.0493279
0.0493232
0.0493185
0.0493135
0.0493082
0.0493027
0.0492968
0.0492907
0.0492845
0.0492783
0.0492724
0.049267
0.0492622
0.0492583
0.0492553
0.049253
0.0492511
0.0492489
0.0492455
0.04924
0.0492316
0.0492207
0.0492092
0.0492019
0.0492075
0.0492395
0.049314
0.0493249
0.0493135
0.0493041
0.0492786
0.0489178
0.0494074
0.0493769
0.0493381
0.0492982
0.0492611
0.0492285
0.0492013
0.0491799
0.0491642
0.0491536
0.0491473
0.0491441
0.0491431
0.0491435
0.0491447
0.0491463
0.0491477
0.0491488
0.0491493
0.0491491
0.0491483
0.0491469
0.0491452
0.0491434
0.0491416
0.0491399
0.0491382
0.0491367
0.0491354
0.0491351
0.0491368
0.0491414
0.0491497
0.0491616
0.0491769
0.0491948
0.0492145
0.0492352
0.0492561
0.0492766
0.0492964
0.0493151
0.0493328
0.0493463
0.0493084
0.0491962
0.0490744
0.048997
0.0489935
0.0490716
0.0492019
0.0493065
0.0493429
0.0493513
0.0493563
0.0493599
0.049362
0.0493627
0.0493621
0.0493605
0.0493581
0.0493551
0.0493517
0.049348
0.049344
0.04934
0.0493359
0.0493317
0.0493274
0.049323
0.0493183
0.0493133
0.0493078
0.0493018
0.0492954
0.0492887
0.0492817
0.0492748
0.0492682
0.049262
0.0492567
0.0492524
0.0492491
0.049247
0.0492456
0.0492443
0.0492421
0.0492377
0.04923
0.0492186
0.0492049
0.0491932
0.0491923
0.0492171
0.0492914
0.0493309
0.049317
0.0493059
0.0492783
0.0489052
0.0493797
0.0493466
0.0493078
0.0492696
0.0492354
0.0492065
0.0491836
0.0491666
0.049155
0.049148
0.0491443
0.0491432
0.0491436
0.049145
0.0491469
0.0491488
0.0491504
0.0491513
0.0491515
0.0491507
0.0491492
0.049147
0.0491446
0.0491422
0.04914
0.0491382
0.0491366
0.049135
0.0491332
0.049132
0.0491325
0.049136
0.0491433
0.0491548
0.0491701
0.0491885
0.0492088
0.0492303
0.0492521
0.0492735
0.049294
0.0493135
0.0493318
0.049335
0.0492708
0.049151
0.0490396
0.0489828
0.0490039
0.0491009
0.0492297
0.0493148
0.0493412
0.0493489
0.049354
0.0493576
0.0493596
0.0493601
0.0493595
0.0493579
0.0493556
0.0493527
0.0493495
0.0493461
0.0493425
0.0493388
0.0493351
0.0493314
0.0493275
0.0493234
0.0493188
0.0493137
0.049308
0.0493015
0.0492945
0.0492871
0.0492794
0.0492717
0.0492643
0.0492575
0.0492516
0.0492468
0.0492433
0.0492412
0.0492402
0.0492398
0.0492389
0.0492359
0.0492293
0.049218
0.0492026
0.0491868
0.0491788
0.049194
0.0492594
0.0493357
0.0493205
0.0493079
0.0492782
0.0488929
0.0493588
0.0493197
0.0492793
0.0492425
0.0492115
0.0491869
0.0491687
0.0491563
0.0491487
0.0491447
0.0491433
0.0491437
0.0491453
0.0491475
0.04915
0.0491522
0.0491538
0.0491544
0.0491539
0.0491523
0.0491497
0.0491464
0.049143
0.0491398
0.0491372
0.0491353
0.0491339
0.0491323
0.0491304
0.0491286
0.0491283
0.0491309
0.0491375
0.0491488
0.0491643
0.0491832
0.0492043
0.0492266
0.0492492
0.0492713
0.0492926
0.0493127
0.0493297
0.0493152
0.0492302
0.0491092
0.0490116
0.0489766
0.0490207
0.0491311
0.0492522
0.0493197
0.0493396
0.0493468
0.0493519
0.0493554
0.0493572
0.0493576
0.0493569
0.0493553
0.0493531
0.0493504
0.0493475
0.0493444
0.0493412
0.049338
0.0493348
0.0493317
0.0493284
0.0493246
0.0493201
0.0493149
0.0493087
0.0493017
0.049294
0.0492857
0.0492772
0.0492687
0.0492606
0.0492532
0.0492467
0.0492415
0.0492377
0.0492356
0.0492349
0.0492353
0.0492356
0.0492343
0.0492293
0.0492188
0.0492023
0.0491828
0.0491679
0.0491725
0.0492239
0.0493328
0.0493235
0.0493101
0.0492784
0.0488807
0.0493417
0.0492956
0.0492533
0.0492181
0.0491908
0.0491709
0.0491574
0.0491492
0.0491448
0.0491433
0.0491437
0.0491454
0.049148
0.049151
0.049154
0.0491564
0.0491578
0.0491579
0.0491565
0.0491536
0.0491495
0.0491447
0.0491399
0.0491358
0.0491327
0.0491308
0.0491297
0.0491283
0.0491265
0.0491245
0.0491237
0.0491257
0.0491322
0.0491436
0.0491596
0.0491792
0.0492012
0.0492243
0.0492476
0.0492704
0.0492923
0.0493129
0.0493237
0.0492883
0.049189
0.0490721
0.0489907
0.0489778
0.0490424
0.0491604
0.0492698
0.0493226
0.0493382
0.0493451
0.04935
0.0493533
0.0493549
0.0493552
0.0493545
0.049353
0.049351
0.0493485
0.0493459
0.0493432
0.0493406
0.049338
0.0493356
0.0493331
0.0493303
0.0493268
0.0493223
0.0493167
0.04931
0.0493022
0.0492935
0.0492844
0.049275
0.0492657
0.0492569
0.0492489
0.049242
0.0492364
0.0492325
0.0492303
0.0492298
0.0492308
0.0492323
0.0492327
0.0492297
0.0492206
0.049204
0.0491815
0.04916
0.0491539
0.0491897
0.0493145
0.0493267
0.0493125
0.0492788
0.0488687
0.0493275
0.0492745
0.0492307
0.0491977
0.0491743
0.0491589
0.0491497
0.0491448
0.049143
0.0491433
0.0491452
0.0491482
0.0491518
0.0491555
0.0491589
0.0491614
0.0491625
0.0491617
0.049159
0.0491544
0.0491483
0.0491416
0.0491351
0.0491297
0.0491262
0.0491245
0.0491238
0.0491229
0.0491214
0.0491195
0.0491186
0.0491206
0.0491272
0.0491392
0.0491561
0.0491767
0.0491996
0.0492236
0.0492475
0.0492711
0.0492934
0.0493125
0.0493122
0.0492566
0.0491493
0.0490404
0.048977
0.0489857
0.0490673
0.0491876
0.0492833
0.0493243
0.0493371
0.0493437
0.0493484
0.0493514
0.0493529
0.0493531
0.0493525
0.0493511
0.0493494
0.0493474
0.0493452
0.0493431
0.0493411
0.0493393
0.0493377
0.049336
0.0493335
0.0493301
0.0493253
0.0493192
0.0493116
0.0493029
0.0492932
0.049283
0.0492727
0.0492626
0.0492532
0.0492447
0.0492374
0.0492316
0.0492275
0.0492253
0.049225
0.0492265
0.0492291
0.0492312
0.0492304
0.0492233
0.0492074
0.0491829
0.0491555
0.0491389
0.049159
0.0492755
0.0493299
0.049315
0.0492793
0.0488569
0.0493162
0.0492569
0.0492123
0.0491817
0.0491623
0.0491509
0.0491449
0.0491425
0.0491427
0.0491446
0.0491478
0.0491519
0.0491565
0.049161
0.0491648
0.0491672
0.0491677
0.0491657
0.0491612
0.0491544
0.0491459
0.0491367
0.049128
0.0491213
0.0491174
0.0491163
0.0491162
0.049116
0.0491152
0.0491137
0.0491131
0.0491156
0.0491231
0.0491362
0.0491543
0.0491761
0.0492
0.0492249
0.0492493
0.0492732
0.0492952
0.0493102
0.049295
0.0492224
0.0491125
0.0490148
0.0489703
0.0489993
0.0490941
0.0492119
0.0492935
0.0493256
0.0493364
0.0493427
0.0493471
0.0493499
0.0493512
0.0493515
0.049351
0.0493501
0.0493488
0.0493473
0.0493458
0.0493445
0.0493433
0.0493424
0.0493416
0.0493404
0.049338
0.0493344
0.0493291
0.0493221
0.0493136
0.0493037
0.0492929
0.0492816
0.0492703
0.0492595
0.0492494
0.0492404
0.0492329
0.0492269
0.0492228
0.0492207
0.0492206
0.0492225
0.049226
0.0492297
0.0492311
0.0492267
0.0492124
0.0491869
0.0491544
0.0491278
0.0491321
0.0492212
0.04933
0.0493172
0.0492799
0.0488451
0.0493078
0.0492431
0.0491982
0.0491704
0.0491544
0.049146
0.0491424
0.0491419
0.0491436
0.0491469
0.0491515
0.0491568
0.0491624
0.0491675
0.0491715
0.0491737
0.0491732
0.0491697
0.0491631
0.0491535
0.049142
0.0491298
0.0491187
0.0491104
0.0491063
0.0491059
0.049107
0.0491081
0.0491081
0.0491073
0.0491074
0.0491111
0.0491202
0.0491351
0.049155
0.049178
0.0492027
0.0492281
0.0492528
0.0492766
0.0492971
0.0493047
0.0492727
0.0491877
0.0490798
0.0489955
0.0489703
0.0490176
0.0491216
0.0492331
0.0493015
0.0493268
0.0493362
0.0493421
0.0493462
0.0493487
0.0493501
0.0493505
0.0493505
0.04935
0.0493494
0.0493487
0.0493481
0.0493476
0.0493475
0.0493474
0.0493473
0.0493461
0.0493435
0.0493393
0.0493333
0.0493253
0.0493156
0.0493046
0.0492926
0.0492803
0.0492681
0.0492565
0.0492458
0.0492364
0.0492286
0.0492226
0.0492185
0.0492166
0.0492168
0.0492191
0.0492233
0.0492283
0.049232
0.0492305
0.0492187
0.0491935
0.0491569
0.049121
0.0491098
0.0491671
0.049319
0.049318
0.0492801
0.048833
0.0493019
0.0492329
0.0491886
0.0491633
0.04915
0.0491437
0.0491418
0.0491428
0.0491458
0.0491505
0.0491563
0.0491628
0.0491693
0.049175
0.0491791
0.0491807
0.0491791
0.0491736
0.0491643
0.0491516
0.0491367
0.0491212
0.0491075
0.0490976
0.0490932
0.0490939
0.0490971
0.0490998
0.0491008
0.0491009
0.0491023
0.0491084
0.0491199
0.049137
0.0491584
0.0491824
0.0492076
0.0492332
0.0492579
0.049281
0.0492982
0.049295
0.0492469
0.0491541
0.0490519
0.0489827
0.0489763
0.0490396
0.0491486
0.0492513
0.0493079
0.0493282
0.0493365
0.049342
0.0493458
0.0493482
0.0493496
0.0493504
0.049351
0.0493513
0.0493515
0.0493518
0.0493521
0.0493526
0.0493532
0.0493538
0.0493539
0.0493525
0.0493495
0.0493446
0.0493377
0.0493287
0.0493179
0.0493056
0.0492925
0.0492792
0.0492662
0.0492539
0.0492426
0.0492329
0.0492248
0.0492187
0.0492147
0.0492131
0.0492136
0.0492164
0.0492212
0.0492274
0.0492332
0.0492347
0.0492262
0.0492025
0.0491633
0.0491187
0.0490926
0.0491248
0.0492864
0.0493156
0.0492788
0.0488194
0.0492984
0.0492262
0.049183
0.0491598
0.0491484
0.0491435
0.0491428
0.0491449
0.0491493
0.0491552
0.0491623
0.0491699
0.0491772
0.0491834
0.0491874
0.0491882
0.0491851
0.0491772
0.0491648
0.0491488
0.0491304
0.0491118
0.0490958
0.0490846
0.0490799
0.0490811
0.0490881
0.049092
0.0490939
0.0490958
0.0491
0.0491089
0.049123
0.049142
0.0491646
0.0491892
0.0492147
0.0492402
0.0492644
0.0492858
0.0492973
0.0492809
0.0492191
0.0491231
0.0490293
0.0489762
0.0489877
0.049064
0.0491744
0.0492671
0.0493136
0.0493301
0.0493375
0.0493425
0.049346
0.0493483
0.0493499
0.0493513
0.0493526
0.0493539
0.0493552
0.0493564
0.0493577
0.049359
0.0493602
0.049361
0.049361
0.0493591
0.0493555
0.04935
0.0493422
0.0493323
0.0493203
0.049307
0.049293
0.0492788
0.0492649
0.0492519
0.0492402
0.04923
0.0492217
0.0492155
0.0492116
0.0492102
0.0492113
0.0492146
0.0492201
0.0492272
0.0492347
0.0492392
0.0492348
0.0492142
0.049174
0.0491217
0.0490805
0.0490923
0.0492289
0.0493062
0.0492712
0.048803
0.049297
0.0492231
0.0491809
0.0491591
0.0491488
0.049145
0.0491453
0.0491485
0.049154
0.0491613
0.0491695
0.0491781
0.0491862
0.0491926
0.0491963
0.049196
0.049191
0.0491806
0.049165
0.0491458
0.0491245
0.0491037
0.0490867
0.0490755
0.0490717
0.0490751
0.0490816
0.0490863
0.0490899
0.0490943
0.0491016
0.0491133
0.0491296
0.0491501
0.0491736
0.0491985
0.049224
0.049249
0.0492721
0.0492903
0.0492934
0.0492632
0.049191
0.0490956
0.0490126
0.0489757
0.0490037
0.0490901
0.0491987
0.0492809
0.049319
0.0493326
0.0493392
0.0493437
0.0493468
0.0493491
0.0493511
0.0493531
0.0493553
0.0493576
0.04936
0.0493623
0.0493644
0.0493663
0.0493678
0.0493686
0.0493677
0.0493654
0.0493614
0.0493553
0.0493469
0.0493361
0.0493233
0.0493092
0.0492942
0.0492792
0.0492646
0.049251
0.0492387
0.049228
0.0492194
0.0492131
0.0492093
0.0492082
0.0492098
0.0492138
0.0492201
0.0492281
0.049237
0.0492443
0.0492444
0.0492285
0.0491898
0.0491315
0.0490747
0.0490629
0.0491617
0.0492795
0.0492437
0.0487869
0.049298
0.0492231
0.0491815
0.0491606
0.0491512
0.0491482
0.0491494
0.0491536
0.0491602
0.0491685
0.0491779
0.0491873
0.0491959
0.0492024
0.0492055
0.049204
0.049197
0.049184
0.0491655
0.0491436
0.049121
0.0491004
0.0490842
0.0490742
0.0490711
0.0490738
0.0490792
0.0490847
0.0490902
0.0490973
0.0491075
0.0491217
0.0491399
0.0491615
0.0491853
0.0492102
0.0492352
0.0492593
0.0492803
0.0492934
0.049286
0.0492428
0.049164
0.0490724
0.0490017
0.048981
0.0490236
0.0491169
0.0492215
0.0492934
0.0493246
0.0493359
0.0493416
0.0493456
0.0493484
0.0493507
0.0493529
0.0493555
0.0493585
0.0493619
0.0493652
0.0493684
0.0493712
0.0493734
0.0493748
0.0493752
0.0493737
0.0493711
0.0493669
0.0493605
0.0493517
0.0493404
0.0493271
0.0493122
0.0492966
0.0492808
0.0492655
0.0492512
0.0492382
0.0492271
0.0492181
0.0492116
0.0492079
0.0492071
0.0492092
0.0492141
0.0492212
0.0492302
0.0492404
0.04925
0.0492546
0.0492451
0.0492112
0.0491504
0.049079
0.0490396
0.0490975
0.049223
0.049194
0.0487769
0.0493014
0.0492257
0.0491844
0.049164
0.0491552
0.049153
0.0491551
0.0491602
0.0491678
0.0491771
0.0491873
0.0491974
0.0492063
0.0492127
0.0492151
0.0492121
0.049203
0.0491878
0.0491677
0.049145
0.0491224
0.0491026
0.0490875
0.0490784
0.0490754
0.0490773
0.0490821
0.0490883
0.0490957
0.0491053
0.0491178
0.049134
0.0491535
0.0491757
0.0491996
0.049224
0.0492482
0.0492706
0.0492883
0.0492942
0.0492752
0.0492212
0.0491393
0.0490542
0.0489967
0.0489916
0.0490466
0.0491441
0.0492427
0.0493052
0.0493307
0.04934
0.049345
0.0493484
0.0493508
0.0493529
0.0493553
0.0493583
0.0493619
0.0493659
0.04937
0.0493738
0.049377
0.0493792
0.0493803
0.0493801
0.0493785
0.0493759
0.0493718
0.0493656
0.0493568
0.0493453
0.0493317
0.0493163
0.0493001
0.0492837
0.0492677
0.0492527
0.049239
0.0492272
0.0492178
0.0492111
0.0492074
0.0492069
0.0492096
0.0492153
0.0492235
0.0492336
0.049245
0.0492566
0.0492653
0.0492633
0.049238
0.0491805
0.0490987
0.0490295
0.0490381
0.0491414
0.0491282
0.0487766
0.0493071
0.0492306
0.0491894
0.0491694
0.0491611
0.0491594
0.0491621
0.0491682
0.0491767
0.0491868
0.0491977
0.0492082
0.0492171
0.049223
0.0492245
0.0492203
0.0492098
0.0491934
0.0491727
0.0491502
0.0491285
0.0491099
0.0490961
0.0490878
0.0490848
0.0490861
0.0490908
0.0490976
0.0491066
0.0491181
0.0491325
0.04915
0.0491702
0.0491925
0.049216
0.0492396
0.0492623
0.0492822
0.049295
0.049292
0.0492616
0.0491996
0.0491179
0.0490413
0.0489975
0.0490068
0.049072
0.049171
0.0492628
0.0493166
0.0493376
0.0493452
0.0493493
0.049352
0.0493539
0.0493556
0.0493579
0.0493609
0.0493647
0.0493691
0.0493735
0.0493776
0.0493808
0.0493829
0.0493838
0.0493831
0.0493818
0.0493796
0.049376
0.0493703
0.0493619
0.0493507
0.0493371
0.0493216
0.0493049
0.0492879
0.0492712
0.0492554
0.049241
0.0492286
0.0492186
0.0492115
0.0492077
0.0492075
0.0492108
0.0492174
0.0492268
0.0492381
0.0492509
0.049264
0.049276
0.0492815
0.0492683
0.0492217
0.049139
0.0490448
0.0489979
0.0490526
0.0490572
0.0487876
0.0493149
0.0492376
0.0491964
0.0491766
0.0491685
0.0491673
0.0491706
0.0491773
0.0491866
0.0491974
0.0492087
0.0492193
0.049228
0.0492335
0.0492342
0.0492291
0.0492179
0.0492012
0.0491809
0.0491593
0.049139
0.0491219
0.0491094
0.0491017
0.0490989
0.0491001
0.0491048
0.0491123
0.0491224
0.0491352
0.0491508
0.0491691
0.0491895
0.0492115
0.0492342
0.0492565
0.049277
0.0492932
0.0492994
0.0492866
0.0492462
0.0491794
0.0491008
0.0490342
0.0490039
0.0490263
0.0490992
0.0491976
0.0492819
0.0493281
0.0493453
0.0493514
0.0493546
0.0493565
0.0493576
0.0493588
0.0493605
0.0493632
0.0493667
0.0493709
0.0493752
0.0493792
0.0493821
0.0493838
0.0493845
0.0493841
0.0493835
0.0493822
0.0493794
0.0493745
0.049367
0.0493564
0.0493431
0.0493277
0.0493108
0.0492933
0.049276
0.0492594
0.0492442
0.049231
0.0492203
0.0492127
0.0492087
0.0492087
0.0492127
0.0492203
0.0492309
0.0492437
0.0492576
0.0492723
0.0492865
0.0492979
0.0492979
0.04927
0.0492003
0.0490962
0.049001
0.0489856
0.0489925
0.0488085
0.0493246
0.0492466
0.0492054
0.0491856
0.0491776
0.0491765
0.0491803
0.0491875
0.0491973
0.0492085
0.0492199
0.0492304
0.0492389
0.0492439
0.0492441
0.0492388
0.0492276
0.0492114
0.0491921
0.0491721
0.0491534
0.049138
0.0491266
0.0491197
0.0491173
0.0491186
0.0491235
0.0491315
0.0491424
0.049156
0.0491722
0.0491906
0.0492108
0.0492321
0.0492535
0.0492738
0.0492913
0.0493024
0.0493008
0.0492784
0.0492304
0.0491619
0.0490886
0.0490328
0.0490156
0.0490492
0.0491277
0.0492237
0.0493003
0.0493399
0.0493539
0.0493586
0.0493608
0.0493618
0.0493621
0.0493625
0.0493635
0.0493654
0.0493681
0.0493715
0.049375
0.0493782
0.0493806
0.0493821
0.0493831
0.0493838
0.0493842
0.0493838
0.0493821
0.0493784
0.0493718
0.0493622
0.0493496
0.0493344
0.0493175
0.0492996
0.0492817
0.0492643
0.0492482
0.0492341
0.0492226
0.0492144
0.0492103
0.0492105
0.0492151
0.0492238
0.0492357
0.0492499
0.0492653
0.049281
0.0492967
0.0493114
0.0493219
0.0493158
0.0492742
0.0491858
0.0490681
0.0489808
0.0489539
0.0488374
0.0493362
0.0492576
0.0492162
0.0491963
0.0491881
0.049187
0.0491909
0.0491985
0.0492085
0.0492197
0.049231
0.0492413
0.0492494
0.0492541
0.0492542
0.0492491
0.0492387
0.0492237
0.0492061
0.0491879
0.0491711
0.0491572
0.0491471
0.0491411
0.0491391
0.0491407
0.0491459
0.0491543
0.0491656
0.0491795
0.0491958
0.049214
0.0492335
0.0492535
0.0492731
0.0492908
0.0493042
0.049309
0.049299
0.0492682
0.0492154
0.049148
0.0490819
0.0490372
0.0490321
0.0490751
0.0491569
0.0492492
0.0493184
0.0493522
0.0493635
0.0493668
0.049368
0.049368
0.0493675
0.0493668
0.0493667
0.0493673
0.0493689
0.0493711
0.0493735
0.0493759
0.0493778
0.0493795
0.0493811
0.0493827
0.0493841
0.0493848
0.0493843
0.0493817
0.0493763
0.0493678
0.049356
0.0493413
0.0493245
0.0493064
0.0492879
0.0492697
0.0492527
0.0492377
0.0492253
0.0492166
0.0492122
0.0492126
0.049218
0.0492278
0.0492411
0.0492566
0.0492733
0.0492902
0.0493066
0.0493223
0.0493375
0.0493481
0.0493398
0.0492933
0.0491985
0.049077
0.0489865
0.0488898
0.0493497
0.0492705
0.0492288
0.0492084
0.0491999
0.0491985
0.0492024
0.0492099
0.0492198
0.0492308
0.0492417
0.0492515
0.0492592
0.0492638
0.0492642
0.0492599
0.0492508
0.0492377
0.0492221
0.049206
0.0491912
0.049179
0.0491703
0.0491652
0.0491635
0.0491655
0.049171
0.0491795
0.0491909
0.0492048
0.0492207
0.0492382
0.0492565
0.0492749
0.049292
0.0493061
0.0493143
0.0493121
0.0492944
0.0492574
0.0492026
0.0491388
0.0490809
0.0490472
0.049053
0.0491034
0.0491865
0.049274
0.0493362
0.0493651
0.0493739
0.0493759
0.0493762
0.0493752
0.0493734
0.0493715
0.0493702
0.0493695
0.0493697
0.0493706
0.0493719
0.0493734
0.0493751
0.0493769
0.049379
0.0493814
0.0493837
0.0493854
0.0493859
0.0493844
0.0493803
0.0493729
0.049362
0.049348
0.0493314
0.0493132
0.0492941
0.0492752
0.0492574
0.0492414
0.0492283
0.0492189
0.0492142
0.049215
0.0492213
0.0492324
0.0492471
0.0492639
0.0492817
0.0492994
0.0493163
0.0493319
0.0493472
0.0493632
0.0493758
0.0493724
0.0493359
0.0492509
0.0491369
0.0490263
0.0493649
0.0492853
0.049243
0.049222
0.0492126
0.0492108
0.0492143
0.0492215
0.049231
0.0492414
0.0492516
0.0492608
0.0492681
0.0492726
0.0492735
0.0492704
0.0492631
0.0492523
0.0492393
0.0492256
0.0492129
0.0492024
0.0491949
0.0491907
0.0491896
0.049192
0.0491976
0.0492062
0.0492174
0.0492308
0.049246
0.0492622
0.0492789
0.0492948
0.0493087
0.0493183
0.0493206
0.0493117
0.0492877
0.0492473
0.0491934
0.049135
0.0490861
0.0490628
0.0490777
0.0491333
0.049216
0.0492981
0.0493538
0.0493784
0.049385
0.0493861
0.049385
0.0493827
0.0493798
0.0493768
0.0493741
0.0493722
0.049371
0.0493706
0.0493708
0.0493717
0.049373
0.0493749
0.0493774
0.0493803
0.0493832
0.0493857
0.049387
0.0493866
0.0493836
0.0493773
0.0493674
0.049354
0.0493378
0.0493194
0.0493
0.0492804
0.0492618
0.049245
0.0492311
0.0492211
0.0492163
0.0492176
0.0492251
0.0492377
0.0492539
0.049272
0.0492906
0.0493087
0.0493257
0.0493411
0.049355
0.0493696
0.0493862
0.049401
0.0494067
0.0493882
0.0493383
0.0492747
0.0493816
0.0493017
0.0492587
0.0492366
0.0492261
0.0492234
0.0492262
0.0492327
0.0492414
0.049251
0.0492603
0.0492686
0.0492753
0.0492798
0.0492814
0.0492797
0.0492746
0.0492665
0.0492563
0.0492454
0.0492349
0.0492263
0.0492201
0.0492167
0.0492162
0.0492189
0.0492245
0.0492329
0.0492435
0.0492561
0.04927
0.0492845
0.0492988
0.0493116
0.0493214
0.0493259
0.0493225
0.0493081
0.0492804
0.0492395
0.049189
0.0491375
0.0490976
0.0490835
0.0491056
0.0491642
0.0492449
0.0493213
0.0493711
0.049392
0.0493973
0.0493967
0.0493943
0.0493907
0.0493866
0.0493824
0.0493786
0.0493754
0.0493731
0.0493715
0.0493708
0.049371
0.049372
0.0493739
0.0493765
0.0493796
0.0493829
0.0493858
0.0493879
0.0493882
0.0493861
0.0493807
0.0493717
0.049359
0.049343
0.0493246
0.0493049
0.0492848
0.0492656
0.0492481
0.0492334
0.0492231
0.0492184
0.0492205
0.0492295
0.049244
0.049262
0.0492813
0.0493004
0.0493185
0.049335
0.0493497
0.0493625
0.0493745
0.0493884
0.0494044
0.0494194
0.0494314
0.049444
0.0494782
0.0493997
0.0493196
0.0492756
0.0492519
0.04924
0.049236
0.0492377
0.0492433
0.0492509
0.0492591
0.0492672
0.0492744
0.0492804
0.0492846
0.0492868
0.0492865
0.0492837
0.0492785
0.0492714
0.0492634
0.0492556
0.0492488
0.049244
0.0492415
0.0492416
0.0492444
0.0492498
0.0492576
0.0492673
0.0492785
0.0492905
0.0493026
0.0493138
0.0493229
0.0493283
0.0493281
0.0493202
0.0493026
0.0492741
0.0492354
0.0491904
0.0491466
0.0491153
0.0491089
0.049136
0.0491955
0.0492727
0.0493433
0.0493878
0.0494067
0.0494094
0.0494075
0.0494037
0.0493989
0.0493937
0.0493884
0.0493835
0.0493792
0.0493758
0.0493733
0.0493718
0.0493714
0.049372
0.0493736
0.0493761
0.0493793
0.0493827
0.0493859
0.0493883
0.0493891
0.0493876
0.049383
0.0493745
0.0493623
0.0493465
0.0493282
0.0493083
0.0492879
0.0492682
0.0492503
0.0492352
0.0492246
0.0492203
0.0492237
0.0492349
0.049252
0.0492721
0.0492925
0.0493118
0.0493293
0.0493449
0.0493584
0.0493699
0.04938
0.0493904
0.0494034
0.0494174
0.0494306
0.0494561
0.0495392
0.0494188
0.0493388
0.0492934
0.0492678
0.0492539
0.0492482
0.0492485
0.0492526
0.0492588
0.0492655
0.049272
0.0492778
0.0492826
0.0492862
0.0492885
0.0492892
0.0492883
0.0492857
0.0492817
0.0492768
0.0492718
0.0492673
0.049264
0.0492624
0.0492628
0.0492655
0.0492704
0.0492772
0.0492855
0.0492947
0.0493043
0.0493135
0.0493213
0.0493266
0.0493282
0.0493246
0.0493145
0.0492966
0.0492703
0.0492365
0.0491984
0.0491627
0.0491392
0.0491385
0.0491681
0.0492263
0.0492989
0.0493634
0.0494054
0.0494201
0.0494213
0.0494181
0.0494131
0.0494071
0.0494008
0.0493945
0.0493886
0.0493834
0.0493791
0.0493758
0.0493736
0.0493726
0.0493727
0.049374
0.0493762
0.0493791
0.0493824
0.0493856
0.0493881
0.0493891
0.0493879
0.0493835
0.0493753
0.0493632
0.0493475
0.0493293
0.0493094
0.0492891
0.0492694
0.0492513
0.0492361
0.0492257
0.0492223
0.0492278
0.0492421
0.0492624
0.0492849
0.0493065
0.0493255
0.0493419
0.0493559
0.0493678
0.0493777
0.049386
0.0493943
0.0494043
0.0494149
0.0494243
0.0494454
0.049552
0.0494386
0.0493591
0.049312
0.0492839
0.0492674
0.0492595
0.049258
0.0492604
0.0492648
0.0492696
0.0492741
0.049278
0.0492811
0.0492835
0.0492852
0.049286
0.0492861
0.0492853
0.0492837
0.0492816
0.0492791
0.0492769
0.0492752
0.0492745
0.0492751
0.0492775
0.0492815
0.049287
0.0492934
0.0493004
0.0493074
0.0493138
0.0493187
0.0493213
0.0493209
0.0493165
0.0493071
0.0492919
0.0492706
0.0492436
0.0492135
0.0491858
0.0491687
0.0491716
0.0492011
0.0492556
0.0493221
0.0493841
0.0494196
0.0494313
0.0494319
0.0494279
0.0494219
0.0494149
0.0494076
0.0494004
0.0493936
0.0493876
0.0493825
0.0493785
0.0493757
0.049374
0.0493736
0.0493744
0.0493762
0.0493787
0.0493816
0.0493845
0.0493867
0.0493875
0.049386
0.0493813
0.0493729
0.0493606
0.049345
0.0493269
0.0493075
0.0492877
0.0492685
0.0492509
0.0492361
0.0492264
0.0492248
0.0492335
0.0492522
0.0492767
0.0493019
0.0493241
0.0493423
0.0493569
0.0493687
0.0493785
0.0493865
0.0493931
0.0494002
0.0494072
0.0494144
0.0494204
0.0494386
0.0495735
0.0494588
0.0493803
0.0493313
0.0493001
0.0492805
0.0492698
0.0492659
0.0492663
0.0492686
0.0492712
0.0492734
0.0492748
0.0492756
0.0492759
0.0492759
0.0492756
0.0492753
0.0492748
0.0492742
0.0492735
0.0492728
0.0492721
0.0492718
0.0492719
0.0492727
0.0492746
0.0492778
0.0492819
0.0492868
0.049292
0.0492971
0.0493017
0.0493054
0.0493076
0.0493078
0.0493054
0.0492997
0.0492901
0.0492759
0.0492572
0.0492357
0.0492154
0.0492032
0.0492073
0.0492339
0.0492821
0.0493459
0.0493987
0.0494276
0.0494384
0.0494393
0.0494353
0.0494289
0.0494213
0.0494133
0.0494053
0.0493979
0.0493912
0.0493854
0.0493807
0.0493772
0.0493749
0.0493739
0.0493741
0.0493752
0.0493771
0.0493794
0.0493816
0.049383
0.0493829
0.0493803
0.0493746
0.0493654
0.0493527
0.0493373
0.0493199
0.0493016
0.0492831
0.0492652
0.0492488
0.0492352
0.0492271
0.0492284
0.0492421
0.0492669
0.0492966
0.0493242
0.0493461
0.0493623
0.0493742
0.0493834
0.0493908
0.0493967
0.0494025
0.0494072
0.0494116
0.0494158
0.0494188
0.0494387
0.0496094
0.0494789
0.0494028
0.0493518
0.0493169
0.0492932
0.0492789
0.0492722
0.0492702
0.0492701
0.0492702
0.0492696
0.0492681
0.0492659
0.0492632
0.0492603
0.0492576
0.0492552
0.0492532
0.0492517
0.0492507
0.04925
0.0492497
0.0492498
0.0492504
0.0492515
0.0492533
0.049256
0.0492596
0.0492638
0.0492685
0.0492734
0.0492784
0.0492832
0.0492875
0.049291
0.0492933
0.0492939
0.0492919
0.0492865
0.0492771
0.0492642
0.0492506
0.0492415
0.0492444
0.0492652
0.0493104
0.0493626
0.0494026
0.049426
0.0494365
0.0494388
0.0494359
0.0494302
0.0494228
0.0494148
0.0494067
0.0493989
0.0493917
0.0493855
0.0493802
0.0493761
0.0493731
0.0493713
0.0493706
0.0493709
0.0493719
0.049373
0.0493738
0.0493736
0.0493716
0.0493672
0.0493599
0.0493497
0.0493369
0.0493223
0.0493066
0.0492905
0.0492745
0.0492591
0.0492449
0.0492335
0.0492282
0.0492342
0.0492554
0.0492886
0.0493239
0.0493527
0.0493723
0.0493849
0.0493932
0.0493994
0.0494044
0.0494088
0.0494124
0.0494147
0.0494166
0.049418
0.0494181
0.0494437
0.0496511
0.0494992
0.0494275
0.0493748
0.0493354
0.0493065
0.0492876
0.0492772
0.0492722
0.0492694
0.0492667
0.0492631
0.0492583
0.0492525
0.049246
0.0492393
0.0492329
0.0492271
0.0492221
0.0492181
0.0492151
0.049213
0.0492118
0.0492114
0.0492118
0.0492132
0.0492152
0.0492183
0.0492223
0.0492273
0.0492331
0.0492397
0.0492471
0.0492551
0.0492638
0.0492728
0.0492818
0.0492904
0.0492974
0.0493017
0.049302
0.0492976
0.0492896
0.049282
0.0492814
0.0492991
0.0493342
0.0493686
0.049394
0.0494098
0.0494182
0.0494211
0.0494198
0.0494158
0.0494099
0.049403
0.0493957
0.0493884
0.0493814
0.0493751
0.0493695
0.0493649
0.0493613
0.0493586
0.0493569
0.049356
0.0493555
0.0493548
0.0493533
0.0493506
0.0493461
0.0493396
0.0493311
0.0493209
0.0493094
0.0492973
0.0492851
0.049273
0.0492612
0.0492497
0.0492391
0.0492312
0.0492304
0.0492441
0.0492763
0.0493202
0.0493604
0.0493871
0.049401
0.0494077
0.0494117
0.0494149
0.0494177
0.0494205
0.0494211
0.0494211
0.0494209
0.0494199
0.0494178
0.0494476
0.0496837
0.0495204
0.0494569
0.0494035
0.0493587
0.0493229
0.0492974
0.0492819
0.0492731
0.0492673
0.0492616
0.0492547
0.0492462
0.0492364
0.0492257
0.0492146
0.0492039
0.0491938
0.0491849
0.0491773
0.0491712
0.0491668
0.0491638
0.0491623
0.0491623
0.0491637
0.0491664
0.0491705
0.0491759
0.0491827
0.0491909
0.0492006
0.0492119
0.0492247
0.049239
0.0492548
0.0492717
0.049289
0.0493057
0.04932
0.0493299
0.0493335
0.0493303
0.0493228
0.0493195
0.0493325
0.0493504
0.0493642
0.0493725
0.0493767
0.0493783
0.0493777
0.0493753
0.0493714
0.0493664
0.0493605
0.0493543
0.0493479
0.0493416
0.0493356
0.0493302
0.0493254
0.0493212
0.0493178
0.0493151
0.0493129
0.0493106
0.0493078
0.0493043
0.0492998
0.0492943
0.0492879
0.0492809
0.0492736
0.0492666
0.0492601
0.0492541
0.0492485
0.0492429
0.0492371
0.0492316
0.0492289
0.0492352
0.0492608
0.049309
0.0493651
0.0494061
0.049424
0.049427
0.0494258
0.0494255
0.0494266
0.0494273
0.049426
0.0494251
0.0494245
0.0494234
0.0494211
0.0494181
0.0494418
0.0496958
0.0495457
0.0494968
0.0494455
0.0493936
0.0493478
0.0493123
0.049289
0.049275
0.0492654
0.0492564
0.0492461
0.0492339
0.0492199
0.0492048
0.0491893
0.0491739
0.0491593
0.0491462
0.0491348
0.0491255
0.0491183
0.0491134
0.0491106
0.04911
0.0491116
0.049115
0.0491204
0.0491276
0.0491368
0.049148
0.0491614
0.049177
0.049195
0.0492155
0.0492382
0.0492629
0.0492889
0.0493148
0.0493386
0.0493576
0.0493687
0.0493697
0.0493613
0.049358
0.0493606
0.0493585
0.0493509
0.0493406
0.0493301
0.0493205
0.0493116
0.0493033
0.0492952
0.0492873
0.0492795
0.049272
0.0492647
0.0492577
0.0492512
0.0492453
0.0492399
0.0492351
0.049231
0.0492275
0.0492242
0.0492207
0.0492176
0.0492146
0.0492119
0.0492096
0.0492079
0.0492071
0.0492075
0.049209
0.0492116
0.0492147
0.0492179
0.0492205
0.049222
0.0492233
0.0492279
0.049245
0.0492892
0.0493592
0.0494256
0.0494572
0.0494556
0.0494425
0.0494327
0.0494284
0.0494259
0.0494251
0.0494252
0.0494258
0.0494265
0.0494257
0.0494234
0.0494214
0.04944
0.0496841
0.0495875
0.0495592
0.0495172
0.0494551
0.0493941
0.0493418
0.0493051
0.0492824
0.0492674
0.0492546
0.0492409
0.0492252
0.0492075
0.0491883
0.0491684
0.0491486
0.0491296
0.0491122
0.0490968
0.0490839
0.0490737
0.0490663
0.0490618
0.0490602
0.0490613
0.0490653
0.0490719
0.0490809
0.0490924
0.0491064
0.0491233
0.049143
0.0491658
0.0491917
0.0492207
0.0492524
0.0492859
0.0493201
0.0493528
0.0493805
0.0493987
0.0494034
0.0493963
0.049391
0.0493795
0.0493574
0.0493295
0.0493013
0.0492757
0.0492534
0.0492341
0.0492172
0.0492021
0.0491884
0.0491759
0.0491643
0.0491536
0.0491439
0.049135
0.049127
0.0491199
0.0491138
0.0491086
0.0491042
0.0491008
0.0490989
0.0490985
0.0490996
0.0491025
0.0491073
0.0491141
0.049123
0.0491337
0.0491461
0.0491595
0.0491732
0.0491862
0.0491976
0.0492072
0.0492164
0.0492309
0.0492645
0.0493375
0.0494355
0.0494998
0.0495049
0.0494742
0.0494534
0.0494402
0.0494347
0.0494353
0.0494383
0.0494411
0.0494425
0.0494415
0.0494385
0.0494355
0.0494349
0.04946
0.0496775
0.0496698
0.0496947
0.0496563
0.0495827
0.0494978
0.0494147
0.0493515
0.0493111
0.0492861
0.0492679
0.0492509
0.0492329
0.0492132
0.0491922
0.0491705
0.0491489
0.0491281
0.0491089
0.0490917
0.049077
0.0490651
0.0490561
0.0490501
0.0490472
0.0490472
0.0490503
0.0490564
0.0490655
0.0490776
0.0490928
0.0491112
0.0491331
0.0491587
0.049188
0.049221
0.0492574
0.0492962
0.0493363
0.0493755
0.0494099
0.0494331
0.0494395
0.0494343
0.0494254
0.0494009
0.0493631
0.0493201
0.0492786
0.0492416
0.0492098
0.0491827
0.0491593
0.0491389
0.0491208
0.0491045
0.0490899
0.0490767
0.0490648
0.0490543
0.0490452
0.0490375
0.0490312
0.0490264
0.0490234
0.0490222
0.0490229
0.0490257
0.0490306
0.0490378
0.0490474
0.0490595
0.0490741
0.0490909
0.0491095
0.0491293
0.0491494
0.0491688
0.0491866
0.049203
0.0492209
0.0492496
0.0493093
0.0494221
0.0495548
0.0495884
0.0495977
0.0496116
0.0496269
0.0496399
0.0496468
0.049644
0.0496306
0.0496094
0.049584
0.0495589
0.0495372
0.0495199
0.0495049
0.0495826
0.0497117
)
;

boundaryField
{
    floor
    {
        type            fixedFluxPressure;
        gradient        uniform 0;
        value           nonuniform List<scalar> 
100
(
0.0492137
0.049196
0.0491846
0.0491792
0.0491803
0.0491881
0.0492017
0.0492185
0.0492353
0.04925
0.0492615
0.0492697
0.0492751
0.0492778
0.0492784
0.0492775
0.0492755
0.0492728
0.0492697
0.0492666
0.0492639
0.0492614
0.0492586
0.0492561
0.0492543
0.0492534
0.0492532
0.0492537
0.0492549
0.0492567
0.0492589
0.0492614
0.0492641
0.049267
0.0492698
0.0492725
0.0492751
0.0492775
0.0492796
0.0492815
0.0492833
0.0492849
0.0492863
0.0492877
0.0492889
0.04929
0.0492911
0.0492923
0.0492942
0.0492963
0.0492955
0.0492906
0.0492877
0.0492739
0.0492757
0.0492801
0.0492829
0.0492827
0.0492822
0.0492822
0.0492827
0.0492838
0.0492853
0.0492871
0.0492889
0.0492906
0.0492923
0.049294
0.0492956
0.0492973
0.0492991
0.0493009
0.0493028
0.0493047
0.0493066
0.0493084
0.0493101
0.0493116
0.0493128
0.0493137
0.0493146
0.0493146
0.0493136
0.0493117
0.0493089
0.0493054
0.0493014
0.049297
0.0492924
0.0492878
0.0492834
0.0492794
0.0492758
0.0492726
0.0492699
0.0492674
0.049265
0.0492626
0.0492611
0.0492648
)
;
    }
    ceiling
    {
        type            fixedFluxPressure;
        gradient        nonuniform List<scalar> 
100
(
0.358299
0.353202
0.360933
0.375629
0.392353
0.408344
0.419847
0.426159
0.42879
0.429477
0.429351
0.428969
0.428561
0.4282
0.427906
0.427675
0.427499
0.42737
0.427281
0.427226
0.427201
0.427203
0.427229
0.427279
0.427351
0.427445
0.427564
0.427725
0.427927
0.428171
0.428458
0.428788
0.429165
0.429589
0.430064
0.430591
0.431168
0.431791
0.432448
0.433117
0.433765
0.434338
0.434734
0.433378
0.431705
0.430001
0.42844
0.42709
0.42595
0.42499
0.424174
0.423473
0.422865
0.422334
0.421872
0.421472
0.421132
0.420853
0.420635
0.420481
0.420394
0.420379
0.420439
0.42055
0.420687
0.420853
0.421048
0.421274
0.421534
0.421833
0.422175
0.422568
0.423022
0.42355
0.424167
0.424891
0.425727
0.426628
0.427369
0.427201
0.424101
0.413929
0.392236
0.365484
0.357712
0.354759
0.351159
0.347563
0.344751
0.343497
0.344475
0.347778
0.352844
0.358869
0.364909
0.370243
0.374545
0.377904
0.361997
0.335365
)
;
        value           nonuniform List<scalar> 
100
(
0.0514613
0.0514607
0.051461
0.0514608
0.0514596
0.0514565
0.0514507
0.0514419
0.0514301
0.0514152
0.0513976
0.0513777
0.051356
0.0513332
0.05131
0.0512873
0.0512656
0.0512457
0.0512281
0.0512132
0.0512011
0.0511921
0.0511863
0.0511835
0.051184
0.0511875
0.0511942
0.0512041
0.0512172
0.0512336
0.0512535
0.0512771
0.0513045
0.0513359
0.0513713
0.0514103
0.0514521
0.0514953
0.0515377
0.0515755
0.0516019
0.0516112
0.051608
0.0515923
0.0515595
0.0515131
0.0514623
0.051414
0.0513714
0.0513348
0.0513036
0.0512767
0.0512532
0.0512324
0.0512139
0.0511972
0.0511823
0.0511691
0.0511575
0.0511476
0.0511395
0.0511331
0.0511286
0.0511261
0.0511256
0.0511272
0.0511309
0.051137
0.0511455
0.0511566
0.0511704
0.0511869
0.051206
0.0512273
0.0512502
0.0512739
0.0512974
0.0513198
0.0513399
0.0513569
0.0513701
0.051379
0.0513833
0.0513822
0.051377
0.0513715
0.0513674
0.0513647
0.0513637
0.0513643
0.0513663
0.0513695
0.0513736
0.0513783
0.0513834
0.0513884
0.0513926
0.0513944
0.0513926
0.0513885
)
;
    }
    fixedWalls
    {
        type            fixedFluxPressure;
        gradient        uniform 0;
        value           nonuniform List<scalar> 
100
(
0.0492137
0.0492039
0.0491689
0.0491271
0.0490884
0.0490539
0.0490223
0.0489928
0.0489657
0.0489443
0.0489302
0.048924
0.048928
0.0489498
0.0490051
0.0491102
0.0492574
0.0494024
0.0495017
0.0494971
0.049447
0.0494074
0.0493797
0.0493588
0.0493417
0.0493275
0.0493162
0.0493078
0.0493019
0.0492984
0.049297
0.049298
0.0493014
0.0493071
0.0493149
0.0493246
0.0493362
0.0493497
0.0493649
0.0493816
0.0493997
0.0494188
0.0494386
0.0494588
0.0494789
0.0494992
0.0495204
0.0495457
0.0495875
0.0496698
0.0492648
0.0492672
0.0492454
0.0492181
0.0491927
0.0491694
0.0491472
0.049126
0.0491057
0.0490863
0.0490678
0.04905
0.049033
0.0490167
0.0490011
0.048986
0.0489715
0.0489575
0.0489439
0.0489307
0.0489178
0.0489052
0.0488929
0.0488807
0.0488687
0.0488569
0.0488451
0.048833
0.0488194
0.048803
0.0487869
0.0487769
0.0487766
0.0487876
0.0488085
0.0488374
0.0488898
0.0490263
0.0492747
0.0494782
0.0495392
0.049552
0.0495735
0.0496094
0.0496511
0.0496837
0.0496958
0.0496841
0.0496775
0.0497117
)
;
    }
    frontAndBack
    {
        type            empty;
    }
}


// ************************************************************************* //
