/*--------------------------------*- C++ -*----------------------------------*\
| =========                 |                                                 |
| \\      /  F ield         | OpenFOAM: The Open Source CFD Toolbox           |
|  \\    /   O peration     | Version:  4.1                                   |
|   \\  /    A nd           | Web:      www.OpenFOAM.org                      |
|    \\/     M anipulation  |                                                 |
\*---------------------------------------------------------------------------*/
FoamFile
{
    version     2.0;
    format      ascii;
    class       volScalarField;
    location    "1260";
    object      mag(U);
}
// * * * * * * * * * * * * * * * * * * * * * * * * * * * * * * * * * * * * * //

dimensions      [0 1 -1 0 0 0 0];

internalField   nonuniform List<scalar> 
5000
(
0.00541186
0.00631703
0.00770562
0.00843641
0.0088727
0.00915525
0.00933466
0.00942406
0.00942047
0.00931183
0.00908256
0.00871805
0.00820883
0.00755077
0.00674586
0.00580335
0.00474035
0.00358258
0.0023774
0.00127297
0.00094613
0.0020045
0.00317465
0.00430971
0.00535986
0.00630216
0.00713077
0.00785047
0.00847127
0.00900469
0.00946197
0.0098536
0.0101891
0.0104769
0.0107244
0.010938
0.0111233
0.0112849
0.011427
0.0115532
0.0116664
0.0117693
0.0118641
0.0119528
0.0120368
0.0121173
0.0121951
0.0122707
0.0123443
0.0124157
0.0124846
0.0125504
0.0126123
0.0126698
0.012722
0.0127687
0.0128093
0.0128433
0.0128699
0.0128869
0.0128918
0.0128792
0.0128405
0.0127654
0.0126424
0.012459
0.0122024
0.0118603
0.0114222
0.0108814
0.0102373
0.00949819
0.00868451
0.00783002
0.00698109
0.00619194
0.00551593
0.00499469
0.00464862
0.00447124
0.00445098
0.00452171
0.00462496
0.0047287
0.00481602
0.00488128
0.00492505
0.00494977
0.00495983
0.00495932
0.00495408
0.0049508
0.00495602
0.00497602
0.00501364
0.00506434
0.00511262
0.00511268
0.00473733
0.00468242
0.00757404
0.00613357
0.0070569
0.00782249
0.00837621
0.00876447
0.00902122
0.00915864
0.00917751
0.00907456
0.00885045
0.0084949
0.00800366
0.00737717
0.00662208
0.00575357
0.00479857
0.00380305
0.00286023
0.00218836
0.00210377
0.00269483
0.0035116
0.00441234
0.00530635
0.00614577
0.00690972
0.00759276
0.00819783
0.0087316
0.00920199
0.009617
0.0099842
0.0103105
0.010602
0.0108641
0.0111014
0.0113181
0.0115175
0.011703
0.0118772
0.0120426
0.012201
0.0123543
0.0125036
0.0126497
0.0127932
0.012934
0.0130718
0.013206
0.0133355
0.0134591
0.0135758
0.0136843
0.0137837
0.0138731
0.013952
0.01402
0.0140763
0.0141191
0.0141439
0.0141457
0.0141214
0.0140671
0.0139787
0.013852
0.0136832
0.0134694
0.0132097
0.0129058
0.012564
0.0121947
0.0118138
0.0114407
0.0110967
0.0108014
0.0105686
0.0104022
0.0102943
0.010228
0.0101656
0.0100968
0.0100262
0.00995254
0.00986999
0.00977206
0.00965494
0.00951819
0.00936254
0.00919202
0.00901052
0.00882098
0.00862503
0.00841993
0.00819675
0.00793391
0.00758247
0.00701516
0.00594431
0.00734802
0.0105334
0.00656877
0.00604884
0.00650009
0.00708183
0.00757275
0.0079383
0.00817198
0.00827174
0.0082333
0.0080738
0.00779741
0.00740731
0.00690945
0.00631617
0.00564994
0.00494737
0.00426538
0.00369317
0.00335578
0.00332735
0.00358216
0.00400035
0.00455311
0.00517212
0.00580044
0.00640278
0.00696122
0.00746928
0.00792699
0.00833753
0.00870544
0.00903568
0.00933312
0.00960232
0.00984742
0.0100722
0.0102799
0.0104737
0.0106564
0.0108305
0.0109983
0.0111617
0.0113224
0.0114817
0.0116403
0.0117988
0.0119572
0.0121149
0.0122711
0.0124246
0.0125738
0.0127169
0.0128518
0.0129761
0.0130873
0.0131829
0.0132602
0.0133171
0.0133524
0.0133658
0.0133579
0.0133308
0.013287
0.0132288
0.0131584
0.0130786
0.0129918
0.012901
0.012809
0.0127188
0.0126329
0.0125526
0.0124773
0.0124037
0.0123256
0.0122339
0.0121184
0.0119699
0.0117844
0.0115679
0.0113339
0.0110952
0.0108581
0.0106246
0.0103939
0.0101628
0.00992695
0.0096817
0.00942209
0.00914341
0.00884137
0.00851161
0.00814847
0.00774187
0.00727076
0.00668994
0.00597024
0.0057283
0.0105954
0.0131632
0.00756087
0.0057617
0.00570314
0.00612313
0.00656478
0.00692168
0.00716655
0.00729755
0.0073167
0.00723507
0.00706761
0.00681866
0.00649747
0.0061193
0.00570699
0.00529116
0.00490977
0.00460784
0.00443174
0.00438537
0.00442482
0.00453375
0.00475121
0.0050624
0.00543299
0.00582884
0.00622506
0.00660679
0.00696664
0.00730181
0.00761205
0.00789861
0.00816347
0.00840892
0.00863731
0.00885097
0.00905223
0.00924337
0.00942665
0.00960422
0.00977812
0.00995017
0.010122
0.0102947
0.0104692
0.010646
0.0108248
0.0110052
0.0111861
0.011366
0.0115431
0.0117153
0.0118803
0.0120354
0.0121778
0.0123049
0.0124139
0.0125025
0.012569
0.0126136
0.0126355
0.0126363
0.012619
0.0125878
0.0125476
0.0125039
0.0124628
0.0124296
0.0124083
0.0124001
0.0124027
0.0124096
0.0124102
0.0123918
0.0123412
0.012248
0.012107
0.0119198
0.0116953
0.0114474
0.011191
0.0109374
0.0106911
0.0104519
0.010216
0.00997767
0.00973017
0.00946631
0.00917851
0.00885917
0.008501
0.00809711
0.00764089
0.00712596
0.00654787
0.00592155
0.00545431
0.00646883
0.0135978
0.0152565
0.00854785
0.00591499
0.00534576
0.0054666
0.00572933
0.00598457
0.00618564
0.00632238
0.00639767
0.00640914
0.00637418
0.00629677
0.00618579
0.00605237
0.00590768
0.00576095
0.00561981
0.00549252
0.00538859
0.00530079
0.00518583
0.0050595
0.00498443
0.00498822
0.00507369
0.00522504
0.00542224
0.00564744
0.0058871
0.00613175
0.00637505
0.00661319
0.00684423
0.00706734
0.00728241
0.00748986
0.00769059
0.00788579
0.00807696
0.00826572
0.00845374
0.00864263
0.00883383
0.00902848
0.0092273
0.00943058
0.00963806
0.00984894
0.0100619
0.0102752
0.0104866
0.0106936
0.0108936
0.0110838
0.0112612
0.0114231
0.0115671
0.0116911
0.0117935
0.0118742
0.0119352
0.0119744
0.0119947
0.0119999
0.0119941
0.0119825
0.0119705
0.0119631
0.0119635
0.0119724
0.0119865
0.0119988
0.011999
0.0119757
0.0119185
0.011821
0.011682
0.0115057
0.0113007
0.0110776
0.0108466
0.0106148
0.0103854
0.0101579
0.00992898
0.00969364
0.00944538
0.0091767
0.00887933
0.00854462
0.00816405
0.00773011
0.00723787
0.0066888
0.006103
0.00556572
0.00549549
0.00749941
0.0160526
0.0169538
0.0094082
0.00624495
0.00527422
0.00506399
0.00507809
0.0051679
0.00528115
0.0054013
0.00552658
0.00563861
0.00574911
0.00585953
0.00597255
0.00608641
0.00619115
0.00627042
0.00630741
0.00629051
0.00621534
0.00607905
0.0058548
0.00555453
0.00524668
0.00497866
0.004785
0.00467436
0.00464389
0.00468324
0.00477819
0.0049144
0.00507899
0.0052619
0.00545605
0.00565653
0.00585986
0.00606399
0.00626798
0.0064717
0.0066757
0.00688098
0.00708881
0.00730054
0.00751744
0.00774051
0.00797033
0.00820699
0.00844994
0.00869804
0.00894956
0.00920224
0.00945344
0.00970022
0.0099395
0.0101682
0.0103832
0.0105819
0.0107617
0.0109208
0.011058
0.0111726
0.0112667
0.0113414
0.0113965
0.0114353
0.0114613
0.0114784
0.0114906
0.0115015
0.0115132
0.0115258
0.0115367
0.0115404
0.0115295
0.0114963
0.0114339
0.0113387
0.0112105
0.0110529
0.010872
0.0106751
0.0104693
0.0102593
0.0100475
0.00983362
0.00961491
0.00938701
0.00914414
0.00887939
0.00858506
0.00825305
0.00787569
0.00744726
0.00696714
0.00644728
0.00593261
0.00556339
0.00587666
0.00854728
0.0181084
0.0183818
0.0101482
0.0066197
0.00536347
0.00486351
0.00461881
0.00451088
0.00450202
0.00457993
0.00474217
0.00495536
0.0052121
0.00551066
0.00584187
0.00618421
0.00650364
0.00676245
0.00692912
0.00698387
0.00691915
0.00673618
0.00643733
0.0060259
0.00555539
0.00508402
0.00466167
0.0043153
0.00405724
0.0038937
0.00381999
0.00382388
0.00388967
0.00400217
0.0041488
0.00431967
0.00450686
0.00470508
0.00491098
0.00512274
0.00533975
0.00556229
0.00579118
0.00602747
0.00627224
0.0065263
0.00679004
0.0070632
0.00734485
0.00763333
0.00792632
0.00822097
0.00851401
0.00880199
0.00908136
0.00934869
0.00960079
0.00983483
0.0100485
0.01024
0.0104083
0.010553
0.0106743
0.0107769
0.0108594
0.0109244
0.0109747
0.0110134
0.0110434
0.011067
0.0110858
0.0110995
0.0111062
0.0111021
0.0110824
0.0110422
0.0109773
0.0108857
0.010768
0.0106267
0.0104664
0.0102921
0.0101085
0.00991884
0.00972467
0.0095254
0.00931877
0.00910106
0.00886745
0.00861225
0.00832932
0.00801253
0.00765684
0.00726031
0.00682834
0.00638336
0.00598959
0.0058174
0.00644621
0.0095708
0.0199072
0.0196108
0.0107829
0.00698177
0.00553013
0.00480968
0.00434182
0.00404228
0.00389981
0.00391503
0.00408716
0.00438625
0.00477333
0.00524332
0.00577078
0.00631049
0.00680596
0.00720438
0.00746696
0.00757213
0.00751432
0.0073004
0.00694606
0.00647687
0.00593363
0.00535034
0.0047821
0.00427794
0.00384712
0.00350546
0.00326169
0.00311338
0.00304977
0.00305966
0.00312961
0.00324636
0.00339752
0.00357408
0.0037694
0.00397916
0.00420104
0.00443416
0.00467859
0.00493489
0.00520378
0.00548577
0.00578088
0.0060884
0.0064068
0.00673374
0.00706615
0.00740044
0.00773268
0.00805881
0.00837486
0.00867708
0.00896212
0.00922714
0.00946984
0.0096886
0.0098825
0.0100513
0.0101955
0.0103161
0.0104184
0.0105013
0.0105678
0.0106203
0.0106611
0.0106919
0.0107139
0.0107269
0.0107295
0.0107196
0.010694
0.0106499
0.010585
0.0104986
0.0103913
0.0102654
0.0101239
0.00997031
0.00980746
0.00963728
0.00946032
0.0092757
0.00908136
0.00887432
0.00865097
0.00840744
0.00813998
0.0078456
0.00752323
0.00717592
0.00681553
0.00647277
0.00622261
0.00624347
0.00711794
0.0105659
0.0215259
0.0206849
0.0113278
0.00731152
0.00572852
0.00485345
0.0042171
0.00376297
0.00350577
0.00345822
0.00361116
0.00395516
0.00443872
0.00504829
0.00573909
0.00644012
0.00707542
0.00758211
0.00791835
0.00806408
0.00801837
0.00779525
0.00741979
0.00692568
0.00635529
0.00575145
0.00515302
0.00458873
0.00407949
0.00363684
0.00326791
0.00298743
0.00278562
0.00266097
0.00261171
0.00262798
0.00269985
0.00281757
0.0029715
0.00315424
0.00336066
0.00358769
0.00383377
0.00409832
0.00438126
0.00468242
0.00500118
0.00533609
0.00568477
0.00604394
0.00640964
0.00677738
0.00714249
0.00750035
0.00784658
0.00817722
0.00848882
0.00877855
0.00904422
0.00928433
0.00949805
0.00968525
0.00984646
0.00998256
0.0100964
0.0101907
0.0102666
0.0103265
0.0103726
0.0104063
0.0104286
0.0104397
0.0104391
0.0104254
0.0103972
0.010353
0.0102917
0.0102133
0.0101185
0.0100088
0.00988623
0.00975254
0.00960912
0.00945655
0.00929449
0.00912178
0.00893667
0.00873715
0.00852126
0.00828754
0.00803541
0.00776586
0.00748258
0.00719401
0.00691758
0.00668879
0.00658503
0.00677883
0.00784251
0.0115325
0.0230081
0.0216379
0.0118011
0.0076099
0.00594031
0.00496111
0.00420755
0.00364744
0.00331481
0.00322196
0.00334399
0.00367668
0.00420905
0.00491642
0.00573216
0.00655839
0.00730218
0.0078935
0.00828956
0.0084733
0.00844943
0.00823909
0.00787455
0.00739489
0.00684209
0.00625574
0.00567008
0.00511103
0.00459418
0.004128
0.00371566
0.00335977
0.00306192
0.00281897
0.00264248
0.00253268
0.00248739
0.00250409
0.0025757
0.00269537
0.0028561
0.00305206
0.00327919
0.00353487
0.00381753
0.00412579
0.00445785
0.00481102
0.00518163
0.00556511
0.00595625
0.00634953
0.0067395
0.00712098
0.00748933
0.00784052
0.0081712
0.00847873
0.00876111
0.00901702
0.00924576
0.00944721
0.00962182
0.00977053
0.00989451
0.00999744
0.0100805
0.0101459
0.0101955
0.0102312
0.0102541
0.0102648
0.0102635
0.0102499
0.0102234
0.0101834
0.0101297
0.0100623
0.00998169
0.00988848
0.00978336
0.00966678
0.00953873
0.00939874
0.00924588
0.00907898
0.00889696
0.00869916
0.00848572
0.00825801
0.00801913
0.00777447
0.00753265
0.00730705
0.00711902
0.00700509
0.00703902
0.00738141
0.00859302
0.0124737
0.0243849
0.0224969
0.0122215
0.00788731
0.00616274
0.00511391
0.00428208
0.00366073
0.00329528
0.00317785
0.00325786
0.00354116
0.00407427
0.00483707
0.00573957
0.00665798
0.00748441
0.00814305
0.00859093
0.00881445
0.00882374
0.00864565
0.00831683
0.00787799
0.0073692
0.006826
0.00627695
0.0057425
0.00523534
0.00476246
0.00432761
0.00393411
0.00358422
0.00327915
0.00302145
0.00281357
0.0026563
0.00256512
0.00253621
0.00256895
0.00265906
0.002801
0.00298933
0.00321955
0.0034884
0.00379286
0.00412933
0.00449317
0.00487871
0.00527946
0.00568858
0.00609931
0.00650535
0.00690116
0.00728206
0.00764426
0.00798486
0.00830168
0.00859324
0.0088586
0.00909732
0.0093094
0.0094952
0.00965546
0.00979119
0.00990404
0.00999649
0.01007
0.0101265
0.0101679
0.0101955
0.0102105
0.0102136
0.0102051
0.0101852
0.0101536
0.0101103
0.0100552
0.00998807
0.00990867
0.00981655
0.00971102
0.00959116
0.00945591
0.00930425
0.0091355
0.00894965
0.00874774
0.0085323
0.00830777
0.00808096
0.00786161
0.00766283
0.00750192
0.00740215
0.00739809
0.00755648
0.00802504
0.00935585
0.0133947
0.0256802
0.0232828
0.012605
0.00815629
0.00639919
0.00530234
0.00441913
0.00377164
0.00340642
0.00327765
0.00330628
0.0035186
0.00401542
0.0047974
0.00575282
0.00673532
0.00762392
0.00833754
0.0088331
0.00910009
0.009153
0.00902229
0.00874608
0.00836369
0.00791141
0.00741977
0.00691242
0.00640625
0.0059124
0.00543808
0.0049882
0.00456688
0.00417773
0.00382424
0.00351112
0.00324338
0.00302307
0.00285059
0.00273396
0.00268305
0.00269812
0.00277735
0.00291731
0.00311337
0.0033616
0.00365734
0.00399464
0.00436602
0.0047629
0.00517618
0.00559699
0.00601719
0.00642981
0.00682922
0.0072111
0.00757235
0.00791093
0.00822561
0.00851577
0.00878125
0.00902217
0.00923886
0.0094318
0.00960159
0.00974895
0.0098748
0.00998054
0.0100675
0.0101369
0.0101905
0.0102298
0.0102559
0.0102699
0.0102723
0.0102635
0.0102433
0.0102116
0.0101678
0.0101111
0.0100405
0.00995476
0.00985255
0.00973262
0.00959392
0.00943592
0.00925889
0.00906425
0.00885502
0.00863616
0.00841509
0.00820212
0.00801072
0.00785764
0.00776271
0.00774925
0.00784787
0.00811724
0.00869364
0.0101241
0.0143004
0.0269119
0.024011
0.0129644
0.00842792
0.00665376
0.00552112
0.00460486
0.00395645
0.00361004
0.00347261
0.00344285
0.00357332
0.00401099
0.00478364
0.00576398
0.0067879
0.00772292
0.00848289
0.00902418
0.00933848
0.00944307
0.00936995
0.00915635
0.00883839
0.00844769
0.00800994
0.00754491
0.00706723
0.00658753
0.00611371
0.00565204
0.00520801
0.00478682
0.00439381
0.00403497
0.00371645
0.00344385
0.00322253
0.00305524
0.0029407
0.00289379
0.00291743
0.00301246
0.00317669
0.00340745
0.0036983
0.0040401
0.00442143
0.0048299
0.00525328
0.00568055
0.00610242
0.0065116
0.00690284
0.00727269
0.00761922
0.00794169
0.00824024
0.00851552
0.00876849
0.00900019
0.00921162
0.00940363
0.00957693
0.0097321
0.0098696
0.00999
0.0100937
0.0101811
0.0102531
0.0103105
0.0103543
0.0103852
0.0104036
0.0104095
0.0104027
0.0103826
0.0103481
0.010298
0.0102309
0.0101453
0.0100397
0.00991323
0.00976532
0.00959643
0.00940816
0.00920364
0.00898792
0.00876834
0.00855501
0.00836114
0.00820312
0.00810013
0.00807305
0.0081438
0.00833804
0.00870662
0.00937675
0.0108936
0.0151942
0.0280931
0.0246931
0.0133094
0.00871077
0.00692929
0.00576678
0.00483044
0.0041973
0.00387481
0.00372389
0.00363237
0.00367649
0.00404215
0.00478269
0.0057651
0.00681241
0.00778193
0.00858217
0.00916818
0.00953265
0.00969414
0.00968448
0.0095387
0.00928902
0.0089624
0.00858033
0.00815954
0.00771297
0.00725085
0.00678148
0.00631203
0.00584912
0.00539943
0.00497022
0.0045695
0.00420574
0.00388711
0.00362097
0.00341332
0.00326688
0.00318148
0.00316586
0.00322817
0.00337087
0.00359539
0.00389283
0.004249
0.00464697
0.00506983
0.00550225
0.00593139
0.00634739
0.00674327
0.00711473
0.00745968
0.0077778
0.00807006
0.00833822
0.0085845
0.00881124
0.00902061
0.00921454
0.00939453
0.00956165
0.00971653
0.00985942
0.00999042
0.0101092
0.0102149
0.0103071
0.0103858
0.0104509
0.0105022
0.0105394
0.0105621
0.0105695
0.0105603
0.0105334
0.0104871
0.01042
0.0103307
0.0102182
0.0100822
0.00992331
0.00974324
0.00954516
0.00933404
0.0091169
0.00890324
0.00870539
0.00853876
0.00842169
0.00837451
0.00841786
0.0085712
0.00885503
0.00931334
0.0100667
0.0116613
0.016078
0.0292335
0.0253377
0.0136474
0.00901111
0.00722721
0.00603702
0.00508999
0.00447999
0.0041765
0.00400405
0.00385048
0.00380886
0.00409354
0.00478266
0.00574774
0.00680384
0.00779866
0.0086347
0.00926458
0.00968073
0.00990172
0.0099583
0.00988284
0.00970369
0.00944374
0.00912083
0.00874901
0.00833954
0.00790171
0.00744349
0.0069721
0.00649471
0.00601924
0.00555496
0.00511274
0.00470442
0.00434165
0.00403454
0.00379086
0.00361567
0.00351196
0.00347986
0.00352647
0.00366185
0.00389496
0.00421386
0.00459658
0.00501877
0.00545882
0.00589883
0.00632504
0.00672774
0.007101
0.00744202
0.00775055
0.00802823
0.00827797
0.00850337
0.00870835
0.0088967
0.00907187
0.00923675
0.00939359
0.00954396
0.00968871
0.00982807
0.00996165
0.0100891
0.0102083
0.0103176
0.0104157
0.0105011
0.0105726
0.0106287
0.010668
0.010689
0.01069
0.0106693
0.0106254
0.0105569
0.010463
0.0103434
0.0101989
0.0100312
0.0098438
0.00964138
0.00943071
0.00922062
0.00902241
0.00885008
0.00872046
0.00865285
0.00866767
0.00878424
0.00901904
0.00938762
0.00992832
0.0107573
0.0124241
0.0169526
0.0303403
0.0259516
0.0139844
0.00933348
0.00754825
0.00633058
0.00537917
0.00479239
0.0044967
0.00429432
0.00408059
0.00395635
0.00415171
0.00477184
0.0057026
0.00675509
0.00776779
0.00863608
0.00930882
0.00977691
0.0100581
0.0101818
0.0101778
0.0100712
0.0098815
0.00962319
0.00930768
0.00894411
0.0085401
0.00810231
0.00763706
0.00715129
0.00665365
0.00615546
0.00567098
0.00521652
0.00480845
0.00446083
0.0041839
0.0039842
0.00386572
0.00383081
0.00387923
0.00402478
0.0042821
0.00463615
0.00505516
0.00550623
0.00596348
0.0064075
0.00682458
0.00720602
0.00754751
0.00784824
0.00811017
0.00833716
0.00853425
0.00870704
0.00886116
0.0090019
0.00913388
0.00926095
0.00938604
0.00951113
0.00963731
0.00976477
0.0098929
0.0100206
0.0101463
0.0102664
0.0103784
0.0104797
0.0105676
0.0106395
0.010693
0.0107256
0.0107351
0.0107197
0.0106777
0.0106082
0.010511
0.0103868
0.0102376
0.0100666
0.00987869
0.0096803
0.00947972
0.00928728
0.00911556
0.00897963
0.00889702
0.00888711
0.00896956
0.00916177
0.00947704
0.00992651
0.010544
0.0114431
0.0131788
0.0178176
0.0314189
0.02654
0.0143257
0.00968139
0.00789306
0.00664722
0.00569434
0.00512405
0.00482158
0.00458141
0.00431028
0.0041074
0.00420479
0.00473991
0.00562
0.00665732
0.00768133
0.00857882
0.00929323
0.00981268
0.0101536
0.010344
0.0104121
0.0103804
0.0102653
0.0100785
0.00982835
0.00952148
0.00916299
0.00875724
0.00830866
0.00782307
0.00730915
0.00677995
0.00625334
0.00575093
0.0052951
0.00490529
0.00459544
0.00437388
0.00424526
0.00421228
0.00427563
0.00444357
0.00474104
0.00514014
0.00559944
0.00607868
0.00654887
0.00699022
0.00738996
0.00774101
0.0080411
0.0082918
0.00849753
0.00866464
0.00880049
0.00891273
0.00900877
0.00909533
0.00917816
0.00926188
0.00934991
0.00944453
0.00954684
0.00965692
0.00977386
0.00989579
0.0100212
0.0101455
0.010265
0.0103762
0.0104751
0.0105581
0.0106216
0.0106627
0.0106785
0.0106671
0.010627
0.0105577
0.01046
0.0103356
0.0101877
0.0100209
0.00984152
0.00965725
0.00947764
0.00931406
0.00917988
0.00909064
0.00906393
0.00911861
0.00927305
0.00954244
0.00993702
0.0104641
0.011154
0.0121194
0.0139223
0.0186721
0.0324728
0.0271076
0.0146761
0.0100578
0.0082628
0.00698761
0.00603231
0.00546633
0.00514099
0.00485553
0.00452945
0.00425258
0.00424584
0.00467926
0.0054909
0.00650049
0.00752929
0.0084532
0.00920811
0.00977799
0.0101774
0.0104338
0.0105742
0.0106195
0.0105838
0.0104758
0.010301
0.0100627
0.0097628
0.00940259
0.00898366
0.00850971
0.0079886
0.00743439
0.00686832
0.00631765
0.00581186
0.00537735
0.00503325
0.00479076
0.00465548
0.00463011
0.00471547
0.00491434
0.00526169
0.00571022
0.00620727
0.00670835
0.00718308
0.00761221
0.00798443
0.00829464
0.0085429
0.00873337
0.00887325
0.00897158
0.00903826
0.00908311
0.00911534
0.00914306
0.00917302
0.00921046
0.00925909
0.00932117
0.00939762
0.00948812
0.00959122
0.00970449
0.009825
0.00994942
0.0100716
0.0101874
0.0102921
0.0103812
0.0104505
0.0104965
0.0105162
0.0105078
0.0104701
0.0104034
0.0103092
0.0101904
0.0100512
0.00989758
0.00973666
0.00957717
0.00942939
0.0093052
0.00921831
0.00918426
0.00922027
0.00934437
0.0095734
0.00992035
0.0103927
0.0109944
0.0117532
0.012782
0.0146515
0.0195146
0.0335047
0.0276582
0.0150407
0.0104655
0.00865932
0.00735316
0.00639052
0.0058129
0.00544813
0.00510956
0.00472966
0.00438383
0.00426957
0.00458238
0.00530667
0.00627378
0.00730027
0.00824804
0.00904267
0.00966216
0.0101188
0.0104396
0.010652
0.010776
0.0108239
0.0108019
0.0107122
0.0105545
0.0103271
0.0100272
0.00965296
0.00920499
0.00868932
0.00812002
0.00752088
0.00692459
0.00636835
0.00588697
0.00550664
0.00524294
0.00510322
0.00508998
0.00520233
0.00543916
0.00583682
0.00633212
0.00685868
0.00737098
0.00783885
0.00824418
0.0085773
0.00883517
0.00902032
0.00913979
0.00920381
0.00922444
0.0092143
0.00918554
0.0091492
0.00911473
0.00908973
0.00907988
0.00908893
0.00911886
0.00917005
0.00924149
0.00933095
0.00943518
0.00954989
0.00967209
0.00979411
0.00991095
0.0100176
0.010109
0.0101808
0.0102292
0.0102516
0.0102463
0.0102129
0.0101524
0.0100673
0.00996124
0.00983948
0.00970853
0.0095762
0.00945163
0.00934533
0.00926929
0.00923716
0.00926425
0.00936728
0.00956328
0.00986766
0.0102913
0.0108392
0.0115127
0.0123372
0.0134271
0.0153635
0.0203432
0.0345163
0.0281957
0.0154245
0.010907
0.00908505
0.00774578
0.00676736
0.00616012
0.00573958
0.00533917
0.00490427
0.00449448
0.00427397
0.00444352
0.00505919
0.00596655
0.00698238
0.00795147
0.00878566
0.00945457
0.00996717
0.0103507
0.0106338
0.010837
0.0109717
0.0110416
0.0110458
0.0109803
0.0108389
0.0106148
0.0103017
0.00989653
0.00940233
0.00883198
0.00821057
0.00757528
0.006971
0.00644209
0.00602377
0.00573796
0.00559485
0.00559657
0.00573933
0.00601653
0.00645945
0.00699182
0.00753548
0.00804583
0.0084939
0.00886285
0.00914457
0.00933799
0.00944825
0.00948552
0.00946348
0.00939756
0.00930335
0.00919546
0.00908677
0.00898795
0.00890734
0.00885077
0.00882176
0.00882168
0.00885001
0.00890472
0.00898245
0.00907889
0.00918876
0.0093074
0.00942861
0.00954503
0.00965168
0.00974359
0.00981643
0.00986687
0.00989267
0.00989287
0.00986784
0.00981931
0.00975037
0.00966543
0.00957012
0.00947122
0.00937664
0.00929549
0.00923813
0.00921642
0.00924377
0.00933522
0.00950698
0.00977523
0.0101541
0.0106525
0.0112733
0.0120154
0.0129027
0.0140517
0.0160554
0.021156
0.0355084
0.0287237
0.0158324
0.0113842
0.00954239
0.00816726
0.00716206
0.00650702
0.00601542
0.00554357
0.00504946
0.00457897
0.00425858
0.00427443
0.00474745
0.00557144
0.00656419
0.00755134
0.00842584
0.00914511
0.00971307
0.0101572
0.0105085
0.0107897
0.0110123
0.0111784
0.0112837
0.0113203
0.0112779
0.0111449
0.0109103
0.0105665
0.0101127
0.00955922
0.0089309
0.00826787
0.00762185
0.00704724
0.00659016
0.00628115
0.00613462
0.00615228
0.00632604
0.00664175
0.00712023
0.00767553
0.00822158
0.00871583
0.00913078
0.00945069
0.00966865
0.00978546
0.00980901
0.00975301
0.00963505
0.00947435
0.00928977
0.00909847
0.00891509
0.0087514
0.00861615
0.00851507
0.00845104
0.00842441
0.00843342
0.00847461
0.00854325
0.00863374
0.00873997
0.00885517
0.00897562
0.00909143
0.00919782
0.00929047
0.00936547
0.00942014
0.00945297
0.00946369
0.00945331
0.00942411
0.00937955
0.00932423
0.0092638
0.00920489
0.00915517
0.00912343
0.00911975
0.00915572
0.00924457
0.00940111
0.00964118
0.00998032
0.0104314
0.0110019
0.0116924
0.0124998
0.0134468
0.0146529
0.0167247
0.0219511
0.0364816
0.0292452
0.0162681
0.0118972
0.0100325
0.0086182
0.00757397
0.00685441
0.00627865
0.00572585
0.00516561
0.00463368
0.00422165
0.00408264
0.00437911
0.00508512
0.00603524
0.00703541
0.007952
0.00872445
0.0093484
0.00985088
0.0102667
0.0106227
0.0109319
0.0111956
0.0114069
0.0115538
0.0116217
0.0115943
0.0114555
0.0111927
0.0108005
0.0102853
0.00966984
0.00899524
0.00831843
0.00770341
0.00720854
0.00687529
0.00672411
0.0067564
0.00695857
0.00730694
0.00780785
0.00837003
0.0089032
0.00936745
0.00973658
0.00999543
0.0101379
0.0101665
0.0100922
0.00993273
0.00971019
0.00944807
0.00916875
0.00889193
0.00863384
0.00840702
0.00822026
0.00807869
0.00798411
0.00793539
0.00792908
0.00796002
0.00802198
0.00810812
0.00821146
0.00832473
0.00844348
0.00855955
0.00866725
0.00876297
0.00884359
0.00890713
0.00895275
0.00898068
0.00899231
0.00899007
0.00897746
0.00895891
0.0089398
0.00892639
0.00892593
0.00894683
0.00899886
0.0090934
0.00924358
0.00946415
0.00977074
0.0101783
0.0106987
0.0113379
0.0120945
0.0129636
0.0139671
0.0152283
0.0173688
0.0227264
0.0374357
0.0297626
0.0167328
0.012443
0.0105534
0.00909618
0.00800056
0.00720249
0.00653274
0.00589169
0.00525847
0.00466174
0.00416535
0.00387896
0.00396109
0.00451052
0.00538759
0.00639183
0.00735301
0.008184
0.0088669
0.00942639
0.00990198
0.0103269
0.0107184
0.0110783
0.0113973
0.0116602
0.0118477
0.0119388
0.0119125
0.0117507
0.0114426
0.0109897
0.0104109
0.00974584
0.00905433
0.00840852
0.00787927
0.00752104
0.00736245
0.00740543
0.00763011
0.00800236
0.00850995
0.00906326
0.0095691
0.00999056
0.0103024
0.0104894
0.0105459
0.0104761
0.0102944
0.0100232
0.0096898
0.00932248
0.00894724
0.00858615
0.00825665
0.00797148
0.00773884
0.00756267
0.00744308
0.00737699
0.00735897
0.00738209
0.00743869
0.007521
0.00762152
0.00773319
0.00784979
0.00796841
0.00808006
0.00818247
0.00827347
0.00835147
0.00841597
0.00846744
0.0085073
0.00853791
0.00856254
0.00858532
0.00861124
0.00864612
0.00869679
0.00877127
0.00887909
0.00903153
0.00924171
0.00952438
0.00989506
0.0103682
0.0109547
0.0116589
0.0124778
0.0134047
0.0144612
0.0157752
0.0179852
0.0234795
0.0383703
0.0302765
0.0172236
0.0130136
0.011098
0.00959342
0.00843461
0.0075468
0.0067764
0.00604325
0.00533445
0.004673
0.00410158
0.00368918
0.00355755
0.00387241
0.00462343
0.00561104
0.00661783
0.00751572
0.00826425
0.00888155
0.00941182
0.00989759
0.0103636
0.0108144
0.0112399
0.0116211
0.0119347
0.0121551
0.0122563
0.0122147
0.0120138
0.0116491
0.0111339
0.0105043
0.00981969
0.00915774
0.00860078
0.00821745
0.00804706
0.00809388
0.00833212
0.0087171
0.0092149
0.00974488
0.0102105
0.0105779
0.0108226
0.0109288
0.0108907
0.0107145
0.0104185
0.0100306
0.00958401
0.00911206
0.00864431
0.00820473
0.0078112
0.00747581
0.00720528
0.00700154
0.00686244
0.00678264
0.00675477
0.0067704
0.00682098
0.00689836
0.00699512
0.0071047
0.00722072
0.00734192
0.00745995
0.00757232
0.00767738
0.00777378
0.00786117
0.00793999
0.00801157
0.00807808
0.00814252
0.00820869
0.00828114
0.00836526
0.00846744
0.00859539
0.00875841
0.00896771
0.00923644
0.0095794
0.0100119
0.010548
0.0111974
0.011963
0.0128401
0.0138205
0.0149262
0.0162908
0.018571
0.0242081
0.0392842
0.0307851
0.0177318
0.0135946
0.0116521
0.0100948
0.00886123
0.00787356
0.00699575
0.00616628
0.00538202
0.00466423
0.00403762
0.00353139
0.0032123
0.00323811
0.00376599
0.00468939
0.005736
0.00671143
0.00753752
0.00821777
0.00879901
0.00933578
0.00986488
0.0103974
0.0109237
0.011422
0.0118649
0.0122223
0.0124633
0.0125594
0.0124879
0.012238
0.011816
0.0112517
0.010601
0.00994326
0.00936946
0.00896233
0.00877441
0.00881545
0.00905554
0.00943982
0.00991361
0.0104064
0.0108207
0.0111248
0.0112944
0.0113128
0.0111742
0.0108867
0.0104734
0.00996837
0.00941148
0.00884115
0.00828997
0.00778279
0.00733674
0.00696193
0.00666249
0.00643752
0.00628223
0.00618924
0.00614974
0.00615466
0.00619536
0.00626404
0.00635383
0.00645884
0.00657347
0.0066957
0.00682059
0.00694353
0.0070634
0.00717917
0.00729046
0.00739769
0.00750207
0.00760557
0.0077109
0.00782146
0.00794134
0.00807542
0.00822965
0.00841135
0.0086296
0.00889553
0.0092223
0.00962465
0.0101176
0.0107146
0.0114241
0.0122475
0.0131786
0.0142081
0.0153589
0.0167715
0.019123
0.0249094
0.0401762
0.0312839
0.0182424
0.0141648
0.0121942
0.0105776
0.00925765
0.00815925
0.00716324
0.00622495
0.005356
0.00458876
0.00394294
0.00340672
0.00297083
0.00272802
0.00289733
0.00364198
0.00469991
0.00576203
0.00668375
0.00743934
0.008072
0.00864969
0.00922707
0.00982757
0.0104447
0.0110545
0.0116257
0.0121239
0.0125137
0.0127617
0.0128398
0.0127304
0.0124319
0.0119658
0.0113808
0.0107533
0.0101788
0.00975201
0.00954055
0.00956399
0.00979189
0.0101606
0.0105988
0.0110413
0.011395
0.0116281
0.0117165
0.0116426
0.0114006
0.0110011
0.0104724
0.00985566
0.00919762
0.00854148
0.00792166
0.00736226
0.00687782
0.00647493
0.0061539
0.00591049
0.00573758
0.00562653
0.00556832
0.00555434
0.00557679
0.00562882
0.00570447
0.00579862
0.00590677
0.00602445
0.00615365
0.00628454
0.00641722
0.00655108
0.00668569
0.00682144
0.00695937
0.00710115
0.00724905
0.00740593
0.00757529
0.00776139
0.00796964
0.00820694
0.00848209
0.00880605
0.00919185
0.00965403
0.0102072
0.0108637
0.011631
0.0125089
0.0134896
0.0145636
0.0157553
0.0172135
0.0196375
0.0255803
0.0410442
0.0317653
0.0187353
0.0146981
0.0126981
0.0110156
0.0095978
0.00837768
0.00724963
0.00618022
0.00519608
0.00435726
0.0037153
0.0032421
0.00283368
0.00245893
0.00221185
0.00254233
0.00351264
0.00465727
0.00569748
0.006551
0.00724399
0.00785549
0.00846389
0.00911382
0.00980696
0.0105182
0.0112122
0.0118503
0.012393
0.0128027
0.0130466
0.0131004
0.0129547
0.0126206
0.0121367
0.0115713
0.0110184
0.0105807
0.0103413
0.0103343
0.0105343
0.0108721
0.0112645
0.0116444
0.0119299
0.012086
0.0120891
0.011921
0.011576
0.0110683
0.0104317
0.00971493
0.00897124
0.00824747
0.00757797
0.00698376
0.00647471
0.00605229
0.00571232
0.00544747
0.00524922
0.00510912
0.00501932
0.00497282
0.00496345
0.00498582
0.00503524
0.00510762
0.00519941
0.00530657
0.00543161
0.00556576
0.00570825
0.00585867
0.00601664
0.00618232
0.00635625
0.00653955
0.00673377
0.00694102
0.00716399
0.00740623
0.0076725
0.0079692
0.00830477
0.00868989
0.00913728
0.00966104
0.010275
0.0109906
0.0118137
0.0127426
0.0137685
0.014882
0.0161103
0.0176119
0.0201102
0.0262174
0.041886
0.0322198
0.0191876
0.0151662
0.0131368
0.0113841
0.00986072
0.00851176
0.00724288
0.00602455
0.00488836
0.00391651
0.00322995
0.00287495
0.00265694
0.00240336
0.00194297
0.00163447
0.0022208
0.0033895
0.00456789
0.00555372
0.00632972
0.00697653
0.00759885
0.00827523
0.00902447
0.00982228
0.0106288
0.0114006
0.0120947
0.01267
0.0130898
0.0133247
0.0133573
0.0131879
0.0128419
0.0123749
0.0118726
0.0114395
0.0111718
0.0111222
0.0112777
0.0115689
0.0119054
0.0122119
0.0124231
0.0124977
0.0124131
0.012151
0.0117073
0.0110996
0.0103682
0.00956882
0.00875992
0.00798996
0.00729063
0.00667739
0.0061536
0.00571486
0.00535281
0.00505802
0.00482193
0.00463753
0.0044992
0.00440238
0.00434319
0.00431834
0.00432493
0.00436044
0.00442264
0.00450869
0.00462052
0.00475377
0.00490402
0.00507123
0.0052549
0.00545443
0.00566947
0.00590008
0.00614677
0.00641058
0.00669328
0.00699755
0.00732746
0.00768884
0.00808965
0.00854013
0.00905252
0.00964021
0.0103161
0.0110901
0.0119668
0.0129431
0.0140095
0.0151575
0.016418
0.0179612
0.0205365
0.026817
0.0426989
0.0326374
0.019577
0.0155426
0.0134867
0.011666
0.0100368
0.00856094
0.00715538
0.00579021
0.00449303
0.00334133
0.00248633
0.00218348
0.00226318
0.00234455
0.00204944
0.00136343
0.00109236
0.00198053
0.00328015
0.00444022
0.00533973
0.00604024
0.0066648
0.00734125
0.00812148
0.00898632
0.00989048
0.010785
0.0116228
0.0123603
0.0129586
0.0133848
0.0136147
0.0136383
0.013466
0.0131364
0.0127202
0.0123153
0.0120258
0.0119246
0.012019
0.0122474
0.012516
0.012743
0.0128728
0.0128626
0.0126896
0.0123364
0.011801
0.0111059
0.0102974
0.00943656
0.00858502
0.00778992
0.00707768
0.00645629
0.00592207
0.00546529
0.00507467
0.00473994
0.00445333
0.00420967
0.00400579
0.00383976
0.00371052
0.0036176
0.00356093
0.00354061
0.00355678
0.00360901
0.00369747
0.00382531
0.00398271
0.00417009
0.00438536
0.00462616
0.00489048
0.00517673
0.00548399
0.00581203
0.00616153
0.00653433
0.00693374
0.00736501
0.00783559
0.0083552
0.00893541
0.00958871
0.0103267
0.0111579
0.0120852
0.0131044
0.0142059
0.015383
0.0166717
0.0182554
0.0209113
0.0273751
0.0434798
0.0330093
0.0198855
0.0158047
0.0137289
0.011851
0.0101278
0.0085397
0.00701865
0.00553317
0.00410514
0.00279663
0.00170604
0.00118069
0.0016043
0.00211805
0.00218449
0.0016588
0.000940496
0.000798947
0.00184758
0.00319563
0.00427348
0.00507112
0.00570083
0.0063507
0.0071319
0.00804022
0.0090237
0.0100256
0.0109937
0.0118826
0.0126528
0.0132704
0.0137074
0.0139445
0.0139773
0.0138241
0.0135343
0.01319
0.0128944
0.0127383
0.0127563
0.0129054
0.0130935
0.0132356
0.0132779
0.0131809
0.0129198
0.0124802
0.0118635
0.0110966
0.010231
0.00933118
0.00845837
0.00765546
0.00694178
0.00631765
0.00577337
0.00529558
0.00487162
0.00449125
0.00414748
0.00383629
0.00355594
0.00330629
0.00308857
0.00290525
0.00276013
0.00265805
0.00260425
0.00260335
0.00265684
0.0027744
0.00294212
0.0031581
0.00341619
0.00371071
0.00403647
0.00438931
0.00476632
0.00516593
0.00558795
0.00603363
0.00650588
0.00700955
0.00755168
0.00814145
0.00878969
0.00950775
0.0103058
0.0111906
0.0121637
0.01322
0.0143502
0.0155508
0.0168638
0.0184877
0.0212292
0.0278878
0.0442254
0.0333301
0.0201023
0.0159361
0.0138493
0.0119344
0.010142
0.00846991
0.00686672
0.00531003
0.00381792
0.00244841
0.00123225
0.000167186
0.000965575
0.00182283
0.00220978
0.00196314
0.0013996
0.00105985
0.000931424
0.00184431
0.00311264
0.00407827
0.00474443
0.00534839
0.00609673
0.00702161
0.00806414
0.00915579
0.0102372
0.01126
0.012186
0.0129835
0.0136248
0.0140849
0.0143458
0.0144044
0.0142834
0.0140402
0.013765
0.0135591
0.0134885
0.0135413
0.0136365
0.0136863
0.0136378
0.0134535
0.0131065
0.0125866
0.0119
0.0110783
0.0101762
0.0092583
0.00838205
0.00758372
0.00687522
0.00625068
0.00569657
0.00519808
0.00474244
0.00431999
0.00392423
0.0035513
0.00319924
0.0028674
0.00255635
0.00226823
0.00200796
0.0017848
0.00161382
0.00151522
0.00150766
0.0016087
0.00180197
0.00207266
0.00240083
0.00277228
0.00317588
0.00360512
0.00405635
0.00452825
0.00502116
0.00553674
0.00607814
0.00665007
0.00725942
0.0079148
0.00862614
0.00940347
0.0102553
0.0111866
0.0121977
0.0132831
0.0144347
0.0156527
0.0169867
0.0186517
0.0214852
0.028351
0.0449325
0.0335986
0.0202262
0.0159283
0.0138311
0.011899
0.0100719
0.0083547
0.00672014
0.00516497
0.00372285
0.00245348
0.00141624
0.000829246
0.00110999
0.00178148
0.00223861
0.00222796
0.00185557
0.00151342
0.00138174
0.00123941
0.00186945
0.00304352
0.00381869
0.00437944
0.00506002
0.00597144
0.00705237
0.00821678
0.00939348
0.0105293
0.0115874
0.0125417
0.01337
0.0140476
0.0145471
0.0148449
0.0149338
0.0148374
0.0146201
0.0143803
0.0142141
0.0141539
0.0141433
0.014094
0.0139515
0.0136791
0.0132516
0.0126598
0.0119158
0.0110558
0.0101361
0.00921813
0.00835248
0.00756757
0.0068689
0.00624696
0.00568656
0.00517371
0.00469678
0.00424763
0.00382067
0.00341242
0.00302059
0.00264324
0.00227819
0.00192283
0.00157431
0.00123001
0.000888824
0.000557173
0.000294712
0.000386628
0.000733325
0.00113982
0.00157309
0.00202582
0.00249544
0.00298172
0.00348502
0.00400697
0.00454966
0.00511562
0.0057082
0.00633216
0.00699398
0.00770146
0.00846305
0.00928734
0.0101807
0.0111465
0.0121839
0.0132877
0.0144516
0.0156808
0.017033
0.0187412
0.0216745
0.0287612
0.0455979
0.0338181
0.0202657
0.0157664
0.0136565
0.011744
0.00992474
0.00821414
0.0066125
0.00513792
0.00383841
0.0027814
0.00203845
0.00170322
0.00177047
0.00212819
0.0024659
0.00252363
0.00227434
0.00195324
0.00176803
0.00170902
0.00148268
0.00199032
0.00292327
0.00348169
0.00406508
0.00492873
0.00602713
0.00725005
0.00850741
0.00973641
0.0108997
0.0119788
0.0129625
0.013835
0.0145667
0.0151182
0.0154512
0.0155492
0.0154364
0.0151909
0.0149296
0.0147411
0.0146116
0.0144574
0.0142201
0.013861
0.0133559
0.0127009
0.0119132
0.0110324
0.0101125
0.00920855
0.00836297
0.00759728
0.00691299
0.00629951
0.00574263
0.00522974
0.00475163
0.00430252
0.00387929
0.00348076
0.00310687
0.00275782
0.00243345
0.00213324
0.00185667
0.00160455
0.00138118
0.0011977
0.001076
0.00104413
0.00113006
0.00132539
0.00160418
0.00194647
0.00234016
0.00277529
0.0032467
0.00375191
0.0042901
0.00486154
0.00546936
0.00611413
0.00680144
0.007536
0.00832595
0.00917612
0.0100915
0.011074
0.0121212
0.0132295
0.0143942
0.0156275
0.0169957
0.0187508
0.0217933
0.0291156
0.0462189
0.0339949
0.0202331
0.0154518
0.0133444
0.0114668
0.00969305
0.00804145
0.00653352
0.00520303
0.00409968
0.00327212
0.00274134
0.00249866
0.00248065
0.00264367
0.00283737
0.0028728
0.00267511
0.00236942
0.00213423
0.00202315
0.00189915
0.00168843
0.00210732
0.00268073
0.00315464
0.00392973
0.00502001
0.00628907
0.00761809
0.00892694
0.0101725
0.0113418
0.0124391
0.0134667
0.0144045
0.0152058
0.0158053
0.0161414
0.0161856
0.0159744
0.0156285
0.0152992
0.0150384
0.0147749
0.0144439
0.0140027
0.0134277
0.0127196
0.0119009
0.0110122
0.010104
0.00922417
0.00840687
0.00766772
0.00700575
0.00641075
0.00587048
0.00537512
0.00491867
0.00449872
0.0041156
0.00377133
0.00346858
0.00320934
0.00299388
0.00282022
0.00268424
0.00258069
0.00250443
0.00245148
0.00241987
0.00241133
0.00242978
0.00248047
0.00257348
0.00271968
0.00292734
0.00319907
0.0035344
0.00393067
0.00438459
0.00489322
0.00545485
0.00606865
0.006736
0.00745891
0.00824156
0.00908566
0.00999385
0.0109667
0.0120009
0.0130969
0.0142547
0.015488
0.0168699
0.0186766
0.0218386
0.0294118
0.0467929
0.0341366
0.0201319
0.0150179
0.0129032
0.0110696
0.00937245
0.00782536
0.00645966
0.00531213
0.00441664
0.00378498
0.00339162
0.00319206
0.00312964
0.00317972
0.00326171
0.00324766
0.00305902
0.0027586
0.0024864
0.00231777
0.00220933
0.00200159
0.00189123
0.00206959
0.00238676
0.00301751
0.00405906
0.00535581
0.00674986
0.00813355
0.00944899
0.0106815
0.011849
0.0129801
0.0140776
0.0151032
0.0159729
0.0165811
0.0168355
0.0167083
0.0162992
0.0158219
0.0154192
0.0150445
0.0146241
0.014108
0.0134722
0.012722
0.011884
0.0109993
0.0101137
0.00926735
0.00848707
0.0077834
0.00715397
0.00658986
0.00608139
0.00562171
0.00520795
0.00484078
0.00452319
0.004259
0.00405097
0.00389914
0.00379965
0.00374479
0.00372424
0.00372702
0.00374313
0.00376426
0.00378547
0.00380859
0.00382631
0.00384437
0.00387317
0.0039235
0.00400791
0.00413827
0.00432483
0.00457492
0.00489281
0.00528018
0.00573691
0.00626201
0.00685488
0.00751529
0.00824384
0.00903997
0.0099039
0.010835
0.0118304
0.0128908
0.0140199
0.0152434
0.0166496
0.0185158
0.0218084
0.0296485
0.0473181
0.034253
0.0199763
0.0144952
0.0123472
0.0105631
0.00896426
0.00755387
0.00636079
0.00541074
0.00471072
0.00423736
0.00394038
0.00376964
0.00368543
0.00366995
0.00367609
0.00361491
0.00341883
0.00312041
0.00283091
0.00263271
0.0025148
0.00235936
0.00212597
0.00196261
0.00192444
0.00226585
0.00318304
0.0044689
0.00591315
0.00736812
0.00875246
0.0100367
0.0112421
0.0124246
0.0136213
0.0148224
0.0159428
0.0168402
0.0173525
0.0173649
0.0169246
0.0162987
0.0157472
0.0152637
0.0147622
0.0141821
0.0134977
0.012718
0.011873
0.0110039
0.0101514
0.00934846
0.00861514
0.0079577
0.00737279
0.00685276
0.00639016
0.0059805
0.00562319
0.00532088
0.00507788
0.00489811
0.00478291
0.00472932
0.00472941
0.00477119
0.00484067
0.00492423
0.00501014
0.00508923
0.00515739
0.00521665
0.00525068
0.00527177
0.00528549
0.00529988
0.00532504
0.00537239
0.00545394
0.00558121
0.0057644
0.00601176
0.00632922
0.00672053
0.00718791
0.00773247
0.00835456
0.00905357
0.0098291
0.0106806
0.011607
0.0126105
0.0136984
0.0149032
0.0163161
0.0182625
0.0217011
0.0298247
0.0477928
0.0343534
0.0197945
0.0139012
0.0117009
0.0099645
0.00847473
0.00721879
0.00621185
0.00545794
0.00493418
0.00459152
0.00437102
0.00422822
0.00413842
0.00408808
0.00404777
0.00395265
0.00374941
0.00345929
0.00317413
0.00297108
0.00284473
0.00271204
0.00247171
0.00218858
0.00193378
0.00190438
0.00246513
0.00366427
0.00511696
0.00662772
0.00808122
0.00941983
0.0106522
0.0118491
0.0130829
0.014393
0.0157182
0.0168985
0.0177038
0.0179116
0.0174811
0.0167144
0.016013
0.0154287
0.0148598
0.0142315
0.0135148
0.0127213
0.0118842
0.011044
0.0102366
0.00948865
0.00881403
0.00821509
0.00768722
0.00722328
0.00681702
0.00646527
0.0061687
0.00593109
0.0057575
0.00565198
0.00561513
0.00564228
0.00572312
0.00584297
0.00598552
0.00613555
0.00628033
0.00641116
0.00652591
0.00662336
0.00668367
0.00672328
0.00674401
0.00675155
0.00675314
0.0067575
0.00677457
0.00681509
0.00689003
0.00701007
0.00718506
0.00742368
0.00773335
0.00812002
0.00858818
0.00914099
0.00978114
0.0105111
0.0113335
0.0122543
0.0132859
0.014466
0.0158902
0.0178967
0.0215125
0.0299403
0.0482153
0.0344452
0.0196099
0.0132596
0.0109894
0.00929274
0.00791446
0.00681954
0.00600074
0.00543388
0.00506779
0.00483712
0.0046834
0.00457123
0.00448897
0.00442644
0.00436291
0.00425044
0.0040502
0.00378176
0.00352286
0.00333866
0.00321662
0.00308774
0.00288329
0.00255547
0.00221849
0.00201523
0.00220311
0.00302089
0.00438864
0.00590896
0.00741858
0.00881612
0.0100829
0.0112844
0.0125103
0.0138578
0.0153186
0.016747
0.0178604
0.0183138
0.0179392
0.0170485
0.016204
0.0155342
0.0149185
0.0142639
0.0135369
0.0127508
0.0119409
0.0111468
0.0104001
0.00972159
0.00911941
0.00859201
0.00813283
0.00773408
0.00738954
0.00709641
0.0068561
0.00667341
0.00655475
0.00650558
0.00652751
0.006616
0.0067597
0.00694208
0.00714495
0.00735184
0.00754979
0.00773239
0.00789889
0.00802199
0.00811517
0.00818006
0.00821834
0.00823345
0.00823006
0.00821406
0.00819255
0.00817374
0.00816672
0.00818123
0.00822751
0.00831621
0.00845829
0.00866473
0.00894615
0.00931269
0.00977421
0.0103403
0.0110208
0.0118283
0.0127829
0.0139289
0.0153709
0.0174384
0.0212241
0.0299939
0.0485828
0.0345347
0.0194403
0.012599
0.0102332
0.00856568
0.00729658
0.00636293
0.00572846
0.0053368
0.00511176
0.00497939
0.00488689
0.0048093
0.00474361
0.00468409
0.00461517
0.00450097
0.00431577
0.00408138
0.00386494
0.00371732
0.00361833
0.00350312
0.00331383
0.00302941
0.00267014
0.00240166
0.00239569
0.00286798
0.00386341
0.00523229
0.00675476
0.00819565
0.00950945
0.0107307
0.0119348
0.0132633
0.014778
0.0163901
0.0177997
0.0185365
0.0182653
0.0172754
0.0163047
0.0155742
0.0149401
0.014289
0.0135816
0.0128316
0.0120753
0.0113505
0.0106849
0.0100936
0.00957926
0.00913617
0.00875516
0.00842693
0.00814447
0.00790493
0.00771039
0.00756718
0.00748409
0.00746956
0.00752813
0.00765708
0.00784518
0.00807445
0.00832483
0.00857852
0.00882481
0.00905897
0.00925503
0.0094129
0.00953888
0.00963164
0.00969179
0.00972088
0.00972135
0.00969663
0.0096511
0.00959021
0.00952036
0.00944893
0.0093844
0.0093367
0.00931748
0.00934032
0.00942063
0.00957573
0.00982478
0.0101883
0.0106876
0.0113469
0.0121978
0.0132943
0.0147528
0.0169042
0.0208267
0.0299799
0.0488899
0.0346252
0.0192967
0.0119515
0.0094473
0.00779838
0.00663527
0.00586171
0.00540601
0.00517676
0.00507716
0.00503134
0.00499553
0.00495487
0.00491254
0.00486654
0.00480387
0.00469895
0.00453758
0.00434434
0.00417815
0.00407938
0.00402548
0.00395178
0.00380505
0.00357858
0.00328743
0.00300706
0.00289735
0.00311211
0.00377222
0.00482465
0.00611842
0.00753929
0.00889467
0.0101586
0.0113588
0.0126447
0.0141384
0.015845
0.0175074
0.0185464
0.0184227
0.0173658
0.0162972
0.0155413
0.0149275
0.0143194
0.0136712
0.0129956
0.012328
0.0117031
0.0111442
0.0106608
0.0102504
0.00990312
0.00960725
0.00935171
0.00912862
0.0089351
0.00877397
0.00865338
0.00858519
0.00858204
0.00865304
0.00879921
0.00901077
0.00926881
0.00955118
0.0098424
0.010133
0.0103903
0.0106122
0.0108022
0.0109578
0.0110768
0.0111585
0.0112025
0.0112096
0.0111809
0.0111185
0.0110254
0.0109053
0.0107629
0.0106043
0.0104371
0.0102716
0.0101211
0.0100027
0.00993818
0.00995456
0.0100841
0.0103637
0.0108346
0.0115464
0.0125691
0.0140347
0.0162824
0.0203639
0.0298644
0.0491279
0.0347129
0.0191792
0.0113529
0.00864421
0.0070037
0.00594568
0.00533321
0.00505069
0.0049699
0.00497998
0.00500975
0.00502661
0.00502441
0.00500908
0.00498125
0.00493061
0.00484057
0.00470719
0.00455757
0.00444323
0.00439851
0.00440423
0.00439931
0.00433215
0.00419133
0.0040037
0.00377985
0.00363959
0.00368067
0.00402106
0.00472191
0.00573413
0.00693955
0.00821913
0.00952962
0.0107567
0.0120117
0.0134364
0.0151389
0.0169764
0.0183123
0.0183733
0.0172877
0.016162
0.0154285
0.0148848
0.0143704
0.0138325
0.01328
0.0127453
0.0122577
0.0118353
0.0114823
0.0111916
0.0109505
0.0107453
0.0105639
0.010398
0.0102447
0.0101075
0.00999563
0.00992393
0.00990946
0.00996714
0.0101038
0.0103135
0.0105765
0.0108735
0.0111892
0.0114839
0.0117538
0.0119971
0.0122096
0.012387
0.0125261
0.0126243
0.01268
0.0126918
0.0126593
0.0125824
0.012462
0.0122996
0.0120974
0.011859
0.0115895
0.0112966
0.0109914
0.0106896
0.0104132
0.010193
0.0100698
0.0100955
0.0103334
0.0108592
0.0117693
0.0132195
0.0155641
0.0198626
0.0296455
0.0492619
0.0347843
0.0190797
0.0108251
0.00783658
0.00619448
0.00524555
0.00479886
0.00468305
0.00473473
0.00483865
0.0049345
0.00500101
0.00503769
0.00504941
0.00503804
0.00499812
0.00492151
0.00481432
0.00470649
0.00464371
0.00465538
0.00472646
0.00480399
0.00483874
0.00481178
0.0047351
0.00462377
0.00450914
0.00446324
0.00456787
0.00491788
0.00557063
0.00650551
0.00763115
0.00884275
0.0100934
0.0113466
0.0126917
0.0143001
0.0162069
0.0178053
0.0180788
0.017008
0.0158791
0.0152291
0.014818
0.0144605
0.0140949
0.0137241
0.0133732
0.0130648
0.0128107
0.0126107
0.0124552
0.0123305
0.0122227
0.01212
0.012014
0.0119018
0.0117863
0.011677
0.0115898
0.0115452
0.0115641
0.0116616
0.0118368
0.0120763
0.0123617
0.0126528
0.0129359
0.0132047
0.013452
0.0136713
0.013857
0.0140044
0.0141095
0.0141688
0.0141796
0.0141396
0.014047
0.0139009
0.0137009
0.0134473
0.0131415
0.0127861
0.0123861
0.0119494
0.0114884
0.0110218
0.0105786
0.0102013
0.00995127
0.00991232
0.0101932
0.0109312
0.0123224
0.0147525
0.0193103
0.0293911
0.0491903
0.034785
0.0189956
0.0103802
0.0070378
0.00538568
0.00455792
0.00428425
0.00432566
0.00449227
0.00467609
0.00483134
0.00494612
0.00502417
0.00506377
0.00506461
0.00502902
0.00495823
0.00486895
0.0047935
0.00477056
0.00482934
0.00496303
0.00512469
0.00526703
0.00536312
0.00540778
0.00541072
0.00536642
0.00530489
0.005275
0.00536124
0.00566888
0.0062713
0.00715744
0.00824241
0.00941797
0.0106189
0.0118945
0.0133501
0.0152003
0.0169969
0.0175006
0.0164933
0.0154288
0.0149381
0.0147354
0.0146098
0.0144875
0.0143621
0.0142486
0.014161
0.0141063
0.0140815
0.0140774
0.014082
0.0140833
0.0140704
0.0140358
0.0139757
0.0138915
0.0137904
0.0136867
0.0136014
0.0135598
0.0135852
0.013688
0.0138628
0.0140902
0.0143319
0.0145788
0.0148193
0.0150445
0.0152469
0.0154196
0.0155566
0.0156525
0.0157022
0.0157013
0.0156459
0.0155328
0.0153594
0.0151239
0.0148251
0.0144625
0.0140368
0.0135506
0.0130087
0.0124191
0.0117954
0.0111603
0.0105507
0.0100262
0.00968066
0.00965321
0.0101361
0.0113931
0.0138733
0.0187092
0.0290846
0.048806
0.0345703
0.0189645
0.0100693
0.00628617
0.00460395
0.00391994
0.0038258
0.00401023
0.004275
0.00452881
0.00473836
0.00489275
0.00498767
0.00504102
0.00505178
0.00500786
0.00493225
0.00485228
0.00480456
0.00482931
0.0049451
0.00513733
0.00537147
0.00560836
0.00581476
0.00596848
0.00606763
0.00610258
0.0060687
0.00599373
0.00593888
0.0060079
0.0063169
0.0069244
0.00779186
0.00882048
0.00991241
0.0110177
0.0122861
0.0139558
0.0158559
0.0165986
0.0157107
0.0147937
0.0145533
0.0146476
0.0148364
0.0150309
0.0152128
0.0153856
0.0155569
0.0157303
0.0159035
0.0160704
0.0162229
0.0163522
0.0164499
0.0165089
0.0165245
0.016495
0.0164234
0.0163189
0.0161986
0.0160875
0.0160144
0.016003
0.0160635
0.0161851
0.0163417
0.0165156
0.0166933
0.0168642
0.0170197
0.0171518
0.0172534
0.0173177
0.0173383
0.0173094
0.0172259
0.0170832
0.0168775
0.0166058
0.0162657
0.0158557
0.015375
0.0148243
0.0142058
0.0135235
0.0127855
0.0120064
0.0112123
0.0104506
0.00980698
0.00943035
0.00956292
0.0105677
0.0130121
0.0180889
0.0286454
0.0479674
0.0339281
0.0188941
0.0100014
0.00579258
0.00400502
0.00345588
0.00352008
0.00381594
0.00415837
0.004477
0.00474917
0.00496568
0.00511305
0.00516777
0.00514845
0.00508656
0.00499604
0.00490731
0.00485882
0.00488533
0.00500797
0.00522681
0.00551492
0.0058325
0.00614048
0.00639982
0.00659157
0.00670484
0.00673291
0.00668701
0.00661329
0.00659594
0.0067349
0.0070977
0.00768294
0.00843204
0.00927197
0.0101532
0.0110938
0.0124624
0.0143403
0.0153266
0.0146285
0.0139617
0.0140785
0.0145644
0.0151469
0.0157233
0.0162636
0.0167631
0.0172252
0.0176537
0.0180497
0.0184122
0.0187383
0.0190234
0.0192619
0.0194476
0.0195745
0.0196372
0.019633
0.0195633
0.0194368
0.0192712
0.0190949
0.0189397
0.0188384
0.0188119
0.018839
0.0188961
0.0189685
0.0190443
0.0191141
0.0191691
0.0192014
0.0192033
0.0191678
0.0190879
0.0189575
0.0187711
0.0185243
0.0182132
0.0178349
0.0173871
0.0168684
0.0162782
0.0156168
0.0148857
0.0140883
0.013232
0.0123317
0.0114179
0.0105534
0.0098653
0.0096004
0.0102044
0.0124156
0.0175187
0.0279485
0.046439
0.032532
0.0185981
0.0103393
0.00628166
0.0045761
0.0040528
0.00405816
0.00426843
0.00453953
0.00481213
0.00505975
0.00526907
0.00543024
0.00554279
0.00558458
0.00556269
0.00550509
0.00544137
0.00540159
0.00541422
0.00550166
0.00567657
0.00593395
0.00624315
0.00656743
0.00687958
0.00714885
0.00734727
0.00747334
0.00754151
0.007583
0.0076376
0.00774181
0.00791825
0.0081719
0.00849517
0.00887845
0.00932331
0.00986331
0.0107039
0.0123985
0.0136326
0.013221
0.0129309
0.0135201
0.014483
0.0155205
0.0165224
0.017453
0.0183053
0.0190829
0.0197919
0.0204382
0.0210264
0.0215587
0.0220351
0.022453
0.0228076
0.0230924
0.023299
0.023419
0.0234453
0.0233751
0.0232133
0.0229766
0.0226986
0.022419
0.0221818
0.0220279
0.0219217
0.0218435
0.0217808
0.0217229
0.0216607
0.021586
0.0214909
0.0213681
0.0212105
0.0210118
0.0207663
0.0204693
0.0201171
0.019707
0.0192367
0.0187049
0.0181111
0.0174551
0.0167373
0.0159587
0.0151225
0.0142351
0.0133119
0.0123902
0.0115547
0.010991
0.011098
0.0126814
0.0171778
0.0268007
0.043882
0.0299514
0.0178381
0.0113261
0.00863514
0.00770385
0.00742161
0.00738945
0.0074588
0.00756308
0.00767037
0.00775966
0.00782119
0.00788711
0.00794952
0.0080033
0.00804085
0.00805832
0.00805747
0.00804575
0.00803549
0.00804173
0.00807942
0.00815926
0.00828246
0.00844412
0.00863852
0.00885498
0.00908081
0.00930385
0.00950777
0.00967228
0.00977507
0.0097957
0.00972079
0.00954964
0.00929937
0.00900969
0.00874788
0.00861673
0.00880459
0.00997185
0.0114599
0.0114746
0.0117166
0.0128827
0.0143702
0.0158778
0.017308
0.0186315
0.0198447
0.020953
0.021965
0.0228903
0.0237374
0.024513
0.0252207
0.0258614
0.0264327
0.0269289
0.027341
0.0276573
0.0278644
0.0279491
0.0279015
0.0277198
0.027418
0.0270241
0.0265902
0.0261996
0.025883
0.025609
0.025362
0.0251316
0.0249092
0.0246875
0.02446
0.0242207
0.0239637
0.023684
0.0233773
0.0230403
0.0226706
0.0222665
0.0218269
0.0213507
0.0208372
0.0202855
0.0196939
0.0190605
0.0183838
0.0176625
0.0168979
0.0161025
0.0153148
0.0146276
0.0142546
0.014741
0.0174807
0.0250111
0.0398431
0.0257079
0.0165939
0.0134479
0.0130456
0.0131716
0.013317
0.0134559
0.0135866
0.0137008
0.013798
0.0138952
0.014003
0.0140834
0.0141411
0.0141786
0.0141966
0.014195
0.0141748
0.0141388
0.0140916
0.0140401
0.0139918
0.0139542
0.0139323
0.0139283
0.0139417
0.0139673
0.0139945
0.0140057
0.0139751
0.0138685
0.0136469
0.0132717
0.0127125
0.0119551
0.0110086
0.00991157
0.00874275
0.00764436
0.00689089
0.00714538
0.00877522
0.009436
0.0103776
0.0121451
0.0141024
0.0160095
0.0178077
0.0194835
0.0210371
0.0224735
0.0238005
0.0250273
0.0261637
0.0272182
0.0281974
0.0291053
0.0299426
0.0307063
0.0313897
0.0319817
0.0324677
0.03283
0.0330496
0.0331093
0.0329999
0.0327266
0.0323035
0.0317731
0.0312361
0.0307554
0.0303143
0.0299038
0.0295178
0.0291521
0.0288035
0.0284691
0.028146
0.0278315
0.0275227
0.0272172
0.0269124
0.0266056
0.0262931
0.0259706
0.0256335
0.0252775
0.0248975
0.0244879
0.024042
0.023551
0.0230023
0.0223837
0.0216901
0.0209271
0.0201043
0.0193029
0.0192329
0.0226715
0.0337984
0.0193182
0.0152553
0.016868
0.0188504
0.0200242
0.0206844
0.0211079
0.0214001
0.021599
0.0217478
0.0218584
0.0219339
0.0219829
0.0220043
0.0219966
0.0219609
0.0218992
0.0218147
0.0217121
0.0215971
0.0214761
0.0213546
0.0212359
0.0211192
0.0209988
0.0208635
0.0206968
0.0204763
0.0201747
0.0197599
0.0191976
0.018454
0.0174996
0.0163144
0.014891
0.0132385
0.0113846
0.00938081
0.00731835
0.00540122
0.00436757
0.00564965
0.00733759
0.00901426
0.011155
0.0133204
0.0154096
0.0174141
0.0193279
0.0211448
0.0228606
0.0244756
0.0259938
0.027422
0.0287681
0.0300395
0.0312427
0.0323817
0.0334577
0.0344685
0.0354076
0.0362639
0.0370217
0.0376614
0.0381603
0.0384963
0.0386518
0.0386182
0.038397
0.0380073
0.0375132
0.0369964
0.0364903
0.0360088
0.0355612
0.0351526
0.0347858
0.0344614
0.034178
0.0339323
0.0337197
0.0335345
0.0333714
0.0332231
0.0330808
0.0329338
0.0327727
0.0325877
0.0323687
0.032108
0.0317905
0.0313859
0.0308573
0.0301595
0.0292281
0.0279206
0.0259059
0.0228758
0.0204043
0.0252354
0.0149147
0.0177543
0.0225995
0.0258064
0.027451
0.0282767
0.0287189
0.0289443
0.0290254
0.0289928
0.0288814
0.0287173
0.0285163
0.0282848
0.0280258
0.0277422
0.0274373
0.0271149
0.0267793
0.0264354
0.026088
0.0257402
0.0253929
0.0250433
0.024684
0.024303
0.0238832
0.0234025
0.0228343
0.0221483
0.0213129
0.0202973
0.0190745
0.0176253
0.0159416
0.0140276
0.0119013
0.00959412
0.00715483
0.00466583
0.00254937
0.00239941
0.00549193
0.00743012
0.0091527
0.0109068
0.0127334
0.0146069
0.0164851
0.0183329
0.0201273
0.0218553
0.0235125
0.0250996
0.0266212
0.0280838
0.0294944
0.0308595
0.0321834
0.033468
0.0347108
0.0359052
0.0370389
0.0380951
0.0390529
0.0398895
0.0405823
0.0411122
0.0414672
0.041645
0.0416546
0.0415238
0.0412999
0.0410277
0.0407411
0.0404658
0.0402193
0.0400131
0.0398538
0.0397436
0.0396822
0.0396656
0.0396865
0.0397371
0.0398105
0.0399012
0.0399989
0.0400916
0.0401641
0.0401941
0.0401554
0.0400141
0.039715
0.0391826
0.0383111
0.036877
0.0343328
0.0297716
0.02321
0.0194141
)
;

boundaryField
{
    floor
    {
        type            calculated;
        value           uniform 0;
    }
    ceiling
    {
        type            calculated;
        value           uniform 0;
    }
    fixedWalls
    {
        type            calculated;
        value           uniform 0;
    }
    frontAndBack
    {
        type            empty;
    }
}


// ************************************************************************* //
