/*--------------------------------*- C++ -*----------------------------------*\
| =========                 |                                                 |
| \\      /  F ield         | OpenFOAM: The Open Source CFD Toolbox           |
|  \\    /   O peration     | Version:  4.1                                   |
|   \\  /    A nd           | Web:      www.OpenFOAM.org                      |
|    \\/     M anipulation  |                                                 |
\*---------------------------------------------------------------------------*/
FoamFile
{
    version     2.0;
    format      ascii;
    class       volScalarField;
    location    "1260";
    object      p_rgh;
}
// * * * * * * * * * * * * * * * * * * * * * * * * * * * * * * * * * * * * * //

dimensions      [0 2 -2 0 0 0 0];

internalField   nonuniform List<scalar> 
5000
(
0.0491872
0.0491784
0.0491746
0.0491733
0.0491732
0.0491738
0.0491749
0.0491767
0.0491792
0.0491824
0.0491863
0.0491907
0.0491956
0.0492006
0.0492055
0.0492097
0.0492128
0.0492145
0.0492142
0.049212
0.0492082
0.0492033
0.0491967
0.0491886
0.0491793
0.0491696
0.04916
0.0491507
0.0491419
0.0491337
0.0491262
0.0491194
0.0491132
0.0491075
0.0491023
0.0490976
0.0490933
0.0490892
0.0490855
0.049082
0.0490787
0.0490755
0.0490724
0.0490694
0.0490665
0.0490636
0.0490607
0.0490578
0.0490548
0.0490519
0.0490489
0.0490458
0.0490428
0.0490396
0.0490365
0.0490333
0.04903
0.0490267
0.0490234
0.04902
0.0490165
0.049013
0.0490094
0.0490057
0.0490019
0.0489981
0.0489943
0.0489907
0.0489873
0.0489844
0.0489821
0.0489807
0.0489805
0.0489815
0.0489841
0.0489882
0.048994
0.0490012
0.0490096
0.0490187
0.0490282
0.0490376
0.0490462
0.0490539
0.0490609
0.0490671
0.0490728
0.049078
0.0490829
0.0490874
0.0490915
0.0490952
0.0490984
0.0491011
0.0491033
0.0491047
0.0491052
0.0491049
0.0491038
0.0491045
0.0491855
0.0492035
0.0492148
0.0492192
0.0492204
0.0492204
0.04922
0.0492194
0.0492188
0.0492186
0.0492194
0.0492211
0.0492236
0.0492265
0.0492296
0.0492322
0.0492341
0.0492346
0.0492336
0.0492307
0.0492264
0.049221
0.0492144
0.0492067
0.0491982
0.0491895
0.0491811
0.0491731
0.0491657
0.049159
0.049153
0.0491477
0.0491431
0.049139
0.0491354
0.0491323
0.0491296
0.0491272
0.0491251
0.0491233
0.0491216
0.0491201
0.0491188
0.0491175
0.0491162
0.0491151
0.0491139
0.0491127
0.0491116
0.0491104
0.0491092
0.0491081
0.0491069
0.0491058
0.0491047
0.0491037
0.0491027
0.0491018
0.0491007
0.0490995
0.0490978
0.0490957
0.049093
0.0490897
0.0490857
0.0490813
0.0490765
0.0490714
0.0490664
0.0490618
0.049058
0.0490554
0.0490546
0.0490559
0.0490597
0.0490662
0.0490754
0.0490869
0.0491
0.0491137
0.0491266
0.0491382
0.0491486
0.0491578
0.049166
0.0491733
0.0491797
0.0491853
0.0491902
0.0491945
0.0491984
0.049202
0.0492051
0.0492076
0.0492092
0.04921
0.0492095
0.0492054
0.0491848
0.0491307
0.049159
0.0492073
0.049227
0.0492302
0.0492284
0.0492252
0.049222
0.0492195
0.0492179
0.0492173
0.0492179
0.0492195
0.0492218
0.0492245
0.0492273
0.0492297
0.0492313
0.0492315
0.0492301
0.0492268
0.0492222
0.0492165
0.0492096
0.0492018
0.0491935
0.0491851
0.0491769
0.0491692
0.0491622
0.0491558
0.0491501
0.0491452
0.0491408
0.049137
0.0491336
0.0491307
0.0491282
0.049126
0.0491241
0.0491224
0.0491209
0.0491195
0.0491183
0.0491171
0.049116
0.049115
0.0491139
0.0491129
0.0491118
0.0491107
0.0491097
0.0491086
0.0491076
0.0491066
0.0491057
0.0491048
0.0491041
0.0491036
0.0491032
0.049103
0.0491031
0.0491033
0.0491037
0.049104
0.0491044
0.0491046
0.0491047
0.0491045
0.0491043
0.049104
0.0491039
0.0491043
0.0491055
0.0491079
0.0491115
0.0491165
0.0491225
0.0491293
0.0491365
0.0491437
0.0491508
0.0491577
0.0491644
0.049171
0.0491774
0.0491839
0.0491903
0.0491966
0.0492029
0.049209
0.049215
0.0492207
0.0492259
0.0492306
0.0492345
0.0492372
0.0492378
0.0492334
0.0492076
0.0491131
0.049123
0.0492014
0.0492278
0.0492306
0.0492275
0.0492233
0.0492196
0.0492168
0.0492152
0.0492146
0.0492152
0.0492167
0.049219
0.0492216
0.0492243
0.0492264
0.0492275
0.0492273
0.0492254
0.0492218
0.0492166
0.0492103
0.0492032
0.0491952
0.0491868
0.0491785
0.0491706
0.0491633
0.0491566
0.0491506
0.0491453
0.0491407
0.0491366
0.0491331
0.04913
0.0491273
0.049125
0.049123
0.0491212
0.0491197
0.0491183
0.0491171
0.049116
0.0491149
0.0491139
0.0491129
0.0491119
0.0491109
0.0491099
0.0491089
0.0491078
0.0491068
0.0491058
0.0491048
0.0491039
0.0491031
0.0491024
0.0491019
0.0491016
0.0491016
0.0491018
0.0491024
0.0491033
0.0491046
0.0491062
0.0491081
0.0491102
0.0491125
0.0491149
0.0491173
0.0491198
0.0491224
0.0491252
0.0491282
0.0491314
0.049135
0.0491388
0.0491428
0.0491471
0.0491517
0.0491566
0.0491618
0.0491673
0.0491731
0.0491792
0.0491855
0.0491919
0.0491985
0.0492053
0.0492121
0.049219
0.0492257
0.0492323
0.0492385
0.0492439
0.0492482
0.0492499
0.049245
0.0492123
0.0490775
0.0490872
0.0491927
0.0492242
0.0492271
0.0492239
0.0492196
0.0492159
0.0492133
0.0492118
0.0492115
0.0492122
0.0492138
0.0492161
0.0492187
0.0492211
0.0492229
0.0492236
0.0492228
0.0492203
0.049216
0.0492102
0.0492033
0.0491956
0.0491874
0.049179
0.0491708
0.0491631
0.0491561
0.0491498
0.0491442
0.0491393
0.0491351
0.0491314
0.0491282
0.0491254
0.049123
0.0491209
0.0491191
0.0491175
0.0491161
0.0491149
0.0491139
0.0491129
0.049112
0.0491111
0.0491102
0.0491093
0.0491083
0.0491073
0.0491064
0.0491053
0.0491043
0.0491033
0.0491023
0.0491014
0.0491006
0.0491
0.0490995
0.0490992
0.0490992
0.0490995
0.0491002
0.0491012
0.0491026
0.0491043
0.0491065
0.049109
0.0491118
0.0491149
0.0491182
0.0491215
0.0491249
0.0491283
0.0491316
0.0491349
0.0491382
0.0491415
0.0491451
0.0491489
0.049153
0.0491575
0.0491625
0.0491678
0.0491735
0.0491794
0.0491857
0.0491922
0.0491989
0.0492059
0.049213
0.0492202
0.0492275
0.0492347
0.0492417
0.0492481
0.0492532
0.0492554
0.0492497
0.0492107
0.0490389
0.0490537
0.0491837
0.0492191
0.0492223
0.0492192
0.0492152
0.0492117
0.0492093
0.0492082
0.0492082
0.0492092
0.049211
0.0492134
0.049216
0.0492182
0.0492196
0.0492197
0.0492182
0.0492149
0.0492099
0.0492034
0.0491959
0.0491876
0.0491791
0.0491706
0.0491625
0.049155
0.0491483
0.0491423
0.0491372
0.0491327
0.0491288
0.0491255
0.0491226
0.0491201
0.0491179
0.0491161
0.0491145
0.0491131
0.0491119
0.0491109
0.04911
0.0491091
0.0491084
0.0491076
0.0491068
0.049106
0.0491051
0.0491042
0.0491033
0.0491023
0.0491013
0.0491002
0.0490993
0.0490984
0.0490976
0.0490969
0.0490964
0.0490962
0.0490962
0.0490965
0.0490972
0.0490982
0.0490996
0.0491014
0.0491036
0.0491061
0.049109
0.0491121
0.0491154
0.0491189
0.0491224
0.049126
0.0491295
0.049133
0.0491365
0.0491401
0.0491439
0.0491479
0.0491521
0.0491568
0.0491618
0.0491672
0.0491729
0.0491789
0.0491852
0.0491918
0.0491987
0.0492058
0.049213
0.0492205
0.0492281
0.0492356
0.049243
0.0492499
0.0492554
0.0492577
0.049251
0.0492065
0.049001
0.0490222
0.0491752
0.0492138
0.0492173
0.0492144
0.0492106
0.0492074
0.0492054
0.0492047
0.0492051
0.0492066
0.0492087
0.0492113
0.0492138
0.0492158
0.0492168
0.0492162
0.0492138
0.0492097
0.0492038
0.0491966
0.0491884
0.0491797
0.0491708
0.0491622
0.0491541
0.0491469
0.0491404
0.0491349
0.0491301
0.049126
0.0491224
0.0491194
0.0491168
0.0491146
0.0491127
0.049111
0.0491096
0.0491085
0.0491075
0.0491066
0.0491058
0.0491052
0.0491045
0.0491039
0.0491032
0.0491025
0.0491017
0.0491009
0.0490999
0.049099
0.049098
0.0490969
0.0490959
0.049095
0.0490942
0.0490935
0.0490929
0.0490927
0.0490926
0.0490929
0.0490935
0.0490945
0.0490959
0.0490977
0.0490999
0.0491023
0.0491051
0.0491082
0.0491115
0.049115
0.0491186
0.0491223
0.049126
0.0491297
0.0491335
0.0491374
0.0491414
0.0491457
0.0491502
0.0491551
0.0491603
0.0491658
0.0491716
0.0491778
0.0491842
0.049191
0.0491979
0.0492051
0.0492126
0.0492202
0.0492279
0.0492356
0.0492432
0.0492502
0.0492559
0.0492581
0.0492506
0.0492011
0.0489639
0.0489925
0.0491672
0.0492088
0.0492126
0.0492099
0.0492064
0.0492037
0.0492021
0.0492018
0.0492027
0.0492046
0.0492071
0.0492098
0.0492123
0.049214
0.0492144
0.049213
0.0492098
0.0492047
0.0491979
0.04919
0.0491812
0.0491721
0.0491631
0.0491544
0.0491464
0.0491394
0.0491333
0.049128
0.0491235
0.0491198
0.0491165
0.0491138
0.0491114
0.0491094
0.0491077
0.0491062
0.049105
0.049104
0.0491032
0.0491025
0.0491019
0.0491014
0.0491009
0.0491004
0.0490998
0.0490992
0.0490985
0.0490977
0.0490969
0.0490959
0.0490949
0.0490939
0.0490928
0.0490918
0.0490909
0.0490901
0.0490894
0.049089
0.0490889
0.0490891
0.0490896
0.0490905
0.0490917
0.0490934
0.0490955
0.0490979
0.0491007
0.0491037
0.049107
0.0491104
0.0491141
0.0491178
0.0491217
0.0491256
0.0491296
0.0491338
0.0491382
0.0491427
0.0491476
0.0491527
0.0491581
0.0491639
0.0491699
0.0491763
0.0491829
0.0491897
0.0491968
0.0492042
0.0492117
0.0492194
0.0492272
0.049235
0.0492427
0.0492497
0.0492553
0.0492573
0.0492489
0.0491948
0.0489274
0.0489645
0.04916
0.0492043
0.0492083
0.049206
0.049203
0.0492008
0.0491999
0.0492001
0.0492013
0.0492034
0.0492061
0.049209
0.0492114
0.0492127
0.0492125
0.0492103
0.0492062
0.0492002
0.0491926
0.049184
0.0491747
0.0491652
0.0491561
0.0491475
0.0491398
0.0491331
0.0491272
0.0491222
0.049118
0.0491145
0.0491115
0.0491089
0.0491067
0.0491049
0.0491033
0.049102
0.0491009
0.0491001
0.0490994
0.0490989
0.0490984
0.0490981
0.0490977
0.0490974
0.049097
0.0490966
0.049096
0.0490953
0.0490945
0.0490936
0.0490926
0.0490916
0.0490905
0.0490894
0.0490883
0.0490874
0.0490866
0.049086
0.0490856
0.0490856
0.0490859
0.0490866
0.0490876
0.0490891
0.049091
0.0490932
0.0490959
0.0490988
0.049102
0.0491055
0.0491091
0.049113
0.049117
0.0491211
0.0491254
0.0491298
0.0491345
0.0491394
0.0491446
0.04915
0.0491557
0.0491618
0.0491681
0.0491746
0.0491814
0.0491885
0.0491957
0.0492031
0.0492107
0.0492184
0.0492262
0.049234
0.0492416
0.0492485
0.049254
0.0492558
0.0492465
0.0491879
0.0488918
0.0489381
0.0491537
0.0492003
0.0492047
0.0492026
0.0492003
0.0491989
0.0491987
0.0491994
0.0492008
0.0492029
0.0492057
0.0492086
0.0492108
0.0492118
0.0492109
0.049208
0.0492031
0.0491963
0.049188
0.0491788
0.0491692
0.0491596
0.0491504
0.049142
0.0491344
0.0491279
0.0491224
0.0491177
0.0491137
0.0491104
0.0491075
0.049105
0.0491029
0.0491011
0.0490996
0.0490984
0.0490974
0.0490967
0.0490961
0.0490958
0.0490955
0.0490953
0.0490952
0.0490951
0.0490949
0.0490946
0.0490943
0.0490938
0.0490931
0.0490923
0.0490914
0.0490904
0.0490893
0.0490881
0.0490869
0.0490858
0.0490849
0.0490841
0.0490835
0.0490832
0.0490832
0.0490835
0.0490843
0.0490854
0.049087
0.049089
0.0490914
0.0490942
0.0490973
0.0491007
0.0491044
0.0491083
0.0491124
0.0491167
0.0491212
0.049126
0.049131
0.0491362
0.0491417
0.0491475
0.0491536
0.0491599
0.0491665
0.0491733
0.0491803
0.0491875
0.0491948
0.0492022
0.0492098
0.0492174
0.0492251
0.0492327
0.0492401
0.0492469
0.0492521
0.0492536
0.0492434
0.0491807
0.0488568
0.0489128
0.049148
0.0491969
0.0492015
0.0491999
0.0491983
0.0491979
0.0491984
0.0491992
0.0492006
0.0492027
0.0492056
0.0492085
0.0492105
0.0492111
0.0492096
0.0492061
0.0492005
0.0491931
0.0491843
0.0491748
0.049165
0.0491553
0.0491462
0.049138
0.0491306
0.0491243
0.0491189
0.0491144
0.0491105
0.0491072
0.0491044
0.0491019
0.0490998
0.0490979
0.0490964
0.0490952
0.0490942
0.0490936
0.0490932
0.049093
0.0490929
0.0490929
0.049093
0.0490932
0.0490933
0.0490933
0.0490932
0.049093
0.0490926
0.049092
0.0490912
0.0490903
0.0490892
0.0490881
0.0490869
0.0490857
0.0490846
0.0490836
0.0490828
0.0490822
0.0490819
0.049082
0.0490824
0.0490832
0.0490844
0.049086
0.0490882
0.0490907
0.0490936
0.0490969
0.0491005
0.0491044
0.0491086
0.049113
0.0491178
0.0491228
0.0491281
0.0491337
0.0491396
0.0491458
0.0491522
0.0491588
0.0491656
0.0491726
0.0491797
0.0491869
0.0491942
0.0492016
0.049209
0.0492164
0.0492239
0.0492312
0.0492383
0.0492448
0.0492498
0.0492509
0.0492398
0.049173
0.0488225
0.0488886
0.0491428
0.0491939
0.0491986
0.0491976
0.049197
0.0491975
0.0491984
0.0491992
0.0492004
0.0492025
0.0492054
0.0492083
0.0492101
0.0492104
0.0492085
0.0492045
0.0491984
0.0491906
0.0491816
0.0491719
0.0491621
0.0491526
0.0491437
0.0491356
0.0491284
0.0491222
0.0491169
0.0491124
0.0491084
0.049105
0.049102
0.0490994
0.049097
0.0490951
0.0490934
0.0490921
0.0490911
0.0490905
0.0490902
0.0490901
0.0490902
0.0490905
0.0490909
0.0490914
0.0490919
0.0490922
0.0490925
0.0490927
0.0490926
0.0490923
0.0490918
0.0490911
0.0490901
0.0490891
0.0490879
0.0490867
0.0490856
0.0490845
0.0490835
0.0490827
0.0490822
0.049082
0.0490821
0.0490826
0.0490834
0.0490848
0.0490865
0.0490888
0.0490914
0.0490945
0.049098
0.0491019
0.0491061
0.0491107
0.0491157
0.0491209
0.0491265
0.0491324
0.0491386
0.049145
0.0491516
0.0491585
0.0491654
0.0491725
0.0491797
0.0491869
0.0491941
0.0492013
0.0492084
0.0492155
0.0492226
0.0492296
0.0492363
0.0492424
0.0492471
0.0492477
0.0492357
0.049165
0.0487887
0.0488652
0.0491381
0.0491911
0.0491961
0.0491957
0.0491961
0.0491974
0.0491984
0.049199
0.0492
0.0492021
0.049205
0.0492078
0.0492095
0.0492095
0.0492074
0.0492031
0.0491968
0.0491888
0.0491798
0.0491702
0.0491606
0.0491513
0.0491427
0.0491348
0.0491278
0.0491217
0.0491163
0.0491116
0.0491075
0.0491037
0.0491004
0.0490973
0.0490947
0.0490924
0.0490905
0.049089
0.0490879
0.0490872
0.049087
0.049087
0.0490874
0.0490879
0.0490887
0.0490896
0.0490905
0.0490913
0.0490921
0.0490927
0.0490931
0.0490932
0.049093
0.0490925
0.0490918
0.0490909
0.0490898
0.0490887
0.0490875
0.0490863
0.0490853
0.0490844
0.0490837
0.0490834
0.0490833
0.0490835
0.0490842
0.0490852
0.0490867
0.0490887
0.0490911
0.049094
0.0490974
0.0491012
0.0491054
0.0491101
0.0491151
0.0491205
0.0491263
0.0491324
0.0491387
0.0491453
0.0491521
0.049159
0.049166
0.0491731
0.0491801
0.0491872
0.0491942
0.0492011
0.0492079
0.0492146
0.0492212
0.0492277
0.049234
0.0492397
0.049244
0.0492441
0.0492312
0.0491566
0.0487551
0.0488424
0.0491338
0.0491885
0.0491937
0.0491942
0.0491956
0.0491973
0.0491981
0.0491983
0.0491991
0.0492012
0.0492041
0.0492068
0.0492085
0.0492085
0.0492063
0.0492019
0.0491956
0.0491877
0.0491788
0.0491695
0.0491603
0.0491514
0.0491431
0.0491356
0.0491287
0.0491226
0.0491171
0.0491122
0.0491076
0.0491034
0.0490995
0.0490959
0.0490927
0.0490899
0.0490876
0.0490858
0.0490846
0.0490838
0.0490835
0.0490836
0.0490842
0.0490851
0.0490863
0.0490877
0.0490892
0.0490906
0.049092
0.0490932
0.0490941
0.0490946
0.0490948
0.0490947
0.0490942
0.0490935
0.0490925
0.0490914
0.0490902
0.049089
0.0490879
0.049087
0.0490862
0.0490857
0.0490855
0.0490857
0.0490862
0.0490871
0.0490884
0.0490902
0.0490925
0.0490953
0.0490986
0.0491023
0.0491065
0.0491112
0.0491162
0.0491217
0.0491275
0.0491337
0.04914
0.0491466
0.0491534
0.0491602
0.0491671
0.049174
0.0491809
0.0491877
0.0491944
0.0492009
0.0492073
0.0492136
0.0492197
0.0492257
0.0492314
0.0492366
0.0492405
0.0492401
0.0492262
0.0491477
0.0487218
0.0488202
0.0491297
0.049186
0.0491915
0.0491929
0.0491951
0.049197
0.0491973
0.0491971
0.0491978
0.0491998
0.0492026
0.0492053
0.049207
0.049207
0.049205
0.0492008
0.0491947
0.0491871
0.0491786
0.0491697
0.049161
0.0491526
0.0491448
0.0491375
0.0491309
0.0491248
0.0491192
0.0491139
0.0491088
0.049104
0.0490994
0.049095
0.0490911
0.0490877
0.0490849
0.0490827
0.0490812
0.0490803
0.04908
0.0490802
0.0490809
0.0490822
0.0490839
0.049086
0.0490882
0.0490904
0.0490924
0.0490942
0.0490957
0.0490968
0.0490974
0.0490976
0.0490973
0.0490967
0.0490958
0.0490948
0.0490936
0.0490924
0.0490912
0.0490902
0.0490894
0.0490888
0.0490886
0.0490887
0.0490892
0.04909
0.0490913
0.049093
0.0490953
0.049098
0.0491012
0.0491049
0.0491091
0.0491137
0.0491187
0.0491242
0.0491299
0.049136
0.0491423
0.0491487
0.0491553
0.0491619
0.0491686
0.0491752
0.0491817
0.0491882
0.0491945
0.0492006
0.0492065
0.0492123
0.0492179
0.0492233
0.0492285
0.0492332
0.0492366
0.0492357
0.0492207
0.0491383
0.0486886
0.0487983
0.0491258
0.0491835
0.0491894
0.0491917
0.0491947
0.0491964
0.0491961
0.0491955
0.0491959
0.0491978
0.0492005
0.0492031
0.0492049
0.0492052
0.0492035
0.0491997
0.049194
0.0491868
0.0491788
0.0491705
0.0491624
0.0491546
0.0491472
0.0491404
0.049134
0.049128
0.0491223
0.0491166
0.0491111
0.0491055
0.0491001
0.0490949
0.0490901
0.0490859
0.0490824
0.0490797
0.0490779
0.0490769
0.0490766
0.0490769
0.0490778
0.0490795
0.0490819
0.0490847
0.0490877
0.0490907
0.0490935
0.049096
0.0490981
0.0490996
0.0491007
0.0491011
0.0491011
0.0491006
0.0490998
0.0490988
0.0490976
0.0490964
0.0490952
0.0490941
0.0490932
0.0490926
0.0490924
0.0490925
0.049093
0.0490938
0.0490951
0.0490969
0.0490991
0.0491018
0.049105
0.0491087
0.0491128
0.0491174
0.0491223
0.0491276
0.0491332
0.0491391
0.0491451
0.0491513
0.0491575
0.0491638
0.0491701
0.0491763
0.0491825
0.0491885
0.0491943
0.0492
0.0492055
0.0492108
0.0492158
0.0492207
0.0492253
0.0492295
0.0492323
0.0492309
0.0492148
0.0491284
0.0486553
0.0487768
0.0491221
0.049181
0.0491874
0.0491907
0.0491941
0.0491953
0.0491944
0.0491933
0.0491935
0.0491951
0.0491975
0.0492001
0.0492021
0.0492028
0.0492017
0.0491985
0.0491933
0.0491868
0.0491794
0.0491717
0.0491641
0.0491569
0.0491502
0.0491438
0.0491377
0.0491318
0.049126
0.0491201
0.049114
0.0491078
0.0491016
0.0490955
0.0490897
0.0490846
0.0490803
0.0490771
0.049075
0.0490738
0.0490736
0.0490741
0.0490752
0.0490772
0.0490804
0.049084
0.0490879
0.0490917
0.0490953
0.0490985
0.0491011
0.0491031
0.0491045
0.0491053
0.0491055
0.0491051
0.0491044
0.0491033
0.0491021
0.0491009
0.0490996
0.0490985
0.0490977
0.0490971
0.0490968
0.0490969
0.0490974
0.0490984
0.0490997
0.0491015
0.0491038
0.0491065
0.0491097
0.0491133
0.0491174
0.0491218
0.0491266
0.0491316
0.049137
0.0491425
0.0491482
0.0491539
0.0491597
0.0491656
0.0491714
0.0491772
0.0491829
0.0491884
0.0491939
0.0491991
0.0492041
0.0492089
0.0492135
0.0492178
0.0492218
0.0492254
0.0492278
0.0492257
0.0492084
0.049118
0.048622
0.0487557
0.0491186
0.0491784
0.0491854
0.0491897
0.0491932
0.0491939
0.0491923
0.0491908
0.0491905
0.0491917
0.0491938
0.0491964
0.0491986
0.0491998
0.0491994
0.0491969
0.0491926
0.0491867
0.0491799
0.0491728
0.0491659
0.0491593
0.049153
0.0491471
0.0491414
0.0491357
0.0491299
0.0491238
0.0491174
0.0491106
0.0491036
0.0490966
0.0490899
0.0490838
0.0490788
0.0490749
0.0490724
0.0490711
0.0490709
0.0490717
0.0490732
0.0490756
0.0490795
0.049084
0.0490888
0.0490934
0.0490976
0.0491014
0.0491046
0.0491071
0.0491088
0.0491098
0.0491102
0.04911
0.0491093
0.0491083
0.0491071
0.0491058
0.0491046
0.0491035
0.0491026
0.049102
0.0491018
0.049102
0.0491026
0.0491036
0.0491051
0.0491069
0.0491092
0.0491119
0.0491151
0.0491186
0.0491225
0.0491267
0.0491312
0.0491359
0.0491408
0.0491459
0.0491511
0.0491563
0.0491617
0.049167
0.0491723
0.0491776
0.0491828
0.049188
0.049193
0.0491978
0.0492024
0.0492067
0.0492108
0.0492145
0.0492181
0.0492211
0.0492229
0.0492202
0.0492017
0.0491072
0.0485885
0.0487348
0.0491151
0.0491758
0.0491835
0.0491886
0.0491921
0.0491921
0.0491899
0.0491879
0.0491871
0.0491877
0.0491894
0.0491918
0.0491942
0.0491961
0.0491965
0.049195
0.0491915
0.0491864
0.0491803
0.0491737
0.0491673
0.0491612
0.0491555
0.04915
0.0491446
0.0491391
0.0491334
0.0491273
0.0491207
0.0491135
0.0491059
0.0490981
0.0490905
0.0490836
0.0490777
0.0490732
0.0490703
0.0490688
0.0490687
0.0490698
0.0490718
0.0490746
0.0490791
0.0490845
0.04909
0.0490953
0.0491002
0.0491046
0.0491083
0.0491112
0.0491133
0.0491146
0.0491151
0.049115
0.0491143
0.0491134
0.0491122
0.0491109
0.0491097
0.0491087
0.0491079
0.0491075
0.0491073
0.0491076
0.0491083
0.0491095
0.049111
0.0491129
0.0491152
0.0491179
0.0491209
0.0491242
0.0491278
0.0491317
0.0491358
0.04914
0.0491444
0.049149
0.0491536
0.0491583
0.049163
0.0491679
0.0491727
0.0491775
0.0491824
0.0491871
0.0491917
0.0491961
0.0492003
0.0492042
0.0492078
0.0492111
0.049214
0.0492165
0.0492177
0.0492144
0.0491946
0.0490958
0.0485549
0.0487143
0.0491117
0.049173
0.0491815
0.0491874
0.0491906
0.0491899
0.0491873
0.0491847
0.0491833
0.0491832
0.0491842
0.0491863
0.049189
0.0491915
0.0491929
0.0491926
0.0491901
0.0491858
0.0491803
0.0491742
0.0491682
0.0491624
0.0491571
0.0491519
0.0491469
0.0491417
0.0491362
0.0491302
0.0491235
0.0491162
0.0491082
0.0490999
0.0490916
0.0490838
0.0490772
0.049072
0.0490687
0.0490671
0.049067
0.0490683
0.0490707
0.049074
0.0490791
0.0490851
0.0490912
0.0490971
0.0491026
0.0491075
0.0491118
0.0491152
0.0491177
0.0491192
0.0491199
0.0491199
0.0491194
0.0491185
0.0491173
0.0491162
0.0491151
0.0491141
0.0491135
0.0491132
0.0491132
0.0491137
0.0491145
0.0491157
0.0491173
0.0491193
0.0491215
0.049124
0.0491268
0.0491298
0.049133
0.0491364
0.0491399
0.0491436
0.0491474
0.0491513
0.0491554
0.0491595
0.0491638
0.0491682
0.0491726
0.049177
0.0491815
0.0491859
0.0491902
0.0491942
0.049198
0.0492015
0.0492046
0.0492074
0.0492098
0.0492118
0.0492124
0.0492083
0.0491872
0.049084
0.048521
0.048694
0.0491083
0.0491701
0.0491794
0.0491858
0.0491888
0.0491875
0.0491844
0.0491815
0.0491795
0.0491785
0.0491787
0.0491802
0.0491829
0.049186
0.0491885
0.0491895
0.0491883
0.0491849
0.0491799
0.0491742
0.0491683
0.0491628
0.0491576
0.0491527
0.049148
0.0491431
0.0491379
0.0491321
0.0491257
0.0491184
0.0491104
0.0491018
0.049093
0.0490845
0.0490771
0.0490713
0.0490675
0.0490656
0.0490656
0.0490671
0.0490698
0.0490734
0.0490788
0.0490853
0.0490918
0.0490982
0.0491043
0.0491099
0.0491148
0.0491188
0.0491218
0.0491236
0.0491246
0.0491247
0.0491243
0.0491234
0.0491224
0.0491213
0.0491204
0.0491196
0.0491191
0.049119
0.0491192
0.0491198
0.0491208
0.0491221
0.0491236
0.0491255
0.0491275
0.0491297
0.0491321
0.0491347
0.0491373
0.0491402
0.0491431
0.0491462
0.0491494
0.0491528
0.0491564
0.0491601
0.049164
0.049168
0.0491721
0.0491762
0.0491804
0.0491845
0.0491885
0.0491922
0.0491956
0.0491987
0.0492013
0.0492036
0.0492055
0.0492069
0.0492069
0.0492021
0.0491795
0.0490718
0.0484869
0.0486739
0.0491047
0.0491669
0.0491771
0.0491839
0.0491865
0.0491849
0.0491815
0.0491783
0.0491757
0.0491739
0.049173
0.0491736
0.0491759
0.0491794
0.0491831
0.0491856
0.0491858
0.0491835
0.0491792
0.0491737
0.0491678
0.0491622
0.049157
0.0491522
0.0491477
0.0491431
0.0491382
0.0491329
0.0491269
0.04912
0.0491122
0.0491036
0.0490946
0.0490857
0.0490776
0.0490711
0.0490667
0.0490644
0.0490643
0.0490658
0.0490685
0.0490722
0.0490777
0.0490844
0.0490912
0.049098
0.0491048
0.0491113
0.0491171
0.0491218
0.0491254
0.0491277
0.0491289
0.0491292
0.0491289
0.0491281
0.0491272
0.0491263
0.0491254
0.0491249
0.0491246
0.0491246
0.049125
0.0491257
0.0491266
0.0491278
0.0491292
0.0491308
0.0491325
0.0491343
0.0491362
0.0491382
0.0491404
0.0491426
0.0491451
0.0491477
0.0491505
0.0491535
0.0491567
0.0491602
0.0491638
0.0491676
0.0491715
0.0491754
0.0491794
0.0491832
0.0491869
0.0491902
0.0491933
0.0491959
0.049198
0.0491998
0.0492011
0.0492019
0.0492014
0.0491958
0.0491717
0.0490592
0.0484525
0.0486539
0.0491008
0.0491633
0.0491743
0.0491815
0.0491838
0.0491819
0.0491786
0.0491753
0.0491724
0.0491699
0.0491679
0.049167
0.0491682
0.0491718
0.0491765
0.0491807
0.0491827
0.0491818
0.0491782
0.0491729
0.0491668
0.0491608
0.0491554
0.0491505
0.0491459
0.0491416
0.0491372
0.0491324
0.049127
0.0491207
0.0491134
0.0491052
0.0490963
0.0490872
0.0490786
0.0490714
0.0490662
0.0490633
0.0490626
0.0490638
0.0490664
0.0490699
0.0490751
0.0490817
0.0490887
0.0490962
0.0491038
0.0491114
0.0491183
0.0491241
0.0491285
0.0491313
0.0491328
0.0491333
0.0491331
0.0491324
0.0491316
0.0491308
0.0491301
0.0491297
0.0491295
0.0491296
0.04913
0.0491306
0.0491313
0.0491323
0.0491333
0.0491345
0.0491357
0.0491371
0.0491385
0.0491401
0.0491419
0.0491438
0.0491459
0.0491483
0.0491509
0.0491537
0.0491568
0.0491602
0.0491637
0.0491673
0.0491711
0.0491749
0.0491786
0.0491822
0.0491855
0.0491885
0.0491911
0.0491932
0.0491948
0.049196
0.0491968
0.049197
0.0491959
0.0491895
0.0491638
0.0490463
0.0484178
0.0486341
0.0490966
0.0491592
0.049171
0.0491786
0.0491807
0.0491787
0.0491755
0.0491724
0.0491696
0.0491669
0.0491641
0.0491618
0.049161
0.0491633
0.0491684
0.0491744
0.0491786
0.0491796
0.0491771
0.049172
0.0491656
0.049159
0.0491529
0.0491475
0.0491429
0.0491386
0.0491346
0.0491304
0.0491258
0.0491204
0.049114
0.0491065
0.0490981
0.049089
0.04908
0.049072
0.0490658
0.0490619
0.0490604
0.0490609
0.0490629
0.0490659
0.0490704
0.0490766
0.0490839
0.0490921
0.049101
0.04911
0.0491185
0.0491256
0.0491309
0.0491344
0.0491363
0.0491369
0.0491368
0.0491362
0.0491354
0.0491347
0.049134
0.0491336
0.0491334
0.0491334
0.0491336
0.0491339
0.0491343
0.0491348
0.0491354
0.0491362
0.049137
0.049138
0.0491392
0.0491406
0.0491422
0.049144
0.0491462
0.0491485
0.0491512
0.0491541
0.0491572
0.0491606
0.049164
0.0491677
0.0491713
0.0491749
0.0491784
0.0491817
0.0491846
0.0491871
0.0491892
0.0491907
0.0491917
0.0491924
0.0491926
0.0491922
0.0491905
0.0491833
0.0491558
0.0490332
0.0483829
0.0486143
0.049092
0.0491547
0.0491672
0.049175
0.049177
0.0491751
0.0491721
0.0491694
0.0491671
0.0491649
0.0491622
0.049159
0.0491559
0.0491551
0.0491591
0.0491664
0.0491732
0.0491768
0.049176
0.0491714
0.0491645
0.049157
0.0491499
0.0491437
0.0491386
0.0491342
0.0491304
0.0491268
0.0491231
0.0491188
0.0491135
0.0491072
0.0490995
0.0490909
0.0490818
0.0490731
0.0490657
0.0490604
0.0490575
0.0490567
0.0490575
0.0490596
0.049063
0.0490688
0.0490762
0.0490854
0.0490959
0.049107
0.0491174
0.0491262
0.0491327
0.0491369
0.0491391
0.0491399
0.0491398
0.0491392
0.0491384
0.0491376
0.0491369
0.0491363
0.0491359
0.0491355
0.0491353
0.0491352
0.0491352
0.0491353
0.0491356
0.0491361
0.0491368
0.0491377
0.0491389
0.0491404
0.0491422
0.0491442
0.0491466
0.0491492
0.049152
0.0491551
0.0491584
0.0491618
0.0491653
0.0491688
0.0491724
0.0491758
0.0491789
0.0491818
0.0491843
0.0491862
0.0491877
0.0491886
0.0491889
0.0491889
0.0491885
0.0491876
0.0491853
0.0491772
0.0491479
0.0490199
0.0483477
0.0485945
0.0490869
0.0491498
0.0491628
0.0491708
0.0491729
0.049171
0.0491681
0.0491657
0.0491641
0.0491629
0.0491616
0.0491591
0.0491549
0.0491501
0.0491495
0.0491563
0.0491659
0.0491727
0.0491745
0.0491712
0.0491641
0.0491554
0.0491468
0.0491394
0.0491334
0.0491287
0.0491249
0.0491218
0.0491188
0.0491156
0.0491117
0.0491068
0.0491004
0.0490926
0.0490837
0.0490744
0.0490657
0.0490586
0.0490537
0.049051
0.0490501
0.0490506
0.0490527
0.0490576
0.0490654
0.0490759
0.0490886
0.0491021
0.049115
0.0491258
0.0491337
0.0491387
0.0491413
0.0491421
0.049142
0.0491412
0.0491402
0.0491392
0.0491382
0.0491373
0.0491365
0.0491357
0.0491351
0.0491346
0.0491343
0.0491342
0.0491344
0.0491349
0.0491358
0.049137
0.0491385
0.0491403
0.0491425
0.049145
0.0491477
0.0491506
0.0491538
0.0491571
0.0491605
0.049164
0.0491675
0.049171
0.0491744
0.0491775
0.0491803
0.0491827
0.0491846
0.0491859
0.0491866
0.0491868
0.0491864
0.0491857
0.0491848
0.0491833
0.0491803
0.0491713
0.0491401
0.0490064
0.0483122
0.0485749
0.0490816
0.0491446
0.0491581
0.0491663
0.0491684
0.0491665
0.0491635
0.0491609
0.0491594
0.0491592
0.0491601
0.0491602
0.0491576
0.049151
0.0491434
0.0491446
0.0491558
0.0491667
0.0491723
0.0491713
0.0491646
0.0491547
0.0491443
0.0491351
0.0491278
0.0491222
0.0491181
0.0491152
0.0491129
0.0491108
0.0491083
0.0491049
0.0491001
0.0490936
0.0490854
0.0490759
0.049066
0.0490568
0.0490492
0.0490438
0.0490404
0.0490388
0.0490391
0.049043
0.0490512
0.0490633
0.0490786
0.0490953
0.0491111
0.0491242
0.0491337
0.0491395
0.0491424
0.0491433
0.049143
0.049142
0.0491407
0.0491392
0.0491378
0.0491364
0.0491351
0.049134
0.049133
0.0491324
0.049132
0.0491321
0.0491325
0.0491334
0.0491346
0.0491363
0.0491383
0.0491407
0.0491434
0.0491463
0.0491495
0.0491529
0.0491563
0.0491599
0.0491636
0.0491672
0.0491708
0.0491742
0.0491773
0.0491801
0.0491825
0.0491843
0.0491856
0.0491861
0.049186
0.0491854
0.0491843
0.0491829
0.0491813
0.0491793
0.0491757
0.0491659
0.0491326
0.0489929
0.0482764
0.0485555
0.0490762
0.0491395
0.0491532
0.0491618
0.0491641
0.0491622
0.0491588
0.0491555
0.0491532
0.0491528
0.049155
0.0491587
0.0491601
0.0491563
0.0491453
0.0491352
0.0491424
0.0491574
0.0491683
0.0491712
0.0491661
0.0491556
0.049143
0.0491314
0.0491221
0.0491153
0.0491105
0.0491075
0.0491055
0.0491043
0.049103
0.0491012
0.0490983
0.0490935
0.0490865
0.0490773
0.0490665
0.0490552
0.0490445
0.0490355
0.0490286
0.049024
0.0490223
0.0490248
0.0490334
0.0490476
0.0490661
0.0490863
0.0491055
0.0491213
0.0491325
0.0491392
0.0491423
0.0491431
0.0491425
0.0491412
0.0491394
0.0491375
0.0491356
0.0491338
0.0491321
0.0491308
0.0491297
0.0491292
0.0491291
0.0491294
0.0491303
0.0491317
0.0491335
0.0491357
0.0491383
0.0491413
0.0491446
0.049148
0.0491517
0.0491555
0.0491594
0.0491634
0.0491673
0.0491711
0.0491747
0.049178
0.0491809
0.0491834
0.0491853
0.0491866
0.0491871
0.0491868
0.0491859
0.0491844
0.0491826
0.0491806
0.0491784
0.0491758
0.0491717
0.0491608
0.0491254
0.0489795
0.0482403
0.0485364
0.0490711
0.0491348
0.0491487
0.0491575
0.0491603
0.0491586
0.0491549
0.0491508
0.0491473
0.0491455
0.0491469
0.0491525
0.0491591
0.0491611
0.0491531
0.0491363
0.0491289
0.0491434
0.0491608
0.0491698
0.0491682
0.0491581
0.0491435
0.049129
0.0491171
0.0491084
0.0491026
0.049099
0.049097
0.0490962
0.0490959
0.0490955
0.0490944
0.0490916
0.0490865
0.0490784
0.0490673
0.049054
0.0490399
0.0490265
0.049015
0.0490065
0.049002
0.0490032
0.0490121
0.0490286
0.0490506
0.0490749
0.0490979
0.0491165
0.0491296
0.0491372
0.0491406
0.0491413
0.0491404
0.0491386
0.0491364
0.049134
0.0491317
0.0491295
0.0491277
0.0491264
0.0491255
0.0491252
0.0491255
0.0491264
0.0491278
0.0491297
0.0491321
0.049135
0.0491382
0.0491418
0.0491457
0.0491497
0.049154
0.0491583
0.0491626
0.049167
0.0491712
0.0491752
0.0491789
0.0491822
0.049185
0.0491871
0.0491886
0.0491892
0.049189
0.0491879
0.0491862
0.0491839
0.0491813
0.0491787
0.049176
0.049173
0.0491683
0.0491565
0.0491187
0.0489661
0.0482041
0.048518
0.0490666
0.049131
0.0491448
0.0491539
0.0491572
0.0491559
0.0491524
0.049148
0.0491438
0.0491408
0.0491405
0.0491449
0.0491546
0.0491623
0.0491602
0.0491457
0.0491279
0.0491259
0.0491471
0.049165
0.0491697
0.0491623
0.0491464
0.0491285
0.0491134
0.0491023
0.0490949
0.0490904
0.0490881
0.0490872
0.0490873
0.0490879
0.0490883
0.0490876
0.0490847
0.0490785
0.0490681
0.0490535
0.049036
0.0490175
0.0490002
0.0489865
0.0489785
0.0489781
0.0489874
0.0490063
0.0490322
0.0490608
0.0490877
0.0491095
0.0491245
0.0491332
0.0491369
0.0491375
0.0491363
0.0491341
0.0491314
0.0491287
0.0491261
0.0491238
0.0491221
0.0491209
0.0491204
0.0491206
0.0491214
0.0491228
0.0491248
0.0491274
0.0491304
0.0491339
0.0491378
0.049142
0.0491465
0.0491511
0.0491559
0.0491608
0.0491657
0.0491705
0.0491751
0.0491793
0.0491832
0.0491865
0.0491891
0.049191
0.0491919
0.049192
0.049191
0.0491893
0.0491867
0.0491838
0.0491806
0.0491775
0.0491744
0.049171
0.0491657
0.0491529
0.0491126
0.048953
0.0481677
0.0485004
0.049063
0.0491283
0.0491418
0.049151
0.0491549
0.0491543
0.0491511
0.0491469
0.0491425
0.0491393
0.0491384
0.0491414
0.0491497
0.0491601
0.0491636
0.0491539
0.0491378
0.0491265
0.0491243
0.0491531
0.0491678
0.0491668
0.0491516
0.0491304
0.0491114
0.0490974
0.0490882
0.0490826
0.0490796
0.0490782
0.0490781
0.0490789
0.0490801
0.0490812
0.0490808
0.0490771
0.0490685
0.0490538
0.0490334
0.0490092
0.0489849
0.0489646
0.048952
0.0489497
0.0489594
0.0489806
0.0490105
0.0490435
0.0490745
0.0490995
0.0491166
0.0491264
0.0491307
0.0491313
0.0491299
0.0491274
0.0491244
0.0491215
0.0491188
0.0491166
0.0491151
0.0491143
0.0491143
0.049115
0.0491165
0.0491186
0.0491214
0.0491246
0.0491284
0.0491326
0.0491371
0.0491419
0.0491471
0.0491523
0.0491577
0.0491631
0.0491685
0.0491737
0.0491787
0.0491832
0.0491872
0.0491905
0.049193
0.0491946
0.0491952
0.0491947
0.0491931
0.0491907
0.0491876
0.049184
0.0491804
0.0491769
0.0491736
0.0491699
0.0491641
0.0491502
0.0491073
0.0489403
0.0481312
0.0484837
0.0490604
0.049127
0.0491401
0.0491492
0.0491534
0.0491533
0.0491505
0.0491466
0.0491426
0.0491398
0.049139
0.0491416
0.0491482
0.0491577
0.0491639
0.0491599
0.0491469
0.0491336
0.0491259
0.0491291
0.0491577
0.0491692
0.0491588
0.049135
0.0491115
0.0490943
0.049083
0.0490763
0.0490725
0.0490704
0.0490694
0.0490694
0.0490705
0.0490725
0.0490743
0.0490737
0.049068
0.0490546
0.0490323
0.0490025
0.0489699
0.0489414
0.048923
0.0489182
0.0489283
0.048952
0.0489854
0.0490226
0.0490576
0.0490858
0.0491052
0.0491164
0.0491213
0.0491222
0.0491207
0.0491181
0.049115
0.049112
0.0491095
0.0491076
0.0491065
0.0491062
0.0491069
0.0491084
0.0491107
0.0491137
0.0491174
0.0491215
0.0491262
0.0491311
0.0491364
0.0491419
0.0491477
0.0491535
0.0491594
0.0491652
0.049171
0.0491766
0.0491819
0.0491867
0.0491908
0.0491941
0.0491965
0.0491978
0.049198
0.049197
0.049195
0.0491921
0.0491885
0.0491847
0.0491808
0.0491772
0.0491738
0.0491699
0.0491637
0.0491486
0.0491028
0.048928
0.0480947
0.0484681
0.049059
0.0491275
0.0491399
0.0491483
0.0491524
0.0491526
0.0491503
0.0491469
0.0491436
0.0491413
0.049141
0.0491434
0.0491493
0.0491579
0.0491649
0.0491641
0.0491539
0.0491403
0.0491302
0.0491266
0.0491382
0.0491641
0.0491659
0.0491423
0.049114
0.0490929
0.0490796
0.049072
0.0490678
0.0490651
0.0490628
0.0490612
0.0490608
0.0490623
0.0490653
0.0490677
0.0490659
0.0490554
0.0490329
0.048998
0.0489561
0.0489175
0.0488919
0.0488839
0.048894
0.0489201
0.048957
0.0489981
0.0490366
0.0490677
0.0490894
0.0491021
0.049108
0.0491094
0.0491082
0.0491056
0.0491026
0.0490998
0.0490976
0.0490962
0.0490958
0.0490964
0.049098
0.0491006
0.049104
0.0491082
0.049113
0.0491183
0.0491239
0.0491298
0.0491359
0.0491421
0.0491483
0.0491545
0.0491607
0.0491668
0.0491729
0.0491788
0.0491843
0.0491893
0.0491935
0.0491968
0.0491991
0.0492002
0.0492001
0.0491989
0.0491965
0.0491934
0.0491897
0.0491858
0.049182
0.0491785
0.0491752
0.0491712
0.0491645
0.0491481
0.0490993
0.0489163
0.0480582
0.0484534
0.0490585
0.0491294
0.0491408
0.0491485
0.0491522
0.0491526
0.0491507
0.049148
0.0491453
0.0491438
0.049144
0.0491467
0.0491524
0.0491604
0.0491674
0.0491681
0.0491599
0.0491463
0.0491344
0.0491285
0.0491318
0.0491508
0.0491685
0.0491517
0.049119
0.0490934
0.049078
0.04907
0.0490661
0.0490633
0.04906
0.0490559
0.0490526
0.0490518
0.0490544
0.049059
0.0490615
0.0490556
0.0490348
0.048996
0.0489442
0.0488936
0.0488594
0.0488473
0.0488571
0.0488851
0.048925
0.0489693
0.049011
0.0490448
0.0490687
0.0490831
0.0490901
0.0490922
0.0490913
0.049089
0.0490864
0.049084
0.0490824
0.0490818
0.0490823
0.0490841
0.0490871
0.0490911
0.0490961
0.0491018
0.0491081
0.0491147
0.0491216
0.0491284
0.0491353
0.0491421
0.0491487
0.0491552
0.0491616
0.0491679
0.0491741
0.0491801
0.0491857
0.0491907
0.0491949
0.0491982
0.0492004
0.0492014
0.0492012
0.0491999
0.0491976
0.0491946
0.0491911
0.0491875
0.0491842
0.049181
0.0491779
0.0491738
0.0491666
0.049149
0.0490969
0.0489052
0.0480216
0.0484396
0.0490591
0.0491325
0.0491431
0.0491499
0.0491532
0.0491535
0.0491521
0.0491499
0.0491481
0.0491473
0.0491482
0.0491514
0.0491572
0.0491649
0.0491717
0.049173
0.0491658
0.0491522
0.0491386
0.0491308
0.0491319
0.0491449
0.0491627
0.0491604
0.0491272
0.0490958
0.0490778
0.0490699
0.0490672
0.0490655
0.0490619
0.0490556
0.0490482
0.0490429
0.0490427
0.0490478
0.0490543
0.0490543
0.0490377
0.0489969
0.0489349
0.0488706
0.0488261
0.0488091
0.048818
0.0488473
0.0488894
0.0489362
0.0489803
0.0490165
0.0490423
0.0490583
0.0490665
0.0490694
0.0490691
0.0490674
0.0490653
0.0490636
0.0490629
0.0490634
0.0490654
0.0490688
0.0490736
0.0490796
0.0490866
0.0490943
0.0491024
0.0491107
0.0491189
0.0491269
0.0491345
0.0491418
0.0491488
0.0491555
0.0491621
0.0491685
0.0491747
0.0491807
0.0491861
0.049191
0.049195
0.0491982
0.0492003
0.0492013
0.0492013
0.0492002
0.0491983
0.0491958
0.0491929
0.0491901
0.0491873
0.0491848
0.049182
0.049178
0.0491703
0.0491511
0.0490955
0.0488947
0.0479851
0.0484265
0.0490606
0.0491363
0.0491466
0.0491526
0.0491554
0.0491558
0.0491547
0.0491533
0.0491523
0.0491524
0.0491541
0.0491579
0.0491638
0.0491713
0.0491777
0.0491789
0.0491721
0.0491581
0.049143
0.0491332
0.0491326
0.0491419
0.0491562
0.0491595
0.0491374
0.0491016
0.0490791
0.0490712
0.0490705
0.0490712
0.049069
0.0490615
0.0490497
0.049038
0.0490322
0.049035
0.0490441
0.0490507
0.0490408
0.0490005
0.0489288
0.0488489
0.0487925
0.04877
0.0487775
0.0488073
0.0488507
0.0488989
0.0489446
0.0489822
0.0490096
0.0490269
0.0490362
0.04904
0.0490405
0.0490395
0.0490382
0.0490376
0.0490381
0.0490403
0.0490441
0.0490497
0.049057
0.0490655
0.0490751
0.0490853
0.0490956
0.0491058
0.0491156
0.0491247
0.0491332
0.049141
0.0491483
0.0491553
0.049162
0.0491684
0.0491745
0.0491802
0.0491854
0.04919
0.0491939
0.0491969
0.0491991
0.0492003
0.0492006
0.0492001
0.0491989
0.0491973
0.0491954
0.0491935
0.0491917
0.0491898
0.0491875
0.0491835
0.0491755
0.0491547
0.0490953
0.0488849
0.0479487
0.048414
0.0490626
0.0491411
0.0491512
0.0491567
0.0491592
0.0491597
0.0491592
0.0491585
0.0491585
0.0491595
0.049162
0.0491662
0.0491723
0.0491795
0.0491852
0.0491861
0.0491791
0.0491647
0.0491479
0.0491358
0.049133
0.0491394
0.0491503
0.0491534
0.0491385
0.0491092
0.0490832
0.0490732
0.0490746
0.0490791
0.0490801
0.0490734
0.0490584
0.0490395
0.0490252
0.0490222
0.0490313
0.0490442
0.0490431
0.0490064
0.0489262
0.0488293
0.0487596
0.0487308
0.0487363
0.0487659
0.0488095
0.048858
0.0489038
0.048942
0.0489701
0.0489884
0.0489986
0.0490032
0.0490045
0.0490044
0.0490042
0.049005
0.0490072
0.0490114
0.0490177
0.0490261
0.0490364
0.0490481
0.0490609
0.0490741
0.0490872
0.0490997
0.0491112
0.0491217
0.0491311
0.0491395
0.0491472
0.0491544
0.0491612
0.0491675
0.0491734
0.0491788
0.0491837
0.0491881
0.0491918
0.0491948
0.0491971
0.0491987
0.0491996
0.0492
0.0491999
0.0491994
0.0491988
0.0491981
0.0491974
0.0491962
0.0491943
0.0491903
0.0491816
0.0491597
0.0490962
0.0488758
0.0479122
0.0484019
0.0490648
0.0491468
0.049157
0.0491623
0.0491648
0.0491658
0.049166
0.0491663
0.0491672
0.0491691
0.0491722
0.0491767
0.0491827
0.0491894
0.0491943
0.0491945
0.0491872
0.0491723
0.0491539
0.049139
0.0491327
0.0491353
0.0491411
0.0491431
0.049132
0.0491096
0.0490874
0.0490765
0.0490788
0.0490872
0.0490934
0.04909
0.0490741
0.0490487
0.0490243
0.0490118
0.049017
0.0490344
0.0490437
0.0490142
0.0489273
0.0488124
0.0487279
0.0486925
0.0486956
0.0487242
0.0487668
0.0488141
0.0488589
0.0488963
0.0489242
0.0489427
0.0489534
0.0489588
0.0489609
0.0489619
0.048963
0.0489654
0.0489697
0.0489764
0.0489856
0.0489973
0.0490111
0.0490267
0.0490433
0.0490601
0.0490764
0.0490916
0.0491052
0.0491172
0.0491276
0.0491368
0.0491451
0.0491526
0.0491594
0.0491657
0.0491714
0.0491766
0.0491812
0.0491854
0.0491891
0.0491922
0.0491948
0.049197
0.0491988
0.0492002
0.0492014
0.0492023
0.0492032
0.0492038
0.0492042
0.0492039
0.0492024
0.0491983
0.0491888
0.0491655
0.0490986
0.0488672
0.0478758
0.0483901
0.049067
0.0491534
0.049164
0.0491698
0.0491729
0.0491746
0.0491759
0.0491772
0.0491789
0.0491814
0.0491848
0.0491894
0.0491951
0.049201
0.049205
0.0492043
0.0491965
0.0491813
0.0491617
0.0491437
0.0491326
0.0491297
0.0491303
0.0491283
0.0491199
0.0491038
0.0490876
0.0490797
0.0490828
0.0490943
0.0491064
0.0491088
0.049095
0.0490655
0.0490311
0.0490063
0.0490031
0.0490218
0.049042
0.0490231
0.0489323
0.0487986
0.0486983
0.0486559
0.0486565
0.0486834
0.048724
0.0487688
0.0488111
0.0488465
0.0488731
0.048891
0.0489018
0.0489076
0.0489107
0.0489128
0.0489154
0.0489197
0.0489262
0.0489355
0.0489479
0.0489631
0.048981
0.0490007
0.0490216
0.0490424
0.0490624
0.0490806
0.0490967
0.0491105
0.0491223
0.0491327
0.0491417
0.0491497
0.0491567
0.049163
0.0491686
0.0491737
0.0491783
0.0491824
0.0491861
0.0491896
0.0491927
0.0491957
0.0491984
0.0492011
0.0492036
0.0492061
0.0492084
0.0492105
0.049212
0.0492126
0.0492115
0.0492072
0.0491967
0.0491715
0.0491022
0.0488594
0.0478392
0.0483784
0.049069
0.0491608
0.0491727
0.0491796
0.0491839
0.0491869
0.0491893
0.0491915
0.0491938
0.0491965
0.0491998
0.0492041
0.0492093
0.0492142
0.049217
0.0492154
0.0492072
0.049192
0.0491718
0.0491512
0.0491352
0.0491259
0.0491206
0.0491148
0.0491061
0.0490951
0.0490852
0.0490818
0.0490875
0.0491011
0.0491176
0.049127
0.0491183
0.0490877
0.0490456
0.0490078
0.048992
0.0490073
0.0490374
0.0490327
0.0489412
0.0487886
0.0486716
0.0486221
0.04862
0.0486449
0.0486826
0.0487239
0.0487625
0.0487948
0.0488192
0.048836
0.0488464
0.0488526
0.0488565
0.0488599
0.0488642
0.0488703
0.0488791
0.048891
0.0489063
0.0489249
0.0489465
0.0489704
0.0489955
0.0490206
0.0490444
0.049066
0.0490847
0.0491008
0.0491147
0.0491266
0.0491367
0.0491454
0.0491529
0.0491594
0.0491652
0.0491704
0.049175
0.0491793
0.0491833
0.0491872
0.049191
0.0491949
0.0491987
0.0492026
0.0492065
0.0492105
0.0492143
0.0492177
0.0492205
0.0492219
0.0492212
0.0492167
0.0492052
0.0491777
0.0491052
0.0488528
0.0478024
0.0483667
0.0490709
0.0491688
0.0491835
0.0491925
0.0491987
0.0492032
0.0492066
0.0492094
0.0492118
0.0492142
0.0492171
0.0492207
0.049225
0.0492289
0.0492305
0.0492279
0.0492193
0.0492044
0.0491843
0.0491625
0.0491429
0.049128
0.0491171
0.0491078
0.0490983
0.0490894
0.049084
0.0490848
0.0490935
0.0491094
0.0491287
0.0491429
0.0491407
0.0491121
0.0490656
0.0490168
0.0489863
0.0489928
0.0490297
0.0490422
0.0489543
0.0487832
0.0486486
0.0485922
0.0485876
0.0486101
0.0486446
0.0486818
0.0487162
0.0487449
0.0487667
0.0487819
0.048792
0.0487987
0.0488037
0.0488086
0.0488146
0.0488226
0.0488333
0.0488472
0.0488647
0.0488858
0.0489103
0.0489374
0.048966
0.0489948
0.0490222
0.0490469
0.0490689
0.049088
0.0491043
0.049118
0.0491296
0.0491394
0.0491477
0.0491548
0.049161
0.0491665
0.0491715
0.0491762
0.0491807
0.0491852
0.0491898
0.0491945
0.0491995
0.0492046
0.0492099
0.0492152
0.0492204
0.0492252
0.049229
0.0492313
0.049231
0.0492263
0.0492137
0.0491836
0.0491061
0.0488448
0.0477668
0.048355
0.0490727
0.0491773
0.049197
0.0492092
0.0492177
0.0492236
0.0492277
0.0492304
0.0492324
0.0492341
0.0492362
0.0492391
0.0492424
0.0492451
0.0492456
0.0492421
0.0492333
0.0492188
0.0491995
0.0491777
0.0491565
0.0491382
0.0491234
0.0491112
0.049101
0.049093
0.0490897
0.0490929
0.0491036
0.0491212
0.0491423
0.0491585
0.0491586
0.0491346
0.0490874
0.0490316
0.0489876
0.0489808
0.0490196
0.0490512
0.0489718
0.048783
0.0486303
0.0485671
0.0485603
0.0485808
0.0486121
0.0486454
0.0486758
0.0487011
0.0487207
0.048735
0.0487453
0.0487531
0.0487597
0.0487665
0.0487744
0.0487842
0.0487963
0.0488114
0.0488298
0.0488517
0.0488772
0.0489056
0.0489361
0.0489672
0.0489972
0.0490251
0.0490502
0.0490722
0.0490909
0.0491068
0.0491201
0.0491314
0.0491408
0.0491489
0.0491558
0.049162
0.0491676
0.0491729
0.0491781
0.0491833
0.0491887
0.0491944
0.0492004
0.0492066
0.0492131
0.0492197
0.0492261
0.049232
0.0492369
0.04924
0.0492401
0.0492352
0.0492214
0.0491885
0.0491043
0.0488293
0.0477368
0.0483444
0.0490721
0.0491858
0.0492137
0.0492301
0.0492409
0.0492478
0.0492519
0.049254
0.049255
0.0492558
0.0492571
0.049259
0.0492612
0.0492629
0.0492624
0.0492583
0.0492495
0.0492358
0.0492177
0.049197
0.0491761
0.0491568
0.0491402
0.0491266
0.0491159
0.0491087
0.0491063
0.0491103
0.0491215
0.0491394
0.0491603
0.0491757
0.0491747
0.0491501
0.0491044
0.0490484
0.0489956
0.048974
0.0490081
0.0490591
0.0489939
0.048789
0.0486174
0.0485477
0.0485392
0.0485582
0.0485872
0.0486176
0.0486453
0.0486686
0.0486872
0.0487018
0.0487135
0.0487235
0.0487328
0.0487422
0.0487523
0.0487637
0.0487768
0.048792
0.0488097
0.0488303
0.0488542
0.0488813
0.0489111
0.0489424
0.0489737
0.0490033
0.0490305
0.0490545
0.0490754
0.0490932
0.0491084
0.0491211
0.049132
0.0491412
0.0491492
0.0491563
0.0491627
0.0491688
0.0491748
0.0491809
0.0491871
0.0491936
0.0492005
0.0492077
0.0492152
0.0492227
0.0492301
0.049237
0.0492428
0.0492466
0.0492471
0.0492421
0.049227
0.0491906
0.0490974
0.0488049
0.0477157
0.0483388
0.049062
0.0491919
0.0492325
0.0492545
0.0492675
0.0492747
0.0492782
0.0492793
0.0492793
0.0492792
0.0492797
0.0492809
0.0492825
0.049283
0.0492817
0.0492774
0.0492691
0.0492567
0.0492406
0.0492218
0.0492024
0.0491839
0.0491675
0.0491538
0.0491434
0.0491368
0.0491351
0.0491393
0.0491501
0.0491665
0.0491839
0.0491941
0.0491873
0.0491589
0.0491125
0.049058
0.0490073
0.0489742
0.0489973
0.0490652
0.0490207
0.0488021
0.0486105
0.0485342
0.0485246
0.0485432
0.0485713
0.0486006
0.0486275
0.0486508
0.0486705
0.0486874
0.0487021
0.0487156
0.0487285
0.0487412
0.0487539
0.048767
0.0487807
0.0487952
0.0488111
0.0488288
0.048849
0.0488721
0.0488982
0.0489267
0.0489565
0.0489856
0.0490129
0.0490376
0.0490595
0.0490786
0.049095
0.0491091
0.0491212
0.0491316
0.0491407
0.0491488
0.0491561
0.0491631
0.0491699
0.0491767
0.0491837
0.0491909
0.0491985
0.0492064
0.0492145
0.0492227
0.0492307
0.0492381
0.0492444
0.0492486
0.0492492
0.0492437
0.0492267
0.0491854
0.0490803
0.0487695
0.0477091
0.0483438
0.049037
0.0491876
0.0492455
0.0492768
0.0492935
0.0493017
0.0493049
0.0493054
0.0493048
0.0493041
0.0493039
0.0493041
0.0493048
0.0493049
0.0493034
0.0492995
0.0492927
0.0492827
0.0492697
0.0492541
0.0492371
0.0492204
0.0492056
0.0491931
0.0491835
0.0491781
0.0491773
0.0491814
0.0491904
0.0492019
0.0492104
0.0492087
0.0491908
0.049156
0.049109
0.0490582
0.0490124
0.0489806
0.0489898
0.049069
0.049052
0.0488229
0.0486099
0.0485263
0.048516
0.048535
0.0485638
0.048594
0.0486224
0.048648
0.0486708
0.0486915
0.0487106
0.0487284
0.0487454
0.0487617
0.0487772
0.0487921
0.0488064
0.0488203
0.0488342
0.0488486
0.0488644
0.048882
0.0489022
0.0489252
0.0489504
0.0489761
0.0490012
0.0490245
0.0490458
0.0490648
0.0490814
0.049096
0.0491087
0.0491198
0.0491296
0.0491384
0.0491464
0.049154
0.0491613
0.0491686
0.0491759
0.0491835
0.0491912
0.0491992
0.0492073
0.0492154
0.0492232
0.0492303
0.0492361
0.0492396
0.049239
0.0492314
0.0492106
0.0491619
0.0490435
0.048721
0.0477256
0.0483686
0.048994
0.0491581
0.0492282
0.0492695
0.0492953
0.0493109
0.0493196
0.0493239
0.0493259
0.0493269
0.0493275
0.0493278
0.0493273
0.0493257
0.0493229
0.0493188
0.0493134
0.0493069
0.0492995
0.0492911
0.0492816
0.0492712
0.0492604
0.0492504
0.0492427
0.0492377
0.0492355
0.0492355
0.0492359
0.0492332
0.0492235
0.0492033
0.0491719
0.0491318
0.0490876
0.0490446
0.0490085
0.048985
0.0489879
0.0490697
0.0490872
0.0488522
0.0486152
0.0485226
0.0485111
0.0485311
0.0485615
0.0485939
0.0486251
0.048654
0.0486807
0.0487055
0.0487288
0.0487506
0.0487711
0.0487904
0.0488083
0.0488249
0.0488403
0.0488544
0.0488677
0.0488806
0.0488935
0.048907
0.0489219
0.0489385
0.0489573
0.0489775
0.048998
0.0490179
0.0490366
0.0490536
0.049069
0.0490827
0.0490947
0.0491054
0.0491148
0.0491233
0.0491309
0.0491381
0.0491448
0.0491514
0.0491577
0.0491641
0.0491704
0.0491765
0.0491825
0.0491881
0.0491931
0.049197
0.0491993
0.0491987
0.0491935
0.0491805
0.0491534
0.0490972
0.0489723
0.0486598
0.0477774
0.0484245
0.0489362
0.0490883
0.0491518
0.0491881
0.0492117
0.0492278
0.0492391
0.0492477
0.0492548
0.0492609
0.0492662
0.0492691
0.0492699
0.0492684
0.0492651
0.0492606
0.0492559
0.0492518
0.0492493
0.0492489
0.0492503
0.0492531
0.0492561
0.0492581
0.0492584
0.0492558
0.0492497
0.049239
0.0492229
0.0492011
0.0491736
0.0491416
0.049107
0.0490721
0.0490396
0.0490119
0.0489915
0.0489816
0.0489901
0.0490662
0.0491244
0.0488908
0.0486259
0.0485206
0.0485058
0.0485257
0.0485571
0.0485911
0.0486242
0.0486553
0.0486842
0.0487109
0.0487358
0.048759
0.0487806
0.0488007
0.0488194
0.0488368
0.0488529
0.048868
0.0488822
0.048896
0.0489094
0.0489229
0.0489366
0.0489507
0.0489654
0.0489806
0.0489957
0.0490105
0.0490246
0.0490375
0.0490491
0.0490592
0.0490678
0.0490749
0.0490807
0.0490852
0.0490887
0.0490911
0.0490928
0.0490937
0.049094
0.0490937
0.0490929
0.0490915
0.0490896
0.049087
0.0490837
0.0490794
0.0490737
0.0490659
0.0490544
0.0490368
0.0490082
0.0489572
0.048851
0.0485904
0.0478782
0.0485215
0.0488739
0.0489728
0.0490051
0.0490214
0.0490319
0.0490386
0.0490424
0.0490444
0.0490456
0.0490454
0.0490433
0.0490408
0.0490379
0.0490346
0.0490311
0.0490273
0.0490238
0.0490206
0.0490181
0.0490167
0.0490165
0.0490174
0.0490195
0.0490222
0.0490249
0.0490269
0.0490272
0.049025
0.0490198
0.0490114
0.0490007
0.0489886
0.0489766
0.0489664
0.0489592
0.048956
0.0489579
0.0489671
0.0489895
0.0490581
0.0491597
0.0489396
0.048642
0.0485172
0.0484945
0.0485107
0.04854
0.0485723
0.0486036
0.0486326
0.0486588
0.0486825
0.0487038
0.0487232
0.0487407
0.0487568
0.0487718
0.0487858
0.0487992
0.0488124
0.0488255
0.048839
0.0488531
0.0488679
0.0488834
0.0488991
0.0489147
0.0489296
0.0489422
0.0489511
0.0489575
0.0489617
0.0489638
0.0489636
0.0489611
0.0489562
0.0489491
0.04894
0.0489291
0.0489167
0.048903
0.0488885
0.0488734
0.0488582
0.0488432
0.0488286
0.0488147
0.0488018
0.04879
0.0487794
0.04877
0.0487618
0.0487539
0.0487452
0.048734
0.0487161
0.0486711
0.0485211
0.0480385
0.0486592
0.0488186
0.048818
0.0487906
0.0487727
0.0487635
0.0487576
0.0487529
0.048749
0.0487451
0.0487417
0.0487389
0.0487365
0.0487344
0.0487328
0.0487318
0.0487312
0.0487312
0.0487316
0.0487324
0.0487336
0.0487351
0.0487368
0.0487388
0.0487411
0.0487439
0.0487472
0.0487513
0.0487567
0.0487637
0.0487728
0.0487845
0.0487989
0.0488164
0.0488367
0.0488596
0.0488847
0.0489118
0.0489424
0.0489813
0.0490492
0.0491877
0.0490018
0.0486684
0.0485134
0.048474
0.0484794
0.0485002
0.0485247
0.048548
0.0485682
0.0485849
0.0485982
0.0486083
0.0486158
0.0486211
0.0486245
0.0486264
0.0486273
0.0486274
0.0486271
0.0486269
0.0486271
0.048628
0.0486298
0.0486326
0.0486363
0.0486405
0.0486446
0.0486481
0.0486492
0.0486448
0.0486347
0.0486201
0.0486017
0.0485799
0.0485553
0.0485284
0.0484999
0.0484706
0.0484412
0.0484123
0.0483847
0.0483588
0.0483351
0.0483143
0.0482966
0.0482822
0.0482712
0.0482635
0.0482594
0.0482597
0.0482652
0.0482764
0.0482944
0.0483229
0.04837
0.0484348
0.0484587
0.0482533
0.0488328
0.0488249
0.0487104
0.0486091
0.04855
0.0485188
0.0485007
0.0484897
0.0484833
0.0484809
0.0484812
0.0484833
0.0484866
0.0484909
0.048496
0.048502
0.0485086
0.0485158
0.0485234
0.0485314
0.0485397
0.0485482
0.0485568
0.0485657
0.0485749
0.0485847
0.0485954
0.0486076
0.0486216
0.048638
0.0486574
0.0486802
0.0487068
0.0487371
0.048771
0.0488078
0.0488471
0.0488885
0.048933
0.0489849
0.0490606
0.0492116
0.0490956
0.0487377
0.0485378
0.0484632
0.048444
0.0484466
0.0484558
0.048465
0.0484713
0.0484737
0.048472
0.0484663
0.048457
0.0484445
0.0484291
0.0484112
0.0483912
0.0483694
0.0483463
0.0483222
0.0482976
0.0482729
0.0482486
0.0482251
0.0482026
0.0481815
0.0481618
0.0481434
0.0481261
0.0481094
0.0480915
0.0480713
0.0480486
0.0480238
0.0479975
0.0479703
0.0479428
0.0479158
0.0478896
0.0478648
0.0478418
0.0478209
0.0478024
0.0477864
0.0477731
0.0477629
0.0477564
0.0477544
0.047758
0.0477684
0.0477881
0.04782
0.0478682
0.0479429
0.0480667
0.0482599
0.0484695
0.048504
)
;

boundaryField
{
    floor
    {
        type            fixedFluxPressure;
        gradient        uniform 0;
        value           nonuniform List<scalar> 
100
(
0.0491872
0.0491784
0.0491746
0.0491733
0.0491732
0.0491738
0.0491749
0.0491767
0.0491792
0.0491824
0.0491863
0.0491907
0.0491956
0.0492006
0.0492055
0.0492097
0.0492128
0.0492145
0.0492142
0.049212
0.0492082
0.0492033
0.0491967
0.0491886
0.0491793
0.0491696
0.04916
0.0491507
0.0491419
0.0491337
0.0491262
0.0491194
0.0491132
0.0491075
0.0491023
0.0490976
0.0490933
0.0490892
0.0490855
0.049082
0.0490787
0.0490755
0.0490724
0.0490694
0.0490665
0.0490636
0.0490607
0.0490578
0.0490548
0.0490519
0.0490489
0.0490458
0.0490428
0.0490396
0.0490365
0.0490333
0.04903
0.0490267
0.0490234
0.04902
0.0490165
0.049013
0.0490094
0.0490057
0.0490019
0.0489981
0.0489943
0.0489907
0.0489873
0.0489844
0.0489821
0.0489807
0.0489805
0.0489815
0.0489841
0.0489882
0.048994
0.0490012
0.0490096
0.0490187
0.0490282
0.0490376
0.0490462
0.0490539
0.0490609
0.0490671
0.0490728
0.049078
0.0490829
0.0490874
0.0490915
0.0490952
0.0490984
0.0491011
0.0491033
0.0491047
0.0491052
0.0491049
0.0491038
0.0491045
)
;
    }
    ceiling
    {
        type            fixedFluxPressure;
        gradient        nonuniform List<scalar> 
100
(
0.919075
0.899949
0.889482
0.883055
0.878847
0.875969
0.873888
0.872271
0.870955
0.869709
0.868475
0.867251
0.866039
0.864837
0.863646
0.862467
0.8613
0.860144
0.859001
0.85787
0.856752
0.855646
0.854554
0.853473
0.852404
0.851344
0.850291
0.849238
0.848182
0.847111
0.846016
0.844879
0.843678
0.842382
0.840943
0.839289
0.837296
0.834742
0.831157
0.825378
0.813905
0.785366
0.808739
0.879398
0.91715
0.928703
0.928255
0.922776
0.915442
0.907756
0.900444
0.893846
0.888105
0.88326
0.879301
0.876187
0.873863
0.872269
0.871341
0.871015
0.871231
0.871931
0.873063
0.874578
0.876435
0.878599
0.881043
0.883747
0.886701
0.889899
0.893345
0.897047
0.901275
0.906203
0.911777
0.917881
0.924383
0.931156
0.938082
0.945052
0.951974
0.958765
0.96536
0.971705
0.977771
0.983594
0.989157
0.994451
0.999455
1.00415
1.00857
1.01282
1.017
1.02129
1.026
1.03165
1.039
1.04929
1.06488
1.09172
)
;
        value           nonuniform List<scalar> 
100
(
0.0534282
0.0533246
0.0531578
0.0530243
0.0529443
0.0528986
0.0528701
0.0528511
0.0528381
0.0528295
0.0528235
0.0528195
0.0528168
0.0528151
0.0528143
0.0528143
0.0528151
0.0528165
0.0528184
0.0528208
0.0528234
0.0528264
0.0528296
0.052833
0.0528369
0.0528414
0.0528469
0.0528537
0.0528625
0.0528735
0.0528875
0.0529046
0.0529252
0.052949
0.0529757
0.0530043
0.0530336
0.0530622
0.0530888
0.0531118
0.0531301
0.0531384
0.0531393
0.0531347
0.0531236
0.0531067
0.0530853
0.0530605
0.053033
0.0530038
0.0529736
0.052943
0.0529125
0.0528826
0.0528535
0.0528254
0.0527984
0.0527725
0.0527479
0.0527245
0.0527024
0.0526819
0.0526629
0.0526458
0.0526308
0.0526181
0.0526078
0.0526003
0.0525953
0.0525929
0.0525929
0.0525946
0.0525979
0.0526023
0.0526074
0.0526132
0.0526194
0.052626
0.0526332
0.052641
0.0526494
0.0526586
0.0526686
0.0526794
0.0526912
0.0527043
0.0527189
0.0527352
0.0527537
0.0527752
0.0528009
0.0528325
0.0528731
0.0529265
0.0529983
0.0531012
0.0532617
0.0535063
0.0537939
0.0539626
)
;
    }
    fixedWalls
    {
        type            fixedFluxPressure;
        gradient        uniform 0;
        value           nonuniform List<scalar> 
100
(
0.0491872
0.0491855
0.049159
0.049123
0.0490872
0.0490537
0.0490222
0.0489925
0.0489645
0.0489381
0.0489128
0.0488886
0.0488652
0.0488424
0.0488202
0.0487983
0.0487768
0.0487557
0.0487348
0.0487143
0.048694
0.0486739
0.0486539
0.0486341
0.0486143
0.0485945
0.0485749
0.0485555
0.0485364
0.048518
0.0485004
0.0484837
0.0484681
0.0484534
0.0484396
0.0484265
0.048414
0.0484019
0.0483901
0.0483784
0.0483667
0.048355
0.0483444
0.0483388
0.0483438
0.0483686
0.0484245
0.0485215
0.0486592
0.0488328
0.0491045
0.0491307
0.0491131
0.0490775
0.0490389
0.049001
0.0489639
0.0489274
0.0488918
0.0488568
0.0488225
0.0487887
0.0487551
0.0487218
0.0486886
0.0486553
0.048622
0.0485885
0.0485549
0.048521
0.0484869
0.0484525
0.0484178
0.0483829
0.0483477
0.0483122
0.0482764
0.0482403
0.0482041
0.0481677
0.0481312
0.0480947
0.0480582
0.0480216
0.0479851
0.0479487
0.0479122
0.0478758
0.0478392
0.0478024
0.0477668
0.0477368
0.0477157
0.0477091
0.0477256
0.0477774
0.0478782
0.0480385
0.0482533
0.048504
)
;
    }
    frontAndBack
    {
        type            empty;
    }
}


// ************************************************************************* //
