/*--------------------------------*- C++ -*----------------------------------*\
| =========                 |                                                 |
| \\      /  F ield         | OpenFOAM: The Open Source CFD Toolbox           |
|  \\    /   O peration     | Version:  4.1                                   |
|   \\  /    A nd           | Web:      www.OpenFOAM.org                      |
|    \\/     M anipulation  |                                                 |
\*---------------------------------------------------------------------------*/
FoamFile
{
    version     2.0;
    format      ascii;
    class       volScalarField;
    location    "150";
    object      p;
}
// * * * * * * * * * * * * * * * * * * * * * * * * * * * * * * * * * * * * * //

dimensions      [0 2 -2 0 0 0 0];

internalField   nonuniform List<scalar> 
400
(
0
1.32788e-08
1.33449e-08
1.29554e-08
1.29784e-08
1.28965e-08
1.28859e-08
1.2917e-08
1.25878e-08
1.27349e-08
1.30323e-08
1.31482e-08
1.31868e-08
1.32005e-08
1.32089e-08
1.31516e-08
1.32196e-08
1.32509e-08
1.31118e-08
1.33149e-08
-0.492566
-0.492566
-0.492566
-0.492566
-0.492566
-0.492566
-0.492566
-0.492566
-0.492566
-0.492566
-0.492566
-0.492566
-0.492566
-0.492566
-0.492566
-0.492566
-0.492566
-0.492566
-0.492566
-0.492566
-0.985165
-0.985165
-0.985165
-0.985165
-0.985165
-0.985165
-0.985165
-0.985165
-0.985165
-0.985165
-0.985165
-0.985165
-0.985165
-0.985165
-0.985165
-0.985165
-0.985165
-0.985165
-0.985165
-0.985165
-1.47776
-1.47776
-1.47776
-1.47776
-1.47776
-1.47776
-1.47776
-1.47776
-1.47776
-1.47776
-1.47776
-1.47776
-1.47776
-1.47776
-1.47776
-1.47776
-1.47776
-1.47776
-1.47776
-1.47776
-1.97036
-1.97036
-1.97036
-1.97036
-1.97036
-1.97036
-1.97036
-1.97036
-1.97036
-1.97036
-1.97036
-1.97036
-1.97036
-1.97036
-1.97036
-1.97036
-1.97036
-1.97036
-1.97036
-1.97036
-2.46296
-2.46296
-2.46296
-2.46296
-2.46296
-2.46296
-2.46296
-2.46296
-2.46296
-2.46296
-2.46296
-2.46296
-2.46296
-2.46296
-2.46296
-2.46296
-2.46296
-2.46296
-2.46296
-2.46296
-2.95556
-2.95556
-2.95556
-2.95556
-2.95556
-2.95556
-2.95556
-2.95556
-2.95556
-2.95556
-2.95556
-2.95556
-2.95556
-2.95556
-2.95556
-2.95556
-2.95556
-2.95556
-2.95556
-2.95556
-3.44816
-3.44816
-3.44816
-3.44816
-3.44816
-3.44816
-3.44816
-3.44816
-3.44816
-3.44816
-3.44816
-3.44816
-3.44816
-3.44816
-3.44816
-3.44816
-3.44816
-3.44816
-3.44816
-3.44816
-3.94076
-3.94076
-3.94076
-3.94076
-3.94076
-3.94076
-3.94076
-3.94076
-3.94076
-3.94076
-3.94076
-3.94076
-3.94076
-3.94076
-3.94076
-3.94076
-3.94076
-3.94076
-3.94076
-3.94076
-4.43336
-4.43336
-4.43336
-4.43336
-4.43336
-4.43336
-4.43336
-4.43336
-4.43336
-4.43336
-4.43336
-4.43336
-4.43336
-4.43336
-4.43336
-4.43336
-4.43336
-4.43336
-4.43336
-4.43336
-4.92596
-4.92596
-4.92596
-4.92596
-4.92596
-4.92596
-4.92596
-4.92596
-4.92596
-4.92596
-4.92596
-4.92596
-4.92596
-4.92596
-4.92596
-4.92596
-4.92596
-4.92596
-4.92596
-4.92596
-5.41856
-5.41856
-5.41856
-5.41856
-5.41856
-5.41856
-5.41856
-5.41856
-5.41856
-5.41856
-5.41856
-5.41856
-5.41856
-5.41856
-5.41856
-5.41856
-5.41856
-5.41856
-5.41856
-5.41856
-5.91116
-5.91116
-5.91116
-5.91116
-5.91116
-5.91116
-5.91116
-5.91116
-5.91116
-5.91116
-5.91116
-5.91116
-5.91116
-5.91116
-5.91116
-5.91116
-5.91116
-5.91116
-5.91116
-5.91116
-6.40376
-6.40376
-6.40376
-6.40376
-6.40376
-6.40376
-6.40376
-6.40376
-6.40376
-6.40376
-6.40376
-6.40376
-6.40376
-6.40376
-6.40376
-6.40376
-6.40376
-6.40376
-6.40376
-6.40376
-6.89636
-6.89636
-6.89636
-6.89636
-6.89636
-6.89636
-6.89636
-6.89636
-6.89636
-6.89636
-6.89636
-6.89636
-6.89636
-6.89636
-6.89636
-6.89636
-6.89636
-6.89636
-6.89636
-6.89636
-7.38896
-7.38896
-7.38896
-7.38896
-7.38896
-7.38896
-7.38896
-7.38896
-7.38896
-7.38896
-7.38896
-7.38896
-7.38896
-7.38896
-7.38896
-7.38896
-7.38896
-7.38896
-7.38896
-7.38896
-7.88156
-7.88156
-7.88156
-7.88156
-7.88156
-7.88156
-7.88156
-7.88156
-7.88156
-7.88156
-7.88156
-7.88156
-7.88156
-7.88156
-7.88156
-7.88156
-7.88156
-7.88156
-7.88156
-7.88156
-8.37416
-8.37416
-8.37416
-8.37416
-8.37416
-8.37416
-8.37416
-8.37416
-8.37416
-8.37416
-8.37416
-8.37416
-8.37416
-8.37416
-8.37416
-8.37416
-8.37416
-8.37416
-8.37416
-8.37416
-8.86675
-8.86675
-8.86675
-8.86675
-8.86675
-8.86675
-8.86675
-8.86675
-8.86675
-8.86675
-8.86675
-8.86675
-8.86675
-8.86675
-8.86675
-8.86675
-8.86675
-8.86675
-8.86675
-8.86675
-9.35935
-9.35935
-9.35935
-9.35935
-9.35935
-9.35935
-9.35935
-9.35935
-9.35935
-9.35935
-9.35935
-9.35935
-9.35935
-9.35935
-9.35935
-9.35935
-9.35935
-9.35935
-9.35935
-9.35935
)
;

boundaryField
{
    floor
    {
        type            calculated;
        value           nonuniform List<scalar> 
20
(
0.246267
0.246267
0.246267
0.246267
0.246267
0.246267
0.246267
0.246267
0.246267
0.246267
0.246267
0.246267
0.246267
0.246267
0.246267
0.246267
0.246267
0.246267
0.246267
0.246267
)
;
    }
    ceiling
    {
        type            calculated;
        value           nonuniform List<scalar> 
20
(
-9.60565
-9.60565
-9.60565
-9.60565
-9.60565
-9.60565
-9.60565
-9.60565
-9.60565
-9.60565
-9.60565
-9.60565
-9.60565
-9.60565
-9.60565
-9.60565
-9.60565
-9.60565
-9.60565
-9.60565
)
;
    }
    fixedWalls
    {
        type            calculated;
        value           nonuniform List<scalar> 
40
(
8.32667e-17
-0.492566
-0.985165
-1.47776
-1.97036
-2.46296
-2.95556
-3.44816
-3.94076
-4.43336
-4.92596
-5.41856
-5.91116
-6.40376
-6.89636
-7.38896
-7.88156
-8.37416
-8.86675
-9.35935
1.33149e-08
-0.492566
-0.985165
-1.47776
-1.97036
-2.46296
-2.95556
-3.44816
-3.94076
-4.43336
-4.92596
-5.41856
-5.91116
-6.40376
-6.89636
-7.38896
-7.88156
-8.37416
-8.86675
-9.35935
)
;
    }
    frontAndBack
    {
        type            empty;
    }
}


// ************************************************************************* //
