/*--------------------------------*- C++ -*----------------------------------*\
| =========                 |                                                 |
| \\      /  F ield         | OpenFOAM: The Open Source CFD Toolbox           |
|  \\    /   O peration     | Version:  4.1                                   |
|   \\  /    A nd           | Web:      www.OpenFOAM.org                      |
|    \\/     M anipulation  |                                                 |
\*---------------------------------------------------------------------------*/
FoamFile
{
    version     2.0;
    format      ascii;
    class       volScalarField;
    location    "150";
    object      p_rgh;
}
// * * * * * * * * * * * * * * * * * * * * * * * * * * * * * * * * * * * * * //

dimensions      [0 2 -2 0 0 0 0];

internalField   nonuniform List<scalar> 
400
(
0.246267
0.246267
0.246267
0.246267
0.246267
0.246267
0.246267
0.246267
0.246267
0.246267
0.246267
0.246267
0.246267
0.246267
0.246267
0.246267
0.246267
0.246267
0.246267
0.246267
0.246332
0.246332
0.246332
0.246332
0.246332
0.246332
0.246332
0.246332
0.246332
0.246332
0.246332
0.246332
0.246332
0.246332
0.246332
0.246332
0.246332
0.246332
0.246332
0.246332
0.246333
0.246333
0.246333
0.246333
0.246333
0.246333
0.246333
0.246333
0.246333
0.246333
0.246333
0.246333
0.246333
0.246333
0.246333
0.246333
0.246333
0.246333
0.246333
0.246333
0.246333
0.246333
0.246333
0.246333
0.246333
0.246333
0.246333
0.246333
0.246333
0.246333
0.246333
0.246333
0.246333
0.246333
0.246333
0.246333
0.246333
0.246333
0.246333
0.246333
0.246333
0.246333
0.246333
0.246333
0.246333
0.246333
0.246333
0.246333
0.246333
0.246333
0.246333
0.246333
0.246333
0.246333
0.246333
0.246333
0.246333
0.246333
0.246333
0.246333
0.246333
0.246333
0.246333
0.246333
0.246333
0.246333
0.246333
0.246333
0.246333
0.246333
0.246333
0.246333
0.246333
0.246333
0.246333
0.246333
0.246333
0.246333
0.246333
0.246333
0.246333
0.246333
0.246333
0.246333
0.246333
0.246333
0.246333
0.246333
0.246333
0.246333
0.246333
0.246333
0.246333
0.246333
0.246333
0.246333
0.246333
0.246333
0.246333
0.246333
0.246333
0.246333
0.246333
0.246333
0.246333
0.246333
0.246333
0.246333
0.246333
0.246333
0.246333
0.246333
0.246333
0.246333
0.246333
0.246333
0.246333
0.246333
0.246333
0.246333
0.246333
0.246333
0.246333
0.246333
0.246333
0.246333
0.246333
0.246333
0.246333
0.246333
0.246333
0.246333
0.246333
0.246333
0.246333
0.246333
0.246333
0.246333
0.246333
0.246333
0.246333
0.246333
0.246333
0.246333
0.246333
0.246333
0.246333
0.246333
0.246333
0.246333
0.246333
0.246333
0.246333
0.246333
0.246333
0.246333
0.246333
0.246333
0.246333
0.246333
0.246333
0.246333
0.246333
0.246333
0.246333
0.246333
0.246333
0.246333
0.246333
0.246333
0.246333
0.246333
0.246333
0.246333
0.246333
0.246333
0.246333
0.246333
0.246333
0.246333
0.246333
0.246333
0.246333
0.246333
0.246333
0.246333
0.246333
0.246333
0.246333
0.246333
0.246333
0.246333
0.246333
0.246333
0.246333
0.246333
0.246333
0.246333
0.246333
0.246333
0.246333
0.246333
0.246333
0.246333
0.246333
0.246333
0.246333
0.246333
0.246333
0.246333
0.246333
0.246333
0.246333
0.246333
0.246333
0.246333
0.246333
0.246333
0.246333
0.246333
0.246333
0.246333
0.246333
0.246333
0.246333
0.246333
0.246333
0.246333
0.246333
0.246333
0.246333
0.246333
0.246333
0.246333
0.246333
0.246333
0.246333
0.246333
0.246333
0.246333
0.246333
0.246333
0.246333
0.246333
0.246333
0.246333
0.246333
0.246333
0.246333
0.246333
0.246333
0.246333
0.246333
0.246333
0.246333
0.246333
0.246333
0.246333
0.246333
0.246333
0.246333
0.246333
0.246333
0.246333
0.246333
0.246333
0.246333
0.246333
0.246333
0.246333
0.246333
0.246333
0.246333
0.246333
0.246333
0.246333
0.246333
0.246333
0.246333
0.246333
0.246333
0.246333
0.246333
0.246333
0.246333
0.246333
0.246333
0.246333
0.246333
0.246333
0.246333
0.246333
0.246333
0.246333
0.246333
0.246333
0.246333
0.246333
0.246333
0.246333
0.246333
0.246333
0.246333
0.246333
0.246333
0.246333
0.246333
0.246333
0.246333
0.246333
0.246333
0.246333
0.246333
0.246333
0.246333
0.246333
0.246333
0.246333
0.246333
0.246333
0.246333
0.246333
0.246333
0.246333
0.246333
0.246333
0.246333
0.246333
0.246333
0.246333
0.246333
0.246333
0.246333
0.246333
0.246333
0.246333
0.246333
0.246333
0.246333
0.246333
0.246333
0.246333
0.246333
0.246333
0.246333
0.246333
0.246333
0.246333
0.246333
0.246333
0.246333
0.246333
0.246333
0.246333
0.246333
0.246333
0.246333
0.246333
0.246333
0.246333
)
;

boundaryField
{
    floor
    {
        type            fixedFluxPressure;
        gradient        uniform 0;
        value           nonuniform List<scalar> 
20
(
0.246267
0.246267
0.246267
0.246267
0.246267
0.246267
0.246267
0.246267
0.246267
0.246267
0.246267
0.246267
0.246267
0.246267
0.246267
0.246267
0.246267
0.246267
0.246267
0.246267
)
;
    }
    ceiling
    {
        type            fixedFluxPressure;
        gradient        nonuniform List<scalar> 
20
(
-7.24576e-09
-4.64579e-10
-1.1618e-09
-5.57346e-09
-2.7284e-09
3.28969e-09
-1.07501e-09
-8.19156e-09
-8.57336e-09
-1.11529e-08
-6.72289e-09
1.3209e-10
2.42588e-09
2.38153e-09
2.88811e-09
4.90378e-09
7.8622e-09
1.01448e-08
1.05311e-08
4.18225e-11
)
;
        value           nonuniform List<scalar> 
20
(
0.246333
0.246333
0.246333
0.246333
0.246333
0.246333
0.246333
0.246333
0.246333
0.246333
0.246333
0.246333
0.246333
0.246333
0.246333
0.246333
0.246333
0.246333
0.246333
0.246333
)
;
    }
    fixedWalls
    {
        type            fixedFluxPressure;
        gradient        uniform 0;
        value           nonuniform List<scalar> 
40
(
0.246267
0.246332
0.246333
0.246333
0.246333
0.246333
0.246333
0.246333
0.246333
0.246333
0.246333
0.246333
0.246333
0.246333
0.246333
0.246333
0.246333
0.246333
0.246333
0.246333
0.246267
0.246332
0.246333
0.246333
0.246333
0.246333
0.246333
0.246333
0.246333
0.246333
0.246333
0.246333
0.246333
0.246333
0.246333
0.246333
0.246333
0.246333
0.246333
0.246333
)
;
    }
    frontAndBack
    {
        type            empty;
    }
}


// ************************************************************************* //
