/*--------------------------------*- C++ -*----------------------------------*\
| =========                 |                                                 |
| \\      /  F ield         | OpenFOAM: The Open Source CFD Toolbox           |
|  \\    /   O peration     | Version:  4.1                                   |
|   \\  /    A nd           | Web:      www.OpenFOAM.org                      |
|    \\/     M anipulation  |                                                 |
\*---------------------------------------------------------------------------*/
FoamFile
{
    version     2.0;
    format      ascii;
    class       volScalarField;
    location    "170";
    object      p;
}
// * * * * * * * * * * * * * * * * * * * * * * * * * * * * * * * * * * * * * //

dimensions      [0 2 -2 0 0 0 0];

internalField   nonuniform List<scalar> 
400
(
0
5.99227e-08
5.95918e-08
5.64177e-08
5.6932e-08
5.69995e-08
5.73622e-08
5.77681e-08
5.63702e-08
5.70447e-08
5.84284e-08
5.88038e-08
5.89121e-08
5.89464e-08
5.8959e-08
5.86975e-08
5.90274e-08
5.90616e-08
5.84648e-08
5.93104e-08
-0.492562
-0.492562
-0.492562
-0.492562
-0.492562
-0.492562
-0.492562
-0.492562
-0.492562
-0.492562
-0.492562
-0.492562
-0.492562
-0.492562
-0.492562
-0.492562
-0.492562
-0.492562
-0.492562
-0.492562
-0.985161
-0.985161
-0.985161
-0.985161
-0.985161
-0.985161
-0.985161
-0.985161
-0.985161
-0.985161
-0.985161
-0.985161
-0.985161
-0.985161
-0.985161
-0.985161
-0.985161
-0.985161
-0.985161
-0.985161
-1.47776
-1.47776
-1.47776
-1.47776
-1.47776
-1.47776
-1.47776
-1.47776
-1.47776
-1.47776
-1.47776
-1.47776
-1.47776
-1.47776
-1.47776
-1.47776
-1.47776
-1.47776
-1.47776
-1.47776
-1.97036
-1.97036
-1.97036
-1.97036
-1.97036
-1.97036
-1.97036
-1.97036
-1.97036
-1.97036
-1.97036
-1.97036
-1.97036
-1.97036
-1.97036
-1.97036
-1.97036
-1.97036
-1.97036
-1.97036
-2.46296
-2.46296
-2.46296
-2.46296
-2.46296
-2.46296
-2.46296
-2.46296
-2.46296
-2.46296
-2.46296
-2.46296
-2.46296
-2.46296
-2.46296
-2.46296
-2.46296
-2.46296
-2.46296
-2.46296
-2.95556
-2.95556
-2.95556
-2.95556
-2.95556
-2.95556
-2.95556
-2.95556
-2.95556
-2.95556
-2.95556
-2.95556
-2.95556
-2.95556
-2.95556
-2.95556
-2.95556
-2.95556
-2.95556
-2.95556
-3.44816
-3.44816
-3.44816
-3.44816
-3.44816
-3.44816
-3.44816
-3.44816
-3.44816
-3.44816
-3.44816
-3.44816
-3.44816
-3.44816
-3.44816
-3.44816
-3.44816
-3.44816
-3.44816
-3.44816
-3.94076
-3.94076
-3.94076
-3.94076
-3.94076
-3.94076
-3.94076
-3.94076
-3.94076
-3.94076
-3.94076
-3.94076
-3.94076
-3.94076
-3.94076
-3.94076
-3.94076
-3.94076
-3.94076
-3.94076
-4.43336
-4.43336
-4.43336
-4.43336
-4.43336
-4.43336
-4.43336
-4.43336
-4.43336
-4.43336
-4.43336
-4.43336
-4.43336
-4.43336
-4.43336
-4.43336
-4.43336
-4.43336
-4.43336
-4.43336
-4.92596
-4.92596
-4.92596
-4.92596
-4.92596
-4.92596
-4.92596
-4.92596
-4.92596
-4.92596
-4.92596
-4.92596
-4.92596
-4.92596
-4.92596
-4.92596
-4.92596
-4.92596
-4.92596
-4.92596
-5.41856
-5.41856
-5.41856
-5.41856
-5.41856
-5.41856
-5.41856
-5.41856
-5.41856
-5.41856
-5.41856
-5.41856
-5.41856
-5.41856
-5.41856
-5.41856
-5.41856
-5.41856
-5.41856
-5.41856
-5.91115
-5.91115
-5.91115
-5.91115
-5.91115
-5.91115
-5.91115
-5.91115
-5.91115
-5.91115
-5.91115
-5.91115
-5.91115
-5.91115
-5.91115
-5.91115
-5.91115
-5.91115
-5.91115
-5.91115
-6.40375
-6.40375
-6.40375
-6.40375
-6.40375
-6.40375
-6.40375
-6.40375
-6.40375
-6.40375
-6.40375
-6.40375
-6.40375
-6.40375
-6.40375
-6.40375
-6.40375
-6.40375
-6.40375
-6.40375
-6.89635
-6.89635
-6.89635
-6.89635
-6.89635
-6.89635
-6.89635
-6.89635
-6.89635
-6.89635
-6.89635
-6.89635
-6.89635
-6.89635
-6.89635
-6.89635
-6.89635
-6.89635
-6.89635
-6.89635
-7.38895
-7.38895
-7.38895
-7.38895
-7.38895
-7.38895
-7.38895
-7.38895
-7.38895
-7.38895
-7.38895
-7.38895
-7.38895
-7.38895
-7.38895
-7.38895
-7.38895
-7.38895
-7.38895
-7.38895
-7.88155
-7.88155
-7.88155
-7.88155
-7.88155
-7.88155
-7.88155
-7.88155
-7.88155
-7.88155
-7.88155
-7.88155
-7.88155
-7.88155
-7.88155
-7.88155
-7.88155
-7.88155
-7.88155
-7.88155
-8.37415
-8.37415
-8.37415
-8.37415
-8.37415
-8.37415
-8.37415
-8.37415
-8.37415
-8.37415
-8.37415
-8.37415
-8.37415
-8.37415
-8.37415
-8.37415
-8.37415
-8.37415
-8.37415
-8.37415
-8.86675
-8.86675
-8.86675
-8.86675
-8.86675
-8.86675
-8.86675
-8.86675
-8.86675
-8.86675
-8.86675
-8.86675
-8.86675
-8.86675
-8.86675
-8.86675
-8.86675
-8.86675
-8.86675
-8.86675
-9.35935
-9.35935
-9.35935
-9.35935
-9.35935
-9.35935
-9.35935
-9.35935
-9.35935
-9.35935
-9.35935
-9.35935
-9.35935
-9.35935
-9.35935
-9.35935
-9.35935
-9.35935
-9.35935
-9.35935
)
;

boundaryField
{
    floor
    {
        type            calculated;
        value           nonuniform List<scalar> 
20
(
0.246262
0.246263
0.246263
0.246262
0.246262
0.246262
0.246262
0.246262
0.246262
0.246262
0.246262
0.246262
0.246262
0.246262
0.246262
0.246262
0.246262
0.246262
0.246262
0.246262
)
;
    }
    ceiling
    {
        type            calculated;
        value           nonuniform List<scalar> 
20
(
-9.60565
-9.60565
-9.60565
-9.60565
-9.60565
-9.60565
-9.60565
-9.60565
-9.60565
-9.60565
-9.60565
-9.60565
-9.60565
-9.60565
-9.60565
-9.60565
-9.60565
-9.60565
-9.60565
-9.60565
)
;
    }
    fixedWalls
    {
        type            calculated;
        value           nonuniform List<scalar> 
40
(
8.32667e-17
-0.492562
-0.985161
-1.47776
-1.97036
-2.46296
-2.95556
-3.44816
-3.94076
-4.43336
-4.92596
-5.41856
-5.91115
-6.40375
-6.89635
-7.38895
-7.88155
-8.37415
-8.86675
-9.35935
5.93104e-08
-0.492562
-0.985161
-1.47776
-1.97036
-2.46296
-2.95556
-3.44816
-3.94076
-4.43336
-4.92596
-5.41856
-5.91115
-6.40375
-6.89635
-7.38895
-7.88155
-8.37415
-8.86675
-9.35935
)
;
    }
    frontAndBack
    {
        type            empty;
    }
}


// ************************************************************************* //
