/*--------------------------------*- C++ -*----------------------------------*\
| =========                 |                                                 |
| \\      /  F ield         | OpenFOAM: The Open Source CFD Toolbox           |
|  \\    /   O peration     | Version:  4.1                                   |
|   \\  /    A nd           | Web:      www.OpenFOAM.org                      |
|    \\/     M anipulation  |                                                 |
\*---------------------------------------------------------------------------*/
FoamFile
{
    version     2.0;
    format      ascii;
    class       volScalarField;
    location    "980";
    object      p_rgh;
}
// * * * * * * * * * * * * * * * * * * * * * * * * * * * * * * * * * * * * * //

dimensions      [0 2 -2 0 0 0 0];

internalField   nonuniform List<scalar> 
5000
(
0.0492182
0.0492349
0.0492284
0.0492219
0.0492231
0.0492077
0.0491952
0.049197
0.0492051
0.0492143
0.0492222
0.0492284
0.0492337
0.0492384
0.049243
0.0492476
0.0492524
0.0492576
0.0492632
0.0492695
0.0492765
0.049284
0.0492918
0.0492994
0.0493065
0.0493123
0.0493168
0.0493198
0.0493215
0.0493219
0.0493217
0.0493214
0.0493194
0.0493155
0.0493102
0.0493041
0.0492977
0.0492912
0.0492849
0.049279
0.0492735
0.0492687
0.0492646
0.0492613
0.0492588
0.0492568
0.0492555
0.0492548
0.0492545
0.0492545
0.0492549
0.0492555
0.0492563
0.0492572
0.0492584
0.0492601
0.0492619
0.0492636
0.0492645
0.0492635
0.0492576
0.0492444
0.0492309
0.0492268
0.0492444
0.0492263
0.0492236
0.0492334
0.0492488
0.049259
0.0492627
0.0492639
0.0492649
0.0492665
0.0492686
0.049271
0.0492733
0.0492757
0.0492779
0.0492799
0.0492817
0.0492829
0.0492834
0.0492828
0.0492815
0.0492787
0.0492736
0.0492661
0.0492561
0.049244
0.0492308
0.0492176
0.049206
0.0491973
0.0491923
0.0491912
0.0491935
0.0491985
0.049206
0.0492165
0.0492154
0.0492391
0.0492364
0.0492287
0.0491969
0.0491937
0.0492054
0.0492342
0.0492569
0.0492675
0.0492726
0.0492765
0.0492804
0.0492845
0.0492889
0.0492934
0.0492983
0.0493033
0.0493088
0.0493146
0.0493208
0.0493275
0.0493344
0.0493413
0.0493474
0.0493525
0.0493564
0.0493592
0.0493606
0.0493603
0.0493583
0.049355
0.0493512
0.0493471
0.0493427
0.0493384
0.0493342
0.0493304
0.0493271
0.0493243
0.0493222
0.0493203
0.0493186
0.0493173
0.0493164
0.0493159
0.049316
0.0493167
0.0493178
0.0493196
0.0493218
0.0493245
0.0493278
0.0493316
0.049335
0.0493374
0.0493388
0.049339
0.0493377
0.0493343
0.0493276
0.049311
0.0492673
0.0492339
0.0492537
0.0492175
0.0492397
0.0492853
0.0493147
0.0493251
0.0493295
0.049331
0.0493309
0.0493299
0.0493284
0.0493267
0.049325
0.0493233
0.0493217
0.0493201
0.0493185
0.0493166
0.0493142
0.0493108
0.0493063
0.0493007
0.0492937
0.0492848
0.049274
0.0492617
0.0492486
0.0492362
0.0492261
0.0492199
0.0492171
0.0492172
0.049219
0.0492209
0.0492197
0.0492135
0.0492188
0.0492376
0.0492219
0.049191
0.0491723
0.0491777
0.0492095
0.0492487
0.0492678
0.049273
0.0492752
0.0492775
0.0492806
0.0492842
0.0492882
0.0492926
0.0492971
0.0493019
0.049307
0.0493124
0.0493184
0.0493247
0.0493314
0.049338
0.049344
0.049349
0.0493531
0.0493561
0.0493576
0.0493573
0.0493555
0.0493525
0.0493487
0.0493447
0.0493405
0.0493363
0.0493323
0.0493287
0.0493256
0.0493231
0.0493212
0.0493199
0.0493193
0.0493193
0.0493198
0.0493207
0.049322
0.0493237
0.0493257
0.0493279
0.0493303
0.0493329
0.0493355
0.049338
0.0493403
0.0493422
0.0493436
0.0493443
0.0493438
0.0493414
0.0493357
0.0493182
0.0492639
0.0492168
0.0492511
0.0491948
0.0492338
0.049297
0.0493265
0.0493343
0.049336
0.0493355
0.049334
0.0493319
0.0493296
0.0493273
0.0493249
0.0493227
0.0493205
0.0493184
0.0493163
0.0493139
0.049311
0.0493072
0.0493022
0.0492959
0.049288
0.0492785
0.0492673
0.0492544
0.0492408
0.0492279
0.0492174
0.0492111
0.0492099
0.0492132
0.0492188
0.0492227
0.0492167
0.0491908
0.0492301
0.0492379
0.0492023
0.0491754
0.0491611
0.0491765
0.0492198
0.049259
0.0492724
0.0492742
0.0492747
0.0492761
0.0492786
0.0492818
0.0492854
0.0492894
0.0492936
0.0492979
0.0493025
0.0493074
0.0493128
0.0493187
0.049325
0.0493313
0.0493371
0.0493423
0.0493468
0.0493501
0.0493516
0.0493515
0.0493498
0.049347
0.0493435
0.0493396
0.0493355
0.0493315
0.0493278
0.0493244
0.0493215
0.0493193
0.0493176
0.0493166
0.0493162
0.0493165
0.0493173
0.0493186
0.0493204
0.0493225
0.0493249
0.0493275
0.0493302
0.049333
0.0493358
0.0493385
0.0493411
0.0493434
0.0493454
0.0493468
0.0493473
0.0493462
0.0493413
0.0493203
0.0492473
0.0491967
0.0492513
0.0491852
0.0492317
0.0493094
0.0493372
0.0493408
0.0493397
0.0493374
0.0493346
0.0493316
0.0493286
0.0493256
0.0493227
0.0493199
0.0493173
0.0493147
0.0493122
0.0493094
0.0493061
0.049302
0.0492967
0.0492898
0.0492812
0.0492709
0.0492589
0.0492454
0.0492312
0.0492175
0.0492063
0.0491994
0.0491982
0.0492025
0.0492098
0.0492151
0.0492054
0.0491602
0.0492409
0.0492385
0.0491998
0.0491704
0.0491616
0.0491866
0.049234
0.0492668
0.049274
0.0492734
0.0492728
0.0492734
0.0492752
0.0492779
0.0492812
0.0492847
0.0492884
0.0492921
0.049296
0.0493002
0.0493048
0.0493101
0.0493159
0.049322
0.0493278
0.0493335
0.0493384
0.0493419
0.0493435
0.0493435
0.049342
0.0493394
0.049336
0.0493322
0.0493283
0.0493245
0.049321
0.049318
0.0493154
0.0493135
0.0493123
0.0493117
0.0493117
0.0493123
0.0493135
0.0493152
0.0493173
0.0493198
0.0493225
0.0493255
0.0493287
0.0493319
0.0493352
0.0493384
0.0493415
0.0493445
0.0493471
0.0493494
0.0493509
0.0493511
0.0493472
0.0493216
0.0492229
0.0491887
0.0492614
0.0492018
0.0492466
0.0493278
0.0493471
0.0493463
0.0493428
0.0493388
0.0493348
0.0493307
0.0493268
0.0493231
0.0493195
0.0493162
0.0493131
0.0493101
0.0493072
0.0493041
0.0493005
0.049296
0.0492904
0.0492832
0.0492741
0.049263
0.0492502
0.0492359
0.049221
0.0492067
0.0491947
0.0491871
0.0491856
0.0491901
0.0491983
0.0492043
0.0491921
0.0491299
0.0492459
0.0492391
0.049198
0.0491691
0.0491677
0.0492006
0.0492466
0.0492706
0.049273
0.0492706
0.049269
0.0492688
0.0492701
0.0492724
0.0492753
0.0492785
0.0492816
0.0492848
0.0492879
0.0492912
0.0492949
0.0492994
0.0493048
0.0493108
0.049317
0.0493231
0.0493284
0.049332
0.0493338
0.0493339
0.0493325
0.0493299
0.0493266
0.0493229
0.049319
0.0493154
0.0493121
0.0493093
0.0493071
0.0493057
0.0493049
0.0493048
0.0493053
0.0493065
0.0493082
0.0493104
0.049313
0.049316
0.0493193
0.0493228
0.0493265
0.0493303
0.0493341
0.0493379
0.0493417
0.0493453
0.0493488
0.049352
0.0493547
0.0493563
0.0493538
0.0493233
0.0491957
0.0491916
0.0492814
0.0492402
0.0492792
0.0493457
0.0493544
0.0493503
0.0493449
0.0493395
0.0493342
0.0493291
0.0493242
0.0493197
0.0493155
0.0493116
0.0493081
0.0493048
0.0493015
0.0492981
0.0492943
0.0492897
0.0492838
0.0492763
0.0492668
0.0492553
0.0492418
0.0492268
0.0492112
0.0491966
0.0491842
0.0491763
0.049174
0.0491786
0.0491872
0.0491937
0.0491794
0.049102
0.0492448
0.0492378
0.0491944
0.0491681
0.0491747
0.0492132
0.0492546
0.0492704
0.0492693
0.0492655
0.0492629
0.049262
0.0492628
0.049265
0.0492679
0.0492709
0.0492737
0.0492762
0.0492785
0.0492809
0.0492837
0.0492875
0.0492924
0.0492985
0.0493051
0.0493117
0.0493172
0.049321
0.0493229
0.049323
0.0493216
0.049319
0.0493156
0.0493118
0.049308
0.0493043
0.0493011
0.0492986
0.0492967
0.0492956
0.0492954
0.0492958
0.049297
0.0492989
0.0493013
0.0493042
0.0493075
0.0493112
0.0493151
0.0493193
0.0493236
0.049328
0.0493325
0.049337
0.0493414
0.0493459
0.0493502
0.0493543
0.0493581
0.0493611
0.0493599
0.0493244
0.0491681
0.0491995
0.0493047
0.0492851
0.0493157
0.0493573
0.0493584
0.0493522
0.0493455
0.0493389
0.0493326
0.0493265
0.0493208
0.0493156
0.0493108
0.0493064
0.0493025
0.0492989
0.0492954
0.0492919
0.0492879
0.0492831
0.0492771
0.0492695
0.0492598
0.049248
0.0492341
0.0492187
0.0492028
0.0491878
0.0491757
0.0491685
0.0491656
0.0491699
0.0491788
0.0491852
0.0491689
0.0490772
0.0492379
0.049232
0.0491878
0.0491654
0.0491796
0.0492214
0.049257
0.0492664
0.0492627
0.0492575
0.0492538
0.0492522
0.0492531
0.0492558
0.0492593
0.0492625
0.0492651
0.049267
0.0492686
0.0492701
0.049272
0.0492751
0.0492797
0.0492858
0.0492928
0.0492996
0.0493053
0.0493091
0.0493111
0.0493111
0.0493096
0.0493069
0.0493033
0.0492994
0.0492954
0.0492917
0.0492885
0.0492861
0.0492844
0.0492837
0.0492839
0.0492849
0.0492868
0.0492893
0.0492925
0.0492962
0.0493004
0.0493049
0.0493097
0.0493147
0.0493198
0.0493249
0.0493301
0.0493354
0.0493406
0.0493457
0.0493508
0.0493558
0.0493606
0.0493648
0.0493646
0.0493244
0.0491398
0.0492055
0.049324
0.0493209
0.0493416
0.0493615
0.0493586
0.0493516
0.0493442
0.0493369
0.0493298
0.049323
0.0493166
0.0493107
0.0493054
0.0493007
0.0492965
0.0492927
0.0492891
0.0492855
0.0492815
0.0492767
0.0492707
0.0492631
0.0492535
0.0492416
0.0492276
0.0492119
0.0491957
0.0491806
0.0491692
0.049163
0.0491627
0.0491656
0.0491741
0.0491799
0.0491611
0.0490556
0.0492264
0.0492238
0.049179
0.0491598
0.0491804
0.049224
0.0492543
0.0492589
0.0492529
0.0492461
0.0492412
0.0492391
0.0492404
0.0492444
0.0492494
0.0492536
0.0492564
0.0492579
0.0492589
0.0492595
0.0492606
0.049263
0.0492673
0.0492732
0.0492802
0.049287
0.0492927
0.0492966
0.0492985
0.0492985
0.0492968
0.0492938
0.0492901
0.0492859
0.0492818
0.0492779
0.0492746
0.0492721
0.0492706
0.0492701
0.0492706
0.0492722
0.0492747
0.049278
0.049282
0.0492866
0.0492917
0.0492972
0.0493029
0.0493088
0.0493148
0.0493209
0.0493269
0.0493329
0.0493389
0.0493448
0.0493506
0.0493563
0.049362
0.0493669
0.0493676
0.0493233
0.0491103
0.0492061
0.0493357
0.0493417
0.0493534
0.0493606
0.049356
0.0493489
0.0493412
0.0493334
0.0493258
0.0493184
0.0493116
0.0493053
0.0492996
0.0492946
0.0492902
0.0492864
0.0492828
0.0492792
0.0492754
0.0492708
0.049265
0.0492576
0.0492482
0.0492366
0.0492227
0.049207
0.0491906
0.0491753
0.0491639
0.049159
0.0491618
0.0491652
0.0491732
0.0491779
0.0491562
0.049037
0.0492124
0.0492154
0.0491688
0.0491511
0.0491763
0.049221
0.0492472
0.0492481
0.0492397
0.0492308
0.0492243
0.0492217
0.049224
0.0492303
0.049238
0.0492443
0.0492479
0.0492493
0.0492497
0.0492497
0.04925
0.0492518
0.0492556
0.0492611
0.0492677
0.0492743
0.0492798
0.0492836
0.0492854
0.0492852
0.0492833
0.0492801
0.0492761
0.0492717
0.0492673
0.0492632
0.0492597
0.0492571
0.0492555
0.0492551
0.0492559
0.0492579
0.0492609
0.0492649
0.0492698
0.0492753
0.0492814
0.0492879
0.0492947
0.0493016
0.0493086
0.0493156
0.0493226
0.0493294
0.0493362
0.0493428
0.0493493
0.0493557
0.0493619
0.0493675
0.0493688
0.0493215
0.0490801
0.0492006
0.0493405
0.0493502
0.0493559
0.0493569
0.0493517
0.0493446
0.0493368
0.0493287
0.0493207
0.049313
0.0493058
0.0492992
0.0492934
0.0492883
0.0492839
0.0492801
0.0492767
0.0492735
0.0492699
0.0492657
0.0492603
0.0492534
0.0492445
0.0492333
0.0492199
0.0492043
0.0491877
0.0491717
0.0491593
0.049154
0.0491588
0.0491691
0.0491745
0.0491787
0.0491534
0.049021
0.0491975
0.0492085
0.0491583
0.0491393
0.0491671
0.0492131
0.0492367
0.0492346
0.0492232
0.0492113
0.0492027
0.0491993
0.0492027
0.0492123
0.0492243
0.0492341
0.0492396
0.0492414
0.0492413
0.0492408
0.0492405
0.0492418
0.0492449
0.0492497
0.0492555
0.0492616
0.0492668
0.0492703
0.0492719
0.0492715
0.0492694
0.049266
0.0492617
0.049257
0.0492523
0.0492479
0.0492442
0.0492414
0.0492396
0.0492392
0.0492401
0.0492423
0.0492458
0.0492504
0.049256
0.0492624
0.0492695
0.0492771
0.0492849
0.049293
0.0493011
0.0493091
0.049317
0.0493248
0.0493324
0.0493397
0.0493469
0.0493538
0.0493606
0.0493666
0.0493684
0.0493196
0.0490497
0.0491896
0.0493405
0.0493516
0.0493537
0.0493519
0.0493464
0.0493393
0.0493314
0.0493231
0.0493149
0.049307
0.0492996
0.0492929
0.049287
0.049282
0.0492778
0.0492743
0.0492713
0.0492684
0.0492654
0.0492617
0.0492569
0.0492507
0.0492425
0.0492322
0.0492195
0.0492044
0.0491876
0.0491705
0.0491558
0.0491476
0.049151
0.0491679
0.0491772
0.0491799
0.0491522
0.0490068
0.049183
0.0492048
0.0491492
0.0491253
0.049153
0.0492009
0.0492239
0.0492193
0.0492042
0.0491882
0.0491762
0.0491714
0.0491758
0.0491897
0.0492075
0.0492225
0.049231
0.0492339
0.0492337
0.0492328
0.0492322
0.0492331
0.0492353
0.049239
0.0492439
0.0492492
0.0492538
0.049257
0.0492582
0.0492576
0.0492552
0.0492516
0.0492472
0.0492422
0.0492373
0.0492326
0.0492285
0.0492254
0.0492233
0.0492227
0.0492235
0.0492258
0.0492296
0.0492347
0.0492409
0.0492482
0.0492562
0.0492648
0.0492738
0.049283
0.0492922
0.0493014
0.0493103
0.049319
0.0493274
0.0493355
0.0493433
0.0493508
0.049358
0.0493644
0.0493667
0.0493178
0.0490198
0.0491742
0.0493377
0.0493495
0.0493497
0.0493464
0.0493406
0.0493333
0.0493253
0.0493169
0.0493085
0.0493005
0.0492931
0.0492864
0.0492807
0.0492759
0.0492721
0.0492692
0.0492667
0.0492645
0.0492622
0.0492592
0.0492552
0.0492498
0.0492426
0.0492334
0.0492218
0.0492077
0.0491913
0.0491733
0.0491556
0.049142
0.0491384
0.0491511
0.0491757
0.0491773
0.049148
0.0489959
0.0491696
0.0492048
0.0491431
0.049112
0.0491332
0.0491847
0.0492098
0.0492038
0.0491846
0.0491631
0.049146
0.0491385
0.0491436
0.0491623
0.0491873
0.0492091
0.0492218
0.0492264
0.0492266
0.0492257
0.0492254
0.0492256
0.0492266
0.0492291
0.0492329
0.0492372
0.0492411
0.0492437
0.0492446
0.0492436
0.0492411
0.0492373
0.0492327
0.0492276
0.0492224
0.0492175
0.0492131
0.0492096
0.0492072
0.0492061
0.0492067
0.0492089
0.0492127
0.0492181
0.0492248
0.0492328
0.0492417
0.0492513
0.0492614
0.0492717
0.0492821
0.0492924
0.0493024
0.0493121
0.0493213
0.0493302
0.0493387
0.0493467
0.0493544
0.0493611
0.0493639
0.0493161
0.0489908
0.0491557
0.0493333
0.0493458
0.0493449
0.0493408
0.0493346
0.0493271
0.0493188
0.0493103
0.0493019
0.0492939
0.0492865
0.0492801
0.0492747
0.0492704
0.0492672
0.049265
0.0492634
0.0492621
0.0492606
0.0492585
0.0492553
0.0492509
0.0492447
0.0492367
0.0492266
0.0492141
0.049199
0.0491813
0.0491616
0.0491423
0.0491282
0.0491286
0.0491541
0.0491662
0.0491365
0.0489907
0.0491574
0.0492083
0.0491415
0.0491029
0.0491126
0.0491595
0.0491945
0.04919
0.0491676
0.0491399
0.0491154
0.0491033
0.0491086
0.0491318
0.0491643
0.0491938
0.0492117
0.0492188
0.04922
0.0492199
0.0492196
0.0492188
0.0492187
0.04922
0.0492225
0.0492258
0.0492288
0.0492307
0.049231
0.0492297
0.049227
0.0492231
0.0492184
0.0492133
0.0492081
0.049203
0.0491983
0.0491944
0.0491915
0.04919
0.0491901
0.0491919
0.0491956
0.0492011
0.0492082
0.0492166
0.0492263
0.0492368
0.0492479
0.0492593
0.0492709
0.0492823
0.0492934
0.0493041
0.0493143
0.0493239
0.0493331
0.0493417
0.0493498
0.0493569
0.0493603
0.0493145
0.0489628
0.0491355
0.0493282
0.0493416
0.0493399
0.049335
0.0493284
0.0493206
0.0493122
0.0493036
0.0492952
0.0492873
0.0492802
0.0492741
0.0492693
0.0492657
0.0492634
0.0492622
0.0492617
0.0492614
0.0492609
0.0492597
0.0492575
0.0492539
0.0492488
0.0492421
0.0492336
0.0492232
0.0492104
0.0491947
0.0491756
0.0491533
0.0491301
0.049113
0.0491151
0.0491399
0.0491187
0.0489938
0.0491464
0.0492158
0.0491444
0.0490988
0.049096
0.049133
0.0491705
0.0491776
0.0491567
0.0491246
0.049092
0.0490712
0.0490762
0.0491019
0.0491408
0.0491777
0.0492013
0.0492114
0.0492144
0.0492153
0.0492144
0.0492128
0.0492116
0.0492115
0.0492128
0.0492149
0.0492168
0.0492179
0.0492177
0.049216
0.049213
0.0492091
0.0492045
0.0491995
0.0491943
0.0491892
0.0491843
0.0491801
0.0491768
0.0491747
0.0491742
0.0491755
0.0491788
0.0491841
0.0491913
0.0492001
0.0492103
0.0492216
0.0492336
0.0492461
0.0492587
0.0492712
0.0492835
0.0492952
0.0493063
0.0493168
0.0493267
0.0493359
0.0493445
0.049352
0.0493559
0.0493125
0.0489356
0.0491146
0.0493227
0.0493369
0.0493347
0.0493292
0.0493222
0.0493141
0.0493055
0.0492969
0.0492886
0.0492809
0.0492742
0.0492687
0.0492647
0.0492621
0.0492609
0.0492609
0.0492617
0.0492627
0.0492633
0.0492631
0.0492618
0.0492591
0.0492549
0.0492492
0.0492422
0.0492338
0.0492238
0.0492118
0.0491965
0.0491765
0.0491507
0.0491214
0.0490987
0.0491019
0.0490978
0.0490062
0.049136
0.0492264
0.0491514
0.0490996
0.0490846
0.0491095
0.0491443
0.0491602
0.0491502
0.0491226
0.0490872
0.0490543
0.049055
0.049078
0.0491199
0.0491626
0.0491915
0.0492051
0.0492103
0.0492114
0.0492101
0.0492076
0.0492052
0.0492038
0.0492037
0.0492044
0.0492053
0.0492054
0.0492045
0.0492023
0.0491992
0.0491953
0.0491909
0.0491861
0.0491811
0.0491761
0.0491713
0.0491668
0.0491631
0.0491605
0.0491593
0.04916
0.0491627
0.0491677
0.0491747
0.0491836
0.0491942
0.0492061
0.0492189
0.0492323
0.0492459
0.0492596
0.0492728
0.0492856
0.0492977
0.0493091
0.0493197
0.0493295
0.0493386
0.0493466
0.049351
0.0493098
0.0489083
0.0490943
0.0493169
0.0493321
0.0493293
0.0493234
0.0493159
0.0493076
0.0492989
0.0492903
0.0492822
0.0492749
0.0492688
0.0492641
0.0492611
0.0492597
0.0492599
0.0492613
0.0492635
0.0492658
0.0492675
0.0492684
0.0492679
0.0492661
0.0492627
0.049258
0.049252
0.0492451
0.0492375
0.0492292
0.0492197
0.0492071
0.0491883
0.0491602
0.0491234
0.0490892
0.0490789
0.0490264
0.0491256
0.0492386
0.0491612
0.0491047
0.049079
0.0490913
0.0491201
0.0491401
0.0491401
0.0491222
0.0490949
0.0490696
0.0490529
0.0490658
0.0491058
0.0491513
0.049184
0.0492009
0.0492075
0.0492086
0.0492066
0.0492031
0.0491994
0.0491966
0.0491951
0.0491945
0.049194
0.0491931
0.0491914
0.0491888
0.0491855
0.0491817
0.0491775
0.0491731
0.0491685
0.0491638
0.0491591
0.0491546
0.0491506
0.0491475
0.0491457
0.0491456
0.0491476
0.049152
0.0491586
0.0491675
0.0491782
0.0491905
0.049204
0.0492182
0.0492328
0.0492475
0.0492618
0.0492756
0.0492887
0.0493009
0.0493122
0.0493227
0.0493323
0.0493408
0.0493459
0.0492983
0.0488833
0.0490752
0.0493111
0.0493271
0.0493239
0.0493175
0.0493097
0.0493011
0.0492924
0.0492839
0.0492761
0.0492694
0.049264
0.0492604
0.0492586
0.0492586
0.0492603
0.0492633
0.0492669
0.0492705
0.0492734
0.0492752
0.0492757
0.0492746
0.049272
0.049268
0.0492629
0.049257
0.0492507
0.0492446
0.0492392
0.0492344
0.0492286
0.0492174
0.0491948
0.0491546
0.0490987
0.0490556
0.049115
0.0492488
0.049172
0.0491132
0.0490788
0.0490794
0.0491006
0.049121
0.0491274
0.0491181
0.0490984
0.0490762
0.0490569
0.0490646
0.0491017
0.0491473
0.0491817
0.0492
0.0492068
0.0492074
0.0492044
0.0491996
0.0491944
0.04919
0.049187
0.0491849
0.049183
0.0491809
0.0491783
0.0491751
0.0491716
0.049168
0.0491641
0.0491602
0.0491562
0.0491519
0.0491476
0.0491432
0.0491392
0.0491357
0.0491333
0.0491324
0.0491337
0.0491373
0.0491434
0.049152
0.0491627
0.0491753
0.0491893
0.0492042
0.0492197
0.0492352
0.0492506
0.0492654
0.0492794
0.0492925
0.0493046
0.0493158
0.049326
0.0493349
0.0493411
0.0492757
0.0488617
0.0490582
0.0493053
0.0493219
0.0493183
0.0493115
0.0493034
0.0492947
0.049286
0.0492778
0.0492704
0.0492644
0.04926
0.0492576
0.0492572
0.0492588
0.0492622
0.0492667
0.0492718
0.0492766
0.0492805
0.0492832
0.0492843
0.0492839
0.0492821
0.0492789
0.0492746
0.0492694
0.0492637
0.0492582
0.0492538
0.0492514
0.0492525
0.0492573
0.0492645
0.0492667
0.0492407
0.0491565
0.0491046
0.0492474
0.0491817
0.0491236
0.0490828
0.0490733
0.049087
0.0491056
0.0491154
0.049112
0.0490975
0.0490771
0.0490604
0.0490697
0.0491073
0.0491524
0.0491859
0.0492033
0.0492091
0.0492082
0.0492036
0.0491969
0.0491899
0.0491839
0.0491792
0.0491755
0.0491722
0.0491688
0.0491651
0.0491614
0.0491577
0.0491541
0.0491508
0.0491475
0.0491441
0.0491405
0.0491366
0.0491326
0.0491285
0.0491248
0.0491219
0.0491204
0.0491209
0.0491237
0.0491292
0.0491374
0.049148
0.0491607
0.049175
0.0491906
0.0492068
0.0492232
0.0492394
0.0492552
0.0492701
0.0492841
0.049297
0.0493089
0.0493198
0.0493292
0.0493366
0.0492441
0.0488437
0.0490436
0.0492997
0.0493166
0.0493127
0.0493055
0.0492971
0.0492884
0.0492798
0.0492719
0.0492652
0.04926
0.0492568
0.0492557
0.049257
0.0492603
0.0492653
0.0492714
0.0492778
0.0492836
0.0492883
0.0492916
0.0492933
0.0492935
0.0492922
0.0492897
0.0492861
0.0492817
0.0492767
0.0492715
0.0492666
0.049263
0.0492619
0.0492653
0.0492755
0.0492941
0.0493162
0.0493171
0.0490947
0.0492285
0.0491901
0.0491343
0.0490893
0.049072
0.049079
0.0490951
0.0491065
0.0491067
0.0490956
0.049077
0.0490653
0.0490811
0.0491221
0.0491663
0.0491968
0.0492111
0.0492143
0.0492111
0.049204
0.0491951
0.049186
0.0491782
0.0491718
0.0491664
0.0491614
0.0491565
0.0491517
0.0491473
0.0491435
0.0491402
0.0491374
0.0491348
0.0491322
0.0491293
0.0491261
0.0491225
0.0491186
0.0491148
0.0491116
0.0491095
0.0491092
0.0491112
0.049116
0.0491237
0.0491341
0.0491468
0.0491615
0.0491775
0.0491944
0.0492116
0.0492287
0.0492453
0.0492611
0.0492759
0.0492896
0.0493022
0.0493138
0.0493238
0.0493322
0.0492052
0.0488293
0.049032
0.0492942
0.0493112
0.0493069
0.0492994
0.049291
0.0492822
0.0492739
0.0492665
0.0492605
0.0492564
0.0492544
0.049255
0.049258
0.0492631
0.0492697
0.0492772
0.0492847
0.0492913
0.0492965
0.0493001
0.0493021
0.0493026
0.0493017
0.0492997
0.0492967
0.049293
0.0492886
0.0492838
0.0492787
0.049274
0.0492702
0.0492689
0.0492721
0.0492821
0.0492989
0.0493207
0.0490851
0.0492183
0.0491997
0.049144
0.0490964
0.0490735
0.0490753
0.049089
0.049101
0.0491035
0.0490947
0.0490787
0.0490746
0.0491007
0.0491463
0.0491881
0.0492134
0.0492229
0.0492222
0.0492157
0.0492056
0.0491939
0.0491825
0.0491728
0.0491645
0.0491572
0.0491504
0.0491439
0.049138
0.049133
0.049129
0.0491261
0.0491239
0.0491221
0.0491204
0.0491184
0.0491158
0.0491127
0.0491092
0.0491054
0.049102
0.0490994
0.0490984
0.0490997
0.0491039
0.0491111
0.0491212
0.0491339
0.0491488
0.0491653
0.0491827
0.0492006
0.0492185
0.0492359
0.0492526
0.0492682
0.0492827
0.0492959
0.0493082
0.0493187
0.0493248
0.0491628
0.0488183
0.0490236
0.0492889
0.0493057
0.0493011
0.0492934
0.0492849
0.0492763
0.0492683
0.0492615
0.0492565
0.0492535
0.0492531
0.0492553
0.0492601
0.049267
0.0492752
0.0492838
0.0492921
0.0492992
0.0493046
0.0493083
0.0493104
0.049311
0.0493103
0.0493086
0.049306
0.0493027
0.0492988
0.0492942
0.0492891
0.0492834
0.0492775
0.0492722
0.049269
0.0492703
0.0492791
0.0493005
0.049076
0.0492159
0.049209
0.0491514
0.0491024
0.0490759
0.049074
0.049086
0.0490984
0.0491024
0.0490955
0.0490835
0.0490918
0.0491309
0.0491797
0.0492165
0.0492343
0.0492375
0.0492321
0.0492215
0.0492077
0.049193
0.0491792
0.0491674
0.0491572
0.0491479
0.0491391
0.049131
0.049124
0.0491184
0.0491145
0.049112
0.0491106
0.0491098
0.049109
0.0491078
0.0491059
0.0491034
0.0491001
0.0490965
0.0490929
0.0490899
0.0490883
0.049089
0.0490926
0.0490994
0.0491094
0.0491221
0.0491372
0.0491541
0.049172
0.0491906
0.0492091
0.0492273
0.0492447
0.0492611
0.0492762
0.0492902
0.0493031
0.0493142
0.0493105
0.04912
0.0488105
0.0490186
0.049284
0.0493003
0.0492954
0.0492875
0.049279
0.0492707
0.0492632
0.0492572
0.0492532
0.0492516
0.0492528
0.0492569
0.0492635
0.049272
0.0492816
0.0492911
0.0492998
0.049307
0.0493123
0.0493158
0.0493177
0.0493182
0.0493175
0.049316
0.0493136
0.0493106
0.0493069
0.0493025
0.0492971
0.0492907
0.049283
0.0492745
0.049266
0.0492601
0.0492619
0.0492828
0.0490675
0.0492205
0.0492154
0.0491549
0.0491056
0.0490777
0.0490738
0.0490847
0.0490974
0.0491027
0.0490982
0.0490942
0.0491215
0.0491732
0.0492208
0.0492487
0.0492572
0.0492535
0.0492429
0.0492278
0.04921
0.049192
0.0491759
0.0491621
0.0491498
0.0491382
0.0491274
0.0491176
0.0491096
0.0491037
0.0491
0.0490982
0.0490977
0.0490979
0.0490981
0.0490977
0.0490965
0.0490944
0.0490914
0.0490879
0.0490842
0.0490809
0.0490789
0.0490791
0.0490822
0.0490887
0.0490986
0.0491115
0.0491269
0.0491441
0.0491625
0.0491816
0.0492008
0.0492196
0.0492377
0.0492547
0.0492705
0.0492851
0.0492986
0.0493104
0.0492892
0.0490775
0.048806
0.049017
0.0492794
0.049295
0.0492898
0.0492818
0.0492734
0.0492654
0.0492586
0.0492536
0.0492508
0.0492508
0.0492538
0.0492596
0.049268
0.049278
0.0492886
0.0492987
0.0493075
0.0493144
0.0493193
0.0493224
0.0493239
0.0493242
0.0493233
0.0493217
0.0493195
0.0493166
0.0493131
0.0493086
0.049303
0.0492958
0.0492867
0.0492756
0.0492631
0.0492514
0.049247
0.049267
0.0490604
0.0492326
0.04922
0.0491545
0.0491057
0.0490781
0.0490737
0.0490843
0.0490976
0.0491044
0.0491046
0.0491175
0.0491685
0.0492265
0.0492659
0.0492814
0.0492801
0.0492696
0.0492537
0.0492337
0.0492118
0.0491908
0.0491725
0.0491565
0.0491419
0.049128
0.0491151
0.0491038
0.049095
0.0490891
0.0490859
0.049085
0.0490857
0.049087
0.049088
0.0490884
0.0490876
0.0490858
0.0490831
0.0490797
0.0490759
0.0490722
0.0490698
0.0490697
0.0490726
0.049079
0.049089
0.0491021
0.0491179
0.0491355
0.0491544
0.0491739
0.0491936
0.049213
0.0492316
0.0492492
0.0492656
0.0492807
0.0492948
0.0493063
0.0492618
0.0490372
0.0488048
0.0490188
0.0492751
0.0492898
0.0492844
0.0492764
0.0492682
0.0492608
0.0492548
0.0492509
0.0492496
0.0492512
0.049256
0.0492636
0.0492735
0.0492848
0.0492961
0.0493064
0.0493148
0.0493212
0.0493254
0.0493279
0.0493289
0.0493287
0.0493276
0.0493258
0.0493235
0.0493207
0.0493172
0.0493128
0.0493069
0.0492992
0.0492889
0.0492758
0.0492601
0.0492438
0.0492342
0.0492527
0.049056
0.0492522
0.049224
0.0491529
0.0491045
0.049078
0.0490737
0.0490846
0.049099
0.049109
0.0491199
0.0491643
0.0492325
0.0492852
0.0493095
0.0493113
0.0493012
0.0492847
0.0492634
0.0492385
0.0492126
0.049189
0.0491687
0.0491506
0.0491335
0.0491171
0.0491021
0.0490896
0.0490805
0.0490749
0.0490727
0.049073
0.049075
0.0490774
0.0490793
0.0490801
0.0490796
0.0490778
0.0490751
0.0490718
0.0490677
0.0490638
0.0490612
0.0490608
0.0490637
0.0490704
0.0490807
0.0490942
0.0491104
0.0491284
0.0491477
0.0491677
0.0491878
0.0492076
0.0492267
0.0492447
0.0492616
0.0492772
0.0492917
0.0492999
0.0492295
0.0490003
0.0488072
0.0490239
0.0492713
0.0492849
0.0492793
0.0492714
0.0492636
0.0492568
0.0492518
0.0492492
0.0492495
0.0492529
0.0492594
0.0492688
0.04928
0.0492921
0.0493038
0.0493139
0.0493217
0.0493271
0.0493305
0.0493322
0.0493325
0.0493318
0.0493303
0.0493282
0.0493258
0.049323
0.0493195
0.0493151
0.0493092
0.049301
0.0492899
0.0492753
0.0492572
0.0492373
0.0492229
0.0492396
0.0490562
0.0492772
0.0492261
0.0491538
0.0491069
0.0490794
0.049075
0.0490867
0.0491039
0.0491218
0.0491559
0.0492356
0.0493052
0.0493406
0.0493465
0.0493365
0.0493197
0.049298
0.0492714
0.0492416
0.0492123
0.0491866
0.0491644
0.049144
0.0491242
0.0491053
0.0490886
0.0490753
0.0490663
0.0490616
0.0490607
0.0490627
0.0490661
0.0490696
0.0490722
0.0490732
0.0490724
0.0490703
0.0490674
0.0490638
0.0490595
0.0490555
0.0490527
0.0490525
0.0490557
0.0490628
0.0490737
0.0490878
0.0491045
0.049123
0.0491427
0.0491629
0.0491834
0.0492035
0.0492229
0.0492414
0.0492586
0.0492746
0.0492895
0.04929
0.049194
0.0489676
0.0488132
0.049032
0.049268
0.0492804
0.0492746
0.049267
0.0492597
0.0492538
0.04925
0.0492488
0.0492507
0.0492559
0.0492642
0.049275
0.0492873
0.0492999
0.0493115
0.049321
0.0493278
0.0493321
0.0493345
0.0493352
0.0493348
0.0493334
0.0493314
0.049329
0.0493264
0.0493235
0.0493202
0.049316
0.0493101
0.0493018
0.0492901
0.0492745
0.0492545
0.0492316
0.0492131
0.0492275
0.0490633
0.0493045
0.0492323
0.049161
0.049115
0.0490871
0.0490801
0.0490933
0.0491173
0.0491544
0.0492299
0.0493244
0.049374
0.0493849
0.0493745
0.0493569
0.0493355
0.0493089
0.0492768
0.0492426
0.0492108
0.0491836
0.0491596
0.0491366
0.0491139
0.0490927
0.0490747
0.0490612
0.049053
0.0490498
0.0490507
0.0490545
0.0490594
0.049064
0.049067
0.0490676
0.049066
0.0490632
0.0490598
0.0490557
0.0490512
0.0490471
0.0490445
0.0490447
0.0490485
0.0490565
0.0490683
0.0490832
0.0491005
0.0491194
0.0491394
0.0491598
0.0491804
0.0492008
0.0492205
0.0492391
0.0492567
0.0492731
0.0492873
0.0492757
0.0491569
0.0489397
0.0488228
0.0490429
0.0492652
0.0492765
0.0492706
0.0492633
0.0492567
0.0492518
0.0492493
0.0492497
0.0492534
0.0492603
0.0492701
0.0492821
0.0492951
0.0493078
0.0493189
0.0493274
0.0493329
0.049336
0.0493372
0.049337
0.0493356
0.0493335
0.049331
0.0493282
0.0493254
0.0493226
0.0493194
0.0493154
0.0493098
0.0493016
0.0492898
0.0492735
0.0492521
0.0492268
0.0492046
0.0492165
0.0490788
0.0493303
0.0492479
0.0491771
0.0491309
0.0491031
0.0490942
0.0491084
0.0491504
0.049224
0.0493436
0.0494088
0.0494252
0.0494141
0.0493947
0.0493737
0.0493485
0.0493166
0.0492793
0.0492415
0.0492083
0.0491801
0.049154
0.049128
0.0491024
0.0490793
0.0490607
0.049048
0.0490413
0.0490401
0.0490431
0.0490488
0.0490553
0.0490607
0.0490636
0.0490632
0.0490602
0.049056
0.0490519
0.0490472
0.0490426
0.0490387
0.0490367
0.0490377
0.0490426
0.0490518
0.0490647
0.0490806
0.0490985
0.0491178
0.0491379
0.0491584
0.0491791
0.0491995
0.0492193
0.0492382
0.049256
0.0492727
0.0492844
0.0492568
0.0491199
0.048917
0.0488357
0.0490561
0.0492631
0.0492732
0.0492674
0.0492606
0.0492549
0.0492511
0.0492501
0.0492521
0.0492574
0.0492659
0.0492771
0.0492899
0.0493033
0.0493157
0.0493259
0.0493332
0.049337
0.0493387
0.0493387
0.0493374
0.0493352
0.0493323
0.0493291
0.0493259
0.0493229
0.0493201
0.0493172
0.0493137
0.0493086
0.0493008
0.0492892
0.0492726
0.0492503
0.049223
0.0491974
0.0492065
0.0491043
0.0493555
0.0492703
0.0492026
0.0491579
0.0491316
0.0491231
0.0491384
0.0492203
0.0493373
0.049437
0.0494649
0.0494542
0.0494319
0.0494106
0.0493879
0.0493584
0.0493207
0.0492786
0.0492386
0.0492051
0.0491759
0.0491472
0.0491179
0.0490897
0.0490655
0.0490473
0.0490361
0.0490316
0.0490328
0.0490381
0.0490457
0.0490535
0.0490595
0.0490618
0.0490597
0.0490543
0.0490482
0.049043
0.049038
0.0490336
0.0490304
0.0490294
0.0490318
0.0490383
0.049049
0.0490633
0.0490802
0.0490987
0.0491182
0.0491383
0.0491588
0.0491794
0.0491998
0.0492196
0.0492386
0.0492566
0.049273
0.0492798
0.0492337
0.0490843
0.0488999
0.048852
0.0490711
0.0492617
0.0492707
0.0492652
0.049259
0.0492543
0.0492518
0.0492522
0.0492559
0.0492628
0.0492726
0.0492848
0.0492982
0.0493115
0.0493232
0.0493322
0.0493378
0.04934
0.0493403
0.049339
0.0493366
0.0493334
0.0493298
0.0493259
0.0493223
0.049319
0.0493163
0.0493138
0.0493109
0.0493066
0.0492995
0.0492884
0.0492718
0.049249
0.0492201
0.0491915
0.0491976
0.0491412
0.049377
0.0492986
0.0492375
0.0491978
0.0491762
0.0491723
0.0491929
0.0493342
0.0494694
0.0495055
0.049495
0.0494683
0.0494451
0.049425
0.0493995
0.0493642
0.0493206
0.0492749
0.0492346
0.0492015
0.0491709
0.0491389
0.0491062
0.0490761
0.0490518
0.0490352
0.0490263
0.0490245
0.0490281
0.0490355
0.0490448
0.0490536
0.0490598
0.049061
0.0490563
0.0490476
0.0490389
0.0490328
0.0490279
0.0490245
0.0490226
0.0490233
0.0490276
0.0490361
0.0490487
0.0490644
0.0490822
0.0491011
0.0491206
0.0491406
0.0491609
0.0491813
0.0492016
0.0492214
0.0492404
0.0492583
0.0492736
0.0492725
0.0492073
0.0490515
0.0488885
0.0488715
0.0490877
0.0492613
0.0492693
0.0492641
0.0492588
0.0492551
0.049254
0.0492559
0.049261
0.0492693
0.0492803
0.0492931
0.0493066
0.0493193
0.0493299
0.0493374
0.0493414
0.0493419
0.0493407
0.0493381
0.0493347
0.0493305
0.049326
0.0493214
0.0493172
0.0493138
0.0493112
0.0493092
0.0493072
0.0493039
0.0492979
0.0492875
0.0492714
0.0492483
0.0492183
0.049187
0.0491898
0.0491825
0.0493992
0.0493311
0.0492796
0.0492491
0.049237
0.0492441
0.0492822
0.0494591
0.0495309
0.049531
0.0495038
0.0494768
0.0494582
0.0494377
0.0494071
0.0493653
0.0493166
0.0492692
0.0492302
0.0491977
0.0491645
0.0491286
0.049093
0.0490622
0.0490392
0.049025
0.049019
0.0490199
0.0490257
0.0490349
0.0490454
0.0490549
0.0490608
0.0490604
0.0490525
0.0490398
0.0490276
0.0490204
0.0490171
0.0490159
0.0490164
0.0490195
0.0490263
0.049037
0.0490514
0.0490683
0.0490866
0.0491056
0.049125
0.0491447
0.0491647
0.0491848
0.0492049
0.0492245
0.0492434
0.049261
0.049274
0.0492618
0.0491789
0.0490224
0.048883
0.0488938
0.0491054
0.0492619
0.0492691
0.0492644
0.04926
0.0492575
0.0492577
0.049261
0.0492674
0.0492768
0.0492885
0.0493016
0.0493148
0.0493266
0.0493358
0.0493416
0.0493438
0.0493427
0.04934
0.0493363
0.0493317
0.0493265
0.0493211
0.0493157
0.049311
0.0493073
0.0493049
0.0493036
0.0493027
0.0493007
0.049296
0.0492867
0.0492713
0.0492484
0.0492176
0.0491839
0.0491834
0.0492211
0.0494215
0.0493652
0.0493254
0.0493072
0.0493087
0.0493317
0.0494058
0.0495513
0.0495635
0.04954
0.0495082
0.0494876
0.0494717
0.0494473
0.0494099
0.0493617
0.0493095
0.0492626
0.0492262
0.0491933
0.0491563
0.0491163
0.049079
0.0490489
0.0490285
0.0490174
0.0490145
0.0490177
0.0490252
0.0490356
0.0490466
0.0490562
0.0490619
0.0490596
0.0490485
0.0490318
0.0490166
0.0490092
0.0490088
0.0490103
0.0490135
0.0490193
0.0490285
0.0490413
0.0490571
0.0490748
0.0490934
0.0491123
0.0491313
0.0491505
0.04917
0.0491898
0.0492096
0.049229
0.0492477
0.0492646
0.0492733
0.0492474
0.0491498
0.0489979
0.0488834
0.0489187
0.0491239
0.0492638
0.0492703
0.0492663
0.0492628
0.0492615
0.0492629
0.0492674
0.0492749
0.049285
0.0492971
0.04931
0.0493225
0.0493332
0.049341
0.0493451
0.0493453
0.0493425
0.0493384
0.0493334
0.0493277
0.0493215
0.049315
0.0493088
0.0493035
0.0492996
0.0492975
0.049297
0.0492973
0.0492969
0.0492939
0.049286
0.0492716
0.0492492
0.0492179
0.0491822
0.0491782
0.0492539
0.0494429
0.0493986
0.049371
0.0493659
0.0493815
0.0494186
0.0495292
0.049584
0.0495728
0.0495416
0.0495151
0.049501
0.0494833
0.0494521
0.0494074
0.0493541
0.0493004
0.0492564
0.0492227
0.0491875
0.0491457
0.0491024
0.049065
0.0490373
0.0490203
0.0490126
0.0490124
0.0490173
0.0490258
0.0490366
0.0490473
0.0490565
0.0490614
0.0490591
0.0490479
0.0490306
0.0490142
0.0490066
0.0490065
0.0490098
0.0490153
0.0490234
0.0490348
0.0490492
0.049066
0.049084
0.0491025
0.0491209
0.0491393
0.0491579
0.049177
0.0491963
0.0492157
0.0492349
0.0492532
0.0492686
0.0492705
0.0492296
0.0491214
0.0489788
0.0488895
0.048946
0.0491429
0.0492671
0.0492731
0.0492698
0.0492673
0.049267
0.0492696
0.049275
0.0492832
0.0492937
0.0493057
0.0493181
0.0493296
0.0493391
0.0493455
0.049348
0.0493459
0.0493414
0.0493359
0.0493297
0.0493227
0.0493153
0.0493078
0.0493007
0.0492948
0.0492908
0.0492891
0.0492895
0.0492913
0.0492928
0.0492916
0.0492855
0.0492724
0.0492507
0.0492194
0.0491821
0.0491745
0.0492802
0.0494626
0.0494299
0.0494133
0.0494198
0.0494474
0.0494943
0.0495964
0.0495993
0.049576
0.0495448
0.0495267
0.0495143
0.0494906
0.0494514
0.0494003
0.0493437
0.049291
0.0492516
0.0492193
0.0491797
0.0491327
0.0490879
0.0490523
0.0490283
0.0490152
0.0490107
0.0490125
0.049018
0.0490262
0.0490359
0.049046
0.0490552
0.0490611
0.0490612
0.0490533
0.0490388
0.0490233
0.0490144
0.0490128
0.0490161
0.0490229
0.0490326
0.0490454
0.0490607
0.0490778
0.0490956
0.0491135
0.0491312
0.0491489
0.0491669
0.0491854
0.0492043
0.0492233
0.0492421
0.0492597
0.0492722
0.0492647
0.0492092
0.0490954
0.0489657
0.0489011
0.0489752
0.0491624
0.049272
0.0492776
0.0492751
0.0492735
0.0492742
0.0492775
0.0492836
0.0492922
0.0493026
0.049314
0.0493256
0.049336
0.0493443
0.0493495
0.0493504
0.0493455
0.0493394
0.0493326
0.049325
0.0493168
0.0493081
0.0492994
0.0492915
0.0492851
0.0492809
0.0492797
0.0492812
0.0492847
0.0492883
0.0492893
0.0492852
0.0492738
0.049253
0.0492219
0.0491831
0.0491722
0.0493009
0.0494806
0.049458
0.0494508
0.0494659
0.0495012
0.0495555
0.0496111
0.0496041
0.0495784
0.0495524
0.0495404
0.0495244
0.0494923
0.0494456
0.04939
0.0493321
0.049283
0.0492486
0.049215
0.0491691
0.0491183
0.0490742
0.0490423
0.0490227
0.0490131
0.0490105
0.0490126
0.049018
0.0490254
0.0490342
0.0490436
0.0490528
0.0490603
0.0490642
0.0490623
0.0490539
0.0490418
0.0490318
0.0490281
0.0490303
0.049037
0.0490472
0.0490603
0.0490756
0.0490922
0.0491092
0.0491261
0.0491429
0.0491599
0.0491772
0.0491952
0.0492137
0.0492324
0.0492508
0.049267
0.0492746
0.0492557
0.0491875
0.049073
0.048959
0.048918
0.049006
0.0491824
0.0492787
0.0492841
0.0492822
0.0492814
0.0492827
0.0492866
0.049293
0.0493014
0.0493113
0.0493219
0.0493323
0.0493413
0.0493486
0.0493521
0.0493498
0.0493434
0.0493362
0.0493282
0.0493193
0.0493097
0.0492996
0.0492898
0.0492811
0.0492742
0.0492702
0.0492696
0.0492724
0.0492778
0.0492837
0.0492872
0.0492853
0.0492756
0.0492559
0.0492251
0.0491852
0.0491712
0.0493168
0.0494966
0.0494829
0.0494829
0.0495036
0.0495416
0.0495946
0.0496186
0.0496078
0.049583
0.0495639
0.0495527
0.0495294
0.0494888
0.0494363
0.049378
0.0493211
0.0492774
0.0492468
0.0492085
0.0491561
0.0491039
0.0490628
0.0490355
0.0490197
0.0490121
0.0490105
0.0490129
0.0490178
0.0490243
0.0490319
0.0490402
0.0490488
0.0490573
0.0490644
0.0490686
0.0490682
0.0490626
0.0490545
0.0490501
0.049051
0.0490567
0.0490662
0.0490787
0.049093
0.0491084
0.0491241
0.0491399
0.0491558
0.0491721
0.0491889
0.0492065
0.0492246
0.049243
0.0492605
0.0492742
0.0492746
0.0492435
0.0491662
0.0490556
0.0489592
0.0489399
0.0490381
0.0492027
0.0492872
0.0492925
0.0492912
0.0492909
0.0492926
0.0492966
0.0493028
0.0493107
0.0493197
0.0493296
0.0493384
0.0493455
0.0493502
0.0493511
0.0493472
0.0493403
0.0493322
0.049323
0.0493126
0.0493014
0.0492899
0.0492789
0.0492693
0.0492622
0.0492584
0.0492587
0.0492631
0.0492707
0.0492791
0.0492853
0.0492857
0.0492778
0.0492593
0.0492289
0.0491882
0.0491715
0.0493291
0.0495107
0.0495046
0.0495098
0.0495334
0.0495704
0.0496145
0.0496242
0.0496117
0.0495903
0.0495764
0.0495612
0.0495293
0.0494813
0.0494251
0.0493662
0.0493123
0.0492749
0.0492447
0.049199
0.0491417
0.0490913
0.0490551
0.0490315
0.0490179
0.0490119
0.0490109
0.0490133
0.0490176
0.0490231
0.0490293
0.0490362
0.0490436
0.0490516
0.0490598
0.0490674
0.049073
0.0490751
0.0490733
0.0490715
0.049073
0.0490783
0.0490869
0.0490982
0.0491111
0.0491251
0.0491396
0.0491544
0.0491696
0.0491853
0.0492018
0.0492191
0.049237
0.0492549
0.0492709
0.0492803
0.0492717
0.0492294
0.0491472
0.0490444
0.0489662
0.0489663
0.0490711
0.0492235
0.0492976
0.0493027
0.0493018
0.0493018
0.0493036
0.0493073
0.0493131
0.0493204
0.049328
0.0493359
0.0493426
0.0493474
0.0493496
0.0493484
0.0493435
0.0493361
0.049327
0.0493164
0.0493043
0.0492914
0.0492785
0.0492663
0.0492562
0.0492489
0.0492457
0.0492471
0.0492534
0.0492634
0.0492747
0.0492837
0.0492865
0.0492803
0.0492631
0.0492332
0.0491919
0.0491729
0.0493384
0.0495233
0.0495232
0.0495321
0.0495565
0.049591
0.0496239
0.0496283
0.0496164
0.0495994
0.0495869
0.0495651
0.049525
0.0494716
0.0494137
0.0493558
0.0493067
0.0492749
0.0492406
0.049187
0.0491294
0.0490829
0.0490498
0.0490287
0.0490169
0.0490119
0.0490115
0.0490138
0.0490177
0.0490223
0.0490273
0.0490327
0.0490386
0.0490452
0.0490525
0.0490605
0.0490686
0.0490759
0.0490815
0.0490853
0.0490898
0.0490964
0.0491051
0.0491158
0.0491279
0.049141
0.0491547
0.049169
0.0491838
0.0491995
0.0492159
0.0492332
0.0492508
0.0492677
0.049281
0.0492842
0.0492661
0.0492153
0.0491325
0.0490403
0.0489802
0.0489966
0.0491048
0.0492447
0.0493099
0.0493148
0.049314
0.0493139
0.0493155
0.049319
0.0493237
0.0493295
0.0493352
0.0493408
0.049345
0.0493473
0.0493472
0.0493444
0.0493387
0.0493305
0.0493202
0.0493079
0.049294
0.0492794
0.049265
0.049252
0.0492414
0.0492344
0.0492321
0.049235
0.0492434
0.0492562
0.0492706
0.0492825
0.0492877
0.0492832
0.049267
0.0492376
0.049196
0.0491752
0.0493454
0.0495343
0.0495393
0.0495504
0.0495741
0.0496061
0.0496289
0.0496317
0.0496216
0.0496084
0.049594
0.049565
0.049518
0.0494611
0.0494034
0.049348
0.0493049
0.0492756
0.0492346
0.0491766
0.0491204
0.0490766
0.049046
0.0490267
0.0490163
0.0490121
0.049012
0.0490143
0.0490179
0.0490221
0.0490264
0.0490309
0.0490358
0.0490411
0.0490473
0.0490546
0.0490627
0.0490718
0.0490814
0.0490904
0.0490989
0.0491081
0.0491183
0.0491296
0.0491419
0.049155
0.0491688
0.0491832
0.0491984
0.0492144
0.0492311
0.0492484
0.0492654
0.0492804
0.0492895
0.0492856
0.049259
0.0492033
0.049124
0.0490442
0.0490009
0.0490302
0.0491385
0.0492663
0.0493239
0.0493284
0.0493274
0.0493273
0.0493283
0.0493307
0.0493338
0.0493376
0.049341
0.049344
0.0493457
0.0493456
0.0493435
0.0493393
0.0493325
0.0493231
0.0493111
0.0492968
0.049281
0.0492647
0.0492492
0.0492356
0.0492251
0.0492188
0.0492177
0.0492225
0.0492335
0.0492494
0.049267
0.0492819
0.0492893
0.0492861
0.0492707
0.0492418
0.0492001
0.049178
0.0493504
0.0495441
0.0495531
0.0495653
0.0495882
0.049616
0.0496324
0.0496346
0.0496269
0.0496158
0.0495974
0.0495617
0.0495094
0.0494512
0.0493952
0.0493439
0.0493072
0.0492768
0.049229
0.0491687
0.0491141
0.0490723
0.0490434
0.0490254
0.0490157
0.0490119
0.049012
0.0490144
0.049018
0.0490221
0.0490264
0.0490308
0.0490354
0.0490405
0.0490462
0.0490529
0.0490608
0.0490698
0.0490802
0.0490916
0.049103
0.0491147
0.0491268
0.0491396
0.049153
0.049167
0.0491817
0.049197
0.049213
0.0492296
0.0492468
0.0492638
0.0492796
0.0492917
0.0492958
0.0492851
0.0492527
0.0491961
0.0491233
0.0490565
0.0490278
0.0490662
0.049172
0.049288
0.0493392
0.0493432
0.0493424
0.0493415
0.0493413
0.049342
0.0493431
0.0493444
0.0493453
0.0493455
0.0493446
0.0493422
0.0493383
0.0493326
0.0493241
0.0493128
0.0492986
0.0492821
0.0492645
0.0492469
0.0492307
0.049217
0.0492071
0.049202
0.0492027
0.04921
0.049224
0.0492432
0.0492644
0.0492821
0.0492913
0.0492889
0.0492738
0.0492452
0.0492035
0.0491808
0.049354
0.0495528
0.0495649
0.0495777
0.0495996
0.049622
0.0496349
0.049637
0.0496314
0.0496204
0.0495975
0.049556
0.0495004
0.0494432
0.0493909
0.0493448
0.0493121
0.0492783
0.0492252
0.0491638
0.0491104
0.0490699
0.0490418
0.0490242
0.0490146
0.0490108
0.0490108
0.0490132
0.0490169
0.0490213
0.049026
0.0490308
0.0490358
0.0490412
0.0490472
0.0490541
0.049062
0.049071
0.0490812
0.0490931
0.0491058
0.049119
0.0491328
0.049147
0.0491619
0.0491773
0.0491933
0.0492098
0.0492269
0.0492443
0.0492616
0.049278
0.049292
0.0493007
0.0493
0.0492846
0.0492498
0.0491958
0.0491315
0.0490771
0.0490601
0.0491037
0.0492044
0.0493095
0.0493555
0.0493594
0.0493577
0.0493556
0.0493538
0.0493524
0.0493511
0.0493496
0.0493477
0.0493451
0.0493415
0.0493367
0.0493307
0.049323
0.0493121
0.0492981
0.0492813
0.0492627
0.0492436
0.0492254
0.0492092
0.0491964
0.0491878
0.0491845
0.0491876
0.0491978
0.0492152
0.0492383
0.049263
0.0492834
0.0492938
0.0492913
0.0492758
0.0492471
0.0492055
0.0491832
0.0493561
0.0495606
0.0495752
0.0495887
0.0496081
0.049626
0.0496364
0.0496386
0.0496343
0.049622
0.0495947
0.0495489
0.0494926
0.0494384
0.0493909
0.0493495
0.049319
0.0492815
0.0492244
0.0491624
0.0491095
0.0490694
0.0490411
0.049023
0.0490127
0.0490082
0.0490076
0.0490097
0.0490133
0.0490179
0.0490229
0.0490283
0.0490339
0.0490401
0.0490467
0.0490542
0.0490626
0.049072
0.0490826
0.0490944
0.0491077
0.0491217
0.0491366
0.0491521
0.0491683
0.0491851
0.0492025
0.0492203
0.0492383
0.0492563
0.0492736
0.0492892
0.0493013
0.0493072
0.0493036
0.0492863
0.0492526
0.0492039
0.0491491
0.0491056
0.0490968
0.0491415
0.0492348
0.0493305
0.0493718
0.0493748
0.0493724
0.0493688
0.0493649
0.0493609
0.0493568
0.0493523
0.0493473
0.0493416
0.0493351
0.0493276
0.049319
0.0493083
0.0492941
0.049277
0.0492578
0.0492377
0.049218
0.0492001
0.049185
0.0491737
0.0491673
0.0491667
0.0491729
0.0491866
0.049208
0.0492352
0.0492635
0.0492861
0.0492966
0.0492929
0.0492759
0.0492466
0.0492053
0.0491844
0.0493568
0.0495675
0.0495845
0.0495979
0.0496144
0.0496286
0.049637
0.0496392
0.049635
0.0496203
0.0495893
0.0495417
0.0494869
0.0494371
0.0493948
0.0493576
0.0493282
0.0492875
0.0492276
0.049165
0.0491119
0.049071
0.0490415
0.0490218
0.0490098
0.0490037
0.0490018
0.0490029
0.0490059
0.0490101
0.0490152
0.0490208
0.0490269
0.0490336
0.0490409
0.0490491
0.0490581
0.0490682
0.0490795
0.0490918
0.0491056
0.0491204
0.0491361
0.0491528
0.0491702
0.0491883
0.0492069
0.0492259
0.0492449
0.0492635
0.0492809
0.0492961
0.0493073
0.0493123
0.0493083
0.0492924
0.0492628
0.0492213
0.0491756
0.0491407
0.0491363
0.0491781
0.049264
0.0493492
0.0493827
0.0493871
0.0493841
0.0493789
0.0493725
0.0493656
0.0493583
0.0493504
0.049342
0.0493328
0.0493229
0.0493121
0.0493
0.0492854
0.0492675
0.0492477
0.049227
0.0492065
0.0491875
0.049171
0.049158
0.0491494
0.0491461
0.049149
0.0491591
0.0491772
0.0492031
0.0492347
0.0492666
0.0492906
0.0492998
0.049293
0.0492733
0.0492428
0.049202
0.0491841
0.0493558
0.0495737
0.0495928
0.0496055
0.049619
0.0496299
0.0496365
0.0496382
0.0496327
0.0496148
0.049581
0.0495345
0.0494832
0.0494389
0.0494024
0.049369
0.0493405
0.0492975
0.0492356
0.0491723
0.0491183
0.0490757
0.0490438
0.0490212
0.0490063
0.0489974
0.0489931
0.0489922
0.0489938
0.048997
0.0490014
0.0490067
0.0490128
0.0490197
0.0490274
0.0490359
0.0490455
0.0490562
0.0490681
0.0490812
0.0490956
0.0491114
0.049128
0.0491458
0.0491644
0.0491839
0.0492039
0.0492242
0.0492445
0.0492642
0.0492826
0.0492986
0.0493108
0.0493174
0.0493159
0.0493041
0.0492808
0.0492473
0.04921
0.0491811
0.0491772
0.0492147
0.0492917
0.0493566
0.0493849
0.049391
0.0493883
0.0493815
0.0493727
0.0493627
0.0493519
0.0493403
0.049328
0.049315
0.0493012
0.0492865
0.0492704
0.0492513
0.0492307
0.0492095
0.0491886
0.0491693
0.0491523
0.0491386
0.0491289
0.049124
0.0491248
0.0491322
0.0491472
0.0491703
0.0492015
0.049238
0.0492731
0.0492974
0.049303
0.0492908
0.0492667
0.0492345
0.0491946
0.0491821
0.0493543
0.0495745
0.0495989
0.049611
0.0496215
0.0496295
0.0496341
0.0496341
0.0496256
0.0496041
0.0495692
0.049526
0.0494813
0.0494436
0.0494135
0.0493838
0.0493567
0.0493127
0.0492497
0.0491856
0.0491301
0.0490848
0.0490494
0.0490228
0.0490037
0.0489907
0.0489826
0.0489785
0.0489773
0.0489784
0.0489812
0.0489855
0.0489909
0.0489974
0.0490049
0.0490136
0.0490234
0.0490344
0.0490468
0.0490606
0.0490757
0.0490923
0.0491099
0.0491289
0.0491489
0.0491699
0.0491916
0.0492137
0.0492359
0.0492577
0.0492785
0.0492972
0.0493126
0.0493231
0.0493268
0.0493214
0.0493058
0.0492805
0.0492501
0.0492246
0.0492192
0.0492531
0.0493086
0.0493523
0.0493737
0.0493797
0.0493769
0.049369
0.0493581
0.0493452
0.049331
0.0493157
0.0492996
0.0492827
0.0492651
0.0492467
0.0492268
0.0492048
0.0491831
0.0491623
0.0491431
0.0491264
0.0491129
0.0491032
0.0490981
0.0490981
0.0491043
0.0491174
0.0491382
0.0491674
0.0492046
0.0492462
0.049284
0.0493068
0.0493058
0.0492848
0.0492546
0.0492206
0.0491821
0.0491802
0.0493551
0.0495627
0.0495981
0.0496113
0.0496195
0.0496246
0.0496269
0.0496233
0.0496101
0.0495857
0.0495522
0.0495148
0.0494797
0.0494503
0.0494276
0.049402
0.0493773
0.0493342
0.0492713
0.0492068
0.0491496
0.0491013
0.0490616
0.0490299
0.0490052
0.0489866
0.0489731
0.0489641
0.0489586
0.048956
0.0489559
0.0489578
0.0489615
0.0489668
0.0489736
0.0489818
0.0489915
0.0490026
0.0490153
0.0490294
0.0490452
0.0490625
0.0490815
0.0491017
0.0491233
0.0491461
0.0491699
0.0491945
0.0492196
0.0492447
0.0492692
0.0492923
0.0493129
0.0493294
0.0493401
0.0493427
0.0493354
0.049318
0.0492933
0.049269
0.0492645
0.0492858
0.0493155
0.0493369
0.0493468
0.0493479
0.0493426
0.0493328
0.0493197
0.0493044
0.0492874
0.0492691
0.0492499
0.0492301
0.0492097
0.0491888
0.0491664
0.0491446
0.0491243
0.049106
0.0490904
0.0490781
0.0490696
0.0490655
0.0490663
0.0490728
0.0490858
0.0491059
0.0491339
0.0491702
0.049214
0.049261
0.0493004
0.0493192
0.0493067
0.0492727
0.0492349
0.0491999
0.0491591
0.0491877
0.0493601
0.049536
0.0495804
0.0495963
0.0496032
0.0496059
0.0496053
0.0495965
0.0495795
0.0495555
0.0495275
0.0494993
0.0494751
0.0494577
0.0494439
0.0494235
0.049403
0.0493634
0.0493028
0.0492392
0.0491811
0.04913
0.0490858
0.0490483
0.049017
0.0489913
0.0489708
0.0489548
0.0489428
0.0489345
0.0489293
0.048927
0.0489272
0.0489298
0.0489345
0.0489413
0.04895
0.0489607
0.0489733
0.0489878
0.0490041
0.0490224
0.0490425
0.0490643
0.0490877
0.0491127
0.0491392
0.0491669
0.0491956
0.049225
0.0492544
0.0492833
0.0493104
0.0493345
0.0493534
0.0493648
0.0493662
0.0493562
0.0493361
0.0493145
0.0493078
0.0493111
0.0493145
0.0493131
0.0493072
0.0492979
0.0492857
0.049271
0.0492544
0.049236
0.0492165
0.049196
0.049175
0.0491537
0.0491324
0.0491109
0.0490898
0.0490709
0.0490545
0.0490411
0.0490311
0.0490252
0.0490236
0.0490269
0.0490357
0.0490504
0.0490717
0.0491003
0.0491367
0.0491811
0.0492322
0.0492843
0.0493232
0.0493343
0.0493034
0.049251
0.0492045
0.0491601
0.0491441
0.0492151
0.049371
0.0494966
0.0495354
0.0495495
0.0495545
0.0495546
0.0495506
0.0495398
0.0495249
0.0495081
0.0494915
0.049477
0.0494664
0.0494618
0.0494607
0.049448
0.0494346
0.049403
0.0493483
0.0492881
0.0492311
0.0491788
0.0491313
0.0490885
0.0490504
0.0490169
0.0489878
0.048963
0.0489423
0.0489254
0.0489123
0.0489026
0.0488964
0.0488933
0.0488933
0.0488962
0.048902
0.0489105
0.0489218
0.0489356
0.048952
0.0489708
0.0489921
0.0490155
0.049041
0.0490686
0.0490981
0.0491295
0.0491625
0.0491968
0.049232
0.0492673
0.0493018
0.049334
0.0493618
0.0493826
0.0493928
0.0493898
0.0493742
0.0493567
0.0493437
0.0493278
0.0493075
0.0492846
0.0492612
0.0492383
0.0492158
0.0491933
0.0491709
0.0491484
0.0491258
0.0491034
0.0490813
0.0490599
0.0490393
0.0490196
0.0490028
0.048989
0.0489787
0.0489724
0.0489703
0.0489729
0.0489805
0.0489934
0.0490119
0.0490366
0.0490678
0.049106
0.0491514
0.0492041
0.0492624
0.0493183
0.0493527
0.0493512
0.049292
0.0492142
0.0491453
0.0491354
0.0491613
0.0492682
0.0493871
0.0494497
0.0494638
0.049465
0.0494627
0.0494584
0.0494514
0.0494461
0.0494429
0.0494419
0.0494433
0.0494471
0.0494533
0.0494626
0.0494747
0.0494779
0.0494774
0.0494606
0.049417
0.0493642
0.0493123
0.0492624
0.0492147
0.0491693
0.0491265
0.0490865
0.0490494
0.0490154
0.0489846
0.048957
0.0489329
0.0489123
0.0488952
0.0488817
0.048872
0.0488659
0.0488635
0.0488648
0.0488699
0.0488787
0.0488912
0.0489074
0.0489273
0.048951
0.0489775
0.049007
0.0490392
0.049074
0.0491112
0.0491506
0.0491916
0.0492336
0.0492758
0.0493167
0.0493542
0.049385
0.0494046
0.0494089
0.049399
0.0493849
0.0493623
0.0493292
0.0492897
0.0492487
0.0492095
0.0491732
0.0491399
0.0491091
0.0490803
0.0490531
0.0490275
0.0490035
0.0489812
0.0489608
0.0489428
0.0489285
0.0489184
0.0489127
0.0489117
0.0489155
0.0489243
0.0489382
0.0489574
0.0489819
0.0490119
0.0490473
0.0490885
0.0491355
0.0491884
0.049247
0.0493091
0.0493643
0.0493866
0.0493681
0.0492715
0.0491433
0.0491474
0.0491599
0.0492061
0.0494266
0.0494156
0.0494243
0.049409
0.0493939
0.0493846
0.0493795
0.0493779
0.0493807
0.0493878
0.0493989
0.0494134
0.0494306
0.0494498
0.0494707
0.049493
0.0495345
0.0495675
0.049569
0.0495389
0.0494976
0.0494563
0.0494157
0.0493751
0.0493346
0.0492947
0.0492554
0.0492172
0.0491802
0.0491446
0.0491107
0.0490787
0.049049
0.0490217
0.0489971
0.0489755
0.048957
0.0489418
0.0489302
0.0489224
0.0489184
0.0489185
0.0489228
0.0489314
0.0489446
0.0489623
0.0489844
0.0490109
0.0490417
0.0490765
0.049115
0.0491566
0.0492008
0.0492466
0.0492926
0.0493366
0.0493744
0.0494007
0.049411
0.0494077
0.0493954
0.0493658
0.0493222
0.0492715
0.0492203
0.0491724
0.0491294
0.0490915
0.049058
0.0490285
0.0490025
0.0489799
0.0489605
0.0489446
0.0489324
0.0489244
0.0489207
0.0489215
0.0489269
0.0489369
0.0489515
0.0489708
0.0489946
0.0490229
0.0490556
0.0490924
0.0491332
0.049178
0.0492264
0.0492782
0.0493326
0.0493866
0.049426
0.0494204
0.049395
0.0493819
0.0493674
0.0493545
0.0493542
0.0494154
0.049722
)
;

boundaryField
{
    floor
    {
        type            fixedFluxPressure;
        gradient        uniform 0;
        value           nonuniform List<scalar> 
100
(
0.0492182
0.0492349
0.0492284
0.0492219
0.0492231
0.0492077
0.0491952
0.049197
0.0492051
0.0492143
0.0492222
0.0492284
0.0492337
0.0492384
0.049243
0.0492476
0.0492524
0.0492576
0.0492632
0.0492695
0.0492765
0.049284
0.0492918
0.0492994
0.0493065
0.0493123
0.0493168
0.0493198
0.0493215
0.0493219
0.0493217
0.0493214
0.0493194
0.0493155
0.0493102
0.0493041
0.0492977
0.0492912
0.0492849
0.049279
0.0492735
0.0492687
0.0492646
0.0492613
0.0492588
0.0492568
0.0492555
0.0492548
0.0492545
0.0492545
0.0492549
0.0492555
0.0492563
0.0492572
0.0492584
0.0492601
0.0492619
0.0492636
0.0492645
0.0492635
0.0492576
0.0492444
0.0492309
0.0492268
0.0492444
0.0492263
0.0492236
0.0492334
0.0492488
0.049259
0.0492627
0.0492639
0.0492649
0.0492665
0.0492686
0.049271
0.0492733
0.0492757
0.0492779
0.0492799
0.0492817
0.0492829
0.0492834
0.0492828
0.0492815
0.0492787
0.0492736
0.0492661
0.0492561
0.049244
0.0492308
0.0492176
0.049206
0.0491973
0.0491923
0.0491912
0.0491935
0.0491985
0.049206
0.0492165
)
;
    }
    ceiling
    {
        type            fixedFluxPressure;
        gradient        nonuniform List<scalar> 
100
(
0.588954
0.583372
0.580583
0.579074
0.57833
0.578137
0.578249
0.578319
0.578329
0.578249
0.578028
0.577574
0.576703
0.575067
0.572392
0.564362
0.557009
0.556003
0.561163
0.56826
0.574986
0.58122
0.58711
0.592648
0.597808
0.602587
0.606996
0.611048
0.614754
0.618126
0.621172
0.623901
0.62632
0.628435
0.630254
0.631783
0.63303
0.634005
0.634717
0.635176
0.635395
0.635386
0.635161
0.634735
0.634125
0.633371
0.632515
0.631598
0.630656
0.629723
0.62883
0.628003
0.627265
0.626634
0.626124
0.625747
0.625539
0.625567
0.626278
0.626435
0.626268
0.625984
0.625752
0.625657
0.625714
0.625904
0.626197
0.626562
0.626973
0.627403
0.62783
0.628224
0.628556
0.628785
0.628856
0.628738
0.62841
0.627847
0.627019
0.625894
0.624432
0.622592
0.620325
0.617573
0.614274
0.610355
0.605734
0.600317
0.594017
0.58682
0.579171
0.57366
0.57612
0.581031
0.582501
0.584715
0.586931
0.586787
0.574038
0.511449
)
;
        value           nonuniform List<scalar> 
100
(
0.0523604
0.0523411
0.0523119
0.0522892
0.0522762
0.0522702
0.0522691
0.0522723
0.0522795
0.0522902
0.0523035
0.0523184
0.0523333
0.0523461
0.0523549
0.0523563
0.0523525
0.0523491
0.0523447
0.0523389
0.0523312
0.0523218
0.0523106
0.0522979
0.0522837
0.0522684
0.0522522
0.0522354
0.0522183
0.0522013
0.0521846
0.0521685
0.0521533
0.0521393
0.0521267
0.0521159
0.052107
0.0521003
0.052096
0.0520943
0.0520955
0.0520997
0.0521072
0.0521183
0.0521329
0.0521513
0.0521735
0.0521997
0.0522298
0.0522636
0.0523008
0.0523408
0.0523829
0.0524258
0.0524672
0.0525032
0.0525284
0.0525388
0.0525391
0.0525276
0.0524972
0.0524521
0.0524003
0.0523486
0.052301
0.0522589
0.0522224
0.0521908
0.0521634
0.0521396
0.052119
0.0521016
0.0520874
0.0520764
0.0520687
0.0520644
0.0520636
0.0520661
0.052072
0.052081
0.052093
0.0521076
0.0521246
0.0521434
0.0521637
0.052185
0.0522066
0.052228
0.0522483
0.0522667
0.0522824
0.0522943
0.052301
0.0523001
0.0522944
0.0522909
0.0522892
0.0522881
0.0522856
0.0522793
)
;
    }
    fixedWalls
    {
        type            fixedFluxPressure;
        gradient        uniform 0;
        value           nonuniform List<scalar> 
100
(
0.0492182
0.0492154
0.0492188
0.0492301
0.0492409
0.0492459
0.0492448
0.0492379
0.0492264
0.0492124
0.0491975
0.049183
0.0491696
0.0491574
0.0491464
0.049136
0.0491256
0.049115
0.0491046
0.0490947
0.0490851
0.049076
0.0490675
0.0490604
0.049056
0.0490562
0.0490633
0.0490788
0.0491043
0.0491412
0.0491825
0.0492211
0.0492539
0.0492802
0.0493009
0.0493168
0.0493291
0.0493384
0.0493454
0.0493504
0.049354
0.0493561
0.0493568
0.0493558
0.0493543
0.0493551
0.0493601
0.049371
0.0493871
0.0494156
0.0492165
0.0492135
0.0491908
0.0491602
0.0491299
0.049102
0.0490772
0.0490556
0.049037
0.049021
0.0490068
0.0489959
0.0489907
0.0489938
0.0490062
0.0490264
0.0490556
0.0491565
0.0493171
0.0493207
0.0493005
0.0492828
0.049267
0.0492527
0.0492396
0.0492275
0.0492165
0.0492065
0.0491976
0.0491898
0.0491834
0.0491782
0.0491745
0.0491722
0.0491712
0.0491715
0.0491729
0.0491752
0.049178
0.0491808
0.0491832
0.0491844
0.0491841
0.0491821
0.0491802
0.0491877
0.0492151
0.0492682
0.0494266
0.049722
)
;
    }
    frontAndBack
    {
        type            empty;
    }
}


// ************************************************************************* //
