/*--------------------------------*- C++ -*----------------------------------*\
| =========                 |                                                 |
| \\      /  F ield         | OpenFOAM: The Open Source CFD Toolbox           |
|  \\    /   O peration     | Version:  4.1                                   |
|   \\  /    A nd           | Web:      www.OpenFOAM.org                      |
|    \\/     M anipulation  |                                                 |
\*---------------------------------------------------------------------------*/
FoamFile
{
    version     2.0;
    format      ascii;
    class       volScalarField;
    location    "560";
    object      p_rgh;
}
// * * * * * * * * * * * * * * * * * * * * * * * * * * * * * * * * * * * * * //

dimensions      [0 2 -2 0 0 0 0];

internalField   nonuniform List<scalar> 
5000
(
0.049232
0.0492457
0.0492462
0.0492404
0.0492329
0.049226
0.0492202
0.0492151
0.0492102
0.0492049
0.0491985
0.0491902
0.0491803
0.0491703
0.0491616
0.0491552
0.0491514
0.0491505
0.0491525
0.0491575
0.0491638
0.0491689
0.0491724
0.0491747
0.0491762
0.0491773
0.0491779
0.0491781
0.0491778
0.049177
0.0491754
0.049173
0.0491698
0.049166
0.0491616
0.0491571
0.0491526
0.0491484
0.0491447
0.0491419
0.0491399
0.0491386
0.0491381
0.0491383
0.0491392
0.0491408
0.0491432
0.0491465
0.0491508
0.0491566
0.0491647
0.0491689
0.0491745
0.0491739
0.0491737
0.0491729
0.0491716
0.0491697
0.0491671
0.049164
0.0491602
0.0491559
0.0491512
0.0491461
0.0491406
0.0491351
0.0491297
0.0491245
0.0491197
0.0491157
0.0491126
0.0491106
0.04911
0.0491107
0.049113
0.049117
0.0491226
0.0491297
0.0491383
0.0491484
0.0491597
0.0491723
0.049186
0.0492007
0.0492162
0.0492324
0.0492488
0.0492651
0.0492809
0.0492952
0.0493069
0.0493142
0.0493155
0.0493122
0.0493042
0.0492912
0.0492781
0.04927
0.0492683
0.0492737
0.049226
0.0492543
0.0492529
0.0492503
0.0492479
0.0492463
0.0492455
0.0492453
0.0492453
0.0492452
0.0492442
0.0492411
0.049234
0.0492228
0.0492121
0.0492054
0.049205
0.0492116
0.0492236
0.0492343
0.0492388
0.0492402
0.04924
0.0492389
0.0492374
0.0492357
0.0492338
0.0492317
0.0492295
0.049227
0.0492242
0.0492211
0.0492177
0.0492141
0.0492106
0.0492075
0.0492051
0.0492036
0.049203
0.0492027
0.0492024
0.0492022
0.049202
0.049202
0.0492022
0.0492026
0.0492034
0.0492045
0.0492054
0.0492038
0.0491942
0.0491715
0.0491976
0.049217
0.0492225
0.0492223
0.0492203
0.0492174
0.0492138
0.0492096
0.0492049
0.0491997
0.0491941
0.0491881
0.0491819
0.0491756
0.0491693
0.0491632
0.0491576
0.0491526
0.0491484
0.0491453
0.0491433
0.0491426
0.0491433
0.0491454
0.049149
0.0491543
0.0491612
0.0491696
0.0491794
0.0491905
0.0492027
0.0492159
0.04923
0.0492446
0.0492596
0.0492744
0.0492886
0.0493015
0.0493118
0.0493181
0.0493193
0.049316
0.0493097
0.0493009
0.0492931
0.0492876
0.0492789
0.0492661
0.0492155
0.0492483
0.0492466
0.0492441
0.0492429
0.0492424
0.0492426
0.0492432
0.049244
0.0492448
0.0492454
0.0492458
0.0492455
0.0492436
0.049241
0.0492405
0.0492431
0.0492474
0.0492497
0.049248
0.0492449
0.0492418
0.0492389
0.0492364
0.0492343
0.0492324
0.0492306
0.0492287
0.0492268
0.0492245
0.0492219
0.049219
0.0492156
0.049212
0.0492083
0.0492051
0.0492024
0.0492008
0.0492004
0.0492013
0.0492034
0.0492066
0.0492104
0.0492146
0.049219
0.0492234
0.0492276
0.0492311
0.0492326
0.0492274
0.0492021
0.0491472
0.0491994
0.0492406
0.0492518
0.0492527
0.0492504
0.0492465
0.0492415
0.0492357
0.0492291
0.0492219
0.0492141
0.0492058
0.0491972
0.0491883
0.0491794
0.0491707
0.0491625
0.0491551
0.0491486
0.0491435
0.0491398
0.0491377
0.0491374
0.0491389
0.0491422
0.0491473
0.0491541
0.0491623
0.0491719
0.0491826
0.0491945
0.0492072
0.0492207
0.0492348
0.0492491
0.0492632
0.0492768
0.049289
0.0492988
0.0493052
0.0493072
0.0493047
0.0492993
0.0492924
0.0492865
0.0492846
0.0492757
0.0492436
0.0492068
0.0492435
0.0492411
0.0492382
0.0492376
0.0492378
0.0492386
0.0492397
0.0492409
0.049242
0.0492428
0.0492435
0.0492444
0.0492454
0.0492466
0.0492478
0.0492486
0.0492476
0.0492445
0.0492407
0.0492375
0.0492353
0.0492338
0.0492326
0.0492314
0.0492302
0.0492288
0.0492272
0.0492254
0.0492233
0.0492208
0.0492179
0.0492145
0.0492108
0.0492071
0.0492036
0.0492007
0.0491987
0.0491979
0.0491984
0.0492003
0.0492036
0.0492081
0.0492136
0.0492198
0.0492264
0.0492329
0.0492385
0.0492411
0.0492339
0.0491952
0.0491075
0.0491877
0.0492511
0.0492679
0.0492698
0.049267
0.049262
0.0492555
0.0492479
0.0492394
0.0492301
0.0492201
0.0492096
0.0491987
0.0491877
0.0491768
0.0491663
0.0491565
0.0491477
0.0491402
0.0491343
0.04913
0.0491276
0.0491271
0.0491285
0.0491318
0.0491369
0.0491435
0.0491516
0.0491609
0.0491714
0.0491828
0.049195
0.0492078
0.0492212
0.0492348
0.0492482
0.0492612
0.0492729
0.0492827
0.0492895
0.0492927
0.049292
0.0492882
0.0492832
0.0492801
0.0492792
0.0492701
0.0492199
0.0492006
0.0492407
0.0492372
0.0492336
0.0492333
0.0492334
0.0492345
0.0492359
0.049237
0.0492382
0.0492383
0.0492381
0.0492378
0.0492375
0.0492374
0.0492373
0.0492369
0.0492364
0.0492363
0.0492365
0.0492363
0.0492357
0.0492346
0.0492332
0.0492315
0.0492298
0.049228
0.0492261
0.049224
0.0492218
0.0492192
0.0492163
0.0492131
0.0492095
0.0492058
0.0492023
0.0491994
0.0491973
0.0491962
0.0491964
0.0491978
0.0492006
0.0492047
0.0492099
0.0492161
0.0492231
0.0492304
0.049237
0.0492404
0.049232
0.0491821
0.0490637
0.0491712
0.0492542
0.0492756
0.0492782
0.0492749
0.0492688
0.0492609
0.0492517
0.0492414
0.0492303
0.0492185
0.0492062
0.0491936
0.049181
0.0491686
0.0491568
0.049146
0.0491363
0.0491282
0.0491218
0.0491173
0.0491147
0.0491143
0.0491158
0.0491193
0.0491245
0.0491312
0.0491391
0.0491483
0.0491583
0.0491692
0.0491808
0.049193
0.0492056
0.0492183
0.049231
0.0492433
0.0492547
0.0492646
0.0492722
0.0492769
0.0492785
0.0492774
0.0492749
0.049274
0.0492755
0.0492664
0.0492001
0.0491968
0.0492405
0.0492353
0.0492312
0.04923
0.0492298
0.0492304
0.0492311
0.0492306
0.049229
0.0492282
0.0492278
0.0492281
0.0492291
0.0492309
0.0492334
0.0492361
0.0492387
0.0492399
0.0492396
0.0492384
0.0492366
0.0492344
0.0492321
0.0492298
0.0492275
0.0492252
0.0492229
0.0492206
0.0492183
0.0492158
0.0492131
0.0492101
0.0492069
0.0492035
0.0492003
0.0491975
0.0491955
0.0491944
0.0491943
0.0491954
0.0491977
0.0492011
0.0492057
0.0492114
0.0492179
0.049225
0.0492318
0.0492356
0.0492266
0.0491671
0.0490204
0.0491536
0.0492534
0.0492781
0.049281
0.0492771
0.0492699
0.0492608
0.0492502
0.0492385
0.0492258
0.0492125
0.0491986
0.0491846
0.0491706
0.0491571
0.0491442
0.0491325
0.0491222
0.0491136
0.049107
0.0491024
0.0491
0.0490999
0.0491019
0.0491057
0.0491112
0.049118
0.049126
0.0491349
0.0491446
0.049155
0.0491659
0.0491773
0.049189
0.0492009
0.0492128
0.0492245
0.0492355
0.0492455
0.049254
0.0492605
0.0492648
0.0492669
0.0492676
0.0492682
0.0492778
0.0492663
0.0491848
0.0491944
0.0492426
0.0492354
0.0492306
0.0492281
0.0492265
0.0492251
0.0492239
0.0492237
0.0492243
0.0492252
0.0492266
0.0492289
0.0492319
0.0492354
0.0492388
0.0492412
0.0492418
0.0492411
0.0492395
0.0492372
0.0492345
0.0492317
0.0492288
0.049226
0.0492233
0.0492206
0.0492181
0.0492157
0.0492133
0.0492108
0.0492084
0.0492058
0.0492031
0.0492003
0.0491976
0.0491951
0.0491933
0.0491922
0.049192
0.0491928
0.0491946
0.0491975
0.0492014
0.0492063
0.0492122
0.0492187
0.0492252
0.0492292
0.04922
0.0491508
0.0489795
0.0491355
0.0492503
0.0492774
0.0492801
0.0492755
0.0492674
0.0492572
0.0492453
0.0492323
0.0492183
0.0492035
0.0491884
0.049173
0.0491579
0.0491432
0.0491296
0.0491172
0.0491064
0.0490976
0.0490911
0.0490868
0.0490849
0.0490854
0.0490882
0.0490926
0.0490985
0.0491056
0.0491135
0.0491222
0.0491315
0.0491413
0.0491515
0.049162
0.0491728
0.0491838
0.0491948
0.0492057
0.0492164
0.0492265
0.0492358
0.049244
0.0492509
0.0492564
0.0492609
0.0492662
0.0492784
0.0492671
0.0491728
0.0491923
0.0492461
0.0492371
0.0492315
0.049228
0.0492258
0.0492249
0.0492252
0.0492262
0.0492277
0.0492299
0.0492326
0.0492356
0.0492385
0.0492408
0.0492417
0.0492416
0.0492405
0.0492388
0.0492364
0.0492337
0.0492306
0.0492274
0.0492241
0.0492209
0.0492179
0.0492149
0.0492121
0.0492095
0.049207
0.0492046
0.0492024
0.0492003
0.0491983
0.0491963
0.0491943
0.0491924
0.0491908
0.0491898
0.0491894
0.0491899
0.0491913
0.0491936
0.0491969
0.0492011
0.0492063
0.0492122
0.0492183
0.0492221
0.049213
0.0491364
0.0489401
0.0491166
0.0492455
0.0492745
0.0492769
0.0492715
0.0492624
0.0492511
0.0492381
0.0492238
0.0492086
0.0491926
0.0491761
0.0491596
0.0491434
0.0491279
0.0491136
0.0491007
0.0490899
0.0490813
0.0490751
0.0490716
0.0490707
0.0490722
0.0490759
0.0490811
0.0490875
0.0490948
0.0491027
0.0491112
0.04912
0.0491291
0.0491385
0.0491482
0.049158
0.049168
0.0491781
0.0491882
0.0491983
0.0492082
0.049218
0.0492276
0.0492368
0.0492457
0.0492544
0.0492637
0.0492729
0.0492733
0.0491645
0.0491897
0.0492496
0.0492396
0.0492342
0.0492314
0.0492305
0.0492307
0.0492315
0.049233
0.0492349
0.049237
0.049239
0.0492404
0.0492409
0.0492406
0.0492398
0.0492387
0.049237
0.0492349
0.0492323
0.0492292
0.0492258
0.0492223
0.0492187
0.0492152
0.0492118
0.0492085
0.0492054
0.0492025
0.0491999
0.0491974
0.0491954
0.0491938
0.0491926
0.0491917
0.0491906
0.0491895
0.0491884
0.0491875
0.049187
0.0491871
0.049188
0.0491897
0.0491923
0.0491959
0.0492005
0.0492058
0.0492113
0.0492149
0.0492059
0.0491257
0.0489011
0.0490962
0.0492394
0.0492702
0.0492721
0.0492658
0.0492558
0.0492434
0.0492293
0.0492138
0.0491974
0.0491802
0.0491626
0.0491451
0.049128
0.0491118
0.049097
0.0490841
0.0490734
0.0490654
0.0490601
0.0490577
0.0490582
0.0490611
0.0490659
0.0490719
0.0490788
0.0490863
0.0490941
0.0491022
0.0491105
0.049119
0.0491276
0.0491363
0.0491452
0.0491543
0.0491634
0.0491726
0.049182
0.0491915
0.0492014
0.0492118
0.0492228
0.0492345
0.0492472
0.0492606
0.0492738
0.0492841
0.0491587
0.0491863
0.0492522
0.0492425
0.0492385
0.0492374
0.0492373
0.0492378
0.0492387
0.0492398
0.0492407
0.0492411
0.0492409
0.04924
0.0492387
0.0492374
0.0492362
0.0492349
0.0492332
0.049231
0.0492282
0.0492248
0.0492211
0.0492171
0.0492131
0.0492091
0.0492053
0.0492016
0.0491982
0.0491951
0.0491922
0.0491897
0.0491877
0.0491865
0.0491861
0.0491862
0.0491864
0.0491863
0.049186
0.0491853
0.0491847
0.0491845
0.0491848
0.0491858
0.0491878
0.0491907
0.0491948
0.0491996
0.0492045
0.0492077
0.049199
0.0491183
0.0488624
0.0490735
0.049232
0.049265
0.0492664
0.0492592
0.0492481
0.0492347
0.0492194
0.0492028
0.0491852
0.0491669
0.0491483
0.0491299
0.0491121
0.0490955
0.0490805
0.0490678
0.0490578
0.0490507
0.0490467
0.0490459
0.0490479
0.0490523
0.0490582
0.049065
0.0490723
0.0490799
0.0490876
0.0490952
0.0491029
0.0491107
0.0491185
0.0491264
0.0491345
0.0491426
0.0491509
0.0491593
0.049168
0.0491769
0.0491865
0.049197
0.0492088
0.0492224
0.0492382
0.0492559
0.0492759
0.0492965
0.0491543
0.0491819
0.049254
0.0492457
0.0492436
0.049243
0.0492433
0.0492437
0.0492439
0.0492436
0.0492425
0.0492408
0.0492387
0.0492366
0.049235
0.0492338
0.0492329
0.0492319
0.0492305
0.0492283
0.0492252
0.0492213
0.0492168
0.0492123
0.0492077
0.0492031
0.0491988
0.0491947
0.0491909
0.0491874
0.0491843
0.0491816
0.0491796
0.0491786
0.0491788
0.0491799
0.0491813
0.0491826
0.0491833
0.0491834
0.0491828
0.0491821
0.0491818
0.0491821
0.0491833
0.0491856
0.0491892
0.0491936
0.049198
0.0492008
0.0491924
0.0491124
0.048826
0.0490468
0.0492234
0.0492592
0.0492601
0.049252
0.0492399
0.0492253
0.049209
0.0491912
0.0491725
0.0491532
0.0491337
0.0491146
0.0490963
0.0490794
0.0490646
0.0490524
0.0490432
0.0490374
0.049035
0.0490359
0.0490396
0.0490454
0.0490523
0.0490599
0.0490675
0.049075
0.0490823
0.0490895
0.0490965
0.0491036
0.0491107
0.049118
0.0491254
0.0491329
0.0491406
0.0491484
0.0491564
0.0491648
0.0491737
0.0491837
0.0491954
0.0492095
0.0492267
0.0492474
0.0492716
0.0492968
0.049149
0.049177
0.0492557
0.049249
0.0492473
0.0492473
0.0492476
0.0492473
0.0492461
0.0492438
0.0492409
0.0492377
0.0492349
0.0492329
0.0492319
0.0492316
0.0492315
0.049231
0.0492298
0.0492274
0.0492237
0.0492187
0.0492134
0.049208
0.0492027
0.0491974
0.0491925
0.0491878
0.0491836
0.0491798
0.0491764
0.0491735
0.0491714
0.0491704
0.0491709
0.0491726
0.0491753
0.049178
0.0491802
0.0491812
0.049181
0.0491801
0.0491791
0.0491786
0.0491789
0.0491806
0.0491837
0.0491878
0.0491919
0.0491942
0.0491862
0.0491087
0.0487951
0.0490108
0.0492132
0.049253
0.0492536
0.0492446
0.0492314
0.0492158
0.0491983
0.0491795
0.0491598
0.0491395
0.0491193
0.0490995
0.0490808
0.0490639
0.0490494
0.0490379
0.0490298
0.0490254
0.0490246
0.0490273
0.0490327
0.0490398
0.0490478
0.0490559
0.0490636
0.0490708
0.0490776
0.0490841
0.0490906
0.049097
0.0491035
0.0491103
0.0491172
0.0491244
0.0491318
0.0491394
0.0491471
0.0491551
0.0491634
0.0491726
0.0491833
0.0491965
0.0492135
0.0492348
0.04926
0.0492827
0.0491409
0.0491719
0.0492571
0.0492509
0.0492499
0.0492502
0.04925
0.0492485
0.0492455
0.0492416
0.0492375
0.0492339
0.0492315
0.0492305
0.0492308
0.0492317
0.0492325
0.0492324
0.049231
0.049228
0.049223
0.0492166
0.0492102
0.049204
0.0491978
0.0491919
0.0491863
0.0491812
0.0491765
0.0491723
0.0491686
0.0491655
0.0491632
0.0491621
0.0491625
0.0491646
0.049168
0.0491722
0.0491759
0.0491785
0.0491792
0.0491783
0.0491767
0.0491753
0.0491747
0.0491756
0.0491782
0.0491821
0.049186
0.0491879
0.0491806
0.0491071
0.0487741
0.0489621
0.0492008
0.0492465
0.0492471
0.0492373
0.0492231
0.0492064
0.0491879
0.0491681
0.0491474
0.0491263
0.0491053
0.049085
0.0490661
0.0490493
0.0490352
0.0490244
0.0490174
0.0490144
0.0490153
0.0490197
0.0490267
0.0490353
0.0490441
0.0490525
0.04906
0.0490666
0.0490727
0.0490784
0.0490841
0.04909
0.0490961
0.0491025
0.0491093
0.0491165
0.0491239
0.0491316
0.0491395
0.0491474
0.0491554
0.0491637
0.049173
0.0491845
0.0491999
0.0492203
0.0492465
0.049269
0.0491309
0.0491663
0.0492575
0.049252
0.0492514
0.0492517
0.0492505
0.0492475
0.0492431
0.0492382
0.0492338
0.0492307
0.0492296
0.0492303
0.0492322
0.0492342
0.0492354
0.0492352
0.0492332
0.049229
0.0492219
0.0492139
0.0492064
0.0491992
0.0491924
0.0491859
0.0491799
0.0491744
0.0491693
0.0491648
0.0491608
0.0491575
0.0491551
0.0491537
0.0491539
0.0491559
0.0491597
0.0491648
0.0491702
0.0491745
0.0491767
0.0491764
0.0491746
0.0491724
0.0491707
0.0491706
0.0491727
0.0491764
0.0491803
0.049182
0.0491754
0.0491074
0.0487649
0.0489066
0.0491765
0.0492397
0.0492409
0.0492303
0.0492152
0.0491975
0.049178
0.0491572
0.0491356
0.0491137
0.0490921
0.0490715
0.0490524
0.0490356
0.0490219
0.0490118
0.0490058
0.0490041
0.0490066
0.0490127
0.0490215
0.0490314
0.0490409
0.0490493
0.0490561
0.0490618
0.0490668
0.0490716
0.0490765
0.0490819
0.0490877
0.049094
0.049101
0.0491085
0.0491164
0.0491247
0.049133
0.0491413
0.0491493
0.0491571
0.0491652
0.0491745
0.0491873
0.0492056
0.0492331
0.0492563
0.0491203
0.0491604
0.0492572
0.0492523
0.049252
0.0492517
0.0492494
0.0492451
0.0492396
0.0492344
0.0492306
0.0492289
0.0492297
0.0492324
0.0492355
0.0492379
0.049239
0.0492381
0.0492348
0.0492289
0.0492194
0.0492096
0.0492009
0.0491929
0.0491856
0.0491788
0.0491726
0.0491669
0.0491617
0.0491571
0.049153
0.0491495
0.0491469
0.0491453
0.0491452
0.0491469
0.0491505
0.0491561
0.0491627
0.0491688
0.049173
0.049174
0.0491724
0.0491695
0.0491669
0.0491657
0.049167
0.0491705
0.0491745
0.0491764
0.0491706
0.0491095
0.0487674
0.0488562
0.0491279
0.0492326
0.049235
0.0492239
0.0492079
0.0491893
0.0491688
0.0491472
0.0491248
0.0491022
0.0490801
0.0490591
0.0490398
0.0490231
0.0490096
0.049
0.0489948
0.0489943
0.0489984
0.0490064
0.0490169
0.0490281
0.0490381
0.0490459
0.0490516
0.0490559
0.0490595
0.0490632
0.0490674
0.0490722
0.0490779
0.0490845
0.0490919
0.0491001
0.0491089
0.0491181
0.0491274
0.0491364
0.0491448
0.0491525
0.0491596
0.0491669
0.0491768
0.0491921
0.0492205
0.0492439
0.0491098
0.0491542
0.0492564
0.049252
0.0492516
0.0492505
0.049247
0.0492416
0.0492358
0.0492311
0.0492286
0.0492289
0.0492318
0.0492359
0.0492395
0.0492418
0.0492421
0.04924
0.0492351
0.0492272
0.0492149
0.0492032
0.0491933
0.0491846
0.049177
0.0491701
0.049164
0.0491584
0.0491533
0.0491487
0.0491447
0.0491412
0.0491385
0.0491368
0.0491363
0.0491376
0.0491408
0.0491463
0.0491536
0.0491612
0.0491673
0.0491702
0.0491696
0.0491666
0.0491631
0.0491608
0.0491612
0.0491644
0.0491687
0.0491709
0.0491661
0.0491125
0.0487811
0.0488134
0.0490635
0.0492194
0.0492295
0.0492182
0.0492015
0.049182
0.0491607
0.0491382
0.0491151
0.049092
0.0490694
0.0490481
0.0490286
0.0490119
0.0489985
0.0489892
0.0489847
0.0489852
0.0489908
0.0490008
0.0490132
0.0490256
0.0490356
0.0490422
0.0490461
0.0490485
0.0490506
0.049053
0.0490564
0.0490608
0.0490666
0.0490736
0.0490818
0.0490911
0.0491012
0.0491118
0.0491224
0.0491325
0.0491416
0.0491495
0.0491561
0.0491619
0.049169
0.0491808
0.0492092
0.0492315
0.0490995
0.0491478
0.0492551
0.049251
0.0492503
0.0492482
0.0492436
0.0492376
0.049232
0.0492284
0.0492278
0.0492303
0.049235
0.0492397
0.0492432
0.0492448
0.049244
0.0492405
0.0492338
0.0492235
0.0492085
0.0491948
0.0491837
0.0491745
0.0491666
0.0491599
0.0491539
0.0491486
0.0491439
0.0491396
0.0491357
0.0491324
0.0491297
0.0491279
0.0491272
0.049128
0.0491307
0.0491357
0.0491429
0.0491516
0.0491596
0.0491647
0.0491656
0.0491632
0.0491593
0.049156
0.0491553
0.0491579
0.0491624
0.0491653
0.0491617
0.0491161
0.0488049
0.0487811
0.048998
0.0491827
0.049224
0.0492133
0.049196
0.0491758
0.0491538
0.0491307
0.049107
0.0490833
0.0490604
0.0490387
0.0490191
0.0490023
0.0489889
0.0489798
0.0489757
0.0489771
0.0489843
0.0489963
0.0490107
0.049024
0.0490333
0.0490381
0.0490396
0.0490397
0.0490399
0.049041
0.0490436
0.0490478
0.0490538
0.0490615
0.0490708
0.0490815
0.0490933
0.0491056
0.0491179
0.0491295
0.0491397
0.0491481
0.0491545
0.0491592
0.049164
0.049172
0.0491997
0.049219
0.0490894
0.0491411
0.0492534
0.0492494
0.0492482
0.0492451
0.0492396
0.0492334
0.0492286
0.0492266
0.0492281
0.0492326
0.0492384
0.0492431
0.0492459
0.0492465
0.0492446
0.0492397
0.0492311
0.0492183
0.0492006
0.0491847
0.0491725
0.0491628
0.0491549
0.0491483
0.0491427
0.0491379
0.0491335
0.0491296
0.0491261
0.049123
0.0491205
0.0491186
0.0491178
0.0491182
0.0491203
0.0491245
0.0491313
0.0491402
0.0491497
0.0491569
0.04916
0.0491589
0.0491552
0.0491511
0.0491493
0.0491511
0.0491557
0.0491595
0.0491573
0.0491195
0.0488367
0.0487603
0.0489346
0.049127
0.0492137
0.0492089
0.0491914
0.0491707
0.0491482
0.0491245
0.0491003
0.0490763
0.0490531
0.0490312
0.0490115
0.0489946
0.0489812
0.0489721
0.0489683
0.0489707
0.0489794
0.0489935
0.0490097
0.0490233
0.0490311
0.0490332
0.0490318
0.0490294
0.0490277
0.0490275
0.0490293
0.0490334
0.0490397
0.0490483
0.049059
0.0490714
0.0490852
0.0490997
0.0491141
0.0491275
0.0491392
0.0491483
0.0491548
0.0491586
0.0491617
0.0491663
0.049192
0.0492068
0.0490807
0.0491341
0.0492513
0.0492473
0.0492453
0.0492412
0.0492352
0.0492292
0.0492256
0.0492256
0.0492292
0.0492352
0.0492412
0.0492454
0.0492473
0.0492469
0.0492441
0.0492378
0.0492272
0.049212
0.0491917
0.0491736
0.0491603
0.0491501
0.0491422
0.049136
0.0491309
0.0491265
0.0491227
0.0491192
0.049116
0.0491131
0.0491107
0.0491089
0.0491079
0.049108
0.0491095
0.049113
0.0491189
0.0491276
0.0491378
0.049147
0.0491525
0.0491533
0.0491504
0.0491461
0.0491433
0.0491442
0.0491486
0.0491533
0.0491528
0.0491225
0.0488739
0.0487519
0.0488786
0.0490641
0.049184
0.0492042
0.0491878
0.0491668
0.0491439
0.0491198
0.0490953
0.0490711
0.0490477
0.0490257
0.049006
0.048989
0.0489756
0.0489667
0.0489633
0.0489665
0.0489767
0.0489926
0.04901
0.0490233
0.0490288
0.0490275
0.0490228
0.0490177
0.0490141
0.0490127
0.0490139
0.049018
0.0490248
0.0490344
0.0490465
0.0490609
0.049077
0.0490941
0.049111
0.0491267
0.04914
0.0491502
0.049157
0.0491604
0.0491618
0.0491641
0.0491865
0.0491967
0.0490748
0.0491269
0.0492488
0.0492446
0.0492419
0.0492369
0.0492305
0.0492251
0.049223
0.049225
0.0492305
0.0492374
0.049243
0.0492463
0.0492474
0.0492464
0.0492427
0.0492352
0.0492226
0.0492049
0.0491823
0.0491619
0.0491474
0.0491369
0.0491293
0.0491236
0.049119
0.0491151
0.0491116
0.0491085
0.0491055
0.0491028
0.0491004
0.0490986
0.0490974
0.0490972
0.0490983
0.049101
0.0491061
0.049114
0.0491244
0.049135
0.0491429
0.049146
0.0491445
0.0491406
0.0491372
0.0491371
0.0491412
0.0491466
0.049148
0.0491247
0.0489136
0.0487558
0.0488325
0.0489989
0.0491368
0.0491926
0.0491848
0.049164
0.0491409
0.0491166
0.049092
0.0490677
0.0490442
0.0490223
0.0490026
0.0489858
0.0489725
0.0489638
0.0489608
0.0489648
0.0489762
0.0489934
0.0490117
0.0490239
0.0490262
0.0490208
0.0490127
0.0490051
0.0489998
0.0489973
0.0489981
0.0490021
0.0490094
0.04902
0.0490336
0.0490501
0.0490688
0.0490888
0.0491087
0.0491271
0.0491425
0.049154
0.0491613
0.0491644
0.0491645
0.0491648
0.049184
0.0491922
0.0490723
0.0491194
0.049246
0.0492416
0.0492379
0.0492322
0.0492257
0.0492213
0.0492208
0.0492247
0.0492316
0.0492387
0.0492437
0.049246
0.0492464
0.049245
0.0492408
0.0492321
0.0492176
0.0491973
0.0491729
0.0491501
0.0491346
0.0491239
0.0491166
0.0491115
0.0491075
0.049104
0.0491008
0.0490977
0.0490949
0.0490922
0.0490898
0.0490877
0.0490863
0.0490858
0.0490864
0.0490886
0.0490928
0.0490998
0.0491099
0.0491214
0.0491313
0.0491369
0.0491375
0.0491345
0.049131
0.0491301
0.0491336
0.0491396
0.0491429
0.049126
0.0489531
0.0487709
0.0487986
0.0489369
0.0490794
0.0491645
0.04918
0.0491621
0.0491391
0.0491148
0.0490902
0.049066
0.0490427
0.049021
0.0490015
0.0489849
0.0489719
0.0489635
0.0489609
0.0489655
0.0489779
0.048996
0.0490144
0.0490247
0.0490229
0.0490133
0.0490019
0.0489921
0.0489853
0.048982
0.0489823
0.0489862
0.0489939
0.0490054
0.0490205
0.0490392
0.0490606
0.0490838
0.0491071
0.0491286
0.0491466
0.0491597
0.0491677
0.0491706
0.0491696
0.0491682
0.0491842
0.0491935
0.0490728
0.0491117
0.049243
0.0492381
0.0492337
0.0492273
0.049221
0.0492176
0.0492189
0.0492244
0.0492322
0.049239
0.0492431
0.0492447
0.0492447
0.0492431
0.0492386
0.0492291
0.0492126
0.0491897
0.0491636
0.0491389
0.0491222
0.0491114
0.0491046
0.0491001
0.0490965
0.0490933
0.0490901
0.0490871
0.0490841
0.0490813
0.0490786
0.0490763
0.0490746
0.0490737
0.0490739
0.0490755
0.0490791
0.0490854
0.0490948
0.0491067
0.0491183
0.0491262
0.0491291
0.0491277
0.0491246
0.0491232
0.0491261
0.0491325
0.0491375
0.0491264
0.0489898
0.0487953
0.0487779
0.0488824
0.0490177
0.0491214
0.0491652
0.0491601
0.0491383
0.0491143
0.0490899
0.0490659
0.0490429
0.0490216
0.0490025
0.0489863
0.0489737
0.0489658
0.0489636
0.0489686
0.0489816
0.0490003
0.049018
0.0490254
0.0490191
0.0490052
0.0489909
0.0489793
0.0489715
0.0489674
0.0489673
0.048971
0.0489788
0.0489909
0.0490073
0.049028
0.0490524
0.0490791
0.0491062
0.0491314
0.0491522
0.0491673
0.0491763
0.0491791
0.0491771
0.0491739
0.0491867
0.0491985
0.0490753
0.0491038
0.0492398
0.0492345
0.0492293
0.0492224
0.0492163
0.0492141
0.0492169
0.0492239
0.049232
0.0492384
0.0492415
0.0492425
0.0492423
0.0492409
0.0492365
0.0492262
0.0492079
0.0491825
0.0491544
0.0491288
0.0491108
0.0490999
0.0490936
0.0490896
0.0490862
0.0490829
0.0490797
0.0490765
0.0490733
0.0490702
0.0490672
0.0490646
0.0490625
0.0490612
0.0490609
0.0490621
0.0490651
0.0490707
0.0490795
0.0490915
0.0491043
0.0491143
0.0491196
0.0491201
0.0491179
0.0491165
0.0491189
0.0491254
0.0491319
0.0491261
0.0490222
0.0488271
0.0487704
0.0488383
0.0489573
0.0490682
0.049136
0.0491528
0.0491378
0.0491146
0.0490907
0.0490672
0.0490447
0.049024
0.0490055
0.0489898
0.0489778
0.0489703
0.0489685
0.0489738
0.0489869
0.0490058
0.049022
0.0490259
0.0490146
0.0489969
0.0489804
0.0489677
0.0489591
0.0489544
0.0489536
0.0489568
0.0489644
0.0489767
0.0489941
0.0490167
0.0490439
0.0490744
0.0491058
0.0491351
0.0491593
0.0491769
0.049187
0.0491898
0.0491868
0.0491816
0.0491908
0.0492061
0.0490791
0.0490958
0.0492366
0.0492308
0.0492248
0.0492175
0.0492118
0.0492107
0.049215
0.0492229
0.0492312
0.0492368
0.0492391
0.0492396
0.0492394
0.0492385
0.0492345
0.0492239
0.049204
0.0491762
0.0491458
0.0491196
0.0491008
0.0490896
0.0490836
0.0490798
0.0490763
0.0490728
0.0490693
0.0490659
0.0490625
0.049059
0.0490558
0.0490527
0.0490502
0.0490484
0.0490477
0.0490484
0.0490509
0.049056
0.0490644
0.0490763
0.0490898
0.0491017
0.0491093
0.0491118
0.049111
0.04911
0.0491121
0.0491186
0.0491265
0.0491253
0.0490496
0.048864
0.0487756
0.0488067
0.0489027
0.0490107
0.0490937
0.0491338
0.0491345
0.0491154
0.0490923
0.0490696
0.0490479
0.0490279
0.0490101
0.0489952
0.0489839
0.0489769
0.0489753
0.0489805
0.0489934
0.0490118
0.0490259
0.049026
0.0490099
0.0489891
0.0489713
0.048958
0.0489489
0.0489435
0.0489419
0.0489442
0.0489511
0.0489631
0.0489811
0.0490052
0.0490352
0.0490696
0.0491056
0.0491395
0.0491678
0.0491882
0.0491996
0.0492025
0.0491983
0.0491911
0.0491963
0.0492151
0.0490834
0.0490877
0.0492335
0.0492273
0.0492205
0.0492128
0.0492075
0.0492074
0.0492129
0.0492216
0.0492297
0.0492346
0.0492362
0.0492362
0.0492362
0.0492362
0.049233
0.0492223
0.0492012
0.0491711
0.0491386
0.0491111
0.0490921
0.0490805
0.0490744
0.0490705
0.0490666
0.0490627
0.0490591
0.0490555
0.049052
0.0490484
0.0490448
0.0490413
0.0490383
0.049036
0.0490347
0.0490349
0.049037
0.0490417
0.0490497
0.0490615
0.0490757
0.049089
0.0490986
0.0491033
0.0491041
0.0491038
0.049106
0.0491124
0.0491213
0.049124
0.0490717
0.0489039
0.0487925
0.0487887
0.0488574
0.0489541
0.0490431
0.0491015
0.0491221
0.0491142
0.0490942
0.0490724
0.0490519
0.049033
0.0490163
0.0490023
0.0489916
0.0489851
0.0489837
0.0489884
0.0490005
0.0490177
0.0490298
0.0490258
0.0490056
0.0489828
0.0489647
0.0489513
0.0489417
0.0489355
0.0489326
0.0489336
0.0489392
0.0489505
0.0489684
0.0489937
0.0490263
0.0490645
0.0491055
0.0491444
0.0491774
0.0492011
0.0492141
0.0492169
0.0492115
0.049202
0.0492028
0.0492248
0.0490876
0.0490797
0.0492307
0.049224
0.0492165
0.0492084
0.0492034
0.0492042
0.0492107
0.0492199
0.0492278
0.0492321
0.049233
0.0492326
0.0492329
0.0492339
0.0492318
0.0492216
0.0491996
0.0491676
0.0491328
0.0491039
0.0490843
0.0490726
0.0490659
0.0490614
0.049057
0.049053
0.0490494
0.0490459
0.0490424
0.0490387
0.0490349
0.049031
0.0490273
0.0490243
0.0490224
0.0490219
0.0490236
0.049028
0.0490359
0.0490477
0.0490624
0.0490769
0.0490882
0.0490948
0.0490973
0.049098
0.0491005
0.0491071
0.0491167
0.0491227
0.0490889
0.0489448
0.0488195
0.0487844
0.0488239
0.0489031
0.0489894
0.0490586
0.0490973
0.0491054
0.0490937
0.0490749
0.0490558
0.0490384
0.0490232
0.0490104
0.0490006
0.0489946
0.0489931
0.0489972
0.0490077
0.0490232
0.0490341
0.0490259
0.0490024
0.048979
0.0489612
0.048948
0.048938
0.0489307
0.0489262
0.0489253
0.0489292
0.0489391
0.0489565
0.0489825
0.0490172
0.0490592
0.0491051
0.0491496
0.0491878
0.0492152
0.0492301
0.0492329
0.0492262
0.0492141
0.0492103
0.0492345
0.0490914
0.0490719
0.0492283
0.0492211
0.049213
0.0492046
0.0491997
0.0492012
0.0492084
0.049218
0.0492257
0.0492295
0.0492298
0.0492288
0.0492295
0.0492318
0.0492313
0.049222
0.0491996
0.0491657
0.0491287
0.0490981
0.0490775
0.0490652
0.0490579
0.0490525
0.0490477
0.0490438
0.0490406
0.0490377
0.0490345
0.0490307
0.0490265
0.049022
0.0490176
0.0490137
0.0490109
0.0490098
0.0490111
0.0490153
0.0490232
0.0490353
0.0490505
0.0490659
0.0490785
0.0490867
0.0490909
0.0490929
0.0490959
0.0491026
0.0491129
0.0491214
0.0491021
0.0489847
0.0488547
0.0487933
0.0488036
0.048861
0.0489378
0.0490101
0.0490615
0.0490855
0.0490862
0.0490741
0.049058
0.0490428
0.0490295
0.0490185
0.04901
0.0490047
0.0490032
0.0490062
0.0490147
0.0490276
0.0490372
0.0490264
0.0490015
0.0489787
0.0489617
0.0489487
0.0489379
0.0489292
0.0489228
0.0489198
0.0489214
0.0489295
0.0489457
0.0489717
0.0490081
0.0490536
0.0491043
0.0491548
0.0491987
0.0492304
0.0492473
0.0492502
0.0492419
0.0492271
0.0492188
0.0492436
0.0490943
0.0490643
0.0492266
0.049219
0.0492101
0.0492013
0.0491965
0.0491984
0.0492061
0.049216
0.0492237
0.0492272
0.0492269
0.0492251
0.049226
0.0492298
0.0492313
0.0492235
0.0492013
0.0491657
0.0491263
0.0490936
0.0490717
0.0490584
0.0490501
0.049044
0.049039
0.0490358
0.0490335
0.0490313
0.0490284
0.0490246
0.0490198
0.0490145
0.049009
0.049004
0.0490003
0.0489986
0.0489996
0.0490038
0.049012
0.0490246
0.0490404
0.0490566
0.0490701
0.0490796
0.0490852
0.0490884
0.0490922
0.0490992
0.0491099
0.0491204
0.0491118
0.0490218
0.0488956
0.0488142
0.0487968
0.0488302
0.0488922
0.0489609
0.0490185
0.0490548
0.0490686
0.0490659
0.0490553
0.0490431
0.0490324
0.0490238
0.0490175
0.0490137
0.0490127
0.049015
0.049021
0.0490307
0.0490381
0.0490276
0.0490037
0.0489825
0.0489663
0.048953
0.0489413
0.0489309
0.0489224
0.048917
0.0489162
0.0489219
0.0489364
0.0489618
0.0489992
0.0490476
0.0491031
0.0491598
0.04921
0.0492464
0.0492655
0.0492685
0.0492585
0.0492408
0.0492282
0.0492519
0.0490963
0.0490571
0.0492257
0.0492177
0.0492082
0.0491989
0.0491938
0.0491958
0.0492039
0.0492141
0.049222
0.0492255
0.0492246
0.0492216
0.0492228
0.0492281
0.0492318
0.0492262
0.0492046
0.0491677
0.0491257
0.0490905
0.0490668
0.0490521
0.0490429
0.0490362
0.0490316
0.0490295
0.0490284
0.0490271
0.0490245
0.0490204
0.0490147
0.0490081
0.0490012
0.048995
0.0489903
0.048988
0.048989
0.0489936
0.0490025
0.0490159
0.0490325
0.0490492
0.0490633
0.0490736
0.0490804
0.0490849
0.0490895
0.049097
0.049108
0.0491198
0.0491189
0.0490545
0.0489395
0.048845
0.048803
0.0488118
0.0488558
0.0489155
0.0489733
0.0490169
0.0490412
0.0490485
0.0490448
0.0490368
0.0490287
0.0490225
0.0490187
0.0490172
0.049018
0.0490208
0.0490258
0.0490324
0.0490369
0.0490286
0.049009
0.0489901
0.0489741
0.0489601
0.048947
0.0489349
0.0489245
0.0489169
0.0489136
0.0489168
0.0489291
0.0489532
0.0489908
0.0490415
0.0491017
0.0491646
0.0492213
0.0492628
0.0492844
0.0492873
0.0492757
0.0492551
0.0492383
0.0492598
0.0490973
0.0490504
0.0492257
0.0492175
0.0492074
0.0491974
0.0491919
0.0491937
0.0492018
0.0492123
0.0492209
0.0492248
0.0492233
0.0492184
0.0492198
0.0492267
0.049233
0.04923
0.0492098
0.0491718
0.049127
0.0490889
0.0490629
0.0490466
0.0490363
0.0490295
0.0490258
0.0490251
0.0490255
0.0490249
0.0490225
0.0490176
0.0490106
0.0490022
0.0489937
0.0489861
0.0489805
0.0489779
0.0489793
0.0489848
0.048995
0.0490097
0.0490271
0.049044
0.0490581
0.049069
0.0490768
0.0490824
0.0490879
0.0490958
0.049107
0.0491196
0.049124
0.0490815
0.0489829
0.0488826
0.0488205
0.0488058
0.04883
0.0488772
0.0489304
0.0489762
0.0490073
0.0490227
0.0490259
0.0490225
0.049017
0.0490124
0.0490101
0.0490105
0.0490133
0.0490182
0.0490242
0.0490305
0.0490339
0.0490286
0.0490147
0.0489987
0.048983
0.048968
0.0489537
0.0489402
0.0489283
0.0489189
0.0489135
0.0489142
0.048924
0.0489463
0.0489835
0.0490359
0.0491002
0.0491692
0.0492326
0.0492795
0.0493038
0.0493065
0.0492931
0.0492696
0.0492488
0.0492674
0.0490974
0.0490442
0.0492269
0.0492184
0.0492079
0.0491972
0.049191
0.0491922
0.0492
0.0492108
0.0492202
0.0492252
0.0492228
0.0492159
0.0492174
0.0492257
0.0492346
0.0492348
0.0492167
0.049178
0.0491303
0.0490889
0.0490601
0.049042
0.0490308
0.0490243
0.0490219
0.0490228
0.0490245
0.0490247
0.0490219
0.0490158
0.049007
0.0489966
0.0489861
0.0489771
0.0489709
0.0489684
0.0489705
0.0489776
0.0489897
0.0490061
0.0490242
0.0490409
0.0490547
0.0490658
0.0490744
0.0490811
0.0490874
0.0490957
0.0491071
0.04912
0.0491277
0.0491023
0.0490227
0.0489232
0.0488463
0.0488108
0.0488154
0.0488481
0.0488932
0.0489371
0.048971
0.0489916
0.0490005
0.0490013
0.0489982
0.0489945
0.0489924
0.0489929
0.0489965
0.0490026
0.0490106
0.0490189
0.0490249
0.0490253
0.0490175
0.0490045
0.0489897
0.0489744
0.0489594
0.0489453
0.0489326
0.0489221
0.0489151
0.0489138
0.0489212
0.0489413
0.0489775
0.0490309
0.0490987
0.0491735
0.0492437
0.0492964
0.0493233
0.0493257
0.0493104
0.0492841
0.0492596
0.049275
0.0490968
0.0490387
0.0492292
0.0492208
0.0492099
0.0491985
0.0491913
0.0491915
0.0491986
0.0492093
0.0492197
0.0492264
0.0492227
0.0492141
0.0492158
0.0492253
0.0492368
0.0492406
0.0492252
0.0491864
0.0491358
0.0490907
0.0490588
0.0490386
0.0490267
0.0490208
0.04902
0.0490224
0.0490253
0.0490258
0.0490223
0.0490147
0.0490036
0.0489909
0.0489786
0.0489685
0.0489621
0.0489602
0.0489633
0.0489724
0.0489871
0.0490055
0.0490239
0.0490396
0.0490526
0.0490638
0.0490733
0.0490809
0.0490881
0.0490967
0.049108
0.0491209
0.0491305
0.0491174
0.0490561
0.0489625
0.0488765
0.0488241
0.0488109
0.0488288
0.048864
0.0489029
0.0489361
0.0489591
0.0489714
0.0489755
0.0489744
0.0489714
0.0489688
0.0489683
0.0489707
0.0489764
0.0489848
0.0489946
0.0490037
0.0490096
0.0490096
0.049002
0.0489901
0.0489764
0.0489623
0.0489487
0.0489363
0.0489258
0.0489181
0.0489153
0.0489206
0.0489385
0.0489732
0.049027
0.0490976
0.0491778
0.0492548
0.0493133
0.0493429
0.0493447
0.0493272
0.0492984
0.0492705
0.0492828
0.0490959
0.0490338
0.0492329
0.0492245
0.0492134
0.0492014
0.0491933
0.0491921
0.0491979
0.0492078
0.0492185
0.049227
0.0492218
0.0492135
0.0492155
0.0492258
0.0492395
0.0492472
0.0492353
0.049197
0.0491435
0.0490944
0.0490591
0.0490367
0.0490241
0.049019
0.0490199
0.049024
0.0490276
0.049028
0.0490236
0.049014
0.0490006
0.0489857
0.0489719
0.0489614
0.0489557
0.0489556
0.0489613
0.0489724
0.048988
0.0490065
0.049024
0.0490387
0.0490513
0.0490629
0.0490733
0.0490819
0.0490897
0.0490987
0.0491099
0.0491225
0.0491329
0.0491276
0.0490815
0.0489964
0.0489066
0.0488421
0.0488142
0.0488186
0.0488432
0.0488754
0.0489054
0.048928
0.0489416
0.0489474
0.0489478
0.0489453
0.0489422
0.0489403
0.048941
0.0489449
0.0489521
0.0489617
0.0489722
0.0489814
0.0489882
0.0489875
0.0489811
0.0489715
0.0489604
0.0489492
0.0489386
0.0489291
0.0489217
0.0489182
0.0489219
0.0489377
0.0489707
0.0490243
0.0490971
0.0491821
0.0492656
0.0493302
0.0493624
0.049363
0.0493431
0.0493119
0.0492815
0.0492911
0.0490953
0.0490296
0.0492377
0.0492296
0.0492184
0.0492061
0.0491971
0.0491946
0.0491987
0.0492071
0.0492163
0.0492231
0.0492199
0.0492144
0.0492167
0.0492274
0.0492429
0.0492544
0.0492467
0.0492097
0.0491536
0.0491002
0.0490612
0.0490365
0.0490231
0.0490188
0.0490213
0.049027
0.0490313
0.0490315
0.0490257
0.049014
0.0489984
0.0489818
0.0489672
0.048957
0.0489524
0.0489541
0.0489617
0.0489741
0.04899
0.0490076
0.049024
0.049038
0.0490506
0.0490628
0.0490741
0.0490838
0.0490922
0.0491015
0.0491125
0.0491246
0.0491351
0.0491343
0.0490991
0.049022
0.0489321
0.0488606
0.0488222
0.0488155
0.0488304
0.048855
0.0488801
0.0489001
0.0489129
0.048919
0.0489199
0.0489176
0.0489141
0.0489113
0.0489103
0.0489124
0.0489177
0.0489261
0.0489364
0.0489468
0.0489565
0.0489625
0.0489629
0.0489593
0.0489533
0.0489462
0.0489388
0.0489317
0.0489256
0.0489223
0.048925
0.0489388
0.04897
0.049023
0.0490975
0.0491866
0.0492765
0.0493472
0.0493818
0.0493807
0.0493577
0.0493244
0.0492921
0.0493002
0.0490954
0.049026
0.0492437
0.0492359
0.0492248
0.0492124
0.0492027
0.0491989
0.0492013
0.0492078
0.0492153
0.04922
0.0492188
0.0492168
0.0492199
0.0492306
0.0492472
0.049262
0.0492592
0.0492244
0.0491662
0.0491085
0.0490653
0.049038
0.0490238
0.0490201
0.0490242
0.0490312
0.0490363
0.0490362
0.0490292
0.0490158
0.0489982
0.0489802
0.0489651
0.0489552
0.0489517
0.0489546
0.0489632
0.048976
0.0489917
0.0490082
0.0490237
0.0490376
0.0490507
0.0490636
0.0490758
0.0490864
0.0490955
0.0491047
0.0491156
0.0491272
0.0491373
0.0491389
0.0491103
0.0490383
0.0489503
0.0488762
0.0488318
0.0488172
0.0488238
0.048841
0.0488601
0.0488761
0.0488866
0.0488915
0.0488919
0.0488893
0.0488855
0.048882
0.04888
0.0488806
0.0488844
0.0488914
0.0489008
0.0489116
0.0489219
0.0489324
0.0489388
0.0489415
0.0489416
0.0489399
0.048937
0.0489333
0.0489295
0.0489271
0.0489294
0.0489418
0.0489711
0.0490232
0.0490988
0.0491916
0.0492873
0.0493642
0.0494014
0.0493976
0.0493707
0.0493352
0.0493023
0.0493103
0.0490969
0.0490229
0.0492508
0.0492434
0.0492326
0.0492203
0.0492101
0.049205
0.0492056
0.0492102
0.0492158
0.0492191
0.0492196
0.0492202
0.0492249
0.0492355
0.0492524
0.04927
0.0492723
0.0492409
0.0491813
0.0491193
0.0490718
0.0490415
0.0490261
0.0490229
0.0490283
0.0490366
0.0490425
0.0490424
0.0490346
0.0490197
0.0490007
0.0489816
0.0489661
0.0489563
0.0489533
0.0489566
0.0489653
0.048978
0.0489929
0.0490086
0.0490237
0.0490379
0.0490517
0.0490653
0.0490782
0.0490896
0.0490994
0.0491087
0.0491189
0.0491302
0.0491399
0.0491424
0.0491175
0.049047
0.0489605
0.0488872
0.0488407
0.0488214
0.0488215
0.0488319
0.0488449
0.048856
0.048863
0.0488656
0.0488647
0.0488614
0.0488572
0.0488532
0.0488507
0.0488506
0.0488534
0.0488593
0.048868
0.0488787
0.0488901
0.0489031
0.0489137
0.0489218
0.0489276
0.0489315
0.0489337
0.0489342
0.0489334
0.0489326
0.048935
0.0489463
0.048974
0.0490249
0.0491012
0.0491971
0.0492983
0.0493813
0.0494211
0.049414
0.049382
0.0493442
0.0493119
0.0493236
0.0490995
0.0490203
0.0492587
0.0492519
0.0492416
0.0492295
0.049219
0.0492129
0.0492119
0.0492145
0.0492183
0.0492208
0.0492223
0.0492249
0.0492311
0.0492424
0.0492588
0.0492781
0.0492856
0.0492588
0.0491988
0.0491328
0.0490807
0.049047
0.04903
0.0490268
0.0490333
0.049043
0.0490499
0.0490502
0.0490422
0.0490265
0.0490065
0.0489865
0.0489703
0.0489603
0.0489571
0.0489602
0.0489684
0.0489803
0.0489945
0.0490095
0.0490244
0.049039
0.0490535
0.0490677
0.0490812
0.0490932
0.0491036
0.0491131
0.0491229
0.0491331
0.0491425
0.0491457
0.0491234
0.0490516
0.0489654
0.0488944
0.0488487
0.0488269
0.0488223
0.0488267
0.0488339
0.0488398
0.0488428
0.0488425
0.0488396
0.0488352
0.0488303
0.0488261
0.0488234
0.048823
0.0488254
0.0488309
0.0488393
0.04885
0.0488621
0.0488749
0.0488892
0.0489021
0.0489133
0.0489226
0.04893
0.0489349
0.0489374
0.0489386
0.0489415
0.048952
0.0489782
0.0490281
0.0491048
0.0492032
0.0493093
0.0493985
0.0494414
0.0494302
0.0493919
0.0493514
0.049321
0.0493413
0.0491028
0.0490181
0.0492675
0.0492613
0.0492516
0.0492399
0.0492294
0.0492224
0.0492199
0.0492206
0.0492229
0.0492249
0.0492271
0.0492311
0.0492385
0.0492505
0.049267
0.0492865
0.0492986
0.0492775
0.0492186
0.0491491
0.0490923
0.0490547
0.0490355
0.0490319
0.0490392
0.0490502
0.0490584
0.0490597
0.0490521
0.0490364
0.0490158
0.0489951
0.0489782
0.0489674
0.0489634
0.0489656
0.0489728
0.0489838
0.048997
0.0490114
0.0490263
0.0490412
0.0490562
0.0490708
0.0490846
0.049097
0.0491079
0.0491177
0.0491272
0.0491367
0.0491453
0.0491488
0.0491292
0.0490577
0.0489703
0.0489019
0.0488578
0.0488349
0.0488266
0.0488259
0.0488277
0.0488286
0.0488274
0.0488239
0.0488188
0.048813
0.0488073
0.0488028
0.0488
0.0487996
0.048802
0.0488074
0.0488158
0.0488267
0.0488395
0.0488536
0.0488699
0.048886
0.0489014
0.0489154
0.0489272
0.0489362
0.0489419
0.0489451
0.0489488
0.0489588
0.0489837
0.0490326
0.0491095
0.04921
0.0493204
0.0494157
0.0494623
0.0494471
0.0494009
0.0493571
0.0493304
0.0493638
0.0491072
0.0490161
0.0492768
0.0492715
0.0492624
0.0492514
0.0492409
0.0492334
0.0492295
0.0492287
0.0492296
0.0492312
0.0492338
0.0492388
0.0492472
0.0492597
0.0492763
0.0492956
0.0493109
0.0492965
0.0492402
0.0491682
0.0491066
0.0490647
0.0490426
0.0490379
0.0490456
0.0490579
0.0490676
0.0490705
0.0490643
0.0490495
0.0490292
0.049008
0.0489903
0.0489783
0.0489729
0.0489737
0.0489795
0.0489892
0.0490013
0.049015
0.0490296
0.0490446
0.0490597
0.0490745
0.0490885
0.0491011
0.0491124
0.0491224
0.0491318
0.0491408
0.0491487
0.0491513
0.0491339
0.0490726
0.0489825
0.048916
0.0488731
0.0488491
0.0488375
0.0488322
0.0488291
0.0488254
0.0488203
0.0488136
0.0488061
0.0487985
0.0487918
0.0487865
0.0487835
0.048783
0.0487854
0.0487908
0.0487993
0.0488105
0.048824
0.0488392
0.0488563
0.0488751
0.0488937
0.0489113
0.0489267
0.048939
0.0489474
0.0489524
0.0489567
0.0489663
0.0489902
0.0490383
0.0491154
0.0492175
0.0493315
0.0494326
0.0494841
0.0494656
0.0494104
0.0493628
0.0493435
0.0493925
0.0491126
0.0490145
0.0492864
0.0492822
0.0492739
0.0492636
0.0492535
0.0492456
0.0492406
0.0492385
0.0492383
0.0492395
0.0492424
0.049248
0.0492571
0.0492699
0.0492865
0.0493056
0.0493222
0.0493147
0.0492632
0.0491899
0.0491239
0.0490771
0.0490515
0.0490449
0.0490525
0.0490659
0.0490773
0.0490824
0.0490785
0.0490656
0.0490464
0.0490255
0.049007
0.0489937
0.0489866
0.0489855
0.0489895
0.0489975
0.0490083
0.049021
0.049035
0.0490496
0.0490645
0.0490792
0.0490931
0.0491058
0.0491172
0.0491275
0.0491369
0.0491456
0.0491528
0.0491549
0.0491398
0.0490912
0.0490123
0.0489428
0.0489007
0.0488753
0.0488605
0.0488511
0.0488436
0.0488358
0.048827
0.0488171
0.0488069
0.0487971
0.0487885
0.0487819
0.0487778
0.0487766
0.0487785
0.0487837
0.0487919
0.0488032
0.048817
0.0488331
0.0488508
0.0488708
0.0488914
0.0489115
0.0489294
0.048944
0.0489542
0.0489604
0.0489652
0.0489743
0.0489974
0.0490449
0.0491224
0.0492257
0.0493424
0.0494488
0.0495063
0.0494868
0.0494226
0.0493716
0.0493653
0.0494268
0.0491191
0.0490131
0.0492957
0.0492933
0.049286
0.0492765
0.0492668
0.0492588
0.0492531
0.0492499
0.0492488
0.0492497
0.0492527
0.0492587
0.049268
0.049281
0.0492974
0.049316
0.0493326
0.0493312
0.0492865
0.049214
0.0491442
0.0490924
0.0490623
0.0490529
0.0490596
0.0490738
0.049087
0.0490946
0.0490938
0.049084
0.0490673
0.0490475
0.0490289
0.0490145
0.0490055
0.0490023
0.0490042
0.0490102
0.0490192
0.0490305
0.0490434
0.0490573
0.0490716
0.0490858
0.0490993
0.049112
0.0491234
0.0491337
0.049143
0.0491515
0.0491584
0.0491607
0.0491499
0.0491143
0.0490532
0.0489877
0.0489452
0.0489188
0.0489015
0.0488888
0.0488777
0.0488662
0.0488538
0.0488406
0.0488271
0.0488142
0.0488028
0.0487937
0.0487875
0.0487845
0.0487849
0.0487888
0.0487962
0.0488068
0.0488203
0.0488365
0.0488547
0.0488748
0.0488961
0.0489171
0.0489361
0.0489516
0.0489626
0.0489693
0.048974
0.0489827
0.0490051
0.0490526
0.0491306
0.0492348
0.0493531
0.0494638
0.0495285
0.0495117
0.0494408
0.0493887
0.0493976
0.0494628
0.0491263
0.0490118
0.0493041
0.0493047
0.0492984
0.0492898
0.0492808
0.0492728
0.0492667
0.0492627
0.049261
0.0492615
0.0492645
0.0492706
0.04928
0.0492928
0.0493088
0.0493268
0.0493424
0.0493449
0.0493091
0.0492397
0.0491675
0.0491107
0.0490754
0.049062
0.049067
0.0490813
0.049096
0.0491062
0.0491091
0.0491036
0.0490907
0.0490736
0.0490561
0.0490413
0.0490311
0.0490258
0.0490254
0.0490291
0.0490361
0.0490456
0.049057
0.0490696
0.0490828
0.0490961
0.049109
0.0491211
0.0491322
0.0491423
0.0491514
0.0491596
0.0491662
0.0491693
0.0491633
0.0491406
0.0490982
0.0490465
0.0490057
0.0489808
0.0489629
0.0489484
0.0489348
0.0489206
0.048905
0.0488882
0.0488708
0.0488539
0.0488384
0.0488254
0.0488155
0.0488092
0.0488068
0.0488084
0.0488137
0.0488227
0.048835
0.0488502
0.0488678
0.048887
0.0489076
0.048928
0.0489466
0.0489618
0.0489725
0.0489788
0.0489831
0.0489912
0.0490133
0.0490611
0.0491402
0.0492451
0.0493637
0.049477
0.0495494
0.0495408
0.0494694
0.0494184
0.0494367
0.0494962
0.0491339
0.0490109
0.0493102
0.0493161
0.049311
0.0493035
0.0492952
0.0492874
0.0492811
0.0492767
0.0492745
0.0492748
0.0492777
0.0492836
0.0492929
0.0493054
0.0493207
0.0493375
0.0493515
0.0493545
0.049329
0.0492659
0.0491936
0.0491324
0.0490913
0.0490727
0.0490747
0.0490883
0.0491037
0.0491161
0.0491228
0.0491222
0.0491145
0.0491018
0.0490873
0.0490738
0.0490634
0.0490569
0.0490546
0.0490561
0.0490609
0.0490683
0.0490778
0.0490887
0.0491004
0.0491123
0.049124
0.0491351
0.0491454
0.0491547
0.0491632
0.0491708
0.0491771
0.0491809
0.0491791
0.0491671
0.0491422
0.0491082
0.0490758
0.049055
0.0490394
0.0490257
0.0490117
0.0489961
0.0489782
0.0489582
0.0489368
0.0489152
0.0488948
0.0488767
0.0488619
0.0488512
0.0488447
0.0488426
0.0488448
0.048851
0.0488609
0.048874
0.0488897
0.0489071
0.0489255
0.0489439
0.0489605
0.048974
0.0489833
0.0489886
0.0489921
0.0489997
0.0490219
0.049071
0.0491516
0.0492569
0.0493743
0.049488
0.0495678
0.0495729
0.0495101
0.04946
0.0494778
0.0495261
0.0491416
0.0490108
0.0493118
0.0493269
0.0493237
0.0493172
0.0493097
0.0493024
0.0492961
0.0492915
0.049289
0.0492891
0.0492919
0.0492976
0.0493065
0.0493184
0.0493327
0.0493476
0.0493591
0.0493604
0.0493429
0.0492907
0.0492217
0.0491577
0.0491108
0.0490856
0.0490828
0.0490945
0.0491097
0.0491233
0.0491331
0.0491374
0.0491357
0.0491289
0.0491191
0.0491088
0.0491
0.0490939
0.0490907
0.0490907
0.0490937
0.0490991
0.0491065
0.0491154
0.049125
0.049135
0.0491449
0.0491544
0.0491632
0.0491713
0.0491787
0.0491854
0.0491912
0.0491954
0.0491966
0.0491925
0.0491813
0.0491637
0.0491443
0.0491298
0.0491194
0.049109
0.0490969
0.0490818
0.0490632
0.0490411
0.0490166
0.0489908
0.0489656
0.0489424
0.0489225
0.0489068
0.0488956
0.0488892
0.0488874
0.0488899
0.0488963
0.0489061
0.0489186
0.048933
0.0489482
0.0489631
0.0489766
0.0489873
0.0489944
0.0489981
0.0490006
0.049008
0.0490311
0.0490824
0.0491657
0.049271
0.0493852
0.0494966
0.0495821
0.0496046
0.0495585
0.0495111
0.0495206
0.0495538
0.0491497
0.0490124
0.0493051
0.0493354
0.0493356
0.0493306
0.0493241
0.0493173
0.0493113
0.0493067
0.0493042
0.0493041
0.0493067
0.0493122
0.0493205
0.0493315
0.049344
0.049356
0.0493639
0.0493625
0.0493466
0.0493109
0.0492501
0.0491865
0.0491344
0.0491014
0.0490918
0.0491
0.0491135
0.0491268
0.0491381
0.0491462
0.04915
0.0491497
0.0491459
0.0491405
0.049135
0.0491306
0.0491279
0.0491276
0.0491295
0.0491334
0.049139
0.0491458
0.0491532
0.0491611
0.0491688
0.0491764
0.0491835
0.0491902
0.0491964
0.0492022
0.0492075
0.049212
0.0492152
0.0492162
0.049214
0.0492087
0.0492014
0.0491946
0.0491898
0.0491839
0.049175
0.049162
0.0491442
0.0491219
0.0490959
0.0490677
0.0490393
0.0490125
0.0489886
0.0489688
0.0489536
0.048943
0.0489371
0.0489356
0.0489379
0.0489435
0.0489518
0.0489619
0.0489728
0.0489835
0.0489929
0.0490001
0.0490045
0.0490065
0.0490083
0.0490159
0.049041
0.0490963
0.0491835
0.0492882
0.0493968
0.0495021
0.0495897
0.0496301
0.0496074
0.0495681
0.0495671
0.0495807
0.0491573
0.0490175
0.049286
0.049336
0.0493435
0.0493416
0.0493367
0.049331
0.0493257
0.0493215
0.0493191
0.0493191
0.0493218
0.0493268
0.049334
0.0493429
0.049352
0.0493594
0.0493624
0.0493578
0.0493429
0.049317
0.0492755
0.0492176
0.0491627
0.0491213
0.0491022
0.0491048
0.0491146
0.0491254
0.0491359
0.0491453
0.0491528
0.0491578
0.0491602
0.0491605
0.0491594
0.049158
0.049157
0.0491571
0.0491588
0.049162
0.0491662
0.0491714
0.049177
0.049183
0.0491891
0.0491951
0.0492009
0.0492065
0.049212
0.0492172
0.0492224
0.0492273
0.0492319
0.049236
0.0492392
0.0492412
0.0492421
0.0492421
0.0492411
0.0492383
0.0492319
0.049221
0.0492049
0.0491838
0.0491587
0.0491309
0.0491022
0.0490746
0.0490495
0.0490279
0.0490103
0.048997
0.0489878
0.0489825
0.0489806
0.0489818
0.0489853
0.0489904
0.0489964
0.0490023
0.0490073
0.0490108
0.0490126
0.049013
0.0490146
0.0490235
0.049052
0.0491135
0.049206
0.0493092
0.0494083
0.0495023
0.0495861
0.049641
0.0496472
0.0496238
0.0496146
0.0496045
0.0491573
0.0490289
0.0492521
0.0493158
0.0493352
0.0493403
0.0493398
0.0493369
0.0493335
0.0493306
0.0493291
0.0493295
0.0493322
0.0493361
0.0493406
0.0493451
0.0493486
0.0493501
0.0493479
0.0493409
0.0493283
0.0493099
0.0492861
0.0492476
0.0491952
0.0491464
0.0491149
0.0491089
0.049113
0.0491185
0.0491247
0.0491315
0.0491387
0.0491458
0.049152
0.0491571
0.0491607
0.0491632
0.0491649
0.0491662
0.0491682
0.0491711
0.0491748
0.0491791
0.0491837
0.0491887
0.0491938
0.049199
0.0492043
0.0492095
0.0492147
0.0492199
0.0492253
0.0492307
0.0492363
0.049242
0.0492476
0.0492529
0.0492573
0.0492603
0.0492615
0.0492599
0.0492542
0.0492449
0.0492312
0.0492133
0.0491917
0.0491675
0.0491424
0.0491178
0.0490951
0.0490748
0.0490576
0.0490435
0.0490325
0.0490244
0.0490189
0.0490157
0.0490144
0.0490145
0.0490153
0.0490164
0.0490172
0.0490173
0.0490168
0.0490166
0.049019
0.0490308
0.0490649
0.0491354
0.0492347
0.0493336
0.0494171
0.0494919
0.0495617
0.0496197
0.0496543
0.0496586
0.0496406
0.0495372
0.0491487
0.0490497
0.0492065
0.0492614
0.0492853
0.0492975
0.0493039
0.0493068
0.0493078
0.0493082
0.0493088
0.0493102
0.0493122
0.0493133
0.0493138
0.0493137
0.0493126
0.0493105
0.0493071
0.0493023
0.0492959
0.0492877
0.0492772
0.0492634
0.0492289
0.0491777
0.0491309
0.0491127
0.0491087
0.0491059
0.0491038
0.0491029
0.0491036
0.0491059
0.0491096
0.0491141
0.0491188
0.0491233
0.0491273
0.0491308
0.0491336
0.0491367
0.0491404
0.0491444
0.0491488
0.0491534
0.0491583
0.0491633
0.0491685
0.0491737
0.0491791
0.0491847
0.0491904
0.0491963
0.0492025
0.0492089
0.0492154
0.0492216
0.0492269
0.0492309
0.0492332
0.0492332
0.0492307
0.0492255
0.0492173
0.0492051
0.0491898
0.0491724
0.0491542
0.0491362
0.0491189
0.049103
0.0490885
0.0490757
0.0490644
0.0490547
0.0490464
0.0490395
0.0490338
0.0490292
0.0490255
0.0490224
0.0490197
0.0490173
0.0490159
0.0490164
0.0490215
0.049038
0.0490805
0.0491635
0.0492701
0.0493584
0.0494155
0.0494585
0.0494988
0.0495318
0.0495537
0.0495442
0.0494986
0.0494067
0.0491506
0.0490806
0.0491567
0.0491764
0.0491835
0.0491888
0.049193
0.0491958
0.0491976
0.0491988
0.0491997
0.0492006
0.0492009
0.0492023
0.0492045
0.0492078
0.049212
0.0492173
0.0492234
0.0492302
0.0492372
0.049244
0.0492497
0.0492531
0.0492523
0.0492152
0.0491532
0.0491173
0.0491037
0.0490909
0.0490776
0.0490645
0.0490527
0.0490428
0.0490353
0.0490302
0.0490274
0.0490266
0.0490275
0.0490299
0.0490334
0.049037
0.0490409
0.0490453
0.0490501
0.0490552
0.0490606
0.0490663
0.0490723
0.0490786
0.0490851
0.0490919
0.0490991
0.0491067
0.0491146
0.0491228
0.0491312
0.0491395
0.0491471
0.0491538
0.0491593
0.0491632
0.0491656
0.0491662
0.0491651
0.0491619
0.0491566
0.0491488
0.0491376
0.0491273
0.0491171
0.0491066
0.049096
0.0490853
0.0490747
0.0490642
0.049054
0.0490443
0.0490353
0.0490273
0.0490202
0.0490143
0.04901
0.049008
0.0490087
0.049013
0.0490232
0.0490465
0.0490994
0.0491976
0.04931
0.0493745
0.04939
0.0493815
0.0493722
0.0493632
0.0493533
0.0493397
0.0493248
0.049287
0.0491676
0.0491249
0.0491317
0.0491082
0.049088
0.049077
0.049071
0.0490668
0.0490637
0.0490618
0.0490609
0.0490613
0.0490637
0.0490685
0.0490756
0.0490851
0.0490969
0.0491112
0.0491277
0.0491463
0.0491665
0.0491877
0.049209
0.0492292
0.0492473
0.0492632
0.0491952
0.0491321
0.0491095
0.0490899
0.0490695
0.0490491
0.0490298
0.0490125
0.0489977
0.0489856
0.0489763
0.0489694
0.0489649
0.0489624
0.0489618
0.0489626
0.0489644
0.0489671
0.0489705
0.0489746
0.0489793
0.0489845
0.0489903
0.0489965
0.0490033
0.0490106
0.0490184
0.0490268
0.0490357
0.0490451
0.0490548
0.0490645
0.0490738
0.0490824
0.0490901
0.0490966
0.0491018
0.0491058
0.0491088
0.0491108
0.0491119
0.0491118
0.0491097
0.0491047
0.0491001
0.0490947
0.0490878
0.0490799
0.0490709
0.0490614
0.0490516
0.049042
0.0490333
0.0490258
0.04902
0.0490164
0.0490153
0.0490169
0.0490214
0.0490293
0.0490426
0.0490691
0.0491277
0.0492374
0.0493505
0.0493576
0.0493221
0.049289
0.04926
0.0492365
0.0492195
0.049212
0.0492151
0.0492236
0.0492039
)
;

boundaryField
{
    floor
    {
        type            fixedFluxPressure;
        gradient        uniform 0;
        value           nonuniform List<scalar> 
100
(
0.049232
0.0492457
0.0492462
0.0492404
0.0492329
0.049226
0.0492202
0.0492151
0.0492102
0.0492049
0.0491985
0.0491902
0.0491803
0.0491703
0.0491616
0.0491552
0.0491514
0.0491505
0.0491525
0.0491575
0.0491638
0.0491689
0.0491724
0.0491747
0.0491762
0.0491773
0.0491779
0.0491781
0.0491778
0.049177
0.0491754
0.049173
0.0491698
0.049166
0.0491616
0.0491571
0.0491526
0.0491484
0.0491447
0.0491419
0.0491399
0.0491386
0.0491381
0.0491383
0.0491392
0.0491408
0.0491432
0.0491465
0.0491508
0.0491566
0.0491647
0.0491689
0.0491745
0.0491739
0.0491737
0.0491729
0.0491716
0.0491697
0.0491671
0.049164
0.0491602
0.0491559
0.0491512
0.0491461
0.0491406
0.0491351
0.0491297
0.0491245
0.0491197
0.0491157
0.0491126
0.0491106
0.04911
0.0491107
0.049113
0.049117
0.0491226
0.0491297
0.0491383
0.0491484
0.0491597
0.0491723
0.049186
0.0492007
0.0492162
0.0492324
0.0492488
0.0492651
0.0492809
0.0492952
0.0493069
0.0493142
0.0493155
0.0493122
0.0493042
0.0492912
0.0492781
0.04927
0.0492683
0.0492737
)
;
    }
    ceiling
    {
        type            fixedFluxPressure;
        gradient        nonuniform List<scalar> 
100
(
0.37478
0.367529
0.363547
0.360937
0.35903
0.35755
0.356353
0.355364
0.354558
0.353932
0.353489
0.353052
0.352598
0.352124
0.351627
0.351102
0.350545
0.349949
0.349306
0.348602
0.347821
0.346943
0.345947
0.344809
0.343252
0.35723
0.368813
0.37135
0.372547
0.373455
0.374199
0.374818
0.375337
0.375773
0.376139
0.376444
0.376691
0.376885
0.377025
0.377111
0.377159
0.37722
0.377289
0.377358
0.37742
0.37747
0.377505
0.377524
0.377526
0.37751
0.377476
0.377423
0.377353
0.377266
0.377163
0.377048
0.376921
0.376784
0.376637
0.37648
0.376319
0.376164
0.376036
0.375969
0.375998
0.376166
0.376538
0.377211
0.378502
0.379558
0.380462
0.381279
0.382028
0.382727
0.38339
0.384033
0.384672
0.385316
0.385973
0.386635
0.387282
0.387882
0.388409
0.388811
0.388929
0.38822
0.384958
0.375018
0.354074
0.330964
0.326106
0.328684
0.33075
0.332483
0.333988
0.335333
0.33658
0.338416
0.342275
0.35118
)
;
        value           nonuniform List<scalar> 
100
(
0.0509988
0.0509693
0.0509259
0.0508927
0.0508722
0.0508587
0.0508486
0.0508406
0.0508345
0.0508306
0.0508288
0.050829
0.0508315
0.0508362
0.0508432
0.0508524
0.0508639
0.0508774
0.0508928
0.0509095
0.0509268
0.0509437
0.0509589
0.0509713
0.0509794
0.0509814
0.0509762
0.0509662
0.0509526
0.0509368
0.0509201
0.0509039
0.0508892
0.0508766
0.0508663
0.0508585
0.0508529
0.0508493
0.0508475
0.0508473
0.0508484
0.0508505
0.0508535
0.0508573
0.0508617
0.0508666
0.050872
0.0508779
0.0508841
0.0508908
0.0508979
0.0509055
0.0509135
0.050922
0.0509309
0.05094
0.0509491
0.0509577
0.0509656
0.0509725
0.0509782
0.0509826
0.050986
0.0509886
0.0509908
0.0509927
0.0509945
0.0509958
0.0509972
0.0509979
0.050997
0.0509942
0.05099
0.0509846
0.0509783
0.0509717
0.0509654
0.0509598
0.0509556
0.0509532
0.0509528
0.0509547
0.0509589
0.0509654
0.0509739
0.0509837
0.0509939
0.0510028
0.0510078
0.0510053
0.0509882
0.0509656
0.0509428
0.0509224
0.0509064
0.0508962
0.0508949
0.0509072
0.0509349
0.0509598
)
;
    }
    fixedWalls
    {
        type            fixedFluxPressure;
        gradient        uniform 0;
        value           nonuniform List<scalar> 
100
(
0.049232
0.049226
0.0492155
0.0492068
0.0492006
0.0491968
0.0491944
0.0491923
0.0491897
0.0491863
0.0491819
0.049177
0.0491719
0.0491663
0.0491604
0.0491542
0.0491478
0.0491411
0.0491341
0.0491269
0.0491194
0.0491117
0.0491038
0.0490958
0.0490877
0.0490797
0.0490719
0.0490643
0.0490571
0.0490504
0.0490442
0.0490387
0.0490338
0.0490296
0.049026
0.0490229
0.0490203
0.0490181
0.0490161
0.0490145
0.0490131
0.0490118
0.0490109
0.0490108
0.0490124
0.0490175
0.0490289
0.0490497
0.0490806
0.0491249
0.0492737
0.0492661
0.0492436
0.0492199
0.0492001
0.0491848
0.0491728
0.0491645
0.0491587
0.0491543
0.049149
0.0491409
0.0491309
0.0491203
0.0491098
0.0490995
0.0490894
0.0490807
0.0490748
0.0490723
0.0490728
0.0490753
0.0490791
0.0490834
0.0490876
0.0490914
0.0490943
0.0490963
0.0490973
0.0490974
0.0490968
0.0490959
0.0490953
0.0490954
0.0490969
0.0490995
0.0491028
0.0491072
0.0491126
0.0491191
0.0491263
0.0491339
0.0491416
0.0491497
0.0491573
0.0491573
0.0491487
0.0491506
0.0491676
0.0492039
)
;
    }
    frontAndBack
    {
        type            empty;
    }
}


// ************************************************************************* //
