/*--------------------------------*- C++ -*----------------------------------*\
| =========                 |                                                 |
| \\      /  F ield         | OpenFOAM: The Open Source CFD Toolbox           |
|  \\    /   O peration     | Version:  4.1                                   |
|   \\  /    A nd           | Web:      www.OpenFOAM.org                      |
|    \\/     M anipulation  |                                                 |
\*---------------------------------------------------------------------------*/
FoamFile
{
    version     2.0;
    format      ascii;
    class       volScalarField;
    location    "1640";
    object      mag(U);
}
// * * * * * * * * * * * * * * * * * * * * * * * * * * * * * * * * * * * * * //

dimensions      [0 1 -1 0 0 0 0];

internalField   nonuniform List<scalar> 
5000
(
0.00574219
0.00788345
0.0106135
0.0126329
0.0141526
0.0153005
0.0161449
0.016708
0.0169786
0.0169164
0.0164839
0.0156211
0.0142734
0.0124063
0.0100452
0.00733942
0.00465659
0.00260846
0.00421488
0.00699672
0.00988993
0.0125867
0.0150058
0.0171348
0.0189741
0.0205305
0.0218156
0.022845
0.0236355
0.0242048
0.0245702
0.0247491
0.0247625
0.0246311
0.024371
0.0239977
0.0235257
0.0229688
0.0223404
0.0216536
0.020921
0.0201547
0.0193659
0.018565
0.0177609
0.0169618
0.0161739
0.0154021
0.0146486
0.0139119
0.0131812
0.0124163
0.0114917
0.0101356
0.00784739
0.00311199
0.00318364
0.00472862
0.00626401
0.00752915
0.00862655
0.00961673
0.0105288
0.0113743
0.0121544
0.0128641
0.0134948
0.014036
0.0144763
0.0148047
0.0150101
0.0150812
0.0150078
0.0147818
0.0144013
0.0138705
0.013199
0.0124001
0.0114905
0.0104887
0.00941415
0.00828651
0.0071251
0.00594881
0.0047764
0.00362695
0.00252445
0.00149509
0.000619772
0.000603572
0.00129001
0.00199855
0.00268781
0.00338104
0.00409754
0.00483267
0.00552824
0.00599894
0.00565072
0.0053548
0.00827057
0.00799426
0.00969553
0.0113786
0.0127977
0.0139096
0.0147228
0.0152409
0.0154502
0.0153135
0.0148316
0.0139602
0.0126711
0.0109767
0.00899159
0.00704722
0.00574549
0.005627
0.00684735
0.00899849
0.0114607
0.0138939
0.0161608
0.0182091
0.020019
0.0215862
0.0229151
0.0240157
0.0249004
0.0255824
0.0260749
0.0263908
0.0265397
0.0265328
0.026385
0.0261111
0.0257252
0.0252413
0.0246735
0.0240358
0.0233422
0.0226056
0.0218384
0.0210514
0.0202537
0.0194517
0.0186491
0.0178449
0.0170322
0.0161941
0.0152967
0.0142754
0.0130286
0.0115551
0.0102397
0.00812392
0.00471402
0.00470049
0.00600959
0.00735392
0.00857781
0.00968775
0.0107
0.0116237
0.0124609
0.013208
0.0138584
0.0144037
0.0148348
0.0151418
0.0153158
0.0153457
0.0152284
0.0149646
0.0145537
0.0140014
0.0133176
0.0125162
0.0116141
0.0106302
0.00958451
0.00849703
0.00738762
0.00627543
0.00517895
0.00411625
0.00311162
0.00220476
0.00153086
0.00144434
0.0019448
0.00268237
0.00345885
0.00419681
0.0048472
0.00535368
0.00564025
0.00557755
0.00510093
0.00723164
0.0116317
0.00940911
0.00936081
0.0101164
0.0111003
0.0120066
0.0127169
0.0131831
0.0133756
0.0132701
0.0128828
0.0122034
0.0112619
0.0101651
0.00915186
0.00857631
0.00853787
0.00890591
0.00984134
0.0113753
0.0132351
0.0151862
0.0170867
0.0188595
0.0204652
0.0218857
0.0231155
0.0241562
0.0250134
0.0256942
0.0262056
0.0265546
0.026749
0.0267926
0.0266956
0.0264703
0.0261279
0.0256807
0.0251414
0.0245231
0.0238394
0.0231032
0.0223272
0.0215223
0.0206979
0.0198605
0.0190131
0.0181538
0.0172744
0.0163583
0.0153809
0.0143205
0.0132189
0.0124098
0.012592
0.0124021
0.00862675
0.00563087
0.00558714
0.00644721
0.00751467
0.00858723
0.00960538
0.0105491
0.0114091
0.0121787
0.0128504
0.0134164
0.0138683
0.0141975
0.0143957
0.0144533
0.0143671
0.0141382
0.0137676
0.0132618
0.0126319
0.0118926
0.0110613
0.0101578
0.00920242
0.00821622
0.00721999
0.00623445
0.00528081
0.00438352
0.00357698
0.00291493
0.00249026
0.00242386
0.00269707
0.00318572
0.00375441
0.00430753
0.00476695
0.00504533
0.00502732
0.00462514
0.00511665
0.0099537
0.0145698
0.011237
0.0098579
0.009601
0.00996187
0.0105009
0.0109842
0.0113086
0.0114312
0.0113437
0.011094
0.0107253
0.0103448
0.0101299
0.0102692
0.0108027
0.0113907
0.0118985
0.0126633
0.013741
0.0150527
0.0164868
0.0179458
0.0193596
0.020683
0.0218894
0.0229646
0.0239026
0.0247017
0.0253624
0.0258856
0.0262715
0.0265215
0.0266317
0.026604
0.0264461
0.0261659
0.0257721
0.0252753
0.0246875
0.0240212
0.0232893
0.0225045
0.0216786
0.020822
0.0199429
0.0190462
0.0181334
0.0172012
0.0162432
0.0152567
0.0142714
0.0134507
0.0133526
0.0147297
0.0157616
0.0128205
0.00793313
0.00626502
0.00623003
0.00683364
0.00767679
0.00857958
0.00946327
0.0102914
0.0110446
0.0117099
0.012277
0.0127366
0.0130794
0.0132976
0.0133818
0.0133287
0.0131431
0.0128252
0.0123826
0.0118265
0.0111718
0.0104364
0.00963999
0.00880358
0.00794867
0.00709695
0.00627021
0.00549078
0.00478335
0.00417724
0.00370627
0.00341043
0.00332983
0.00345553
0.00373261
0.00408298
0.00442661
0.0046795
0.0047474
0.00453525
0.00424875
0.00592808
0.0124232
0.0168725
0.0128952
0.0107403
0.0096945
0.00938833
0.00942726
0.00955213
0.00963404
0.00962821
0.00955784
0.00951219
0.00959529
0.00997452
0.0107723
0.011938
0.0131874
0.0140483
0.0146594
0.015282
0.015992
0.0168132
0.0177299
0.0187056
0.0196991
0.0206744
0.0216045
0.0224706
0.0232602
0.0239654
0.0245803
0.0250995
0.0255171
0.0258273
0.026022
0.0260887
0.0260292
0.0258461
0.0255432
0.0251274
0.0246077
0.0239952
0.0233019
0.0225402
0.0217228
0.0208614
0.0199664
0.0190466
0.0181084
0.0171567
0.016198
0.0152514
0.0143868
0.0138464
0.0143055
0.016482
0.0183699
0.0162632
0.0111885
0.00772984
0.00685465
0.00683033
0.00724353
0.00786358
0.00855811
0.0092555
0.00991641
0.0105171
0.011041
0.0114757
0.0118101
0.0120353
0.0121416
0.0121231
0.0119902
0.0117417
0.0113845
0.0109292
0.0103894
0.00978146
0.00912393
0.00843674
0.00774057
0.00705629
0.00640451
0.00580459
0.00527546
0.00483378
0.00448955
0.00426323
0.00416182
0.00418212
0.00429383
0.00445065
0.00459213
0.00464042
0.0045086
0.00416131
0.00419695
0.00694213
0.014501
0.0186718
0.0142858
0.011718
0.0101484
0.00925412
0.00874508
0.008422
0.00817856
0.00799172
0.0079456
0.00817581
0.00884116
0.0100876
0.0118456
0.013801
0.0154721
0.0165017
0.0171862
0.0176721
0.0180601
0.0184337
0.0188474
0.0193232
0.0198592
0.0204395
0.0210444
0.0216547
0.0222541
0.0228291
0.0233682
0.0238606
0.0242953
0.0246595
0.0249467
0.025124
0.0251863
0.0251304
0.0249534
0.0246567
0.0242451
0.023727
0.0231126
0.022414
0.021644
0.0208159
0.0199427
0.0190371
0.0181114
0.0171789
0.0162583
0.0153864
0.0146592
0.0143615
0.0152165
0.0179012
0.0203961
0.0190883
0.0143871
0.0099558
0.00801968
0.00743227
0.00734464
0.00755423
0.00792984
0.00838344
0.00885892
0.00931989
0.00974142
0.0101055
0.0103977
0.0106077
0.0107252
0.0107415
0.0106744
0.0105191
0.0102802
0.00996447
0.00958118
0.00914199
0.00866105
0.00815451
0.00763988
0.0071348
0.00665558
0.00621791
0.00583221
0.00550419
0.00523835
0.00504063
0.00491322
0.00484966
0.00483065
0.00482555
0.0047875
0.00464611
0.00432558
0.00388879
0.00435894
0.00801342
0.0163332
0.0201016
0.0154366
0.0126659
0.0107701
0.00940862
0.00837593
0.00756257
0.00692971
0.00652347
0.00654509
0.00713583
0.0084684
0.010565
0.0131294
0.0156663
0.0175535
0.0187486
0.019471
0.0198206
0.0199135
0.0198728
0.0198049
0.0197838
0.0198481
0.0200082
0.020257
0.0205788
0.0209553
0.0213687
0.0218023
0.0222404
0.0226678
0.0230679
0.0234287
0.0237238
0.0239243
0.0240167
0.0239937
0.0238486
0.0235811
0.0231953
0.0226989
0.0221025
0.0214192
0.0206634
0.0198507
0.0189974
0.0181216
0.017244
0.0163937
0.0156199
0.0150346
0.0149405
0.0160668
0.0190573
0.0219876
0.0214112
0.0172849
0.0125444
0.0096334
0.0084245
0.00789652
0.00767248
0.00765329
0.0077658
0.00795696
0.00818669
0.00842562
0.00865245
0.00885084
0.00901014
0.00912108
0.00917199
0.00919109
0.00916566
0.00909395
0.00897322
0.00880192
0.00858146
0.00831711
0.00801805
0.00769602
0.0073656
0.00703885
0.00672773
0.00643773
0.00617621
0.00594631
0.00574944
0.00558598
0.00544805
0.00532122
0.00518229
0.00499213
0.00468468
0.0041924
0.00370773
0.00467421
0.00911285
0.0180137
0.0212491
0.0163851
0.0135334
0.0114402
0.00972346
0.00822941
0.0069255
0.00586797
0.00524108
0.00541278
0.00645006
0.00844526
0.0112734
0.0144699
0.0173934
0.019442
0.0207833
0.0215133
0.0217231
0.0215383
0.0211099
0.0205864
0.0200863
0.0196868
0.0194254
0.0193103
0.0193314
0.0194695
0.0197026
0.0200088
0.0203677
0.0207606
0.0211693
0.0215736
0.0219693
0.0223009
0.0225485
0.0226948
0.0227239
0.022628
0.0224054
0.0220601
0.0216006
0.0210391
0.0203908
0.0196733
0.0189064
0.0181128
0.0173198
0.0165639
0.0159033
0.0154578
0.0155332
0.01684
0.0199941
0.023231
0.0233084
0.0198461
0.0151382
0.0115952
0.00972659
0.00874592
0.0081536
0.00775236
0.00748421
0.0073186
0.0072252
0.00718241
0.00717633
0.0071988
0.00724732
0.00731997
0.00740696
0.00754438
0.0077066
0.00787429
0.00802302
0.00812989
0.00817871
0.00816199
0.00808158
0.00794503
0.00776516
0.00755461
0.00732208
0.00708543
0.00684882
0.00661872
0.00639871
0.00618683
0.00597633
0.00575517
0.00550365
0.00518673
0.00473983
0.00409987
0.00360632
0.0050989
0.0102261
0.019582
0.0221718
0.0171638
0.0143
0.0120899
0.0101064
0.0082216
0.00644983
0.00494745
0.00415285
0.00464376
0.006165
0.0087155
0.0121008
0.0157878
0.0189008
0.0211506
0.0226007
0.0233145
0.0233807
0.0229307
0.0221383
0.0211885
0.02024
0.0194049
0.0187459
0.0182854
0.0180185
0.0179247
0.0179773
0.0181483
0.0184123
0.018747
0.0191333
0.0195491
0.0200026
0.0204363
0.0208206
0.0211285
0.0213368
0.0214261
0.0213867
0.0212167
0.0209207
0.0205091
0.019997
0.0194032
0.0187503
0.0180646
0.0173782
0.0167333
0.0161936
0.0158821
0.0160987
0.0175217
0.0207419
0.0241855
0.0248371
0.0220511
0.0176052
0.0136809
0.0112458
0.00986124
0.00888405
0.00816769
0.00756406
0.00704217
0.0065795
0.00616799
0.00581254
0.00553079
0.00535393
0.00532348
0.00545332
0.00576648
0.00621195
0.00672171
0.00722635
0.00767064
0.00801939
0.00825581
0.00837905
0.00839835
0.00832605
0.00818524
0.00799417
0.00776827
0.0075218
0.0072635
0.00699786
0.00672472
0.00643905
0.0061304
0.00578093
0.00535788
0.004797
0.00403798
0.00357919
0.00560307
0.0113467
0.0210588
0.0229109
0.0177989
0.0149577
0.0126793
0.0104949
0.00828378
0.00607287
0.00410955
0.00329737
0.00433159
0.00628157
0.00921681
0.0129963
0.0169375
0.0202405
0.0226745
0.0241998
0.0248783
0.0247979
0.0240936
0.0229597
0.0216163
0.0202605
0.0190358
0.0180263
0.0172648
0.0167483
0.0164525
0.0163441
0.0163882
0.0165536
0.0168144
0.0171502
0.0175428
0.0179819
0.0184769
0.0189614
0.0194028
0.0197735
0.0200425
0.0201904
0.0202066
0.02009
0.0198471
0.0194914
0.019042
0.0185229
0.0179629
0.0173979
0.0168737
0.0164573
0.0162719
0.0166072
0.0181029
0.021324
0.0248968
0.0260418
0.0239129
0.0198529
0.0157799
0.0128663
0.0110782
0.00983467
0.00886238
0.00795761
0.00715392
0.00637179
0.00559181
0.0048197
0.00408189
0.00347036
0.0031705
0.00333972
0.00397083
0.00486065
0.00582772
0.00674765
0.00754351
0.00817673
0.00863366
0.00891333
0.00903381
0.00902577
0.00891435
0.00872522
0.00847984
0.00819555
0.00788482
0.00755518
0.00720908
0.00684362
0.00645007
0.00601197
0.00549826
0.00484557
0.00399836
0.00362413
0.0061704
0.0124755
0.0224584
0.0234953
0.0183078
0.0155002
0.0131816
0.0108468
0.00836694
0.00574344
0.00327224
0.00276482
0.00448586
0.0067548
0.00992287
0.0138577
0.0179032
0.0214287
0.0240108
0.0255828
0.0262105
0.025982
0.0250341
0.0235815
0.0218805
0.0201665
0.0186126
0.0173188
0.016322
0.0156149
0.015165
0.0149297
0.0148666
0.0149391
0.0151186
0.0153846
0.0157228
0.0161175
0.0166024
0.0171194
0.0176429
0.0181358
0.0185595
0.0188814
0.0190801
0.019146
0.0190796
0.018891
0.0185977
0.0182239
0.0178002
0.0173643
0.0169647
0.01667
0.0166023
0.0170392
0.018579
0.0217598
0.0254014
0.0269614
0.0254459
0.0218384
0.0177914
0.0145344
0.0123489
0.0108397
0.00966881
0.00860581
0.00761944
0.00664801
0.0056543
0.00459589
0.00345879
0.00222574
0.00106205
0.00124665
0.00258995
0.00406218
0.00548622
0.00677226
0.00784421
0.00867612
0.00927153
0.00964388
0.00982114
0.00983545
0.00971863
0.00950122
0.00920957
0.00886509
0.00848386
0.00807654
0.00764828
0.00719856
0.0067206
0.00619956
0.00560621
0.00487966
0.00397604
0.0037419
0.00679402
0.0136158
0.0237905
0.0239433
0.0186975
0.0159175
0.013574
0.0111304
0.00844013
0.00544754
0.00234815
0.00267071
0.00502128
0.00754113
0.0106925
0.0145856
0.0187731
0.0224666
0.0251602
0.0267542
0.0273183
0.0269416
0.0257619
0.0240144
0.0219946
0.0199781
0.0181655
0.0166661
0.0155123
0.0146842
0.014135
0.0138107
0.0136618
0.0136486
0.0137426
0.013925
0.0141845
0.0145111
0.0149174
0.0154168
0.0159639
0.0165248
0.0170611
0.0175276
0.017891
0.0181302
0.0182373
0.0182166
0.0180825
0.0178579
0.0175736
0.0172686
0.0169928
0.0168155
0.0168571
0.0173825
0.0189489
0.0220652
0.0257292
0.0276294
0.0266712
0.0235392
0.0196432
0.0161818
0.0136476
0.0118634
0.0105097
0.00933538
0.00825286
0.00720544
0.00615686
0.00507059
0.0039364
0.00276858
0.0017166
0.00158915
0.00277119
0.00432081
0.00588416
0.00731287
0.00851843
0.00945919
0.0101281
0.0105408
0.0107279
0.0107263
0.0105727
0.0103017
0.00994339
0.00952262
0.00905857
0.00856466
0.0080485
0.00751182
0.00694993
0.00634991
0.00568501
0.0048993
0.0039716
0.00393523
0.00747177
0.0147706
0.0250597
0.0242652
0.0189664
0.0161952
0.0138341
0.0113208
0.008487
0.00524633
0.00131459
0.00303555
0.00584776
0.00835139
0.0114192
0.0152876
0.0195446
0.0233573
0.0261275
0.0277203
0.02821
0.0276866
0.026288
0.024271
0.0219739
0.0197152
0.0177198
0.0160983
0.0148675
0.0139853
0.0133858
0.013003
0.0127828
0.0126864
0.012689
0.0127764
0.0129418
0.0131819
0.0134955
0.0139251
0.0144378
0.0150146
0.0156148
0.0161879
0.016688
0.0170816
0.0173501
0.0174898
0.0175102
0.0174316
0.017284
0.0171066
0.01695
0.0168839
0.0170266
0.0176308
0.0192138
0.0222539
0.0259054
0.0280767
0.0276112
0.0249492
0.0212841
0.017743
0.0149361
0.0128846
0.0113475
0.0100794
0.00895338
0.0079052
0.00690309
0.00593416
0.00501578
0.00420737
0.00364544
0.00357259
0.00422891
0.00544325
0.00688257
0.0082927
0.00951711
0.0104784
0.0111541
0.0115556
0.0117127
0.0116639
0.0114488
0.0111049
0.0106654
0.0101578
0.00960384
0.00901908
0.00841319
0.00778979
0.00714609
0.00647123
0.00574157
0.00490913
0.00399147
0.0042078
0.00820355
0.0159413
0.0262672
0.0244684
0.0191111
0.0163229
0.0139511
0.0114087
0.00850622
0.00505915
0.000361952
0.0037184
0.00658652
0.0091474
0.0121386
0.0159401
0.0202228
0.0241092
0.0269206
0.0284894
0.0288948
0.0282274
0.0266239
0.0243643
0.0218342
0.0193964
0.0172954
0.0156321
0.0143951
0.0135123
0.0128966
0.0124723
0.0121852
0.0120016
0.0119042
0.011886
0.0119467
0.0120883
0.0123096
0.012648
0.0130934
0.0136419
0.014262
0.0149027
0.015508
0.0160317
0.0164433
0.0167297
0.0168939
0.0169526
0.016934
0.0168771
0.0168326
0.0168702
0.0171061
0.0177819
0.0193773
0.0223383
0.0259526
0.028332
0.0282911
0.0260727
0.0226824
0.0191601
0.016169
0.0138805
0.0121598
0.0107964
0.00964574
0.00863115
0.00771932
0.00690467
0.00620488
0.00565886
0.00534049
0.00536328
0.00588663
0.00690296
0.00820298
0.00953723
0.0107198
0.0116481
0.0122858
0.0126384
0.0127348
0.0126144
0.012319
0.0118884
0.0113583
0.0107582
0.0101118
0.0094364
0.00874301
0.00803671
0.00731618
0.00657242
0.00578523
0.00491733
0.00404896
0.00456479
0.00898993
0.0171275
0.0274115
0.0245628
0.0191362
0.0162935
0.0138936
0.0113435
0.00841602
0.00470394
0.0013257
0.0044025
0.00734435
0.00989852
0.0128032
0.0165322
0.0208132
0.024733
0.0275496
0.0290713
0.0293828
0.0285746
0.0267812
0.0243079
0.0215912
0.0190389
0.0169066
0.0152717
0.0140828
0.0132338
0.0126189
0.012158
0.0118009
0.0115227
0.0113154
0.0111819
0.011129
0.0111642
0.0112912
0.0115281
0.0119022
0.0124026
0.0130135
0.0136907
0.0143723
0.0150013
0.0155352
0.015951
0.0162445
0.0164279
0.0165274
0.0165811
0.0166398
0.0167731
0.0170951
0.0178374
0.0194448
0.0223303
0.0258907
0.0284222
0.0287367
0.0269213
0.0238218
0.020389
0.0172985
0.014823
0.0129309
0.0114664
0.0102893
0.00931265
0.0084946
0.00782179
0.0072973
0.00693529
0.00677993
0.00691077
0.0074488
0.00841162
0.00964091
0.0109099
0.0120321
0.0128982
0.0134672
0.0137432
0.0137555
0.013545
0.0131556
0.0126293
0.0120035
0.0113096
0.0105725
0.00981063
0.00903604
0.00825457
0.0074658
0.00666212
0.00582674
0.00493701
0.00415997
0.00500809
0.00983077
0.018327
0.0284898
0.024564
0.019032
0.016101
0.0136788
0.0111388
0.00822133
0.00450009
0.00223114
0.00515231
0.00803612
0.0105534
0.0133855
0.0170559
0.0213227
0.0252405
0.0280263
0.0294767
0.0296846
0.0287391
0.0267716
0.024115
0.0212605
0.0186578
0.016562
0.015011
0.0139053
0.0131062
0.0124958
0.0119955
0.0115629
0.0111824
0.0108572
0.0105999
0.0104261
0.0103494
0.0103786
0.0105252
0.0108228
0.011267
0.011856
0.0125504
0.0132871
0.0140001
0.0146364
0.0151633
0.0155696
0.0158631
0.0160677
0.0162209
0.0163731
0.0165938
0.0169958
0.0178013
0.0194235
0.0222418
0.0257384
0.0283728
0.0289743
0.0275117
0.0246978
0.0213995
0.0182818
0.0156789
0.0136436
0.012081
0.0108711
0.00992403
0.00918704
0.00863277
0.00824731
0.00802662
0.00800645
0.00826052
0.00888748
0.00988654
0.0111052
0.0123304
0.0133869
0.0141724
0.0146505
0.0148284
0.0147385
0.0144242
0.0139315
0.0133044
0.0125818
0.0117964
0.0109741
0.0101338
0.00928809
0.00844307
0.00759855
0.00674761
0.00587663
0.00498574
0.00434432
0.00553797
0.0107244
0.0195354
0.029499
0.024473
0.0188329
0.0157735
0.0133287
0.0108199
0.00793498
0.00436399
0.00297923
0.00582497
0.00862114
0.0110922
0.0138741
0.0175112
0.0217602
0.0256442
0.0283629
0.0297172
0.0298114
0.0287317
0.0266067
0.0237989
0.0208574
0.0182668
0.0162657
0.0148372
0.0138314
0.0130844
0.0124748
0.0119303
0.0114174
0.0109301
0.0104815
0.0100945
0.00979336
0.00959851
0.00952459
0.00958263
0.00980739
0.0101981
0.0107628
0.0114673
0.012247
0.013029
0.0137508
0.0143715
0.0148739
0.0152621
0.0155583
0.0157991
0.0160351
0.0163357
0.0168124
0.0176796
0.0193219
0.0220845
0.0255131
0.0282074
0.0290296
0.0278633
0.0253143
0.0221742
0.0190855
0.0164147
0.0142767
0.0126322
0.0113895
0.0104636
0.00979304
0.00933666
0.00906592
0.00896629
0.00908117
0.00947821
0.0102405
0.0113263
0.0125666
0.0137567
0.0147389
0.0154265
0.015794
0.015856
0.0156495
0.0152212
0.0146196
0.0138903
0.0130735
0.0122025
0.0113037
0.0103965
0.00949324
0.00859982
0.00771553
0.00683291
0.00594109
0.00508281
0.00462285
0.0061524
0.0116675
0.020747
0.0304368
0.0243012
0.0185561
0.0153392
0.0128743
0.0104197
0.00757757
0.00419771
0.00356637
0.00638769
0.00909061
0.0115167
0.0142735
0.0179063
0.0221371
0.0259565
0.0285715
0.0298043
0.0297743
0.0285637
0.026298
0.0233737
0.0203974
0.0178777
0.0160171
0.0147331
0.0138295
0.0131288
0.0125138
0.0119216
0.0113274
0.0107325
0.0101586
0.00963825
0.0092041
0.00888335
0.00869716
0.00866147
0.0088147
0.00915697
0.00970281
0.0104199
0.01124
0.0120825
0.0128772
0.0135768
0.0141595
0.0146275
0.0150018
0.0153189
0.0156297
0.0160034
0.016551
0.0174803
0.0191501
0.021871
0.0252311
0.0279477
0.0289266
0.0279966
0.0256806
0.0227058
0.0196861
0.017001
0.0148065
0.0131081
0.0118436
0.0109374
0.0103243
0.00995245
0.00978286
0.00979894
0.0100598
0.0106313
0.0115607
0.0127531
0.0140186
0.0151635
0.0160533
0.0166223
0.0168597
0.0167897
0.016455
0.0159061
0.0151934
0.014364
0.0134587
0.0125113
0.0115482
0.0105886
0.00964439
0.00872057
0.00781456
0.00691583
0.00602668
0.00524396
0.00500538
0.00684584
0.0126554
0.0219549
0.0313022
0.0240587
0.0182176
0.0148318
0.012356
0.00997775
0.00716751
0.00396829
0.00402942
0.00684283
0.00945651
0.0118434
0.0145994
0.0182552
0.022465
0.026188
0.0286627
0.0297491
0.0295845
0.0282462
0.025858
0.022854
0.0198965
0.0175005
0.0158124
0.0146794
0.0138708
0.0132076
0.0125826
0.011943
0.0112706
0.0105717
0.00987462
0.00921976
0.0086472
0.00819003
0.00787676
0.00773367
0.00780842
0.00810707
0.00864449
0.00938533
0.0102514
0.0111526
0.0120118
0.0127777
0.0134268
0.0139607
0.0144007
0.0147839
0.0151613
0.0156029
0.0162192
0.0172128
0.0189197
0.0216144
0.024908
0.027613
0.0286868
0.0279312
0.0258093
0.0229945
0.0200701
0.0174156
0.0152109
0.0134943
0.0122292
0.0113517
0.0107965
0.0105053
0.0104338
0.0105757
0.0110092
0.0117881
0.0128966
0.0141864
0.015454
0.016526
0.0172958
0.0177219
0.0178097
0.0175935
0.017122
0.016449
0.0156266
0.0147027
0.0137183
0.012707
0.0116947
0.0107
0.00973386
0.0087992
0.00788854
0.00699128
0.00614309
0.00548709
0.00548996
0.00760841
0.0136814
0.0231512
0.0320961
0.0237536
0.0178321
0.014284
0.0118167
0.00953417
0.00671699
0.00370218
0.00442503
0.00721315
0.00973997
0.0120927
0.0148707
0.0185727
0.0227531
0.0263461
0.0286451
0.0295614
0.0292528
0.0277906
0.0252998
0.0222566
0.0193707
0.0171428
0.0156441
0.0146566
0.0139312
0.0132977
0.0126619
0.0119795
0.0112369
0.0104423
0.00962833
0.00884077
0.0081249
0.00751746
0.00705408
0.00677824
0.00675604
0.00701445
0.00755898
0.00834312
0.00926872
0.010232
0.0111508
0.0119727
0.0126757
0.013263
0.0137578
0.0141982
0.0146359
0.0151414
0.0158261
0.0168886
0.0186441
0.0213291
0.0245588
0.0272197
0.0283282
0.0276842
0.0257135
0.0230454
0.020232
0.0176438
0.015472
0.0137764
0.0125399
0.01171
0.0112232
0.0110198
0.0110556
0.011357
0.0119995
0.0130045
0.0142768
0.0156262
0.016852
0.0178104
0.0184268
0.0186842
0.0186042
0.0182306
0.0176174
0.0168208
0.0158942
0.0148852
0.0138346
0.012775
0.0117315
0.0107214
0.00975375
0.0088264
0.00792506
0.00705958
0.0063037
0.00581764
0.00606349
0.008428
0.0147366
0.0243278
0.0328213
0.0233928
0.0174094
0.0137208
0.0112896
0.00911348
0.00623622
0.00348836
0.00478991
0.00751523
0.00995559
0.0122806
0.015105
0.0188711
0.0230066
0.0264342
0.0285243
0.0292495
0.0287891
0.0272086
0.0246383
0.0215989
0.0188359
0.0168091
0.0155022
0.014647
0.0139926
0.0133847
0.0127415
0.0120259
0.0112255
0.0103485
0.00942914
0.0085145
0.00765221
0.00687899
0.00623392
0.00578399
0.00563245
0.00584555
0.006422
0.00728065
0.00828616
0.00931833
0.0102929
0.0111615
0.0119071
0.012537
0.0130772
0.0135676
0.0140607
0.0146281
0.0153828
0.0165214
0.0183392
0.0210308
0.0241974
0.0267809
0.027864
0.0272696
0.0254056
0.0228663
0.0201725
0.0176789
0.0155784
0.0139431
0.0127693
0.0120135
0.0116153
0.0115165
0.0116863
0.0121951
0.0130816
0.0143065
0.0156987
0.0170461
0.0181722
0.0189702
0.0193987
0.0194637
0.0192014
0.0186637
0.0179086
0.0169938
0.0159729
0.0148926
0.0137924
0.0127035
0.0116494
0.0106452
0.0096957
0.00878831
0.00791776
0.00713427
0.00652016
0.0062275
0.00670675
0.00929106
0.0158105
0.0254767
0.0334827
0.0229827
0.0169544
0.0131573
0.0107923
0.00871387
0.00573804
0.00339681
0.00512014
0.00775013
0.010108
0.0124184
0.0153175
0.0191591
0.0232258
0.0264522
0.0283036
0.0288204
0.0282034
0.0265126
0.0238892
0.0209011
0.018306
0.0164997
0.015375
0.0146354
0.0140429
0.0134609
0.012819
0.0120842
0.0112428
0.0103022
0.00929478
0.00826419
0.00725711
0.00630656
0.00544501
0.00475862
0.00442019
0.00457855
0.00522675
0.00620331
0.00731193
0.0084178
0.00944239
0.0103475
0.0111247
0.0117874
0.0123652
0.0128999
0.0134452
0.0140746
0.0149036
0.0161281
0.018024
0.0207372
0.0238368
0.0263051
0.0273019
0.0266965
0.0248963
0.0224669
0.0198969
0.0175205
0.0155252
0.013988
0.0129134
0.0122635
0.0119813
0.0120142
0.0123691
0.0131331
0.0142855
0.0156876
0.0171245
0.0183927
0.0193556
0.0199471
0.0201569
0.0200113
0.0195585
0.0188563
0.0179654
0.0169436
0.0158434
0.01471
0.0135807
0.0124846
0.0114427
0.0104662
0.00954875
0.00867445
0.00788475
0.00723362
0.00679071
0.00670046
0.00739992
0.0101832
0.0168914
0.0265907
0.0340864
0.0225286
0.0164695
0.0126026
0.0103311
0.00831149
0.00522801
0.00340627
0.00539279
0.00791108
0.010201
0.0125193
0.0155238
0.0194412
0.0234073
0.0263969
0.0279845
0.0282802
0.0275049
0.025716
0.0230716
0.0201819
0.0177928
0.0162116
0.0152494
0.0146102
0.0140751
0.013525
0.0128977
0.0121622
0.011301
0.0103214
0.00924979
0.00812244
0.00698203
0.00585653
0.00475921
0.00376377
0.00312842
0.00320913
0.00400081
0.00514848
0.00637488
0.00754903
0.00861105
0.00953927
0.0103364
0.0110227
0.0116315
0.0122065
0.0128028
0.0134963
0.0144069
0.0157308
0.017722
0.0204679
0.0234874
0.0257954
0.0266431
0.0259694
0.0241942
0.0218576
0.0194142
0.0171739
0.015314
0.013911
0.0129725
0.0124636
0.0123313
0.0125401
0.0131615
0.014215
0.0156007
0.0170978
0.0184825
0.0195893
0.0203289
0.0206748
0.0206435
0.0202779
0.0196347
0.0187757
0.0177621
0.0166508
0.0154922
0.0143287
0.0131946
0.0121161
0.0111105
0.0101791
0.00929955
0.00850876
0.00784966
0.00736222
0.00710603
0.0072191
0.00812364
0.01109
0.0179673
0.0276637
0.0346399
0.0220326
0.0159581
0.0120672
0.0099122
0.00787934
0.0047049
0.00345447
0.00557858
0.0079988
0.0102489
0.0126034
0.0157387
0.0197177
0.0235442
0.0262633
0.0275674
0.0276346
0.0267036
0.0248331
0.0222038
0.0194624
0.0173009
0.0159349
0.0151119
0.0145622
0.0140857
0.0135779
0.012982
0.0122673
0.0114121
0.0104237
0.00931959
0.0081274
0.00688346
0.00561314
0.00431296
0.00297912
0.00185161
0.0017763
0.0028462
0.00419879
0.00552596
0.00674271
0.00781864
0.00875194
0.00955614
0.0102571
0.0108914
0.0115042
0.0121523
0.0129151
0.0139184
0.0153587
0.0174622
0.0202434
0.0231555
0.0252469
0.0258819
0.0250886
0.0233065
0.0210497
0.0187364
0.0166497
0.0149529
0.0137184
0.012953
0.0126223
0.0126805
0.0131393
0.0140842
0.0154317
0.016967
0.018446
0.0196753
0.0205443
0.0210116
0.0210849
0.0208023
0.0202184
0.0193955
0.0183965
0.0172816
0.0161052
0.0149145
0.0137483
0.0126372
0.0116032
0.0106556
0.00977205
0.00897954
0.00832163
0.00782534
0.00751885
0.00745571
0.00776539
0.00886014
0.0119981
0.019027
0.0286915
0.035151
0.0214906
0.0154262
0.011568
0.00954896
0.00740434
0.00417693
0.0034905
0.00567781
0.00803873
0.0102795
0.0126942
0.015973
0.0199838
0.0236268
0.0260457
0.0270526
0.0268891
0.0258101
0.0238799
0.0213083
0.0187517
0.0168259
0.0156578
0.0149599
0.0144894
0.0140754
0.0136211
0.0130726
0.0123989
0.0115845
0.0106237
0.00952712
0.00831643
0.00702099
0.00566855
0.00427152
0.00279845
0.00113282
0.000516124
0.00204565
0.00350452
0.00484555
0.00604159
0.00709328
0.00800863
0.00880588
0.00951259
0.0101679
0.0108181
0.0115217
0.0123634
0.0134756
0.0150521
0.0172798
0.0200823
0.0228385
0.0246454
0.0250057
0.0240509
0.0222396
0.0200559
0.0178788
0.0159629
0.0144561
0.0134237
0.0128687
0.0127576
0.0130676
0.0138802
0.0151657
0.0167239
0.0182787
0.0196117
0.0205904
0.0211608
0.021324
0.0211144
0.0205852
0.0197984
0.0188178
0.0177055
0.0165188
0.0153085
0.0141175
0.01298
0.011922
0.0109593
0.0100761
0.00928029
0.0086263
0.00813441
0.00781822
0.00770032
0.00782739
0.00832238
0.00959413
0.0128956
0.0200604
0.0296712
0.0356278
0.0208898
0.0148816
0.0111262
0.00925655
0.00689541
0.00367854
0.00349703
0.0057253
0.00807406
0.0103227
0.0128104
0.0162295
0.0202291
0.023644
0.0257381
0.0264409
0.0260506
0.0248366
0.0228724
0.0203995
0.0180546
0.0163932
0.0153697
0.0147776
0.01439
0.014049
0.0136647
0.0131856
0.0125801
0.0118291
0.0109248
0.00987238
0.00868867
0.00740114
0.00604364
0.00465165
0.00326444
0.00196257
0.00121821
0.00193803
0.00314238
0.00436772
0.00550576
0.00648306
0.0073501
0.00812132
0.00882389
0.0094974
0.0101874
0.0109554
0.0118919
0.0131349
0.0148663
0.0172141
0.0199932
0.0225182
0.0239649
0.0239966
0.0228523
0.0210015
0.0188911
0.0168597
0.0151333
0.0138442
0.0130484
0.0127436
0.0129039
0.0135649
0.01478
0.0163504
0.01797
0.0193912
0.0204602
0.0211137
0.0213484
0.0211977
0.0207146
0.0199609
0.0190007
0.0178968
0.0167077
0.0154865
0.0142792
0.0131237
0.012049
0.0110752
0.0101989
0.00940143
0.00875383
0.00827169
0.00796151
0.00783218
0.00790065
0.00820827
0.00887538
0.0103132
0.0137726
0.0210596
0.0306018
0.0360777
0.0202087
0.0143314
0.0107567
0.00903401
0.00639229
0.00327228
0.00350175
0.00578074
0.00814387
0.0103956
0.0129584
0.0165011
0.0204388
0.0235837
0.0253355
0.025734
0.025127
0.0237961
0.0218285
0.0194885
0.0174298
0.0159452
0.0150543
0.0145647
0.0142634
0.0140046
0.0137046
0.0133146
0.0128029
0.0121484
0.0113397
0.0103774
0.00927467
0.00805845
0.00676977
0.00546443
0.00421969
0.0031626
0.00251831
0.00263953
0.00331552
0.00421946
0.0051464
0.00600583
0.00680684
0.00755701
0.00824725
0.00893714
0.009672
0.010517
0.0115691
0.0129666
0.0148622
0.0172965
0.0199705
0.0221613
0.0231718
0.0228366
0.0214917
0.0196027
0.0175734
0.0157014
0.0141865
0.0131457
0.0126247
0.0126195
0.0131376
0.0142616
0.015829
0.0175064
0.0190014
0.0201423
0.0208579
0.0211439
0.0210356
0.0205874
0.0198623
0.0189241
0.0178349
0.016653
0.0154319
0.0142192
0.0130557
0.0119735
0.0109958
0.0101302
0.00934118
0.00870491
0.00823583
0.0079377
0.00781321
0.00786692
0.00811172
0.00858642
0.00941259
0.0110078
0.0146213
0.0220183
0.0314833
0.036507
0.019421
0.0137772
0.0104579
0.00885135
0.0059619
0.00302504
0.00356022
0.00589143
0.00826078
0.0104946
0.0131306
0.0167719
0.0205948
0.0234339
0.024834
0.0249364
0.0241295
0.0227057
0.0207584
0.0186513
0.0168026
0.0154814
0.0147126
0.0143201
0.0141069
0.0139373
0.0137335
0.0134494
0.0130541
0.0125247
0.0118469
0.0110165
0.0100426
0.00894868
0.00777531
0.00658286
0.00545616
0.00450644
0.00386313
0.00369363
0.00394359
0.00447008
0.00512564
0.00581122
0.00649827
0.0071823
0.00786053
0.00857455
0.00937376
0.0103298
0.0115426
0.0131274
0.0151569
0.0175453
0.0199276
0.0216711
0.0222267
0.0215131
0.019973
0.0180584
0.0161247
0.0144311
0.0131548
0.0123992
0.0122029
0.0125766
0.0135853
0.0151413
0.016872
0.0184288
0.0196229
0.0203781
0.0206939
0.02061
0.0201854
0.0194846
0.0185715
0.0175062
0.0163446
0.0151383
0.0139348
0.0127762
0.0116974
0.0107248
0.00987365
0.0091088
0.00848811
0.00803622
0.00775298
0.00763831
0.00769277
0.00791781
0.00832446
0.00895171
0.00992502
0.0116708
0.0154359
0.0229328
0.0323167
0.0369203
0.0185013
0.0132138
0.010208
0.00865927
0.00565389
0.00296755
0.00371747
0.00606459
0.00840649
0.0105976
0.0133084
0.0170197
0.0206773
0.0231832
0.024232
0.024055
0.0230723
0.021582
0.0197261
0.0178387
0.0161748
0.0150011
0.0143421
0.0140402
0.0139138
0.0138367
0.0137364
0.0135704
0.0133089
0.0129286
0.0124121
0.0117511
0.0109489
0.0100229
0.00900685
0.00795321
0.00693432
0.00604047
0.0053684
0.00500334
0.00497227
0.00517809
0.00555775
0.00604179
0.00659401
0.00720062
0.00786305
0.00861371
0.00950221
0.0105947
0.0119666
0.0136726
0.0156901
0.0178492
0.0197891
0.0210004
0.0210978
0.0200151
0.0183056
0.0163879
0.0145713
0.0130822
0.0120809
0.0116618
0.0118694
0.0127529
0.0142847
0.0160579
0.0176619
0.0188871
0.0196573
0.0199796
0.0199024
0.019491
0.0188131
0.0179323
0.0169054
0.015783
0.0146121
0.0134373
0.0123003
0.0112385
0.0102812
0.00944939
0.00872168
0.00812055
0.00769033
0.00742421
0.00731964
0.00737782
0.00759707
0.00797748
0.00853009
0.00929585
0.010406
0.0122975
0.0162128
0.0238013
0.0331038
0.0373195
0.0174316
0.0126299
0.00997227
0.00841821
0.00546669
0.00309964
0.00397399
0.00627026
0.00854213
0.0106707
0.0134665
0.0172191
0.020666
0.0228222
0.0235311
0.0231013
0.021975
0.0204469
0.0187559
0.0170407
0.0155465
0.014504
0.0139405
0.0137192
0.0136741
0.0136873
0.0136917
0.0136487
0.0135313
0.0133161
0.0129837
0.0125214
0.0119264
0.0112085
0.0103914
0.00951455
0.00863295
0.00781717
0.00713775
0.00664385
0.00644031
0.00642613
0.0065867
0.00688861
0.00730982
0.00784094
0.00848764
0.009275
0.0102397
0.0114214
0.0128482
0.0145081
0.0163141
0.0180713
0.0194669
0.0201152
0.0197653
0.0183558
0.0165034
0.0146145
0.0129446
0.0116969
0.0110258
0.0110325
0.011783
0.0132676
0.0150642
0.0166958
0.0179223
0.0186776
0.0189811
0.0188933
0.0184881
0.0178372
0.0170028
0.016036
0.0149795
0.0138718
0.0127512
0.011657
0.010628
0.00969765
0.00889078
0.00820712
0.00762898
0.00722381
0.00697609
0.00687999
0.00693858
0.00715243
0.00751883
0.00803752
0.00872059
0.00961212
0.0108504
0.0128843
0.0169498
0.024624
0.0338465
0.0377038
0.0162051
0.0120101
0.00971277
0.00811872
0.00536818
0.00339047
0.0042959
0.00646435
0.00862129
0.0106756
0.0135786
0.017344
0.0205422
0.0223447
0.0227372
0.0220916
0.0208597
0.0193646
0.0178171
0.0162623
0.0149215
0.0139917
0.0135062
0.0133507
0.0133754
0.0134701
0.0135728
0.0136497
0.0136771
0.013633
0.0134965
0.0132509
0.0128872
0.0124075
0.0118253
0.0111669
0.0104712
0.00978855
0.00917033
0.00865732
0.00836239
0.00823168
0.00825923
0.00843661
0.00875718
0.00921992
0.00983153
0.0106059
0.0115576
0.0126935
0.0139992
0.015421
0.0168467
0.0180917
0.0189029
0.0190017
0.0182287
0.0165494
0.0145852
0.0127659
0.0112823
0.0103351
0.0100987
0.010691
0.0121006
0.0138984
0.0155256
0.0167166
0.0174204
0.0176769
0.0175629
0.0171625
0.0165507
0.015786
0.0149103
0.0139541
0.0129436
0.0119074
0.0108801
0.00990098
0.00900879
0.00823376
0.00758991
0.00704491
0.00666814
0.00643967
0.00634956
0.00640208
0.00660325
0.00695344
0.00744893
0.00808944
0.00888871
0.00989483
0.0112544
0.013429
0.0176462
0.0254024
0.0345465
0.0380687
0.0148274
0.0113356
0.00939443
0.00777705
0.00532963
0.00377578
0.00463586
0.00660387
0.00859855
0.0105767
0.0136218
0.0173698
0.02029
0.0217493
0.0218621
0.0210486
0.019754
0.0183557
0.0169218
0.0155136
0.0143077
0.0134697
0.0130405
0.0129301
0.0130063
0.0131665
0.0133532
0.0135375
0.0137002
0.0138215
0.0138798
0.0138544
0.0137309
0.0135036
0.0131772
0.0127669
0.0122985
0.0118066
0.0113337
0.0109162
0.0105953
0.0104305
0.0103971
0.0105021
0.0107467
0.0111331
0.0116642
0.0123418
0.0131615
0.0141062
0.0151373
0.0161836
0.0171321
0.017824
0.0180644
0.0176586
0.016512
0.0146047
0.0125759
0.010873
0.00963803
0.00911451
0.00951027
0.0108217
0.0125842
0.0141573
0.0152592
0.0158664
0.0160452
0.0158927
0.015504
0.0149544
0.0142931
0.0135467
0.0127288
0.0118505
0.0109291
0.0099926
0.00908033
0.00823651
0.00749968
0.00689462
0.00640218
0.00605551
0.00584891
0.00576252
0.00580115
0.00597824
0.00630152
0.00676979
0.00737764
0.00812492
0.0090277
0.0101389
0.0116145
0.0139301
0.0183025
0.0261393
0.0352046
0.0384041
0.0133144
0.0105853
0.00898938
0.0074171
0.00533686
0.00418519
0.00494422
0.00664887
0.00843221
0.0103471
0.0135803
0.0172745
0.0198987
0.0210417
0.0209249
0.0199989
0.0187178
0.017411
0.0160848
0.0148092
0.013719
0.0129506
0.0125522
0.0124603
0.0125624
0.0127644
0.0130128
0.0132831
0.0135609
0.0138297
0.0140675
0.0142507
0.0143588
0.0143793
0.0143087
0.0141529
0.0139271
0.0136539
0.0133629
0.0130827
0.0128367
0.0126916
0.0126435
0.0127041
0.0128782
0.0131678
0.0135708
0.01408
0.0146792
0.0153387
0.0160102
0.0166207
0.0170687
0.0172254
0.016946
0.0160995
0.0146313
0.0125254
0.0104968
0.00897521
0.00813287
0.0082882
0.00947469
0.0111462
0.0125925
0.0135371
0.0139936
0.0140642
0.0138693
0.0135124
0.0130613
0.0125453
0.0119672
0.0113197
0.0105991
0.00981316
0.00898542
0.0081551
0.00737141
0.00668301
0.0061231
0.00569852
0.00538955
0.00521235
0.00513423
0.00515748
0.00530255
0.00558721
0.00601762
0.00658924
0.007295
0.00813582
0.00913103
0.0103394
0.0119279
0.014387
0.0189206
0.0268388
0.0358198
0.0386928
0.01169
0.00973868
0.00848156
0.0070562
0.00538074
0.00456459
0.00517014
0.00655832
0.00808302
0.00997305
0.0134457
0.0170395
0.0193653
0.0202364
0.0199525
0.018975
0.0177788
0.0165488
0.015326
0.014169
0.0131762
0.0124567
0.012063
0.0119587
0.0120548
0.0122678
0.0125478
0.0128738
0.0132363
0.0136224
0.014011
0.0143757
0.0146908
0.0149364
0.0151013
0.0151831
0.0151878
0.0151286
0.0150249
0.0148985
0.0147656
0.0146705
0.0146318
0.0146606
0.0147634
0.0149412
0.0151884
0.0154924
0.0158313
0.016171
0.0164621
0.0166377
0.0166124
0.0162865
0.0155564
0.0143352
0.012582
0.0102848
0.00836189
0.00718801
0.00707484
0.00810035
0.0096005
0.0108228
0.0115266
0.0117748
0.0117148
0.0114914
0.0112074
0.0109055
0.0105788
0.0101976
0.00973459
0.009177
0.00853017
0.00781716
0.00707803
0.00636689
0.00573885
0.00523672
0.00487725
0.00463402
0.00449421
0.00443411
0.00445248
0.00457179
0.00481781
0.00520538
0.00573527
0.00639953
0.00719123
0.00811421
0.00919242
0.0104918
0.0121922
0.0148004
0.0195046
0.0275069
0.0363857
0.0389073
0.00998445
0.00878164
0.00787094
0.00670343
0.00544612
0.00487106
0.00526683
0.00629121
0.00751186
0.00945776
0.0132125
0.0166513
0.0186981
0.01936
0.0189786
0.0180411
0.0169326
0.0157871
0.0146658
0.0136159
0.0127068
0.0120212
0.0116112
0.011465
0.0115204
0.0117081
0.0119828
0.012326
0.012732
0.0131925
0.0136889
0.0141935
0.014676
0.0151094
0.0154748
0.0157615
0.0159674
0.0160978
0.0161637
0.0161806
0.0161592
0.0161251
0.0161052
0.0161091
0.0161432
0.0162071
0.0162935
0.0163874
0.016465
0.0164922
0.0164234
0.0162005
0.0157545
0.0150097
0.0138943
0.0123434
0.0102766
0.00783549
0.00628193
0.00589995
0.00672817
0.00795135
0.00882579
0.00918889
0.00917308
0.00898295
0.00878363
0.00864706
0.00855646
0.00845198
0.00827527
0.00799027
0.00758523
0.00706941
0.00646802
0.00582108
0.00518356
0.00462068
0.00418672
0.00389506
0.00372135
0.00362036
0.00358063
0.00360972
0.00372715
0.00395701
0.0043175
0.00481385
0.00544081
0.00618982
0.00705742
0.0080527
0.00920601
0.0105924
0.0124067
0.0151739
0.0200631
0.0281501
0.0368852
0.0390094
0.00823101
0.00771197
0.0071769
0.00636494
0.00550846
0.00507176
0.0052029
0.00580904
0.00667586
0.00882397
0.0128698
0.0161048
0.0179229
0.0184537
0.0180593
0.0172158
0.0161967
0.0151433
0.0141221
0.0131725
0.0123408
0.0116851
0.011251
0.0110443
0.0110296
0.011156
0.0113848
0.0116995
0.0120973
0.0125751
0.0131194
0.0137048
0.0142986
0.0148683
0.0153871
0.0158361
0.0162049
0.016491
0.016698
0.0168351
0.016907
0.0169311
0.0169312
0.0169146
0.0168861
0.016844
0.0167799
0.0166781
0.0165151
0.0162589
0.0158685
0.0152944
0.01448
0.0133652
0.0118932
0.00998767
0.00749652
0.00539496
0.00474641
0.00531819
0.00615556
0.00653817
0.00645213
0.00613305
0.00587736
0.00583423
0.00596193
0.00614065
0.00626891
0.00628826
0.00617539
0.00592863
0.00555873
0.00508909
0.0045492
0.00398054
0.00343911
0.00298729
0.00266891
0.00248525
0.00241135
0.00241688
0.00247932
0.00263849
0.00290533
0.00328824
0.00378932
0.00440372
0.00512585
0.00595201
0.00688603
0.00794462
0.00916649
0.0106378
0.012572
0.0155139
0.0206045
0.0287856
0.0372881
0.0389422
0.00646418
0.00655256
0.00644346
0.00604863
0.00554249
0.00515831
0.00496977
0.00507153
0.00552633
0.00812682
0.0124044
0.0154211
0.017092
0.0175762
0.0172514
0.0165064
0.0155849
0.0146293
0.0137084
0.0128568
0.0121045
0.0114881
0.0110413
0.0107777
0.0106825
0.010724
0.0108726
0.0111136
0.0114454
0.0118701
0.0123827
0.0129655
0.0135898
0.0142219
0.0148291
0.0153847
0.0158694
0.0162716
0.016587
0.0168169
0.0169595
0.0170325
0.0170492
0.0170147
0.0169311
0.0167948
0.0165963
0.0163199
0.0159427
0.015435
0.0147593
0.0138707
0.0127184
0.0112464
0.00938314
0.00704792
0.00460071
0.00354458
0.0035584
0.00370093
0.00349302
0.00306573
0.00257888
0.00252894
0.0029191
0.00344483
0.00392578
0.00429603
0.00453783
0.00465063
0.00464068
0.00451717
0.00429125
0.00397847
0.00359029
0.00313876
0.00263976
0.00211466
0.00159384
0.00111853
0.000795572
0.000850359
0.00110727
0.00151957
0.00202627
0.0026074
0.00326255
0.00398964
0.00479533
0.00568492
0.00667341
0.00778515
0.00906936
0.0106254
0.012688
0.0158276
0.0212023
0.0294743
0.0374611
0.0386467
0.00474959
0.00540883
0.00576562
0.00577274
0.00551762
0.00510297
0.00455804
0.00403012
0.00402561
0.00748459
0.0118374
0.0146732
0.0162795
0.016795
0.0165711
0.0159281
0.0151072
0.014251
0.0134309
0.0126793
0.0120153
0.0114587
0.0110297
0.0107397
0.0105846
0.0105469
0.0106056
0.0107469
0.0109675
0.0112715
0.0116625
0.0121364
0.0126777
0.0132608
0.0138552
0.0144299
0.0149583
0.0154193
0.0157991
0.0160877
0.016277
0.0163874
0.0164164
0.0163659
0.0162339
0.0160149
0.0156981
0.0152677
0.0147016
0.0139715
0.013043
0.0118753
0.0104237
0.00865012
0.00658345
0.00447776
0.00300253
0.00231818
0.00188636
0.00158349
0.00131306
0.00103547
0.00104567
0.00155618
0.00224345
0.00290369
0.00348572
0.00397715
0.00437598
0.00468229
0.00489621
0.00501699
0.00504234
0.00496735
0.00478959
0.00450856
0.00412784
0.00365656
0.0031098
0.00250861
0.00188942
0.00133799
0.00103657
0.00120454
0.00163302
0.0022164
0.00289573
0.00365123
0.00448576
0.0054045
0.00642684
0.0075769
0.00891777
0.010563
0.0127879
0.0162645
0.0219937
0.0300102
0.0373282
0.0380631
0.00265418
0.00413274
0.00498219
0.00529881
0.0051491
0.0045776
0.00361642
0.00256114
0.0023575
0.00707188
0.0112659
0.0139342
0.015544
0.0161572
0.016032
0.015488
0.014765
0.0140075
0.0132891
0.0126421
0.0120794
0.0116089
0.0112383
0.0109722
0.0108076
0.0107329
0.0107321
0.0107907
0.0109006
0.0110612
0.0112775
0.0115553
0.0118958
0.0122924
0.01273
0.0131867
0.0136372
0.0140556
0.0144194
0.014709
0.0149246
0.0150534
0.0150868
0.0150209
0.0148503
0.0145675
0.0141625
0.0136217
0.0129289
0.0120665
0.0110195
0.00978573
0.00839856
0.00697448
0.00574372
0.0049489
0.00463247
0.00453568
0.00439632
0.00417333
0.00391504
0.00373556
0.00373333
0.00394269
0.00432446
0.00480339
0.00531638
0.00582148
0.00629126
0.00670616
0.00705076
0.00731192
0.007478
0.00753869
0.00748598
0.0073148
0.00702396
0.00661687
0.00610206
0.00549449
0.00482063
0.00412324
0.00345473
0.00301415
0.00284407
0.00289566
0.00319465
0.00371024
0.00440079
0.00523994
0.00622687
0.00738355
0.00877974
0.0105625
0.0130629
0.0169116
0.0227797
0.0302877
0.0368326
0.0371281
0.000801679
0.0027246
0.00385169
0.00434483
0.00423589
0.00352732
0.00236724
0.00107531
0.00231105
0.00688996
0.0105853
0.0132674
0.0149572
0.0156627
0.0156313
0.0151796
0.0145501
0.0138895
0.0132746
0.0127388
0.0122914
0.0119326
0.0116603
0.011471
0.0113579
0.0113097
0.0113117
0.0113487
0.0114079
0.0114818
0.011569
0.0116728
0.0117994
0.0119548
0.0121424
0.0123608
0.012603
0.0128555
0.0130987
0.0133168
0.0134959
0.0135982
0.0136153
0.0135379
0.0133593
0.0130747
0.0126806
0.0121767
0.0115679
0.0108691
0.0101118
0.0093508
0.0086644
0.00813285
0.00779413
0.00760735
0.00746425
0.00726866
0.00700169
0.00672649
0.00652732
0.00646706
0.0065629
0.00680674
0.00717041
0.0076183
0.00811367
0.00862426
0.00912292
0.00958662
0.00999539
0.0103316
0.0105796
0.0107255
0.0107577
0.0106672
0.010448
0.0100976
0.00961747
0.00901419
0.00830215
0.00750755
0.00666933
0.00583312
0.00520702
0.00482803
0.00463042
0.00467347
0.00498058
0.00554833
0.00636945
0.00746059
0.00889529
0.0108418
0.0136254
0.0177159
0.0234287
0.0302392
0.0359038
0.0357828
0.000569207
0.00145288
0.0025562
0.00327215
0.00348518
0.00335348
0.00311071
0.00201275
0.00241832
0.0065461
0.0100059
0.0127129
0.0144834
0.0152848
0.0153441
0.0149802
0.0144417
0.0138791
0.0133718
0.0129548
0.0126356
0.0124085
0.0122638
0.0121907
0.0121777
0.0122115
0.0122776
0.0123615
0.0124498
0.0125324
0.0126033
0.0126606
0.0127062
0.0127445
0.0127817
0.0128243
0.012878
0.0129448
0.0130234
0.0131128
0.0131863
0.0132197
0.0132051
0.0131346
0.0130043
0.0128147
0.012571
0.0122832
0.0119666
0.0116412
0.0113288
0.0110487
0.0108102
0.0106061
0.0104137
0.0102033
0.00995606
0.00968193
0.00942446
0.00924
0.00917136
0.00923189
0.00941188
0.0097155
0.01011
0.0105747
0.0110843
0.011614
0.0121406
0.0126423
0.0130991
0.0134926
0.0138057
0.0140233
0.0141317
0.0141195
0.0139776
0.0136997
0.0132829
0.0127283
0.0120427
0.0112412
0.0103505
0.00940885
0.00845817
0.00768066
0.00715802
0.00680278
0.00668638
0.00686098
0.00737161
0.00827084
0.00964707
0.0116563
0.0145411
0.018576
0.0238447
0.0297722
0.0344924
0.0339813
0.00107656
0.0007567
0.00156229
0.00256657
0.00341614
0.00420374
0.00427353
0.0025931
0.00247639
0.00610822
0.00943454
0.0121833
0.0140543
0.0149651
0.015121
0.0148481
0.0144057
0.0139487
0.0135579
0.0132695
0.0130889
0.0130058
0.0130039
0.0130666
0.0131778
0.0133226
0.0134869
0.0136577
0.0138237
0.0139761
0.0141088
0.0142184
0.0143044
0.0143681
0.0144122
0.0144407
0.0144577
0.0144667
0.0144706
0.0144733
0.0144746
0.0144625
0.014434
0.0143857
0.0143159
0.0142253
0.0141162
0.013992
0.0138558
0.0137092
0.013551
0.0133768
0.0131803
0.0129558
0.0127034
0.0124327
0.0121646
0.0119302
0.0117645
0.0116947
0.0117343
0.01188
0.0121116
0.0124584
0.0128791
0.0133605
0.0138834
0.014428
0.0149742
0.0155026
0.0159943
0.0164317
0.0167979
0.0170773
0.0172559
0.0173209
0.0172617
0.01707
0.016741
0.0162734
0.0156714
0.0149449
0.0141126
0.0132023
0.0122499
0.0112914
0.0104757
0.00990321
0.00950524
0.00936118
0.00954508
0.0101483
0.0112857
0.0130991
0.0157518
0.0193757
0.0239205
0.0288361
0.0325716
0.0316994
0.00141962
0.00042228
0.00100181
0.00243166
0.0039066
0.00506998
0.00498093
0.00288812
0.00226824
0.00549337
0.00873857
0.0115569
0.0135613
0.014612
0.0148859
0.0147209
0.0143927
0.0140613
0.0138052
0.0136597
0.0136278
0.0136949
0.0138398
0.0140414
0.0142809
0.0145424
0.0148126
0.0150803
0.0153367
0.0155751
0.0157908
0.0159812
0.0161453
0.0162833
0.0163961
0.0164851
0.0165514
0.0165963
0.0166204
0.0166256
0.0166174
0.0165978
0.0165663
0.016522
0.0164636
0.0163896
0.0162982
0.0161868
0.0160521
0.0158902
0.0156977
0.0154726
0.0152175
0.0149413
0.0146598
0.0143944
0.0141689
0.014006
0.0139234
0.0139315
0.0140314
0.0142236
0.0144941
0.0148374
0.015263
0.0157412
0.0162591
0.0168002
0.0173476
0.017884
0.0183926
0.0188571
0.0192616
0.0195911
0.0198313
0.0199692
0.0199934
0.0198947
0.0196676
0.019311
0.0188291
0.0182321
0.0175356
0.0167606
0.0159338
0.015082
0.0142315
0.0135211
0.0130008
0.0126654
0.0125945
0.0128791
0.0136363
0.0149998
0.0170973
0.0199991
0.0236037
0.0274131
0.0301468
0.028939
0.00156456
0.000170835
0.000966646
0.00253218
0.00423752
0.00549471
0.00532833
0.0030474
0.00162473
0.0045725
0.00775377
0.0106681
0.0128547
0.0140981
0.0145331
0.0145129
0.0143367
0.0141696
0.0140816
0.0141034
0.0142346
0.0144576
0.0147487
0.0150851
0.0154474
0.01582
0.0161909
0.016551
0.0168932
0.0172127
0.0175058
0.0177706
0.0180062
0.0182123
0.0183892
0.0185368
0.0186552
0.018744
0.0188028
0.0188312
0.0188308
0.0188077
0.0187623
0.0186946
0.018604
0.018489
0.0183477
0.0181779
0.0179778
0.0177468
0.0174866
0.0172025
0.0169045
0.016607
0.0163278
0.0160855
0.015897
0.0157754
0.0157295
0.0157636
0.0158791
0.0160731
0.0163417
0.0166721
0.0170589
0.0175052
0.0179904
0.0185019
0.0190259
0.0195479
0.0200533
0.0205277
0.0209566
0.0213256
0.0216209
0.0218292
0.0219386
0.0219396
0.0218266
0.0215992
0.0212633
0.0208309
0.0203185
0.0197439
0.0191241
0.0184756
0.0178109
0.0171404
0.0166191
0.0162027
0.0159549
0.0159468
0.0162744
0.0170528
0.0183966
0.02037
0.0228854
0.0255263
0.0272543
0.0257286
0.00157923
4.53472e-05
0.00103529
0.0024644
0.00417425
0.00552208
0.00550507
0.00356778
0.000158735
0.00321355
0.00629284
0.00931162
0.0117376
0.0132554
0.0139237
0.0141105
0.0141488
0.0142104
0.0143468
0.0145777
0.0148977
0.0152884
0.0157273
0.0161938
0.0166709
0.0171453
0.0176072
0.0180494
0.0184669
0.0188556
0.0192131
0.0195374
0.0198274
0.0200823
0.0203014
0.020484
0.0206294
0.0207368
0.0208056
0.0208349
0.0208252
0.0207812
0.0207033
0.0205921
0.0204479
0.0202706
0.0200604
0.019818
0.0195452
0.0192457
0.0189255
0.0185938
0.0182625
0.0179454
0.017657
0.0174108
0.0172179
0.0170866
0.0170224
0.0170285
0.0171061
0.0172545
0.0174707
0.0177501
0.0180842
0.0184626
0.0188828
0.0193343
0.0198073
0.020291
0.0207734
0.0212422
0.0216843
0.0220868
0.0224364
0.02272
0.0229257
0.0230435
0.0230676
0.0229975
0.0228397
0.0226075
0.0223183
0.0219893
0.0216313
0.0212491
0.0208376
0.0203923
0.0199176
0.0195082
0.0191511
0.0188981
0.0188137
0.0189829
0.0195045
0.0204549
0.0217992
0.0232354
0.0239606
0.0221214
0.00155902
0.000149957
0.00102745
0.00219982
0.0038279
0.00518593
0.00534844
0.00414438
0.00269264
0.00164145
0.00421771
0.0072381
0.00996539
0.0118698
0.0128772
0.013362
0.0137043
0.0140893
0.0145355
0.0150423
0.0155965
0.0161806
0.0167786
0.0173764
0.0179631
0.0185304
0.0190722
0.0195841
0.0200628
0.0205056
0.0209104
0.0212756
0.0215996
0.0218812
0.0221191
0.0223122
0.0224594
0.0225603
0.0226144
0.0226209
0.0225808
0.0224969
0.0223697
0.0222007
0.0219913
0.0217431
0.0214586
0.021141
0.0207949
0.0204265
0.0200438
0.0196566
0.019276
0.0189135
0.0185801
0.0182855
0.0180375
0.0178421
0.0177035
0.0176247
0.0176072
0.0176518
0.0177583
0.0179252
0.0181503
0.0184298
0.0187577
0.019126
0.0195225
0.0199411
0.0203793
0.0208276
0.0212755
0.0217116
0.0221243
0.0225019
0.022833
0.0231072
0.0233168
0.0234581
0.0235338
0.023553
0.0235295
0.0234767
0.0234009
0.0232979
0.0231534
0.0229465
0.0226516
0.0223018
0.0218952
0.0214524
0.0210072
0.0206101
0.0203339
0.0202594
0.0204137
0.0206335
0.0203617
0.018198
0.00152923
0.000243452
0.000951411
0.00181873
0.0032639
0.00455979
0.00496747
0.00451566
0.00401852
0.00355189
0.00284111
0.0044146
0.00727248
0.00968765
0.0111647
0.0120599
0.0128152
0.0136469
0.0145177
0.0153939
0.0162518
0.0170779
0.017866
0.0186129
0.0193175
0.0199792
0.0205976
0.0211722
0.0217025
0.0221875
0.0226259
0.0230162
0.0233569
0.0236464
0.0238831
0.0240656
0.0241931
0.0242658
0.0242836
0.0242464
0.0241569
0.0240158
0.0238243
0.0235846
0.023299
0.0229706
0.0226033
0.022202
0.0217727
0.0213226
0.0208601
0.0203946
0.0199357
0.0194928
0.0190746
0.0186885
0.0183404
0.0180347
0.0177748
0.0175628
0.0174005
0.0172889
0.0172291
0.0172226
0.0172714
0.017378
0.0175452
0.0177751
0.0180689
0.0184143
0.0187897
0.0192019
0.0196482
0.0201219
0.0206152
0.0211196
0.0216252
0.0221206
0.0225939
0.0230336
0.0234316
0.023785
0.0240951
0.0243646
0.0245924
0.0247691
0.0248769
0.0248881
0.0247672
0.024497
0.024072
0.0234846
0.0227385
0.021849
0.0208544
0.0198223
0.0188246
0.0178417
0.0165794
0.0140636
0.00143391
0.000290104
0.00084841
0.00138025
0.00253646
0.00375055
0.00445081
0.00469129
0.00481022
0.00484208
0.00450893
0.0036748
0.00384883
0.00645921
0.00851827
0.00992755
0.0111956
0.0125951
0.0140055
0.015347
0.0165882
0.0177231
0.0187569
0.0196981
0.0205559
0.0213384
0.0220523
0.0227025
0.0232921
0.023823
0.0242959
0.0247103
0.0250652
0.025359
0.0255899
0.0257563
0.025857
0.0258922
0.0258621
0.0257674
0.0256148
0.0254039
0.0251364
0.0248148
0.0244423
0.0240228
0.0235613
0.0230635
0.0225361
0.0219868
0.021424
0.0208565
0.0202929
0.0197417
0.01921
0.0187043
0.0182294
0.0177891
0.0173861
0.0170222
0.0166989
0.0164171
0.0161777
0.0159819
0.0158317
0.0157302
0.015682
0.0156944
0.0157761
0.0159415
0.0162033
0.0165388
0.0169514
0.0174468
0.0180253
0.018684
0.0194149
0.0202038
0.0210303
0.02187
0.0226975
0.0234887
0.0242216
0.0248766
0.0254359
0.0258831
0.0262025
0.0263737
0.026367
0.0261508
0.0257055
0.0249981
0.0240048
0.0227069
0.021103
0.0192285
0.0171666
0.0150192
0.0127687
0.00985489
0.00117933
0.000463272
0.000673382
0.000879721
0.00173265
0.00287801
0.00389154
0.00469964
0.00527987
0.00556734
0.0055137
0.00507939
0.00415903
0.00286676
0.00474231
0.00662836
0.00841011
0.0103821
0.0123241
0.0141187
0.0157446
0.0172063
0.0185165
0.0196904
0.0207431
0.0216885
0.0225385
0.023303
0.0239895
0.0246035
0.0251489
0.0256276
0.0260402
0.0263858
0.0266627
0.0268685
0.0270003
0.0270558
0.0270322
0.026927
0.0267408
0.0264796
0.0261511
0.0257591
0.0253078
0.0248021
0.0242475
0.0236507
0.0230193
0.0223615
0.021686
0.0210018
0.0203175
0.0196412
0.0189801
0.0183403
0.0177264
0.0171422
0.0165903
0.0160723
0.0155892
0.0151419
0.0147308
0.0143571
0.0140223
0.0137292
0.0134821
0.013288
0.0131567
0.0131005
0.01314
0.0133017
0.0135896
0.014025
0.0146264
0.0154029
0.016352
0.0174572
0.0186891
0.020007
0.0213617
0.0226981
0.023959
0.0250914
0.0260509
0.0268067
0.0273386
0.0276362
0.0276839
0.0274553
0.0269396
0.0260964
0.0248799
0.0232409
0.0211389
0.0185633
0.0155685
0.0123239
0.00907985
0.00573987
0.000911557
0.000839223
0.000583254
0.000357354
0.000963939
0.00212208
0.00337456
0.004483
0.00525678
0.00562646
0.00564677
0.00543718
0.00511264
0.00446288
0.00366641
0.0022395
0.00368016
0.00566128
0.00761354
0.00939609
0.0110091
0.0124627
0.0137704
0.0149468
0.0160064
0.0169629
0.0178282
0.0186128
0.019325
0.0199716
0.0205576
0.0210865
0.0215603
0.0219799
0.0223451
0.0226546
0.0229067
0.0230991
0.0232284
0.0232904
0.0232806
0.0231931
0.0230201
0.0227608
0.0224169
0.0219919
0.0214917
0.0209234
0.0202961
0.0196195
0.0189043
0.0181617
0.0174029
0.0166385
0.0158786
0.0151323
0.0144073
0.0137104
0.0130469
0.0124207
0.0118346
0.0112899
0.0107871
0.0103262
0.00990688
0.00952942
0.00919544
0.00890874
0.00867654
0.00851065
0.00842838
0.00846053
0.00865268
0.00903443
0.00964178
0.0105105
0.0116668
0.0131148
0.0148248
0.0167267
0.0187178
0.020682
0.0225129
0.0241297
0.0254811
0.026542
0.0273049
0.02777
0.0279322
0.0277773
0.0272798
0.0263994
0.0250849
0.0232721
0.0208937
0.0179015
0.0143082
0.0102873
0.00626887
0.00282005
)
;

boundaryField
{
    floor
    {
        type            calculated;
        value           uniform 0;
    }
    ceiling
    {
        type            calculated;
        value           uniform 0;
    }
    fixedWalls
    {
        type            calculated;
        value           uniform 0;
    }
    frontAndBack
    {
        type            empty;
    }
}


// ************************************************************************* //
