/*--------------------------------*- C++ -*----------------------------------*\
| =========                 |                                                 |
| \\      /  F ield         | OpenFOAM: The Open Source CFD Toolbox           |
|  \\    /   O peration     | Version:  4.1                                   |
|   \\  /    A nd           | Web:      www.OpenFOAM.org                      |
|    \\/     M anipulation  |                                                 |
\*---------------------------------------------------------------------------*/
FoamFile
{
    version     2.0;
    format      ascii;
    class       volScalarField;
    location    "1420";
    object      mag(U);
}
// * * * * * * * * * * * * * * * * * * * * * * * * * * * * * * * * * * * * * //

dimensions      [0 1 -1 0 0 0 0];

internalField   nonuniform List<scalar> 
5000
(
0.00321204
0.00270158
0.00203018
0.00157783
0.00216906
0.00294811
0.00355469
0.00400012
0.00432647
0.00455676
0.00470128
0.00476953
0.0047518
0.00464923
0.00447304
0.00423948
0.00397898
0.00374647
0.00360362
0.00360652
0.00382516
0.00427638
0.00491864
0.00569763
0.00656708
0.00749128
0.00844328
0.00940264
0.0103537
0.0112844
0.0121855
0.0130499
0.0138724
0.0146492
0.0153777
0.0160564
0.0166842
0.0172607
0.0177858
0.01826
0.0186837
0.0190579
0.0193839
0.0196631
0.0198976
0.0200896
0.0202417
0.020357
0.0204387
0.0204905
0.0205159
0.0205192
0.0205044
0.0204742
0.020431
0.020377
0.0203137
0.0202424
0.0201635
0.020077
0.0199825
0.019879
0.0197651
0.0196391
0.0194987
0.0193419
0.0191663
0.0189696
0.0187494
0.018504
0.0182314
0.0179302
0.0175991
0.0172368
0.0168414
0.0164097
0.0159364
0.015413
0.0148274
0.0141664
0.0134208
0.0125957
0.0117234
0.0108719
0.0101426
0.00964046
0.00945762
0.0095489
0.00973815
0.00985087
0.00939423
0.00754468
0.00387504
0.000524197
0.000908469
0.00100872
0.00101438
0.00192219
0.00257754
0.00296291
0.00434634
0.0018041
0.00260464
0.00212825
0.00156525
0.00157765
0.00175546
0.00191933
0.00203908
0.00211907
0.00217116
0.0022031
0.00224414
0.00227955
0.00231738
0.00237727
0.00249154
0.00272976
0.0031579
0.00375607
0.0044632
0.00523933
0.00606818
0.00694203
0.00785305
0.00879084
0.00974323
0.0106979
0.0116433
0.0125697
0.0134687
0.0143339
0.0151604
0.0159445
0.016684
0.0173776
0.0180247
0.0186255
0.0191804
0.0196905
0.0201569
0.0205812
0.0209651
0.0213104
0.0216193
0.0218941
0.0221372
0.022351
0.0225382
0.0227013
0.0228427
0.0229643
0.0230675
0.0231546
0.0232275
0.0232876
0.023336
0.0233733
0.0233997
0.0234152
0.0234191
0.0234105
0.0233883
0.0233509
0.0232967
0.023224
0.023131
0.0230162
0.0228779
0.0227147
0.0225254
0.0223089
0.0220641
0.0217898
0.0214848
0.0211479
0.0207779
0.020375
0.019942
0.0194864
0.0190228
0.0185727
0.0181608
0.0178061
0.0175074
0.0172326
0.0169036
0.0164763
0.0159445
0.0151375
0.0139574
0.0124395
0.0102399
0.00680861
0.0027991
0.000730368
0.0012274
0.00220993
0.00136265
0.0040866
0.00569021
0.00177277
0.00330219
0.00271789
0.00196459
0.00158187
0.00144092
0.00140741
0.00140143
0.00139225
0.00137071
0.00133352
0.00128806
0.00125781
0.00125435
0.00129831
0.00146297
0.00190487
0.00258067
0.00340862
0.00432651
0.00528595
0.00626064
0.00724002
0.0082193
0.00919399
0.0101584
0.0111059
0.0120298
0.0129237
0.0137823
0.014601
0.0153766
0.0161067
0.0167902
0.0174266
0.0180162
0.01856
0.0190591
0.0195153
0.0199304
0.0203064
0.0206456
0.0209503
0.0212229
0.021466
0.0216821
0.0218738
0.0220436
0.022194
0.0223272
0.0224453
0.0225503
0.0226438
0.0227271
0.0228012
0.0228669
0.0229246
0.022974
0.0230144
0.023045
0.023065
0.0230733
0.0230687
0.0230498
0.0230153
0.0229638
0.0228941
0.0228051
0.0226955
0.0225646
0.0224115
0.0222358
0.0220373
0.0218163
0.0215741
0.0213134
0.021039
0.0207577
0.0204782
0.0202085
0.0199518
0.0197022
0.0194402
0.0191347
0.0187498
0.0182529
0.0176155
0.0168223
0.015921
0.0150934
0.0144706
0.0134619
0.0109146
0.00659551
0.00226699
0.000884947
0.00194051
0.00170141
0.00478341
0.00663066
0.00193738
0.00383657
0.0031152
0.00222757
0.00164418
0.00128318
0.00107034
0.000932655
0.000825972
0.000728176
0.00062155
0.000509438
0.000421488
0.000364028
0.000333644
0.000852755
0.00179447
0.00283408
0.0038963
0.00495809
0.00600597
0.00703224
0.00803449
0.00901251
0.00996576
0.0108924
0.0117895
0.0126534
0.0134803
0.014267
0.0150107
0.0157092
0.0163615
0.0169671
0.0175264
0.0180402
0.01851
0.0189376
0.0193251
0.0196749
0.0199892
0.0202706
0.0205216
0.0207447
0.0209424
0.0211174
0.021272
0.0214086
0.0215297
0.0216373
0.0217334
0.0218197
0.0218978
0.0219688
0.0220336
0.0220927
0.0221461
0.0221938
0.0222358
0.0222706
0.0222969
0.0223137
0.0223195
0.0223129
0.0222926
0.0222572
0.0222054
0.0221361
0.0220482
0.0219411
0.0218142
0.0216674
0.0215009
0.0213161
0.0211147
0.0209004
0.0206776
0.0204519
0.0202282
0.020008
0.019786
0.0195478
0.0192706
0.0189277
0.0184964
0.0179634
0.0173266
0.0166035
0.0158838
0.0154329
0.0154976
0.0154374
0.0138634
0.0102371
0.00512844
0.000548701
0.00200044
0.00237248
0.00422493
0.00730535
0.00214784
0.00420538
0.00334705
0.00237742
0.00168556
0.00118397
0.000812082
0.000512147
0.000245206
2.64241e-05
0.000282101
0.000479111
0.000572338
0.000482445
0.000338031
0.00164417
0.00279017
0.00391309
0.00500893
0.00607429
0.00710714
0.00810525
0.00906758
0.00999407
0.0108847
0.0117389
0.0125554
0.0133325
0.0140684
0.0147615
0.0154105
0.0160147
0.0165739
0.0170885
0.0175595
0.0179885
0.0183773
0.0187282
0.0190435
0.019326
0.0195781
0.0198025
0.0200017
0.0201782
0.0203343
0.0204724
0.0205947
0.0207031
0.0207999
0.0208867
0.0209653
0.0210372
0.0211037
0.0211658
0.0212243
0.0212794
0.0213313
0.0213795
0.0214233
0.0214622
0.0214946
0.0215187
0.021533
0.0215359
0.0215258
0.0215011
0.0214606
0.021403
0.0213274
0.021233
0.0211195
0.0209868
0.0208355
0.0206667
0.0204823
0.0202851
0.0200783
0.0198654
0.0196483
0.0194259
0.0191918
0.0189339
0.0186365
0.018284
0.0178658
0.0173786
0.0168278
0.0162396
0.01572
0.0155778
0.0161528
0.0168592
0.0161917
0.013459
0.00937867
0.00327264
0.00227629
0.00307441
0.002201
0.00783008
0.00237771
0.00440635
0.00342062
0.00242011
0.00168646
0.00113845
0.000733953
0.000507142
0.000568605
0.000794061
0.000963137
0.00100146
0.00081426
0.000424234
0.00161641
0.0029635
0.00412278
0.00522779
0.00629454
0.00732152
0.00830675
0.00924849
0.0101455
0.0109972
0.0118038
0.0125655
0.0132824
0.0139546
0.0145822
0.0151653
0.0157046
0.0162007
0.0166546
0.0170679
0.0174422
0.0177797
0.0180826
0.0183535
0.0185952
0.0188102
0.0190014
0.0191713
0.0193225
0.0194572
0.0195777
0.0196859
0.0197837
0.0198727
0.0199545
0.0200305
0.0201021
0.0201703
0.0202363
0.0203006
0.0203639
0.0204263
0.0204876
0.0205473
0.0206045
0.0206579
0.0207065
0.0207479
0.0207796
0.0208
0.0208068
0.0207982
0.0207726
0.0207286
0.0206652
0.0205817
0.0204778
0.0203536
0.0202097
0.0200473
0.0198682
0.0196744
0.0194684
0.0192524
0.0190272
0.0187914
0.0185405
0.0182672
0.017963
0.0176205
0.0172363
0.0168122
0.0163579
0.0159057
0.0155731
0.015692
0.0166578
0.0179531
0.0180525
0.0161151
0.0127058
0.00841861
0.00212605
0.00209916
0.00265735
0.00825093
0.00260293
0.00445969
0.00337348
0.00237303
0.00165012
0.00115101
0.000889104
0.000895645
0.00104779
0.00114544
0.00110857
0.000842023
0.000443863
0.00160409
0.00311213
0.00435617
0.00549559
0.00657354
0.00760172
0.00857991
0.00950601
0.0103782
0.0111953
0.011957
0.0126641
0.0133177
0.0139196
0.0144719
0.0149767
0.0154364
0.0158534
0.0162303
0.0165694
0.0168733
0.0171446
0.017386
0.0176001
0.0177897
0.0179576
0.0181065
0.018239
0.0183577
0.0184649
0.0185627
0.0186531
0.0187376
0.0188178
0.0188949
0.0189701
0.0190443
0.0191184
0.0191932
0.0192694
0.0193474
0.0194274
0.0195093
0.0195929
0.0196772
0.019761
0.0198426
0.0199198
0.0199915
0.0200535
0.0201028
0.0201373
0.0201543
0.020152
0.0201285
0.0200826
0.0200135
0.0199209
0.019805
0.0196665
0.0195068
0.0193275
0.0191306
0.0189183
0.0186926
0.0184542
0.018203
0.0179368
0.0176525
0.0173472
0.0170194
0.0166711
0.0163081
0.0159439
0.0156165
0.0154524
0.015795
0.0170625
0.0187907
0.019469
0.0181559
0.0152254
0.0113751
0.00684176
0.00052264
0.00315105
0.00859507
0.00279817
0.00440474
0.00324241
0.00225561
0.00157181
0.00115833
0.00101233
0.00103826
0.00105076
0.000949895
0.00063216
0.000424166
0.001693
0.00321365
0.00453896
0.00573818
0.00685174
0.00789804
0.00888257
0.00980463
0.0106622
0.0114535
0.0121779
0.012836
0.0134294
0.013961
0.0144344
0.0148539
0.0152242
0.0155498
0.0158355
0.0160855
0.0163039
0.0164944
0.0166603
0.0168049
0.0169311
0.0170416
0.0171392
0.0172262
0.0173052
0.0173784
0.0174477
0.0175149
0.0175817
0.0176492
0.0177187
0.017791
0.0178668
0.0179469
0.0180318
0.018122
0.0182179
0.0183196
0.0184272
0.0185403
0.0186582
0.0187794
0.0189021
0.0190239
0.0191418
0.0192525
0.0193544
0.019442
0.0195117
0.0195612
0.0195879
0.0195898
0.0195654
0.019514
0.019435
0.0193287
0.019196
0.0190382
0.0188571
0.0186548
0.0184336
0.0181957
0.0179427
0.0176757
0.0173951
0.0171013
0.0167954
0.0164807
0.0161631
0.0158522
0.0155653
0.0153461
0.0153305
0.0158674
0.0173746
0.0194171
0.0205141
0.0196584
0.0170809
0.013479
0.00923085
0.00414678
0.00235165
0.00888432
0.00294761
0.00429591
0.00307274
0.00209564
0.00144031
0.00105727
0.000884174
0.000780273
0.000611063
0.000283854
0.000630033
0.00187396
0.00332681
0.00468154
0.0059314
0.00709159
0.00817219
0.00917818
0.01011
0.0109656
0.011743
0.0124408
0.0130592
0.0136
0.0140664
0.0144632
0.0147965
0.0150732
0.0153003
0.0154853
0.015635
0.0157556
0.0158528
0.0159314
0.0159955
0.0160485
0.0160934
0.0161328
0.0161689
0.0162038
0.0162395
0.0162775
0.0163194
0.0163664
0.0164198
0.0164804
0.016549
0.0166261
0.0167124
0.0168083
0.0169142
0.0170306
0.0171576
0.0172951
0.0174429
0.0176
0.0177647
0.0179347
0.018107
0.0182778
0.018443
0.0185983
0.0187392
0.0188642
0.0189671
0.0190454
0.0190969
0.0191197
0.0191125
0.0190745
0.0190055
0.0189058
0.0187763
0.0186183
0.0184336
0.0182244
0.0179931
0.0177423
0.0174744
0.0171919
0.0168971
0.0165932
0.0162846
0.015978
0.015683
0.0154128
0.0151887
0.0150616
0.015178
0.0158927
0.0176072
0.019888
0.0212883
0.0207803
0.018495
0.0150925
0.0110125
0.00619812
0.00139723
0.00913517
0.00304982
0.0041933
0.00291868
0.00194109
0.00128235
0.000851646
0.000553615
0.000316405
0.000389948
0.00105846
0.00215241
0.00348344
0.00481753
0.00608751
0.00728287
0.00840012
0.00943667
0.0103896
0.0112556
0.0120314
0.0127148
0.013305
0.0138035
0.0142135
0.0145406
0.014792
0.0149764
0.0151036
0.0151838
0.0152268
0.0152419
0.0152374
0.0152202
0.0151959
0.0151692
0.0151435
0.0151215
0.0151052
0.0150962
0.0150959
0.0151053
0.0151253
0.0151567
0.0152003
0.0152566
0.0153261
0.0154093
0.0155066
0.0156186
0.0157456
0.015888
0.016046
0.0162196
0.016408
0.0166099
0.0168233
0.0170451
0.0172712
0.017497
0.0177174
0.0179271
0.0181207
0.0182935
0.0184413
0.0185633
0.0186555
0.0187161
0.0187444
0.0187394
0.0187011
0.0186297
0.0185259
0.0183907
0.0182255
0.0180321
0.0178124
0.0175689
0.0173041
0.0170211
0.0167231
0.0164138
0.0160985
0.015784
0.0154797
0.0151987
0.014958
0.014784
0.0147363
0.0149766
0.0158683
0.0177843
0.0202625
0.0218866
0.0216467
0.0196275
0.0164435
0.012547
0.00792252
0.00228341
0.00935853
0.00311672
0.00415032
0.00283795
0.00186675
0.00122012
0.000815464
0.000673432
0.000926554
0.00155533
0.00250573
0.00369364
0.00496372
0.00622117
0.00742986
0.00857263
0.009638
0.0106168
0.0115014
0.012286
0.0129664
0.0135404
0.0140084
0.0143733
0.0146404
0.0148179
0.0149161
0.014947
0.0149235
0.014859
0.0147661
0.0146563
0.0145394
0.0144235
0.0143148
0.0142178
0.0141355
0.01407
0.0140223
0.013993
0.0139822
0.0139901
0.0140164
0.0140612
0.0141243
0.0142058
0.0143057
0.0144243
0.0145619
0.0147188
0.0148951
0.015091
0.0153059
0.0155387
0.0157877
0.01605
0.0163217
0.016598
0.0168737
0.0171426
0.017399
0.017637
0.0178514
0.0180375
0.0181918
0.0183126
0.0183984
0.0184485
0.0184627
0.0184413
0.018385
0.018295
0.0181726
0.0180195
0.0178372
0.0176274
0.017392
0.017133
0.0168527
0.0165541
0.0162405
0.0159166
0.0155885
0.0152649
0.0149575
0.0146826
0.0144618
0.0143282
0.0143534
0.0147207
0.0158059
0.0179377
0.0205933
0.0223826
0.0223498
0.0205721
0.0176273
0.0139491
0.00951126
0.00423024
0.00956107
0.00316568
0.00420037
0.00288522
0.00194354
0.00141011
0.00124839
0.00147312
0.00203774
0.00288004
0.00393928
0.00511988
0.00633578
0.00753471
0.0086864
0.0097707
0.010772
0.0116774
0.012477
0.0131633
0.0137318
0.014181
0.0145126
0.0147314
0.0148457
0.014867
0.0148092
0.014688
0.0145201
0.014322
0.0141087
0.0138938
0.0136883
0.0135005
0.0133365
0.0132001
0.0130933
0.0130167
0.0129698
0.0129519
0.0129615
0.0129974
0.0130581
0.0131426
0.0132499
0.0133794
0.0135307
0.0137036
0.0138979
0.0141134
0.0143497
0.0146058
0.0148803
0.0151707
0.0154735
0.0157846
0.0160986
0.01641
0.0167126
0.0170005
0.017268
0.0175098
0.0177214
0.0178993
0.0180405
0.0181436
0.0182081
0.0182336
0.0182204
0.0181697
0.018083
0.0179626
0.0178109
0.0176303
0.017423
0.0171909
0.0169356
0.0166588
0.0163622
0.0160482
0.0157199
0.0153817
0.0150403
0.014705
0.0143898
0.0141143
0.0139061
0.0138075
0.0139076
0.0144187
0.0157303
0.0181037
0.0209233
0.0228278
0.0229494
0.0213904
0.0186948
0.0152587
0.0110377
0.00597496
0.00974713
0.00320982
0.0043445
0.00307187
0.00221708
0.00188665
0.00199946
0.00247376
0.00322261
0.00417654
0.00526661
0.00642349
0.00759297
0.00873673
0.00982705
0.0108424
0.011765
0.0125804
0.0132773
0.013848
0.0142883
0.0145978
0.0147802
0.0148434
0.0147993
0.0146634
0.0144542
0.0141916
0.013896
0.013587
0.0132817
0.0129945
0.0127366
0.0125156
0.0123362
0.0122004
0.012108
0.0120577
0.012047
0.0120729
0.0121323
0.0122224
0.0123404
0.0124843
0.012652
0.0128425
0.0130546
0.0132876
0.0135407
0.0138131
0.0141033
0.0144095
0.0147289
0.0150579
0.015392
0.0157262
0.0160548
0.0163721
0.0166724
0.0169505
0.0172018
0.0174226
0.0176096
0.0177604
0.0178733
0.0179475
0.0179819
0.0179761
0.0179306
0.0178467
0.0177265
0.017573
0.0173896
0.0171796
0.0169459
0.0166907
0.0164157
0.0161222
0.0158114
0.0154846
0.015144
0.0147935
0.0144393
0.0140909
0.0137641
0.0134829
0.0132826
0.0132191
0.0134063
0.0140941
0.0156786
0.0183194
0.0212828
0.0232516
0.0234796
0.0221143
0.0196659
0.0164766
0.0124723
0.00762785
0.00992055
0.00325361
0.00456904
0.00340875
0.00269095
0.00255476
0.0028705
0.00350897
0.00436847
0.00537504
0.00646777
0.00759547
0.00871725
0.00980071
0.0108196
0.0117519
0.0125793
0.013287
0.0138634
0.0143015
0.0145981
0.0147549
0.0147788
0.0146817
0.0144803
0.0141953
0.0138504
0.01347
0.013078
0.0126961
0.012342
0.0120294
0.0117675
0.0115613
0.0114124
0.0113195
0.0112797
0.0112887
0.0113415
0.0114333
0.0115594
0.0117156
0.0118983
0.0121047
0.0123324
0.0125798
0.0128455
0.0131283
0.013427
0.0137399
0.0140649
0.0143993
0.0147393
0.0150807
0.0154185
0.0157472
0.0160616
0.0163564
0.016627
0.0168698
0.0170816
0.0172605
0.0174049
0.0175141
0.0175874
0.0176251
0.017625
0.0175864
0.0175096
0.0173955
0.0172464
0.0170655
0.0168566
0.0166235
0.0163696
0.0160976
0.0158091
0.0155052
0.0151861
0.0148522
0.0145047
0.0141459
0.013781
0.0134195
0.0130787
0.0127881
0.0125942
0.0125727
0.0128722
0.0137863
0.0156956
0.0186146
0.0216836
0.023661
0.0239501
0.0227518
0.0205349
0.0175741
0.013757
0.00910208
0.0100846
0.00329635
0.004871
0.00387919
0.0033145
0.00332409
0.00377155
0.00450804
0.00542635
0.00645239
0.00753192
0.00862208
0.00968776
0.0106995
0.0116323
0.0124648
0.0131789
0.0137604
0.0141987
0.0144881
0.0146278
0.0146229
0.0144848
0.0142309
0.0138844
0.0134722
0.0130234
0.0125667
0.0121278
0.011728
0.0113828
0.011102
0.0108897
0.0107461
0.010668
0.0106502
0.0106865
0.0107702
0.0108949
0.0110545
0.011244
0.0114588
0.0116954
0.011951
0.0122234
0.012511
0.0128123
0.0131257
0.0134496
0.0137817
0.0141192
0.0144585
0.0147952
0.0151245
0.0154411
0.0157398
0.0160159
0.0162651
0.0164844
0.0166715
0.0168255
0.0169463
0.0170345
0.0170908
0.0171162
0.0171122
0.0170746
0.0170036
0.0168991
0.0167615
0.0165927
0.0163955
0.0161734
0.0159301
0.015669
0.0153926
0.0151025
0.0147991
0.0144821
0.0141505
0.013804
0.0134432
0.0130717
0.0126985
0.0123425
0.0120406
0.0118555
0.0118918
0.0123444
0.0135474
0.0158251
0.0190039
0.0221177
0.0240444
0.0243548
0.0232968
0.0212875
0.0185238
0.0148555
0.0103676
0.0102431
0.00333522
0.00523233
0.00445602
0.00403992
0.00414712
0.00466376
0.00544571
0.00638375
0.00740362
0.00845271
0.0094908
0.0104852
0.0114082
0.0122364
0.0129496
0.0135311
0.013968
0.0142516
0.0143788
0.0143529
0.0141841
0.0138905
0.0134971
0.0130346
0.012537
0.0120379
0.0115673
0.011149
0.0107991
0.010526
0.0103314
0.0102121
0.010162
0.0101735
0.0102386
0.0103497
0.0104996
0.0106823
0.0108925
0.0111258
0.0113786
0.0116481
0.0119321
0.0122288
0.0125365
0.0128537
0.0131783
0.0135082
0.0138402
0.0141707
0.0144951
0.0148087
0.0151061
0.015382
0.0156317
0.0158513
0.0160377
0.0161896
0.0163065
0.0163897
0.016441
0.016463
0.0164585
0.0164303
0.0163803
0.016303
0.0162008
0.0160733
0.0159203
0.0157431
0.0155435
0.015324
0.0150873
0.0148359
0.0145719
0.014296
0.0140081
0.0137068
0.0133897
0.0130547
0.0127004
0.0123283
0.0119462
0.0115754
0.0112628
0.0110941
0.0112151
0.0118772
0.0134351
0.0160967
0.0194787
0.0225581
0.024379
0.0246806
0.0237404
0.0219126
0.0193122
0.0157621
0.011441
0.0103993
0.00336832
0.0056357
0.00510367
0.00482803
0.00500041
0.00554207
0.006327
0.00724986
0.00823537
0.00922988
0.0101933
0.011094
0.0119059
0.0126074
0.0131799
0.0136089
0.0138836
0.0139988
0.0139558
0.0137639
0.0134414
0.0130154
0.0125207
0.0119961
0.0114803
0.0110074
0.0106023
0.0102794
0.010043
0.00988977
0.0098118
0.00979926
0.00984234
0.00993228
0.0100616
0.0102242
0.0104148
0.0106293
0.0108643
0.0111168
0.0113845
0.0116655
0.0119581
0.0122605
0.0125711
0.0128877
0.0132077
0.0135278
0.0138441
0.0141519
0.0144459
0.0147207
0.0149709
0.0151915
0.0153784
0.0155288
0.0156411
0.0157155
0.0157537
0.0157587
0.0157343
0.0156852
0.0156158
0.0155314
0.0154309
0.015314
0.0151829
0.0150377
0.014878
0.0147042
0.014517
0.014317
0.014105
0.0138821
0.0136489
0.0134052
0.0131495
0.0128794
0.0125909
0.0122797
0.0119421
0.0115768
0.0111906
0.0108076
0.0104882
0.0103506
0.0105963
0.011535
0.0134978
0.0165143
0.0200063
0.0229665
0.0246398
0.0249154
0.0240775
0.0224077
0.0199392
0.0164875
0.0123525
0.0105556
0.00339601
0.00606562
0.00579057
0.00565295
0.00587634
0.00641582
0.00716968
0.00804203
0.00895896
0.00986644
0.0107245
0.0115025
0.0121763
0.012726
0.0131356
0.013393
0.0134914
0.0134307
0.0132196
0.0128766
0.0124313
0.0119221
0.0113936
0.0108894
0.0104461
0.0100878
0.00982396
0.00965163
0.00956023
0.00953607
0.00956586
0.00963859
0.00974599
0.00988219
0.0100431
0.0102257
0.0104277
0.0106474
0.0108832
0.0111336
0.0113972
0.0116726
0.0119583
0.0122523
0.0125523
0.0128554
0.0131579
0.0134556
0.0137433
0.0140155
0.0142664
0.0144904
0.014682
0.0148372
0.0149527
0.0150271
0.0150602
0.015054
0.0150117
0.014938
0.0148384
0.014719
0.0145859
0.0144466
0.0142947
0.0141404
0.0139839
0.0138264
0.0136686
0.0135098
0.0133489
0.0131841
0.013014
0.0128374
0.0126529
0.0124589
0.0122524
0.0120293
0.011784
0.0115099
0.0112003
0.0108512
0.0104677
0.0100784
0.00976162
0.00967897
0.0101007
0.0113795
0.0137575
0.0170488
0.0205358
0.0233028
0.0248066
0.0250534
0.0243094
0.0227778
0.0204113
0.0170476
0.0131305
0.0107122
0.0034195
0.00651201
0.00649882
0.00649948
0.00676928
0.00728992
0.00798421
0.00877021
0.00958
0.0103622
0.0110787
0.011701
0.0122069
0.0125791
0.0128048
0.012876
0.0127919
0.0125609
0.0122026
0.0117489
0.0112429
0.0107338
0.01027
0.00988859
0.00960898
0.00943249
0.00934598
0.00933024
0.00936626
0.00943861
0.00953646
0.00965327
0.00978568
0.00993238
0.0100931
0.0102681
0.0104575
0.0106615
0.0108799
0.0111123
0.0113577
0.0116149
0.0118819
0.0121563
0.0124348
0.0127135
0.0129876
0.0132515
0.0134995
0.0137253
0.0139229
0.0140869
0.0142129
0.0142974
0.0143388
0.0143368
0.014293
0.0142104
0.0140936
0.0139485
0.0137816
0.0135998
0.0134108
0.0132221
0.0130238
0.0128352
0.0126583
0.0124952
0.0123474
0.0122135
0.0120903
0.0119739
0.01186
0.0117448
0.0116248
0.011496
0.0113541
0.0111931
0.0110052
0.0107814
0.010512
0.0101899
0.00981908
0.00943409
0.00913662
0.00914221
0.00979406
0.0114498
0.0141976
0.0176431
0.0210103
0.0235345
0.0248695
0.025097
0.0244453
0.0230337
0.0207369
0.0174582
0.0137995
0.0108669
0.00344392
0.00697243
0.00722202
0.00735631
0.00766537
0.00815225
0.00876132
0.00942671
0.0100907
0.0107084
0.0112462
0.0116793
0.0119889
0.0121614
0.0121886
0.0120697
0.0118135
0.0114414
0.0109883
0.0105016
0.0100353
0.00963906
0.00934837
0.00917374
0.0091042
0.009116
0.00918142
0.00927785
0.00938971
0.00950772
0.00962759
0.00974866
0.00987236
0.0100012
0.0101378
0.0102847
0.0104441
0.0106173
0.0108052
0.0110078
0.0112243
0.0114531
0.0116918
0.0119368
0.012184
0.0124281
0.0126632
0.012883
0.0130811
0.0132514
0.0133882
0.0134869
0.0135444
0.0135587
0.0135294
0.0134577
0.0133464
0.0131996
0.0130223
0.0128208
0.0126017
0.012372
0.0121415
0.0119037
0.0116734
0.0114612
0.0112716
0.0111095
0.0109782
0.0108765
0.0107999
0.010742
0.0106956
0.0106541
0.0106112
0.0105609
0.0104967
0.0104108
0.0102932
0.0101322
0.00991508
0.00963218
0.00928729
0.00892317
0.0086698
0.0088023
0.00972471
0.0117457
0.0147644
0.0182257
0.0213798
0.0236435
0.0248307
0.025058
0.0245012
0.0231889
0.0209215
0.0177334
0.0143801
0.0110156
0.00348226
0.00744903
0.00795444
0.0082075
0.00853988
0.00897509
0.00947463
0.0099882
0.010471
0.0108882
0.0112139
0.0114291
0.0115206
0.0114811
0.0113105
0.0110192
0.0106313
0.0101854
0.00973301
0.00933035
0.00902616
0.00884654
0.00879266
0.00883812
0.00894886
0.00909302
0.00924553
0.00939251
0.00952699
0.00964679
0.00975316
0.00984967
0.00994099
0.0100321
0.0101276
0.0102319
0.0103483
0.0104793
0.0106262
0.0107894
0.0109677
0.0111592
0.0113602
0.0115664
0.0117722
0.0119713
0.0121571
0.012323
0.0124627
0.0125705
0.0126421
0.0126742
0.0126653
0.0126151
0.0125248
0.0123966
0.012234
0.0120413
0.0118235
0.0115861
0.011335
0.0110773
0.010823
0.0105525
0.0103006
0.0100719
0.0098754
0.00972085
0.00961341
0.00955226
0.00953147
0.00954189
0.0095732
0.00961553
0.00966003
0.00969851
0.00972246
0.00972197
0.00968496
0.00959715
0.0094434
0.00921224
0.0089091
0.00858766
0.0084087
0.00870255
0.00990439
0.0122246
0.0153786
0.018728
0.0216134
0.0236302
0.0247049
0.0249568
0.0244979
0.0232545
0.0209638
0.0178849
0.01489
0.011153
0.00355215
0.00793859
0.0086828
0.00902985
0.00936236
0.00972505
0.0100913
0.0104247
0.0106955
0.0108824
0.0109705
0.01095
0.0108167
0.0105733
0.0102337
0.00982551
0.00939171
0.00898653
0.00866491
0.00846801
0.00841063
0.00847572
0.00863152
0.008832
0.00904502
0.00924771
0.00942584
0.00957542
0.00969559
0.00978838
0.00985823
0.00991112
0.00995371
0.00999269
0.0100344
0.0100843
0.0101471
0.0102261
0.0103229
0.0104378
0.0105692
0.0107142
0.0108681
0.0110253
0.0111793
0.0113231
0.0114499
0.0115532
0.0116277
0.011669
0.0116745
0.0116428
0.0115741
0.0114699
0.0113324
0.0111646
0.0109699
0.0107518
0.0105144
0.0102612
0.00999676
0.0097308
0.00944736
0.0091672
0.0089057
0.00867255
0.008483
0.00835143
0.00828455
0.00828058
0.00833086
0.00842273
0.00854259
0.00867791
0.00881772
0.00895203
0.0090706
0.00916169
0.00921131
0.00920325
0.00912078
0.00895228
0.00870701
0.0084517
0.00837597
0.00884911
0.0102933
0.0128039
0.0159763
0.0191063
0.021697
0.0235094
0.0245194
0.024821
0.0244561
0.0232336
0.0208533
0.0179232
0.0153444
0.0112753
0.00367391
0.00842471
0.00938623
0.00979614
0.0101033
0.0103712
0.0105801
0.0107072
0.0107408
0.010677
0.0105161
0.0102617
0.00992336
0.00952066
0.00908644
0.00866785
0.00831958
0.00809012
0.00800528
0.00806276
0.00823517
0.00847767
0.00875407
0.00902278
0.0092679
0.00947634
0.00964194
0.0097662
0.0098504
0.00989856
0.00991681
0.00991261
0.00989409
0.00986946
0.0098465
0.00983216
0.00983205
0.00985008
0.00988818
0.00994616
0.0100217
0.0101108
0.0102076
0.0103055
0.0103973
0.010476
0.010535
0.0105691
0.0105743
0.0105483
0.0104902
0.0104007
0.0102816
0.0101356
0.00996543
0.00977352
0.00956215
0.00933365
0.00909004
0.00883356
0.00856903
0.00830761
0.00800625
0.00771911
0.00745649
0.00723819
0.0070854
0.00701163
0.00701955
0.00710215
0.00724604
0.00743519
0.00765395
0.00788861
0.00812736
0.00835934
0.00857316
0.00875579
0.00889193
0.00896435
0.00895601
0.00885697
0.00868232
0.00851236
0.00855656
0.00919768
0.010859
0.013465
0.0164654
0.0193121
0.0216446
0.0233088
0.0243036
0.0246804
0.0243909
0.0231176
0.0205697
0.0178585
0.0157563
0.0113781
0.00387679
0.00889069
0.0100414
0.0104805
0.0107379
0.0108878
0.0109145
0.0108117
0.0105911
0.0102719
0.00987434
0.00942113
0.00894116
0.00847447
0.00807269
0.00778601
0.0076488
0.00766687
0.00781907
0.00807009
0.00837877
0.00870211
0.00901917
0.00929793
0.00953601
0.00972287
0.00985665
0.00994053
0.00997577
0.00996768
0.00992352
0.00985185
0.00976221
0.00966446
0.00956795
0.00948093
0.00940996
0.00935938
0.00933097
0.00932389
0.00933485
0.00935853
0.00938827
0.0094168
0.00943694
0.00944216
0.00942713
0.00938816
0.00932324
0.00923193
0.00911515
0.00897491
0.00881391
0.00863497
0.00844005
0.00822983
0.00800472
0.00776597
0.00751444
0.00725172
0.00699185
0.00668298
0.00638557
0.00611567
0.00589703
0.00575487
0.00570471
0.00574882
0.00587934
0.00608217
0.00634051
0.0066377
0.00695899
0.00729185
0.00762531
0.00794868
0.00825028
0.00851647
0.00873153
0.00887827
0.00894071
0.00891206
0.00881395
0.00873862
0.00891039
0.00975426
0.0115237
0.0140331
0.0167951
0.0193741
0.0215053
0.0230806
0.0240989
0.0245504
0.0242805
0.0228762
0.020111
0.0177029
0.016137
0.0114556
0.00415274
0.00933984
0.0106261
0.011061
0.0112453
0.0112527
0.0110723
0.0107221
0.010246
0.0096935
0.00910927
0.00853982
0.00803601
0.00764966
0.00742077
0.00736226
0.00745924
0.00767557
0.00797294
0.00831826
0.00868006
0.00902392
0.00934026
0.00960314
0.00981713
0.00996963
0.010062
0.0100966
0.0100745
0.0100022
0.00988798
0.00974123
0.00957319
0.00939566
0.00921951
0.00905419
0.00890695
0.00878223
0.00868131
0.00860239
0.00854107
0.00849106
0.00844516
0.00839621
0.00833771
0.00826426
0.0081722
0.00805971
0.00792654
0.00777356
0.00760241
0.00741528
0.00721435
0.00700109
0.00677515
0.00653423
0.0062775
0.00600826
0.00572973
0.00545136
0.00516766
0.00482911
0.00455754
0.00437793
0.00430487
0.00433997
0.0044742
0.00469264
0.00497894
0.00531694
0.00569193
0.00609124
0.00650423
0.0069216
0.00733441
0.00773296
0.00810589
0.00843964
0.00871875
0.00892712
0.00905119
0.0090882
0.00906652
0.00909862
0.00942601
0.0103937
0.0121475
0.0144777
0.0169906
0.0193432
0.021335
0.0228794
0.0239455
0.0244391
0.0240997
0.0224664
0.0194656
0.0174726
0.0164959
0.0115043
0.0044946
0.00976482
0.0111191
0.0115187
0.0116067
0.0114457
0.011037
0.0104366
0.00973087
0.00900597
0.00833542
0.0077871
0.00740708
0.00722427
0.00722287
0.00736502
0.00761245
0.00793192
0.0082936
0.00867084
0.00903942
0.00938216
0.00968437
0.0099243
0.010107
0.0102193
0.0102655
0.0102456
0.0101613
0.0100206
0.0098323
0.00960679
0.00935745
0.00909814
0.00884108
0.00859659
0.0083722
0.00817195
0.00799622
0.00784209
0.00770413
0.00757557
0.0074494
0.0073193
0.00717994
0.00702734
0.00685969
0.00667669
0.00647882
0.00626688
0.00604162
0.00580368
0.005553
0.00528812
0.00500528
0.0046994
0.00437073
0.00402947
0.00369034
0.00338976
0.00296045
0.00274151
0.00270187
0.00279498
0.00299805
0.00328697
0.00363715
0.00403099
0.00445603
0.00490333
0.00536599
0.00583824
0.00631464
0.00678937
0.00725554
0.00770448
0.00812535
0.00850508
0.00882943
0.00908485
0.00925833
0.00935439
0.00941307
0.00955494
0.0100049
0.0110223
0.0126843
0.0148116
0.0170983
0.0192818
0.021201
0.0227576
0.0238631
0.0243237
0.0237998
0.0218545
0.0186311
0.0171872
0.0168392
0.0114786
0.00480577
0.0101371
0.0114955
0.0118331
0.0118025
0.0114494
0.0108032
0.0099744
0.00910348
0.00831984
0.00770529
0.00732341
0.00716514
0.00718895
0.00734814
0.00760475
0.00792987
0.0082982
0.00868595
0.00907164
0.00943644
0.0097642
0.0100422
0.0102605
0.0104113
0.0104839
0.0104832
0.0104073
0.0102601
0.0100509
0.00978939
0.00948706
0.00915984
0.00882365
0.00849155
0.00817426
0.00787899
0.00760883
0.0073629
0.00713713
0.00692549
0.00672137
0.00651864
0.00631233
0.00609822
0.00587376
0.00563878
0.00539316
0.0051365
0.00486789
0.00458568
0.00428735
0.00396926
0.00362557
0.00324681
0.00282703
0.00237546
0.00190318
0.00144466
0.000959284
0.000962679
0.00122257
0.00159082
0.00201795
0.00247374
0.00294378
0.00342637
0.00390822
0.00439514
0.00488737
0.00538429
0.00588449
0.00638544
0.00688302
0.00737122
0.00784183
0.0082844
0.00868655
0.00903506
0.00931829
0.0095288
0.00967699
0.0098106
0.010046
0.010575
0.0115886
0.0131318
0.0150709
0.0171848
0.019271
0.021176
0.0227552
0.0238383
0.024148
0.0233189
0.0210041
0.0176351
0.0168643
0.0171675
0.0113344
0.00506316
0.0104129
0.0117261
0.0119825
0.0118143
0.0112537
0.01038
0.00938421
0.00845922
0.00776916
0.00735474
0.00718813
0.00721222
0.00737207
0.0076276
0.00795116
0.00832055
0.00871479
0.0091139
0.00949976
0.00985641
0.01017
0.0104282
0.0106204
0.0107386
0.010777
0.0107328
0.0106046
0.0103995
0.0101273
0.00979963
0.00942958
0.00903534
0.0086351
0.0082424
0.00786765
0.00751716
0.00719259
0.00689167
0.00660945
0.00633989
0.00607711
0.00581634
0.00555381
0.00528616
0.00501245
0.00473323
0.00444711
0.00415216
0.00384586
0.00352482
0.00318487
0.00282205
0.00243131
0.00200102
0.00152991
0.00108808
0.000771349
0.000735601
0.000981421
0.00126349
0.00162792
0.00203202
0.0024581
0.00289814
0.00334826
0.00380636
0.00426793
0.00473569
0.00521029
0.00569137
0.0061776
0.00666657
0.00715422
0.00763461
0.0080997
0.00853949
0.00894258
0.00929732
0.00959426
0.00983064
0.0100217
0.0102181
0.0105255
0.0110999
0.0120842
0.0135186
0.0153211
0.0173391
0.0193996
0.0213169
0.0228735
0.0238199
0.0238374
0.0225985
0.0198999
0.0165325
0.0165172
0.0174724
0.0110907
0.00537691
0.0105676
0.0117884
0.0119504
0.0116295
0.0108602
0.0098023
0.0087521
0.00794486
0.00745211
0.00724401
0.00725076
0.00740339
0.00765433
0.00797475
0.00834422
0.00874419
0.0091565
0.00956385
0.00995036
0.0103016
0.0106043
0.0108465
0.0110176
0.0111089
0.0111145
0.0110318
0.0108612
0.0106087
0.0102852
0.00990455
0.00948291
0.00903949
0.00859502
0.0081638
0.00775508
0.00737385
0.00702027
0.006691
0.00638081
0.00608417
0.00579634
0.00551388
0.00523356
0.00495396
0.0046761
0.00439999
0.00412429
0.00384834
0.003572
0.00329601
0.00302336
0.00276161
0.00252454
0.00233111
0.00220239
0.00215321
0.00218266
0.00227603
0.0024286
0.00261114
0.00284826
0.00312599
0.00343737
0.00377677
0.00413959
0.00452139
0.0049184
0.00532989
0.0057548
0.00619135
0.00663715
0.00708922
0.00754331
0.00799362
0.00843251
0.00885075
0.00923825
0.00958531
0.0098852
0.0101389
0.0103647
0.010612
0.0109731
0.011575
0.0125354
0.0139066
0.0156531
0.0176596
0.019738
0.0216375
0.0230665
0.0237265
0.0233145
0.0215952
0.01855
0.0154073
0.016151
0.0177305
0.0107762
0.00571802
0.0105933
0.0116729
0.0117297
0.0112468
0.0102936
0.00917374
0.00821595
0.00759123
0.00730408
0.00727361
0.00741185
0.00765777
0.00797686
0.00834841
0.00875576
0.00918264
0.00961301
0.0100315
0.0104235
0.0107752
0.0110737
0.0113069
0.0114638
0.0115358
0.0115166
0.0114039
0.0111993
0.0109104
0.0105495
0.0101334
0.00968162
0.00921468
0.00875174
0.00830765
0.00789167
0.00750745
0.00715403
0.00682753
0.00652296
0.00623557
0.00596166
0.00569876
0.00544552
0.00520132
0.00496621
0.00474075
0.00452563
0.00432196
0.0041315
0.00395694
0.00380209
0.00367164
0.00357031
0.00350219
0.00347132
0.00348097
0.00352986
0.00361644
0.00372545
0.00386738
0.00404428
0.00425272
0.00449064
0.00475589
0.00504607
0.00535845
0.00569075
0.0060416
0.00640921
0.00679122
0.00718489
0.00758721
0.00799439
0.00840133
0.00880136
0.00918654
0.00954849
0.00987966
0.010176
0.0104414
0.0106961
0.0109863
0.0113936
0.0120284
0.0130023
0.014386
0.0161674
0.018221
0.020303
0.0220917
0.0232484
0.0234714
0.0225215
0.0202963
0.0170074
0.0143532
0.0157632
0.0178926
0.0104235
0.00603373
0.0104822
0.0113826
0.0113262
0.0106953
0.00966069
0.00858282
0.00778183
0.00736283
0.0072632
0.00737435
0.00761331
0.00793346
0.00831041
0.00872803
0.00917181
0.00962722
0.0100798
0.0105155
0.0109202
0.0112806
0.0115833
0.0118161
0.011968
0.01203
0.0119964
0.0118654
0.0116402
0.0113299
0.0109488
0.0105158
0.0100528
0.00958159
0.00912164
0.00868733
0.00828685
0.00792272
0.00759314
0.00729391
0.0070201
0.00676729
0.00653207
0.00631214
0.00610609
0.00591328
0.00573356
0.00556695
0.00541343
0.005273
0.00514572
0.00503179
0.00493179
0.00484689
0.00477911
0.00473148
0.00470806
0.00471255
0.00474585
0.00480746
0.00488967
0.00500137
0.00514007
0.00530534
0.00549607
0.00571098
0.00594859
0.00620727
0.00648564
0.00678238
0.0070956
0.00742304
0.00776229
0.00811102
0.00846644
0.00882469
0.00918061
0.00952801
0.00986049
0.0101729
0.0104638
0.0107398
0.0110225
0.0113571
0.0118208
0.0125211
0.0135742
0.0150561
0.0169364
0.0190348
0.0210404
0.0225848
0.0233216
0.0229865
0.0214369
0.0187343
0.0153813
0.0134343
0.0153452
0.0178795
0.0100611
0.00627275
0.0102239
0.0109302
0.0107719
0.0100583
0.00901821
0.00805359
0.00744455
0.00722269
0.00727955
0.00750272
0.00782367
0.00820849
0.00863911
0.00910201
0.00958423
0.0100726
0.0105538
0.0110142
0.0114403
0.0118184
0.0121349
0.0123773
0.0125344
0.0125974
0.0125609
0.0124243
0.012192
0.0118748
0.0114891
0.0110557
0.0105979
0.0101384
0.00969653
0.00928601
0.00891408
0.00858229
0.00828808
0.00802674
0.00779308
0.00758244
0.00739111
0.00721641
0.0070564
0.0069097
0.00677521
0.00665185
0.00653845
0.00643375
0.00633645
0.00624549
0.00616032
0.00608126
0.00600994
0.00594954
0.00590498
0.00588189
0.00588397
0.00591208
0.0059658
0.00604744
0.00615412
0.00628553
0.00644032
0.00661695
0.0068139
0.00702971
0.00726308
0.00751262
0.00777656
0.008053
0.00834028
0.00863701
0.00894167
0.00925189
0.00956424
0.00987452
0.0101786
0.0104741
0.0107624
0.0110534
0.011372
0.011767
0.0123196
0.0131419
0.0143471
0.0159837
0.017962
0.0200331
0.0218402
0.0230042
0.0232046
0.0222417
0.0200896
0.0170026
0.0138173
0.0126474
0.0148532
0.0176302
0.00971499
0.00639545
0.00981155
0.0103403
0.0101243
0.00938688
0.0084094
0.00760073
0.00718642
0.00713608
0.00731923
0.00763339
0.00802514
0.00846958
0.00895246
0.00946196
0.00998632
0.0105133
0.0110303
0.0115239
0.0119804
0.0123858
0.0127262
0.0129888
0.0131621
0.0132376
0.0132105
0.0130809
0.0128546
0.0125439
0.0121667
0.0117452
0.0113036
0.0108651
0.0104488
0.0100677
0.0097285
0.00943187
0.00917472
0.00895185
0.00875766
0.00858705
0.00843582
0.00830072
0.00817919
0.00806919
0.00796891
0.0078766
0.00779046
0.00770864
0.00762922
0.00755043
0.00747085
0.00738976
0.00730765
0.00722675
0.00715185
0.00709021
0.00704902
0.00703334
0.00705176
0.00709943
0.0071721
0.00726844
0.00738684
0.00752548
0.00768268
0.00785683
0.00804651
0.00825022
0.00846641
0.00869373
0.0089313
0.00917869
0.00943552
0.00970081
0.00997291
0.0102498
0.0105299
0.010814
0.0111077
0.0114262
0.011801
0.0122894
0.0129803
0.0139824
0.0153797
0.0171602
0.0191631
0.0210909
0.0225737
0.0232517
0.0228516
0.021254
0.0185643
0.0152515
0.0124377
0.0119304
0.0142293
0.0171079
0.00940974
0.00637604
0.00924957
0.00964798
0.00943039
0.00872776
0.00786143
0.00722374
0.00698621
0.00707651
0.00736062
0.00775069
0.00820559
0.00870639
0.00924119
0.00979942
0.0103702
0.0109419
0.0115019
0.012037
0.012533
0.0129754
0.0133499
0.0136433
0.013844
0.0139437
0.0139379
0.0138276
0.0136195
0.0133268
0.0129685
0.0125675
0.0121487
0.0117353
0.0113464
0.0109947
0.0106866
0.0104227
0.0101995
0.0100117
0.00985322
0.00971869
0.00960348
0.00950387
0.00941693
0.00934026
0.00927181
0.00920964
0.00915182
0.00909631
0.00904092
0.00898332
0.00892121
0.00885253
0.00877597
0.00869173
0.00860258
0.00851502
0.00843716
0.00837712
0.00835244
0.00835597
0.00838155
0.00842785
0.0084938
0.00857836
0.00868048
0.00879904
0.00893286
0.00908071
0.00924142
0.00941418
0.00959874
0.00979534
0.0100044
0.0102261
0.0104605
0.0107079
0.0109701
0.0112521
0.0115653
0.0119327
0.0123951
0.0130181
0.0138886
0.0150902
0.0166524
0.0184944
0.0204039
0.0220665
0.0231266
0.0232616
0.0222571
0.0200833
0.0169876
0.0136424
0.0112819
0.0111983
0.0134294
0.0162976
0.00916811
0.00620218
0.00854135
0.0089034
0.00873098
0.00811524
0.00738845
0.00691502
0.00682474
0.00702488
0.00738871
0.00784254
0.00835412
0.0089083
0.00949476
0.0101037
0.0107249
0.0113469
0.011957
0.0125414
0.0130856
0.0135744
0.013993
0.0143278
0.014567
0.0147023
0.0147296
0.0146501
0.0144713
0.0142068
0.0138759
0.013502
0.0131099
0.0127231
0.0123608
0.0120361
0.0117557
0.0115205
0.0113273
0.0111709
0.0110453
0.0109447
0.0108643
0.0108002
0.0107493
0.0107091
0.0106777
0.0106533
0.0106342
0.0106185
0.0106041
0.0105885
0.0105689
0.0105421
0.0105051
0.0104555
0.0103925
0.0103186
0.0102375
0.0101549
0.0100865
0.0100343
0.00999361
0.00996629
0.00995368
0.00995702
0.00997716
0.0100145
0.010069
0.0101403
0.010228
0.0103318
0.0104521
0.0105895
0.0107451
0.0109201
0.0111164
0.0113372
0.0115882
0.0118799
0.0122308
0.0126717
0.0132501
0.0140294
0.0150767
0.0164315
0.0180642
0.0198439
0.0215366
0.0228361
0.0234173
0.0230041
0.0214471
0.0188121
0.0154838
0.0122698
0.010298
0.0103792
0.012437
0.0152143
0.00900684
0.00586327
0.00771284
0.00813734
0.00805928
0.0075725
0.00699594
0.00666441
0.00668579
0.00696604
0.0073905
0.00789673
0.00845827
0.00906231
0.00969948
0.0103605
0.0110353
0.0117124
0.0123786
0.0130196
0.0136201
0.0141642
0.0146365
0.0150229
0.0153115
0.0154937
0.0155655
0.0155284
0.0153897
0.0151631
0.0148679
0.0145271
0.0141656
0.0138068
0.0134705
0.0131705
0.0129145
0.0127045
0.0125382
0.0124107
0.0123163
0.0122493
0.0122047
0.0121786
0.0121678
0.0121701
0.0121836
0.0122069
0.0122386
0.0122773
0.012321
0.0123673
0.0124129
0.0124541
0.0124861
0.012504
0.0125031
0.0124796
0.0124321
0.0123605
0.0122672
0.0121694
0.0120655
0.0119615
0.0118622
0.0117719
0.0116943
0.0116324
0.0115886
0.0115643
0.0115607
0.0115789
0.0116202
0.011686
0.0117783
0.0118999
0.012055
0.0122499
0.0124947
0.0128053
0.0132056
0.0137298
0.0144225
0.0153311
0.0164899
0.017893
0.0194677
0.0210589
0.022434
0.0233097
0.0233988
0.0224759
0.0204593
0.0175081
0.0141152
0.0111119
0.00938278
0.00943609
0.0112719
0.0139037
0.00894064
0.00527225
0.00684232
0.00737427
0.0074397
0.00711375
0.00668413
0.00646134
0.00655485
0.0068856
0.00735186
0.0078985
0.00850228
0.00915152
0.00983731
0.0105506
0.0112811
0.0120169
0.0127443
0.0134481
0.0141122
0.0147198
0.015255
0.015703
0.0160515
0.0162918
0.0164199
0.0164367
0.0163496
0.0161716
0.0159214
0.0156213
0.0152959
0.0149684
0.0146593
0.0143837
0.0141505
0.0139635
0.0138216
0.0137209
0.0136564
0.0136226
0.0136145
0.0136281
0.0136604
0.013709
0.0137723
0.0138489
0.0139377
0.0140372
0.0141455
0.0142601
0.0143772
0.0144924
0.0145996
0.0146922
0.0147626
0.0148035
0.0148094
0.0147757
0.0147007
0.0145956
0.0144656
0.0143178
0.014159
0.0139958
0.0138349
0.0136822
0.013543
0.0134218
0.0133223
0.0132479
0.0132018
0.0131873
0.0132084
0.0132699
0.0133786
0.013544
0.0137795
0.0141038
0.0145415
0.015123
0.0158801
0.0168375
0.0179972
0.0193207
0.0207126
0.0220133
0.0230047
0.023433
0.0230518
0.0216867
0.0193211
0.0161924
0.0128503
0.0100518
0.00843016
0.00837191
0.00999034
0.0124377
0.00894499
0.00442723
0.00594355
0.00663557
0.00688929
0.00674581
0.00644987
0.00629558
0.00641787
0.00676765
0.00725549
0.00782913
0.00846588
0.00915413
0.00988493
0.010649
0.0114357
0.0122325
0.0130248
0.0137966
0.0145306
0.0152093
0.0158158
0.0163349
0.016754
0.017064
0.0172604
0.0173439
0.017321
0.017204
0.0170104
0.0167616
0.0164809
0.0161917
0.0159145
0.0156656
0.015456
0.0152911
0.0151717
0.0150956
0.0150584
0.0150554
0.0150816
0.0151332
0.0152069
0.0153001
0.0154111
0.0155382
0.0156802
0.0158351
0.016001
0.0161747
0.0163522
0.0165285
0.0166974
0.0168517
0.0169838
0.0170856
0.0171507
0.0171732
0.0171494
0.0170795
0.0169717
0.0168302
0.0166614
0.0164722
0.0162704
0.0160635
0.0158592
0.0156647
0.0154866
0.0153312
0.0152044
0.0151123
0.0150612
0.0150586
0.0151135
0.0152376
0.0154455
0.0157549
0.0161865
0.0167615
0.0174962
0.0183944
0.0194356
0.0205634
0.0216753
0.0226184
0.0231951
0.0231832
0.0223767
0.0206492
0.0180391
0.0148353
0.011591
0.00894905
0.00737235
0.0072405
0.00867975
0.0109003
0.00901615
0.00339896
0.00503752
0.00594242
0.00641799
0.00646754
0.00628672
0.00615766
0.00626065
0.00659357
0.00707986
0.00766494
0.0083235
0.00904275
0.00981307
0.0106247
0.0114662
0.0123244
0.0131837
0.0140271
0.0148362
0.0155925
0.0162783
0.0168778
0.017378
0.0177695
0.0180472
0.0182112
0.0182672
0.0182261
0.0181039
0.0179204
0.0176977
0.0174581
0.0172221
0.0170069
0.0168248
0.0166836
0.016586
0.0165317
0.0165179
0.0165404
0.016595
0.0166777
0.0167851
0.0169144
0.0170634
0.01723
0.0174123
0.0176081
0.0178148
0.018029
0.0182468
0.0184632
0.0186727
0.018869
0.0190457
0.019196
0.0193145
0.0193961
0.0194342
0.0194241
0.0193713
0.0192766
0.0191439
0.018978
0.0187854
0.0185733
0.0183496
0.0181227
0.0179011
0.0176932
0.0175073
0.0173519
0.0172358
0.0171685
0.0171606
0.0172242
0.0173729
0.0176215
0.0179845
0.0184734
0.0190919
0.0198296
0.0206539
0.0215015
0.022272
0.0228249
0.0229855
0.0225628
0.0213885
0.0193771
0.016606
0.0133851
0.0102381
0.00771837
0.00623756
0.00616732
0.00743725
0.00936043
0.00918597
0.00230807
0.00417261
0.00531846
0.00602474
0.00626544
0.00618247
0.00603914
0.00607015
0.00634233
0.00679885
0.00737697
0.00804405
0.00878416
0.00958625
0.0104396
0.0113323
0.01225
0.0131764
0.0140932
0.014981
0.0158202
0.0165924
0.0172812
0.017873
0.0183582
0.0187311
0.0189911
0.0191425
0.0191949
0.0191624
0.0190628
0.018916
0.018743
0.0185633
0.0183941
0.018249
0.0181371
0.0180635
0.0180298
0.018035
0.0180763
0.0181503
0.0182533
0.0183821
0.0185335
0.0187051
0.0188944
0.0190991
0.0193165
0.0195439
0.0197779
0.0200146
0.0202501
0.0204797
0.0206988
0.0209022
0.0210852
0.0212435
0.0213739
0.0214607
0.0215117
0.021522
0.0214907
0.0214182
0.0213066
0.0211593
0.0209814
0.0207793
0.0205604
0.0203331
0.020106
0.0198887
0.0196905
0.0195216
0.0193923
0.0193136
0.0192968
0.0193537
0.0194954
0.0197309
0.0200645
0.0204919
0.0209955
0.0215379
0.0220565
0.0224582
0.0226178
0.0223836
0.0215943
0.0201144
0.0178897
0.015019
0.011811
0.00876156
0.00641521
0.00523961
0.00532163
0.00632502
0.00784047
0.00947419
0.0013752
0.00343319
0.00477791
0.0056859
0.00610444
0.00611236
0.00593163
0.00583843
0.00599362
0.00638286
0.00693151
0.00759129
0.0083396
0.00916286
0.0100492
0.0109859
0.0119582
0.0129488
0.0139385
0.0149066
0.0158325
0.016697
0.0174831
0.018177
0.0187685
0.0192516
0.0196243
0.0198899
0.020056
0.0201348
0.0201416
0.0200939
0.0200102
0.0199085
0.0198049
0.019713
0.019643
0.0196015
0.019592
0.0196154
0.0196706
0.0197553
0.019867
0.0200027
0.0201599
0.0203359
0.0205284
0.0207352
0.0209535
0.0211807
0.0214138
0.0216493
0.0218841
0.0221144
0.0223368
0.0225476
0.0227441
0.0229238
0.0230766
0.0232024
0.023299
0.0233618
0.0233879
0.0233754
0.0233239
0.0232339
0.0231077
0.0229489
0.0227627
0.0225554
0.0223344
0.022108
0.0218853
0.0216758
0.0214892
0.0213356
0.021225
0.0211668
0.021169
0.0212366
0.0213698
0.0215605
0.0217887
0.0220178
0.0221901
0.0222231
0.0220085
0.021417
0.0203144
0.0185922
0.0162181
0.0133002
0.0101455
0.00727538
0.00535143
0.00471034
0.00480109
0.00534034
0.00630575
0.00988108
0.00142257
0.00287728
0.00429622
0.00534026
0.00591598
0.00602612
0.00581955
0.00556851
0.00553654
0.00580286
0.00629193
0.00692528
0.00766606
0.00849607
0.00940197
0.0103711
0.0113886
0.0124368
0.0134953
0.0145426
0.0155569
0.0165181
0.0174086
0.0182144
0.0189251
0.0195339
0.0200376
0.0204377
0.0207402
0.0209547
0.0210941
0.0211729
0.0212067
0.0212109
0.0211999
0.021186
0.0211793
0.0211871
0.0212142
0.021263
0.0213341
0.0214268
0.0215398
0.0216713
0.0218195
0.0219828
0.0221594
0.0223477
0.0225458
0.0227518
0.0229633
0.0231778
0.0233925
0.0236049
0.0238116
0.0240111
0.0242018
0.0243769
0.0245353
0.0246766
0.0247958
0.0248889
0.0249522
0.0249826
0.0249776
0.0249357
0.0248566
0.0247413
0.024592
0.0244123
0.0242071
0.0239824
0.0237449
0.0235023
0.0232625
0.0230336
0.0228234
0.0226389
0.0224857
0.0223662
0.0222785
0.0222137
0.0221529
0.0220636
0.021896
0.0215803
0.0210257
0.020125
0.0187681
0.0168693
0.0144134
0.0115214
0.00854038
0.00613109
0.00498671
0.00474297
0.00458396
0.00446265
0.00469295
0.0103765
0.0023351
0.00252859
0.00379873
0.00488058
0.00558705
0.00582896
0.00565763
0.00527186
0.00498717
0.00504121
0.00542238
0.00600545
0.00671922
0.00753604
0.00844139
0.00942415
0.010471
0.0115644
0.0126835
0.0138053
0.0149068
0.015967
0.0169672
0.0178937
0.0187362
0.0194869
0.0201408
0.0206974
0.0211604
0.0215372
0.0218376
0.0220734
0.0222567
0.0223998
0.0225143
0.0226107
0.0226978
0.0227825
0.0228698
0.0229631
0.0230642
0.0231737
0.0232916
0.0234175
0.0235507
0.0236909
0.0238376
0.0239907
0.0241497
0.0243142
0.0244833
0.0246558
0.0248301
0.0250039
0.0251755
0.0253434
0.025504
0.0256548
0.0257976
0.0259286
0.0260441
0.0261405
0.0262139
0.0262606
0.0262773
0.0262611
0.0262097
0.0261218
0.0259972
0.0258366
0.025642
0.0254164
0.0251637
0.0248886
0.0245963
0.0242921
0.0239813
0.0236683
0.0233563
0.0230464
0.0227357
0.0224162
0.0220722
0.0216772
0.0211914
0.0205592
0.0197081
0.0185526
0.0170062
0.0150062
0.0125618
0.00984051
0.00730955
0.0057322
0.0052807
0.00508136
0.00456405
0.00373339
0.00298432
0.010918
0.00336369
0.00243068
0.00317362
0.00415899
0.00496046
0.00536799
0.00533341
0.00493034
0.00440283
0.00411995
0.00429504
0.0047956
0.00545773
0.00623284
0.00710777
0.0080747
0.00912552
0.0102438
0.0114086
0.0125958
0.0137799
0.0149382
0.0160512
0.0171054
0.0180915
0.0190003
0.0198241
0.0205598
0.0212087
0.0217753
0.0222668
0.0226914
0.0230578
0.0233749
0.0236513
0.0238947
0.0241121
0.0243092
0.0244906
0.0246595
0.0248183
0.0249684
0.0251106
0.0252454
0.0253732
0.0254948
0.0256111
0.0257235
0.0258334
0.0259425
0.0260521
0.0261633
0.0262765
0.0263906
0.0265052
0.0266192
0.0267278
0.0268338
0.0269351
0.027029
0.0271128
0.0271832
0.0272365
0.0272692
0.0272775
0.0272575
0.027206
0.02712
0.0269972
0.0268359
0.0266355
0.0263961
0.0261184
0.0258041
0.025455
0.0250736
0.0246621
0.0242223
0.0237553
0.0232606
0.0227356
0.0221738
0.0215636
0.020886
0.0201123
0.0192022
0.0181029
0.0167525
0.0150909
0.013087
0.0107964
0.00847158
0.00665817
0.00582057
0.00555597
0.00512864
0.00420954
0.00275105
0.00103756
0.0114063
0.00413163
0.0024162
0.00228562
0.00302246
0.00387015
0.00445504
0.00465285
0.00442006
0.00383756
0.00316481
0.002885
0.00313786
0.0037098
0.00449134
0.0053381
0.0062443
0.0072622
0.00837337
0.00956113
0.0107997
0.0120566
0.0133095
0.0145355
0.0157216
0.0168599
0.0179413
0.0189539
0.0198912
0.0207513
0.0215357
0.0222483
0.0228936
0.0234768
0.024003
0.0244775
0.0249052
0.0252911
0.0256392
0.0259533
0.0262363
0.0264904
0.0267173
0.0269181
0.0270938
0.0272452
0.0273734
0.0274801
0.0275673
0.0276378
0.0276951
0.0277427
0.0277842
0.0278228
0.0278607
0.0278992
0.0279383
0.0279764
0.0280133
0.0280477
0.0280777
0.0281014
0.028116
0.0281185
0.0281053
0.0280727
0.0280166
0.0279331
0.0278182
0.0276681
0.0274795
0.0272494
0.0269754
0.0266556
0.0262886
0.0258733
0.0254089
0.0248946
0.0243298
0.0237132
0.0230434
0.0223175
0.0215311
0.0206773
0.0197448
0.0187171
0.0175706
0.0162744
0.0147938
0.0131024
0.0112113
0.00923145
0.00745136
0.00625939
0.00568479
0.00523433
0.00447536
0.0033233
0.00231105
0.00147232
0.0115925
0.00489657
0.0022919
0.000974935
0.00140649
0.00228421
0.00299519
0.00343927
0.00350914
0.00319787
0.00248384
0.00156764
0.00127258
0.00149625
0.00195461
0.00275652
0.00380802
0.0047765
0.00584445
0.00702243
0.0082904
0.00960164
0.0109447
0.0122809
0.0135969
0.0148888
0.0161521
0.0173685
0.0185266
0.019621
0.0206497
0.0216124
0.0225096
0.0233422
0.0241112
0.0248183
0.0254658
0.0260563
0.0265926
0.0270776
0.0275139
0.0279037
0.0282489
0.0285508
0.0288105
0.029029
0.0292072
0.0293465
0.0294486
0.0295164
0.0295532
0.0295636
0.0295526
0.0295256
0.0294881
0.0294448
0.0293985
0.0293519
0.0293027
0.0292507
0.029195
0.0291344
0.029067
0.0289903
0.0289014
0.0287969
0.0286727
0.0285248
0.0283486
0.0281397
0.0278934
0.0276054
0.0272713
0.0268869
0.0264485
0.0259521
0.0253944
0.0247718
0.0240811
0.0233192
0.0224834
0.0215708
0.020579
0.0195054
0.018347
0.0170997
0.0157576
0.0143142
0.0127657
0.0111227
0.00943558
0.00783133
0.00651511
0.00561898
0.0049869
0.00429031
0.00339078
0.0026311
0.00271756
0.00274482
0.0110704
0.00543714
0.00277427
0.00151605
0.00110009
0.00141684
0.00177523
0.00208612
0.00222872
0.00222624
0.00196745
0.00128137
0.000180756
0.00110569
0.00148081
0.00123915
0.000726228
0.00125672
0.00263228
0.00365955
0.00493603
0.00627518
0.00770727
0.00914236
0.0105753
0.0120076
0.0134521
0.0148752
0.0162616
0.0176032
0.0188957
0.0201324
0.0213091
0.022421
0.0234643
0.0244367
0.0253372
0.0261665
0.026926
0.027618
0.0282449
0.0288093
0.0293134
0.0297593
0.0301483
0.0304818
0.0307605
0.0309855
0.0311577
0.0312789
0.0313514
0.0313786
0.0313648
0.0313156
0.0312376
0.0311363
0.0310188
0.030894
0.030761
0.03062
0.0304717
0.0303159
0.030152
0.0299785
0.0297935
0.029594
0.0293767
0.0291376
0.0288724
0.0285762
0.0282439
0.0278703
0.0274498
0.0269768
0.0264457
0.0258507
0.0251861
0.0244463
0.023626
0.0227205
0.0217257
0.020639
0.0194595
0.0181887
0.0168308
0.0153935
0.0138884
0.0123325
0.0107515
0.00918688
0.00770508
0.00639887
0.00534405
0.00449734
0.00367686
0.00270162
0.00161995
0.0020357
0.00298877
0.0037124
0.00968368
0.00553571
0.00405936
0.00375709
0.00366085
0.00353087
0.00331382
0.0029938
0.00258184
0.00211424
0.00167439
0.00137912
0.00110576
0.00136748
0.00224552
0.00272629
0.00282805
0.00264376
0.00246583
0.00129521
0.00102747
0.00212238
0.00352161
0.00497579
0.0065194
0.00806155
0.00966089
0.0112532
0.0128388
0.0144102
0.015965
0.0174825
0.0189513
0.0203598
0.0216987
0.0229611
0.0241426
0.0252414
0.0262574
0.0271918
0.028047
0.0288255
0.0295304
0.0301643
0.0307294
0.0312275
0.0316599
0.0320275
0.0323308
0.0325706
0.0327477
0.0328638
0.0329211
0.032923
0.0328742
0.0327805
0.0326472
0.0324815
0.0322944
0.0320888
0.0318667
0.0316296
0.0313781
0.0311121
0.0308307
0.0305323
0.0302144
0.0298736
0.0295062
0.0291075
0.0286726
0.0281958
0.0276713
0.0270926
0.0264531
0.0257459
0.0249638
0.0240998
0.0231473
0.0221
0.0209532
0.019704
0.0183527
0.0169034
0.015366
0.013757
0.0121011
0.010433
0.00879977
0.00726354
0.00589774
0.00476627
0.00387731
0.00311137
0.00227017
0.00110857
0.00103159
0.00165095
0.00280529
0.00389471
0.00727966
0.00541425
0.00583831
0.00637157
0.00651743
0.00630713
0.00589051
0.00534926
0.00474483
0.00412709
0.00350963
0.00287808
0.00229053
0.00208699
0.00229747
0.00308648
0.0037231
0.00411522
0.00434785
0.00443589
0.00436472
0.00382219
0.00279749
0.00166929
0.00175353
0.00306998
0.00464564
0.00624165
0.00794524
0.00965521
0.0114142
0.0131635
0.0148819
0.0165519
0.018159
0.0196924
0.0211449
0.0225118
0.0237911
0.0249828
0.0260882
0.0271096
0.02805
0.0289122
0.0296991
0.0304131
0.0310557
0.0316282
0.0321312
0.0325647
0.0329286
0.0332228
0.0334476
0.0336034
0.0336917
0.0337149
0.0336761
0.0335782
0.0334265
0.0332288
0.0329915
0.0327228
0.0324272
0.0321069
0.0317626
0.0313939
0.0309997
0.0305776
0.0301247
0.0296371
0.0291102
0.0285388
0.0279168
0.0272378
0.0264948
0.0256802
0.0247864
0.0238054
0.0227296
0.0215521
0.0202673
0.0188722
0.0173671
0.0157573
0.0140549
0.0122806
0.0104647
0.00864868
0.00688774
0.0052595
0.00387301
0.00284445
0.00226366
0.00216682
0.00242539
0.00281705
0.00312468
0.00291106
0.00270457
0.00320188
0.00537951
0.00642599
0.00801431
0.00880675
0.0088754
0.00849588
0.00789074
0.00718622
0.00645983
0.00577609
0.00518577
0.00469802
0.00425205
0.00376448
0.00340982
0.0034716
0.00387639
0.00435
0.00475392
0.00503709
0.00518106
0.00516352
0.00500931
0.00474669
0.00427427
0.00348312
0.00234629
0.00116779
0.00145007
0.00289219
0.00459504
0.00634349
0.00808175
0.00978791
0.0114459
0.0130437
0.0145728
0.0160274
0.0174044
0.0187024
0.019922
0.0210647
0.0221328
0.0231288
0.0240551
0.0249142
0.0257077
0.0264371
0.0271032
0.0277065
0.0282472
0.0287254
0.0291415
0.0294957
0.0297889
0.0300222
0.0301971
0.0303151
0.0303782
0.0303891
0.0303507
0.030263
0.0301281
0.0299492
0.0297287
0.0294684
0.029169
0.0288302
0.0284506
0.0280275
0.0275575
0.0270358
0.026457
0.0258148
0.0251021
0.024311
0.0234335
0.022461
0.0213854
0.020199
0.0188957
0.0174719
0.0159276
0.0142679
0.0125052
0.0106605
0.00876413
0.00685475
0.00497985
0.0032197
0.00178961
0.00139854
0.0024492
0.00358909
0.0045159
0.00513345
0.00521127
0.00468415
0.00360385
0.00255255
)
;

boundaryField
{
    floor
    {
        type            calculated;
        value           uniform 0;
    }
    ceiling
    {
        type            calculated;
        value           uniform 0;
    }
    fixedWalls
    {
        type            calculated;
        value           uniform 0;
    }
    frontAndBack
    {
        type            empty;
    }
}


// ************************************************************************* //
