/*--------------------------------*- C++ -*----------------------------------*\
| =========                 |                                                 |
| \\      /  F ield         | OpenFOAM: The Open Source CFD Toolbox           |
|  \\    /   O peration     | Version:  4.1                                   |
|   \\  /    A nd           | Web:      www.OpenFOAM.org                      |
|    \\/     M anipulation  |                                                 |
\*---------------------------------------------------------------------------*/
FoamFile
{
    version     2.0;
    format      ascii;
    class       volScalarField;
    location    "50";
    object      p_rgh;
}
// * * * * * * * * * * * * * * * * * * * * * * * * * * * * * * * * * * * * * //

dimensions      [0 2 -2 0 0 0 0];

internalField   nonuniform List<scalar> 
400
(
0.246289
0.246289
0.246289
0.246289
0.246289
0.246289
0.246289
0.246289
0.246289
0.246289
0.246289
0.246289
0.246289
0.246289
0.246289
0.246289
0.246289
0.246289
0.246289
0.246289
0.246311
0.246311
0.246311
0.246311
0.246311
0.246311
0.246311
0.246311
0.246311
0.246311
0.246311
0.246311
0.246311
0.246311
0.246311
0.246311
0.246311
0.246311
0.246311
0.246311
0.246311
0.246311
0.246311
0.246311
0.246311
0.246311
0.246311
0.246311
0.246311
0.246311
0.246311
0.246311
0.246311
0.246311
0.246311
0.246311
0.246311
0.246311
0.246311
0.246311
0.246311
0.246311
0.246311
0.246311
0.246311
0.246311
0.246311
0.246311
0.246311
0.246311
0.246311
0.246311
0.246311
0.246311
0.246311
0.246311
0.246311
0.246311
0.246311
0.246311
0.246311
0.246311
0.246311
0.246311
0.246311
0.246311
0.246311
0.246311
0.246311
0.246311
0.246311
0.246311
0.246311
0.246311
0.246311
0.246311
0.246311
0.246311
0.246311
0.246311
0.246311
0.246311
0.246311
0.246311
0.246311
0.246311
0.246311
0.246311
0.246311
0.246311
0.246311
0.246311
0.246311
0.246311
0.246311
0.246311
0.246311
0.246311
0.246311
0.246311
0.246311
0.246311
0.246311
0.246311
0.246311
0.246311
0.246311
0.246311
0.246311
0.246311
0.246311
0.246311
0.246311
0.246311
0.246311
0.246311
0.246311
0.246311
0.246311
0.246311
0.246311
0.246311
0.246311
0.246311
0.246311
0.246311
0.246311
0.246311
0.246311
0.246311
0.246311
0.246311
0.246311
0.246311
0.246311
0.246311
0.246311
0.246311
0.246311
0.246311
0.246311
0.246311
0.246311
0.246311
0.246311
0.246311
0.246311
0.246311
0.246311
0.246311
0.246311
0.246311
0.246311
0.246311
0.246311
0.246311
0.246311
0.246311
0.246311
0.246311
0.246311
0.246311
0.246311
0.246311
0.246311
0.246311
0.246311
0.246311
0.246311
0.246311
0.246311
0.246311
0.246311
0.246311
0.246311
0.246311
0.246311
0.246311
0.246311
0.246311
0.246311
0.246311
0.246311
0.246311
0.246311
0.246311
0.246311
0.246311
0.246311
0.246311
0.246311
0.246311
0.246311
0.246311
0.246311
0.246311
0.246311
0.246311
0.246311
0.246311
0.246311
0.246311
0.246311
0.246311
0.246311
0.246311
0.246311
0.246311
0.246311
0.246311
0.246311
0.246311
0.246311
0.246311
0.246311
0.246311
0.246311
0.246311
0.246311
0.246311
0.246311
0.246311
0.246311
0.246311
0.246311
0.246311
0.246311
0.246311
0.246311
0.246311
0.246311
0.246311
0.246311
0.246311
0.246311
0.246311
0.246311
0.246311
0.246311
0.246311
0.246311
0.246311
0.246311
0.246311
0.246311
0.246311
0.246311
0.246311
0.246311
0.246311
0.246311
0.246311
0.246311
0.246311
0.246311
0.246311
0.246311
0.246311
0.246311
0.246311
0.246311
0.246311
0.246311
0.246311
0.246311
0.246311
0.246311
0.246311
0.246311
0.246311
0.246311
0.246311
0.246311
0.246311
0.246311
0.246311
0.246311
0.246311
0.246311
0.246311
0.246311
0.246311
0.246311
0.246311
0.246311
0.246311
0.246311
0.246311
0.246311
0.246311
0.246311
0.246311
0.246311
0.246311
0.246311
0.246311
0.246311
0.246311
0.246311
0.246311
0.246311
0.246311
0.246311
0.246311
0.246311
0.246311
0.246311
0.246311
0.246311
0.246311
0.246311
0.246311
0.246311
0.246311
0.246311
0.246311
0.246311
0.246311
0.246311
0.246311
0.246311
0.246311
0.246311
0.246311
0.246311
0.246311
0.246311
0.246311
0.246311
0.246311
0.246311
0.246311
0.246311
0.246311
0.246311
0.246311
0.246311
0.246311
0.246311
0.246311
0.246311
0.246311
0.246311
0.246311
0.246311
0.246311
0.246311
0.246311
0.246311
0.246311
0.246311
0.246311
0.246311
0.246311
0.246311
0.246311
0.246311
0.246311
0.246311
0.246311
0.246311
0.246311
0.246311
0.246311
0.246311
0.246311
0.246311
0.246311
0.246311
0.246311
0.246311
0.246311
0.246311
0.246311
0.246311
0.246311
0.246311
0.246311
0.246311
0.246311
)
;

boundaryField
{
    floor
    {
        type            fixedFluxPressure;
        gradient        uniform 0;
        value           nonuniform List<scalar> 
20
(
0.246289
0.246289
0.246289
0.246289
0.246289
0.246289
0.246289
0.246289
0.246289
0.246289
0.246289
0.246289
0.246289
0.246289
0.246289
0.246289
0.246289
0.246289
0.246289
0.246289
)
;
    }
    ceiling
    {
        type            fixedFluxPressure;
        gradient        nonuniform List<scalar> 
20
(
-2.04408e-10
-7.32504e-10
-7.82169e-10
-2.03275e-10
-4.71549e-10
-1.25006e-09
-7.99072e-10
-2.82651e-10
5.63733e-10
4.78258e-10
-1.78966e-10
-3.58106e-10
-1.39408e-10
3.24212e-10
7.69448e-10
8.86115e-10
6.85367e-10
4.42883e-10
3.6011e-10
8.71303e-13
)
;
        value           nonuniform List<scalar> 
20
(
0.246311
0.246311
0.246311
0.246311
0.246311
0.246311
0.246311
0.246311
0.246311
0.246311
0.246311
0.246311
0.246311
0.246311
0.246311
0.246311
0.246311
0.246311
0.246311
0.246311
)
;
    }
    fixedWalls
    {
        type            fixedFluxPressure;
        gradient        uniform 0;
        value           nonuniform List<scalar> 
40
(
0.246289
0.246311
0.246311
0.246311
0.246311
0.246311
0.246311
0.246311
0.246311
0.246311
0.246311
0.246311
0.246311
0.246311
0.246311
0.246311
0.246311
0.246311
0.246311
0.246311
0.246289
0.246311
0.246311
0.246311
0.246311
0.246311
0.246311
0.246311
0.246311
0.246311
0.246311
0.246311
0.246311
0.246311
0.246311
0.246311
0.246311
0.246311
0.246311
0.246311
)
;
    }
    frontAndBack
    {
        type            empty;
    }
}


// ************************************************************************* //
