/*--------------------------------*- C++ -*----------------------------------*\
| =========                 |                                                 |
| \\      /  F ield         | OpenFOAM: The Open Source CFD Toolbox           |
|  \\    /   O peration     | Version:  4.1                                   |
|   \\  /    A nd           | Web:      www.OpenFOAM.org                      |
|    \\/     M anipulation  |                                                 |
\*---------------------------------------------------------------------------*/
FoamFile
{
    version     2.0;
    format      ascii;
    class       volVectorField;
    location    "1900";
    object      U;
}
// * * * * * * * * * * * * * * * * * * * * * * * * * * * * * * * * * * * * * //

dimensions      [0 1 -1 0 0 0 0];

internalField   nonuniform List<vector> 
1600
(
(0.00467905 -0.00201248 0)
(0.00781912 -0.000949133 0)
(0.0103704 -0.000535297 0)
(0.0120298 -0.000352716 0)
(0.0131175 -0.000237335 0)
(0.0138633 -0.000148513 0)
(0.0143389 -7.53252e-05 0)
(0.0145588 -1.46838e-05 0)
(0.0145476 3.20565e-05 0)
(0.0143464 6.63561e-05 0)
(0.0140029 8.98451e-05 0)
(0.0135644 0.000103519 0)
(0.0130731 0.000108693 0)
(0.0125637 0.000107016 0)
(0.0120626 0.000100371 0)
(0.011586 9.11304e-05 0)
(0.0111338 8.45166e-05 0)
(0.0106575 9.8652e-05 0)
(0.00988349 0.000231043 0)
(0.00885638 0.000925031 0)
(0.000475587 0.00264882 0)
(-0.0105034 0.00113009 0)
(-0.0103921 -2.37578e-05 0)
(-0.0103663 -3.33186e-05 0)
(-0.0105607 7.36506e-05 0)
(-0.0109489 7.26442e-05 0)
(-0.0112944 6.59497e-05 0)
(-0.0115873 5.79849e-05 0)
(-0.0117966 4.0666e-05 0)
(-0.01187 1.12073e-05 0)
(-0.0117499 -3.46341e-05 0)
(-0.011371 -9.41755e-05 0)
(-0.0106959 -0.000159707 0)
(-0.00974707 -0.000217683 0)
(-0.00862613 -0.000253828 0)
(-0.00750459 -0.000261286 0)
(-0.00652445 -0.000257086 0)
(-0.00558718 -0.000299464 0)
(-0.00431309 -0.000517247 0)
(-0.00261358 -0.00117335 0)
(0.003354 -0.00376729 0)
(0.00677787 -0.00179612 0)
(0.00950318 -0.00107678 0)
(0.0114167 -0.000771245 0)
(0.0127973 -0.000565802 0)
(0.0138436 -0.000388749 0)
(0.0146193 -0.000225952 0)
(0.0151359 -7.86633e-05 0)
(0.0154023 4.73246e-05 0)
(0.0154324 0.000148671 0)
(0.0152776 0.000222142 0)
(0.0149871 0.000269547 0)
(0.0146024 0.000294898 0)
(0.0141555 0.000303134 0)
(0.0136665 0.000299847 0)
(0.0131425 0.000292405 0)
(0.0125682 0.000297197 0)
(0.0118697 0.000369564 0)
(0.0107351 0.00076104 0)
(0.00916422 0.00250148 0)
(0.0015982 0.0060033 0)
(-0.010325 0.00307658 0)
(-0.0110443 0.000192462 0)
(-0.0115106 3.85854e-06 0)
(-0.0117052 0.000212175 0)
(-0.0119911 0.000213143 0)
(-0.0122757 0.00018338 0)
(-0.0124961 0.000141636 0)
(-0.0126027 7.16663e-05 0)
(-0.012533 -3.1138e-05 0)
(-0.012229 -0.000165982 0)
(-0.0116653 -0.000326896 0)
(-0.0108148 -0.000494977 0)
(-0.0096934 -0.000632996 0)
(-0.00839201 -0.000698816 0)
(-0.00707509 -0.000664486 0)
(-0.00589501 -0.000560212 0)
(-0.004791 -0.000524133 0)
(-0.00344527 -0.000841872 0)
(-0.00170426 -0.00205138 0)
(0.00246534 -0.00564405 0)
(0.00575951 -0.003108 0)
(0.00833417 -0.00203768 0)
(0.0102305 -0.00150951 0)
(0.01166 -0.00114846 0)
(0.0127778 -0.00084111 0)
(0.0136306 -0.000557644 0)
(0.014215 -0.00029797 0)
(0.0145384 -6.77385e-05 0)
(0.0146228 0.000124817 0)
(0.0145058 0.000271289 0)
(0.014236 0.000373866 0)
(0.0138517 0.000439976 0)
(0.0133789 0.000479249 0)
(0.0128309 0.000502481 0)
(0.0122062 0.000523651 0)
(0.0114829 0.000572036 0)
(0.0105908 0.000740209 0)
(0.00930711 0.00140158 0)
(0.0078738 0.00409459 0)
(0.00253829 0.00950591 0)
(-0.00880389 0.0054241 0)
(-0.00926917 0.000680985 0)
(-0.0102941 8.54155e-05 0)
(-0.0106212 0.000287726 0)
(-0.010881 0.000305186 0)
(-0.0111652 0.000262186 0)
(-0.0114219 0.000185957 0)
(-0.0115847 5.80736e-05 0)
(-0.0115833 -0.000125813 0)
(-0.0113497 -0.000357166 0)
(-0.0108345 -0.000629502 0)
(-0.0100108 -0.000914905 0)
(-0.00889635 -0.00115589 0)
(-0.0075753 -0.00128253 0)
(-0.00621898 -0.00124295 0)
(-0.00502554 -0.00108383 0)
(-0.00399789 -0.00103983 0)
(-0.00283608 -0.00149787 0)
(-0.00124651 -0.00300987 0)
(0.00187009 -0.00715515 0)
(0.00489688 -0.00421275 0)
(0.00722681 -0.00285369 0)
(0.00904654 -0.00213338 0)
(0.0104836 -0.00164496 0)
(0.0116453 -0.00122895 0)
(0.0125549 -0.000835699 0)
(0.0131955 -0.000464393 0)
(0.013563 -0.000128998 0)
(0.0136788 0.000150024 0)
(0.0135762 0.000365494 0)
(0.0133042 0.000521102 0)
(0.0129006 0.000628304 0)
(0.0123891 0.0007022 0)
(0.0117785 0.000759179 0)
(0.011062 0.000819335 0)
(0.0102147 0.000921525 0)
(0.00917974 0.00118183 0)
(0.00784227 0.00202625 0)
(0.00646334 0.0053576 0)
(0.00333027 0.0125093 0)
(-0.00734697 0.00772862 0)
(-0.00769981 0.00129598 0)
(-0.00897511 0.000283867 0)
(-0.00941646 0.000403248 0)
(-0.00972676 0.000432378 0)
(-0.0100642 0.000394846 0)
(-0.0103892 0.000300394 0)
(-0.0106297 0.000126705 0)
(-0.010709 -0.000133751 0)
(-0.0105532 -0.00047093 0)
(-0.0101158 -0.000865057 0)
(-0.00936499 -0.00127502 0)
(-0.00830193 -0.00162612 0)
(-0.00699114 -0.00181816 0)
(-0.00559834 -0.00176229 0)
(-0.00436537 -0.00150648 0)
(-0.00338902 -0.00140236 0)
(-0.00241251 -0.00197113 0)
(-0.000989429 -0.00376397 0)
(0.00143595 -0.00841258 0)
(0.00415359 -0.00519687 0)
(0.00620186 -0.00362954 0)
(0.00791628 -0.00275996 0)
(0.0093352 -0.00217027 0)
(0.0105228 -0.00166002 0)
(0.0114758 -0.00116224 0)
(0.0121611 -0.000679827 0)
(0.0125658 -0.000239405 0)
(0.0127087 0.000133926 0)
(0.012619 0.000429258 0)
(0.0123467 0.00064922 0)
(0.0119305 0.000808647 0)
(0.0113938 0.000928434 0)
(0.0107434 0.00103117 0)
(0.00996983 0.00114309 0)
(0.00904848 0.00130981 0)
(0.00793442 0.00165794 0)
(0.00662762 0.00260116 0)
(0.0051839 0.00623408 0)
(0.00398094 0.0148807 0)
(-0.00606584 0.00987865 0)
(-0.00650124 0.00191434 0)
(-0.00785047 0.000506905 0)
(-0.00833281 0.000536948 0)
(-0.00869013 0.00056545 0)
(-0.00907428 0.000531181 0)
(-0.00945582 0.000417402 0)
(-0.00976615 0.000196304 0)
(-0.00992885 -0.000139238 0)
(-0.00986791 -0.000573257 0)
(-0.00953469 -0.0010831 0)
(-0.0088885 -0.00162029 0)
(-0.00791047 -0.00209389 0)
(-0.00664124 -0.00237183 0)
(-0.00522979 -0.00231799 0)
(-0.00394201 -0.00195752 0)
(-0.00296699 -0.00175305 0)
(-0.00212453 -0.00238549 0)
(-0.000828531 -0.00441224 0)
(0.0011058 -0.00945858 0)
(0.00352089 -0.0060533 0)
(0.00528824 -0.00433881 0)
(0.00688707 -0.00335776 0)
(0.00826702 -0.00268896 0)
(0.00946115 -0.00209528 0)
(0.0104395 -0.00149534 0)
(0.0111518 -0.000899018 0)
(0.0115778 -0.000347282 0)
(0.0117351 0.000125028 0)
(0.0116506 0.000502806 0)
(0.0113754 0.000788708 0)
(0.0109499 0.00100175 0)
(0.0103988 0.00116928 0)
(0.00972901 0.00132056 0)
(0.00893126 0.00148773 0)
(0.00798427 0.00172053 0)
(0.00684889 0.00214661 0)
(0.00564282 0.00312722 0)
(0.00407622 0.00679408 0)
(0.00443676 0.0166937 0)
(-0.00480707 0.0119394 0)
(-0.00556172 0.00253051 0)
(-0.00687581 0.000748237 0)
(-0.00736011 0.000691264 0)
(-0.00773839 0.00071836 0)
(-0.00815036 0.000692317 0)
(-0.00857546 0.000568778 0)
(-0.00895202 0.000310453 0)
(-0.00920407 -9.32009e-05 0)
(-0.00925184 -0.000623243 0)
(-0.00903791 -0.00124876 0)
(-0.00851616 -0.00191772 0)
(-0.00764839 -0.00252598 0)
(-0.00645099 -0.0029105 0)
(-0.00505189 -0.00288201 0)
(-0.00372369 -0.00242323 0)
(-0.0027182 -0.00209594 0)
(-0.00194588 -0.00276188 0)
(-0.000724777 -0.00498927 0)
(0.000849723 -0.0103297 0)
(0.00299344 -0.00679351 0)
(0.00450558 -0.00498098 0)
(0.00599082 -0.00392425 0)
(0.0073141 -0.00319884 0)
(0.00849446 -0.00253368 0)
(0.00947737 -0.00183564 0)
(0.0101951 -0.001125 0)
(0.0106214 -0.000460746 0)
(0.0107748 0.00011184 0)
(0.0106827 0.000574213 0)
(0.010397 0.000928295 0)
(0.0099608 0.00119681 0)
(0.00940078 0.00141334 0)
(0.00872612 0.0016138 0)
(0.00793013 0.00183604 0)
(0.00699728 0.00213195 0)
(0.00588588 0.00262459 0)
(0.00483159 0.00360731 0)
(0.00314334 0.00712575 0)
(0.00465033 0.0180112 0)
(-0.00355546 0.0139374 0)
(-0.00478922 0.00316508 0)
(-0.00601425 0.000986557 0)
(-0.00647339 0.000847264 0)
(-0.00684245 0.000874715 0)
(-0.00726084 0.000861768 0)
(-0.00771527 0.000737091 0)
(-0.00815177 0.000451242 0)
(-0.00849253 -1.07626e-05 0)
(-0.00865778 -0.000628352 0)
(-0.00857006 -0.00136429 0)
(-0.00818411 -0.00216525 0)
(-0.00744412 -0.00291664 0)
(-0.00634277 -0.00342545 0)
(-0.00498632 -0.00344525 0)
(-0.00364644 -0.00290163 0)
(-0.00260475 -0.00244422 0)
(-0.0018508 -0.0031237 0)
(-0.000657727 -0.00552177 0)
(0.000649739 -0.011058 0)
(0.00256401 -0.00743532 0)
(0.00385997 -0.00556114 0)
(0.00523991 -0.00445679 0)
(0.00649093 -0.00369306 0)
(0.00763769 -0.00296676 0)
(0.00860431 -0.00217342 0)
(0.00930532 -0.00134673 0)
(0.0097102 -0.000567958 0)
(0.00983917 0.000105828 0)
(0.0097233 0.000652581 0)
(0.00941654 0.00107378 0)
(0.00896501 0.001396 0)
(0.00839828 0.00165884 0)
(0.00772929 0.00190458 0)
(0.00695594 0.00217655 0)
(0.00606963 0.00252773 0)
(0.00501725 0.00307394 0)
(0.0041484 0.00404157 0)
(0.00235964 0.00730161 0)
(0.00468711 0.0188957 0)
(-0.00239273 0.0158469 0)
(-0.00413683 0.00384209 0)
(-0.00524851 0.00121061 0)
(-0.00565583 0.00099298 0)
(-0.00598619 0.00102565 0)
(-0.00638824 0.00103436 0)
(-0.00685454 0.000921135 0)
(-0.0073404 0.000621514 0)
(-0.00776758 0.000113254 0)
(-0.00804882 -0.000584129 0)
(-0.00808918 -0.00142572 0)
(-0.00784473 -0.00235735 0)
(-0.0072449 -0.00325817 0)
(-0.00625846 -0.00390676 0)
(-0.0049695 -0.00399638 0)
(-0.00364726 -0.00338456 0)
(-0.00258027 -0.00280305 0)
(-0.00181454 -0.00348749 0)
(-0.000614596 -0.00602923 0)
(0.000493667 -0.0116715 0)
(0.00222242 -0.00799827 0)
(0.00334416 -0.00608704 0)
(0.00462847 -0.00495361 0)
(0.00579336 -0.00416486 0)
(0.00688826 -0.00338687 0)
(0.00781969 -0.00250075 0)
(0.00848399 -0.00155578 0)
(0.00884696 -0.000661008 0)
(0.00893138 0.0001136 0)
(0.00877534 0.000742775 0)
(0.00843588 0.00122805 0)
(0.00796312 0.00159997 0)
(0.00739042 0.00190359 0)
(0.00673603 0.0021871 0)
(0.00600379 0.00249938 0)
(0.00519184 0.00289475 0)
(0.00422677 0.00348112 0)
(0.00356246 0.00442839 0)
(0.00170034 0.00737203 0)
(0.00460851 0.0194088 0)
(-0.00134519 0.0176439 0)
(-0.00357389 0.00457295 0)
(-0.00457586 0.00140933 0)
(-0.00489852 0.00111672 0)
(-0.00516317 0.00116069 0)
(-0.0055255 0.00120133 0)
(-0.00598236 0.00111379 0)
(-0.00650022 0.000816334 0)
(-0.00700311 0.000276809 0)
(-0.00739763 -0.000491 0)
(-0.00756574 -0.00143252 0)
(-0.00746484 -0.00249109 0)
(-0.00701446 -0.00354506 0)
(-0.00615877 -0.00434665 0)
(-0.00495789 -0.00452609 0)
(-0.00367906 -0.00386331 0)
(-0.00260392 -0.00317188 0)
(-0.00181575 -0.00386231 0)
(-0.000586556 -0.00652498 0)
(0.000372365 -0.0121942 0)
(0.00195618 -0.0085004 0)
(0.00294109 -0.0065666 0)
(0.00413815 -0.00541329 0)
(0.00520536 -0.00460785 0)
(0.0062326 -0.00378711 0)
(0.00711272 -0.00281061 0)
(0.00772342 -0.00174439 0)
(0.00802676 -0.000732 0)
(0.00804806 0.000142569 0)
(0.00783608 0.000850629 0)
(0.00745279 0.00139476 0)
(0.00695332 0.00180989 0)
(0.00637576 0.00214575 0)
(0.0057454 0.00245585 0)
(0.00507293 0.00279546 0)
(0.00436113 0.00322204 0)
(0.00350784 0.00383597 0)
(0.00305442 0.0047665 0)
(0.00115073 0.00737071 0)
(0.00444878 0.0196008 0)
(-0.000401303 0.0193144 0)
(-0.00307969 0.00536912 0)
(-0.00400727 0.00156977 0)
(-0.0041971 0.00120786 0)
(-0.0043733 0.00126978 0)
(-0.00467343 0.00135337 0)
(-0.00509687 0.00130638 0)
(-0.00562336 0.00102848 0)
(-0.00618351 0.000475403 0)
(-0.00668324 -0.000349852 0)
(-0.00697978 -0.00138472 0)
(-0.00702149 -0.00256441 0)
(-0.00672779 -0.00377261 0)
(-0.00601756 -0.00473821 0)
(-0.00492346 -0.00502625 0)
(-0.00371123 -0.00432972 0)
(-0.00264597 -0.00354689 0)
(-0.0018378 -0.00425136 0)
(-0.000567247 -0.00701732 0)
(0.000278455 -0.0126463 0)
(0.00175163 -0.00895647 0)
(0.00262876 -0.00700658 0)
(0.00374514 -0.00583485 0)
(0.00470613 -0.00501666 0)
(0.00565269 -0.00416163 0)
(0.00646801 -0.00309731 0)
(0.00701149 -0.00190607 0)
(0.00724065 -0.000774238 0)
(0.00718292 0.000199017 0)
(0.00690133 0.000981004 0)
(0.00646473 0.00157694 0)
(0.00593431 0.0020265 0)
(0.00535411 0.00238301 0)
(0.00475892 0.00270483 0)
(0.00416681 0.00305567 0)
(0.00358047 0.00349989 0)
(0.00286123 0.00413097 0)
(0.0026136 0.00505535 0)
(0.000705089 0.00732244 0)
(0.00423109 0.0195133 0)
(0.000456841 0.0208479 0)
(-0.00263861 0.00624238 0)
(-0.0035675 0.00167398 0)
(-0.00354848 0.00125724 0)
(-0.00362053 0.00134412 0)
(-0.00383902 0.00148133 0)
(-0.00420463 0.00148894 0)
(-0.00471213 0.00124802 0)
(-0.00530295 0.000701376 0)
(-0.0058862 -0.000162682 0)
(-0.00631784 -0.00128231 0)
(-0.00649894 -0.00257605 0)
(-0.00636727 -0.00393656 0)
(-0.00581731 -0.00507463 0)
(-0.00484855 -0.0054891 0)
(-0.00372544 -0.00477604 0)
(-0.0026874 -0.00392277 0)
(-0.00186875 -0.00465396 0)
(-0.000552062 -0.0075108 0)
(0.000205739 -0.0130437 0)
(0.00159525 -0.00937752 0)
(0.00238473 -0.00741209 0)
(0.00342561 -0.00621784 0)
(0.00427503 -0.00538718 0)
(0.00513046 -0.0045056 0)
(0.00586921 -0.00335624 0)
(0.00633483 -0.00203546 0)
(0.00647802 -0.000782053 0)
(0.0063278 0.000288381 0)
(0.00596569 0.00113794 0)
(0.00546911 0.00177693 0)
(0.00490572 0.00224996 0)
(0.0043272 0.00261233 0)
(0.00378134 0.0029271 0)
(0.0032936 0.00327035 0)
(0.00285796 0.0037194 0)
(0.002293 0.00436095 0)
(0.00223551 0.00529496 0)
(0.000364665 0.00724677 0)
(0.00396703 0.0191851 0)
(0.00124804 0.022248 0)
(-0.00222396 0.00718361 0)
(-0.00327128 0.00169973 0)
(-0.00294747 0.0012565 0)
(-0.00291109 0.0013768 0)
(-0.00303372 0.00157715 0)
(-0.00331933 0.00165106 0)
(-0.00377804 0.00146328 0)
(-0.00436894 0.000943764 0)
(-0.00500656 6.53012e-05 0)
(-0.00557073 -0.00112574 0)
(-0.00588717 -0.00252561 0)
(-0.00592056 -0.0040329 0)
(-0.00554664 -0.00534885 0)
(-0.00472247 -0.00590668 0)
(-0.00371159 -0.00519457 0)
(-0.0027171 -0.00429366 0)
(-0.00190063 -0.00506735 0)
(-0.000537721 -0.00800725 0)
(0.000148924 -0.0133989 0)
(0.00147464 -0.00977108 0)
(0.00218892 -0.00778675 0)
(0.00315864 -0.00656241 0)
(0.00389391 -0.0057165 0)
(0.00464984 -0.00481489 0)
(0.0053008 -0.00358365 0)
(0.00568057 -0.00212821 0)
(0.0057284 -0.000750775 0)
(0.00547421 0.000414838 0)
(0.00502389 0.00132407 0)
(0.0044644 0.00199592 0)
(0.00386916 0.00247943 0)
(0.00329967 0.00282947 0)
(0.00282177 0.00311416 0)
(0.00246674 0.003429 0)
(0.00220607 0.00387252 0)
(0.00181236 0.00452315 0)
(0.00191992 0.00548562 0)
(0.00013504 0.0071603 0)
(0.0036705 0.0186561 0)
(0.00196049 0.0234605 0)
(-0.00176231 0.00836398 0)
(-0.00306357 0.00164217 0)
(-0.00238586 0.00119861 0)
(-0.00225161 0.00136381 0)
(-0.00227153 0.00163495 0)
(-0.00246059 0.00178276 0)
(-0.00284061 0.00166135 0)
(-0.00339349 0.00119085 0)
(-0.00406076 0.00032387 0)
(-0.00473282 -0.000917718 0)
(-0.00518095 -0.00241341 0)
(-0.00537949 -0.00405764 0)
(-0.00519915 -0.00555327 0)
(-0.00453967 -0.00627062 0)
(-0.00366504 -0.0055775 0)
(-0.00272934 -0.00465364 0)
(-0.00192846 -0.00548782 0)
(-0.000521963 -0.00850665 0)
(0.000103491 -0.0137211 0)
(0.00137898 -0.0101418 0)
(0.00202482 -0.008133 0)
(0.00292718 -0.00686914 0)
(0.00354775 -0.00600268 0)
(0.00419725 -0.00508566 0)
(0.00474869 -0.00377629 0)
(0.00503717 -0.0021809 0)
(0.00498218 -0.000676411 0)
(0.00461468 0.000581288 0)
(0.00407265 0.00154036 0)
(0.00345207 0.00223358 0)
(0.00282988 0.00271265 0)
(0.0022808 0.00302844 0)
(0.00189533 0.00325563 0)
(0.00170539 0.00352052 0)
(0.0016403 0.00395265 0)
(0.00142929 0.00461744 0)
(0.00166932 0.00562766 0)
(2.20647e-05 0.00707708 0)
(0.00336351 0.0179665 0)
(0.00257647 0.0244757 0)
(-0.00127612 0.00968028 0)
(-0.00286186 0.00152756 0)
(-0.00186091 0.0010825 0)
(-0.00164826 0.00130474 0)
(-0.00156682 0.0016522 0)
(-0.00165152 0.00187598 0)
(-0.00192848 0.00182813 0)
(-0.00239929 0.00142663 0)
(-0.00304646 0.000602758 0)
(-0.00379857 -0.000662331 0)
(-0.00437867 -0.00223957 0)
(-0.00473982 -0.00400654 0)
(-0.00477315 -0.00567967 0)
(-0.00429886 -0.00657219 0)
(-0.00358493 -0.00591698 0)
(-0.00272189 -0.0049971 0)
(-0.00194937 -0.00591146 0)
(-0.000503308 -0.00900778 0)
(6.56051e-05 -0.0140167 0)
(0.00129922 -0.0104922 0)
(0.00187947 -0.00845243 0)
(0.00271783 -0.00713888 0)
(0.00322442 -0.00624438 0)
(0.00376155 -0.00531411 0)
(0.00420035 -0.00393118 0)
(0.00439473 -0.002191 0)
(0.00423059 -0.000555633 0)
(0.00374345 0.000788909 0)
(0.00311242 0.00178573 0)
(0.00243852 0.0024878 0)
(0.00179882 0.00294554 0)
(0.00128686 0.00320094 0)
(0.00102522 0.00333912 0)
(0.0010339 0.00353412 0)
(0.00117683 0.00395562 0)
(0.00115184 0.00464662 0)
(0.00148753 0.00572164 0)
(2.70582e-05 0.00700783 0)
(0.00306963 0.0171576 0)
(0.00309021 0.0253172 0)
(-0.000806356 0.0110573 0)
(-0.00264104 0.00139043 0)
(-0.00137984 0.000914467 0)
(-0.00110769 0.00120259 0)
(-0.000932765 0.00163005 0)
(-0.000914683 0.00192638 0)
(-0.00107615 0.00195113 0)
(-0.00142609 0.00163046 0)
(-0.00199178 0.000880621 0)
(-0.00275939 -0.000364375 0)
(-0.00348133 -0.00200301 0)
(-0.00400175 -0.0038754 0)
(-0.00427192 -0.00571934 0)
(-0.00400264 -0.00680261 0)
(-0.00347326 -0.00620539 0)
(-0.00269483 -0.00531902 0)
(-0.00196194 -0.00633455 0)
(-0.000480851 -0.00950869 0)
(3.20418e-05 -0.0142897 0)
(0.0012279 -0.0108232 0)
(0.00174288 -0.00874604 0)
(0.00252013 -0.00737254 0)
(0.00291426 -0.00644066 0)
(0.00333366 -0.00549627 0)
(0.00364505 -0.00404527 0)
(0.00374506 -0.00215632 0)
(0.00346412 -0.000386104 0)
(0.00285778 0.00103582 0)
(0.00214965 0.00205625 0)
(0.00143698 0.00275411 0)
(0.00079461 0.00317154 0)
(0.000344376 0.00333676 0)
(0.000244235 0.00335024 0)
(0.000478995 0.00346127 0)
(0.000829053 0.00388106 0)
(0.000983668 0.00461622 0)
(0.00137834 0.00576922 0)
(0.000144418 0.0069593 0)
(0.002808 0.0162718 0)
(0.00350663 0.0260092 0)
(-0.000372866 0.0124739 0)
(-0.00241375 0.00125379 0)
(-0.000955288 0.000703131 0)
(-0.000637739 0.00106246 0)
(-0.0003808 0.00157105 0)
(-0.000268055 0.00193492 0)
(-0.000317074 0.00202546 0)
(-0.000523489 0.00178433 0)
(-0.000953192 0.00112578 0)
(-0.00162372 -3.91007e-05 0)
(-0.00249007 -0.00170488 0)
(-0.00317169 -0.00366083 0)
(-0.0037041 -0.00566308 0)
(-0.00365748 -0.00695337 0)
(-0.00333426 -0.00643576 0)
(-0.00264979 -0.00561517 0)
(-0.00196562 -0.00675387 0)
(-0.000454085 -0.0100071 0)
(9.96122e-08 -0.0145421 0)
(0.00115885 -0.0111346 0)
(0.0016073 -0.00901436 0)
(0.00232579 -0.00757104 0)
(0.0026096 -0.00659079 0)
(0.00290637 -0.00562798 0)
(0.00307439 -0.00411512 0)
(0.00308114 -0.00207384 0)
(0.00266435 -0.000162095 0)
(0.00196167 0.00131627 0)
(0.00119923 0.00234395 0)
(0.00046834 0.00302316 0)
(-0.00015942 0.00338623 0)
(-0.00049552 0.0034186 0)
(-0.000408492 0.00327727 0)
(6.29386e-05 0.0032981 0)
(0.000603995 0.00373311 0)
(0.00092234 0.00453394 0)
(0.00134407 0.00577431 0)
(0.000361302 0.00693402 0)
(0.00259257 0.0153523 0)
(0.00383391 0.0265685 0)
(1.94914e-05 0.0139091 0)
(-0.00219178 0.00113196 0)
(-0.000599471 0.000454399 0)
(-0.000247958 0.000886745 0)
(8.28793e-05 0.00148661 0)
(0.00027628 0.00190505 0)
(0.000321689 0.00204817 0)
(0.000256321 0.00188407 0)
(-2.57234e-06 0.00132607 0)
(-0.000507645 0.000251681 0)
(-0.00140626 -0.00136098 0)
(-0.00226475 -0.00335778 0)
(-0.00308395 -0.00550099 0)
(-0.00327366 -0.00701692 0)
(-0.00317394 -0.00660231 0)
(-0.00258937 -0.00588246 0)
(-0.00196037 -0.00716684 0)
(-0.000422761 -0.0105004 0)
(-3.24911e-05 -0.0147742 0)
(0.00108687 -0.0114256 0)
(0.00146649 -0.00925758 0)
(0.00212799 -0.00773528 0)
(0.00230437 -0.00669423 0)
(0.00247409 -0.00570507 0)
(0.00248316 -0.00413706 0)
(0.002396 -0.00194189 0)
(0.00184297 0.000113981 0)
(0.00107565 0.00161274 0)
(0.000280041 0.0026364 0)
(-0.000460184 0.00330165 0)
(-0.000982528 0.00355343 0)
(-0.00116996 0.0034326 0)
(-0.000894569 0.0031221 0)
(-0.000209673 0.00305019 0)
(0.000500154 0.00351952 0)
(0.000958796 0.00440846 0)
(0.00138377 0.00574335 0)
(0.000658497 0.00693008 0)
(0.00243245 0.014441 0)
(0.00408222 0.0270135 0)
(0.000371735 0.0153405 0)
(-0.00197809 0.00103752 0)
(-0.0003242 0.000170123 0)
(6.82853e-05 0.000706739 0)
(0.00045113 0.00137311 0)
(0.000714254 0.00184021 0)
(0.000834714 0.00202572 0)
(0.000871587 0.00191046 0)
(0.000756947 0.00143214 0)
(0.000500725 0.000571776 0)
(-0.000250343 -0.000966835 0)
(-0.00130839 -0.00294966 0)
(-0.00243207 -0.005224 0)
(-0.00286535 -0.00698773 0)
(-0.00299976 -0.00670117 0)
(-0.00251667 -0.0061192 0)
(-0.00194628 -0.00757158 0)
(-0.000386749 -0.0109862 0)
(-6.76834e-05 -0.0149849 0)
(0.00100738 -0.0116944 0)
(0.00131514 -0.00947562 0)
(0.00192084 -0.0078662 0)
(0.00199374 -0.00675076 0)
(0.00203266 -0.00572387 0)
(0.00186981 -0.00410782 0)
(0.0016831 -0.00176943 0)
(0.00104815 0.000411542 0)
(0.000204537 0.00191945 0)
(-0.000604517 0.00295468 0)
(-0.00123331 0.00352756 0)
(-0.001624 0.00366357 0)
(-0.0016443 0.00337703 0)
(-0.00118098 0.00288784 0)
(-0.000322073 0.0027316 0)
(0.000508297 0.00325151 0)
(0.00107816 0.0042486 0)
(0.00149131 0.00568439 0)
(0.00101198 0.0069419 0)
(0.00233102 0.0135754 0)
(0.00426219 0.0273603 0)
(0.00068795 0.0167518 0)
(-0.00177164 0.000984088 0)
(-0.000126888 -0.000145831 0)
(0.000293518 0.000512425 0)
(0.00072784 0.00123934 0)
(0.00104838 0.00175179 0)
(0.00122934 0.00197474 0)
(0.00133698 0.00189732 0)
(0.00131868 0.00146895 0)
(0.00115996 0.000676583 0)
(0.000754072 -0.000520582 0)
(-0.00035954 -0.00240744 0)
(-0.00177686 -0.00483034 0)
(-0.00244987 -0.0068639 0)
(-0.00281989 -0.00673094 0)
(-0.00243468 -0.00632534 0)
(-0.00192318 -0.00796693 0)
(-0.000345919 -0.0114618 0)
(-0.000107206 -0.015172 0)
(0.000916154 -0.0119391 0)
(0.0011484 -0.00966811 0)
(0.00169878 -0.00796485 0)
(0.00167362 -0.00676068 0)
(0.00157904 -0.00568174 0)
(0.0012356 -0.00402349 0)
(0.000935565 -0.00157032 0)
(0.00024711 0.000721895 0)
(-0.000644378 0.00227307 0)
(-0.00132424 0.00320926 0)
(-0.00181828 0.00369933 0)
(-0.0020504 0.00371068 0)
(-0.00188023 0.00324856 0)
(-0.0012236 0.00258447 0)
(-0.000255236 0.0023663 0)
(0.000616368 0.00294613 0)
(0.0012615 0.00406332 0)
(0.00165414 0.00560546 0)
(0.0013951 0.00696215 0)
(0.00228548 0.0127865 0)
(0.00438394 0.0276237 0)
(0.000973424 0.0181286 0)
(-0.00157047 0.00098772 0)
(-5.75485e-06 -0.000463466 0)
(0.000419145 0.000295762 0)
(0.000911276 0.00108781 0)
(0.00127993 0.00164362 0)
(0.00151128 0.0019026 0)
(0.0016687 0.00186003 0)
(0.00171204 0.00148137 0)
(0.00159613 0.000757493 0)
(0.0012486 -0.00034533 0)
(0.000408782 -0.00184192 0)
(-0.00115339 -0.00433457 0)
(-0.00204557 -0.0066484 0)
(-0.00264239 -0.00669311 0)
(-0.00234562 -0.00650259 0)
(-0.00189033 -0.00835233 0)
(-0.000300017 -0.0119246 0)
(-0.000152687 -0.0153318 0)
(0.000809108 -0.0121566 0)
(0.000961479 -0.00983446 0)
(0.00145618 -0.00803245 0)
(0.0013402 -0.00672533 0)
(0.00111139 -0.00557745 0)
(0.000587503 -0.00387364 0)
(0.00015248 -0.00130803 0)
(-0.000550232 0.00114135 0)
(-0.00131348 0.00253976 0)
(-0.0018575 0.0034093 0)
(-0.00219456 0.00380822 0)
(-0.00223607 0.00368344 0)
(-0.00183428 0.00303999 0)
(-0.000968431 0.00222921 0)
(6.10671e-06 0.0019924 0)
(0.000820429 0.00262842 0)
(0.00149018 0.00386306 0)
(0.00185398 0.00551383 0)
(0.00178078 0.0069841 0)
(0.00228703 0.0120957 0)
(0.00445547 0.0278183 0)
(0.00123406 0.0194559 0)
(-0.00136568 0.00106543 0)
(1.1611e-05 -0.000759593 0)
(0.000451132 5.91489e-05 0)
(0.000998963 0.000918203 0)
(0.00140985 0.00151777 0)
(0.00168466 0.00181322 0)
(0.00187988 0.00180608 0)
(0.00196383 0.00148117 0)
(0.001876 0.000838718 0)
(0.00154165 -0.000101201 0)
(0.000827758 -0.00144324 0)
(-0.000598666 -0.00376379 0)
(-0.00166854 -0.00634966 0)
(-0.00247412 -0.00659241 0)
(-0.00225026 -0.00665445 0)
(-0.00184604 -0.0087276 0)
(-0.000248544 -0.0123717 0)
(-0.000205718 -0.0154595 0)
(0.000681994 -0.012344 0)
(0.000749307 -0.0099739 0)
(0.00118685 -0.00807059 0)
(0.00098936 -0.00664729 0)
(0.000630394 -0.00541028 0)
(-5.40904e-05 -0.00363232 0)
(-0.000592285 -0.00098879 0)
(-0.00114771 0.00138101 0)
(-0.00179363 0.00275498 0)
(-0.00219958 0.00355095 0)
(-0.00235615 0.00384211 0)
(-0.00216715 0.00356484 0)
(-0.00146267 0.00273882 0)
(-0.000391027 0.00184753 0)
(0.000457572 0.00165691 0)
(0.00113197 0.00233124 0)
(0.00175175 0.00366264 0)
(0.00206965 0.00541678 0)
(0.00214346 0.00700321 0)
(0.00232195 0.011513 0)
(0.00448047 0.0279589 0)
(0.00147431 0.0207297 0)
(-0.0011352 0.00119593 0)
(-7.16422e-05 -0.00102961 0)
(0.000385782 -0.000193178 0)
(0.000988235 0.000730374 0)
(0.00143919 0.00137606 0)
(0.00175265 0.00170919 0)
(0.00197968 0.0017394 0)
(0.00209387 0.00147114 0)
(0.00202932 0.000916527 0)
(0.00171133 0.000108925 0)
(0.00105914 -0.00107036 0)
(-0.000181464 -0.00321465 0)
(-0.00133186 -0.00598284 0)
(-0.00231958 -0.00643717 0)
(-0.00214708 -0.00678606 0)
(-0.00178733 -0.00909261 0)
(-0.000190639 -0.0127996 0)
(-0.000268196 -0.015548 0)
(0.000530087 -0.0124979 0)
(0.000506449 -0.0100851 0)
(0.000883668 -0.00808149 0)
(0.000616558 -0.00653041 0)
(0.000141421 -0.00517746 0)
(-0.000634601 -0.00335446 0)
(-0.00116773 -0.000800387 0)
(-0.00158233 0.00158451 0)
(-0.00210212 0.00292485 0)
(-0.00235999 0.00362633 0)
(-0.00231103 0.00378731 0)
(-0.0018369 0.00333018 0)
(-0.000733553 0.00232684 0)
(0.000405346 0.0014838 0)
(0.00107909 0.00138975 0)
(0.00155773 0.00209031 0)
(0.00203914 0.00348403 0)
(0.00227943 0.00532346 0)
(0.00246019 0.00701751 0)
(0.00237409 0.0110375 0)
(0.00446289 0.0280616 0)
(0.00168043 0.0218944 0)
(-0.000848138 0.00151116 0)
(-0.00021808 -0.0012583 0)
(0.000208844 -0.000439084 0)
(0.000875224 0.00052179 0)
(0.0013702 0.00122 0)
(0.0017182 0.00159211 0)
(0.00197444 0.00166166 0)
(0.0021159 0.00145167 0)
(0.00207683 0.000987236 0)
(0.00178233 0.000303119 0)
(0.00117704 -0.000734093 0)
(9.91395e-05 -0.00271355 0)
(-0.00104708 -0.00556811 0)
(-0.00217925 -0.00623892 0)
(-0.00203138 -0.00690387 0)
(-0.00170963 -0.00944683 0)
(-0.000124981 -0.0132038 0)
(-0.000342674 -0.0155886 0)
(0.000347668 -0.0126163 0)
(0.000227053 -0.0101641 0)
(0.000538241 -0.00806834 0)
(0.00021695 -0.00637831 0)
(-0.000333365 -0.0049085 0)
(-0.0011231 -0.00309115 0)
(-0.00162428 -0.000608658 0)
(-0.00189329 0.00174017 0)
(-0.00226147 0.00304198 0)
(-0.00235661 0.00362729 0)
(-0.00207434 0.0036264 0)
(-0.00121186 0.00294659 0)
(0.000258687 0.00182536 0)
(0.00125841 0.00117045 0)
(0.0017901 0.0011944 0)
(0.00205122 0.00193264 0)
(0.00233177 0.00335299 0)
(0.00245834 0.0052452 0)
(0.00271024 0.00702685 0)
(0.00242722 0.0106588 0)
(0.00441174 0.0281395 0)
(0.00184569 0.0229757 0)
(-0.000558957 0.00193776 0)
(-0.000377358 -0.00139971 0)
(-7.05054e-05 -0.000679773 0)
(0.000649842 0.000286294 0)
(0.00120704 0.00105022 0)
(0.00158424 0.00146285 0)
(0.00186873 0.00157295 0)
(0.00203909 0.00142168 0)
(0.00203092 0.0010473 0)
(0.00176981 0.000479276 0)
(0.00121231 -0.000430073 0)
(0.00027272 -0.00226735 0)
(-0.000819185 -0.00512626 0)
(-0.00204881 -0.00601167 0)
(-0.00189469 -0.00701522 0)
(-0.00160652 -0.00978866 0)
(-4.96979e-05 -0.0135785 0)
(-0.000432847 -0.0155735 0)
(0.000128562 -0.0126941 0)
(-9.48411e-05 -0.0102055 0)
(0.000139909 -0.00803354 0)
(-0.000212476 -0.00620221 0)
(-0.000776496 -0.00464556 0)
(-0.00154763 -0.00282305 0)
(-0.00199782 -0.000461023 0)
(-0.00211065 0.00182656 0)
(-0.00229425 0.0030959 0)
(-0.00220907 0.00354507 0)
(-0.00164702 0.00333108 0)
(-0.000245598 0.00237787 0)
(0.00121873 0.00135445 0)
(0.002059 0.000899418 0)
(0.00242828 0.00106815 0)
(0.00248874 0.00186509 0)
(0.00257017 0.003286 0)
(0.00257068 0.00519123 0)
(0.00287348 0.00703025 0)
(0.00246432 0.0103599 0)
(0.0043325 0.028201 0)
(0.00196729 0.0239733 0)
(-0.000300632 0.00244777 0)
(-0.000574359 -0.00145728 0)
(-0.0003754 -0.000886516 0)
(0.000268153 2.98272e-05 0)
(0.000955198 0.000864647 0)
(0.00135351 0.00132209 0)
(0.00166583 0.00147238 0)
(0.00186946 0.00137884 0)
(0.00189991 0.00109297 0)
(0.00168248 0.000634982 0)
(0.00118253 -0.000154304 0)
(0.000368213 -0.00187687 0)
(-0.000645634 -0.00467725 0)
(-0.00191824 -0.00577143 0)
(-0.00172425 -0.00712777 0)
(-0.00146949 -0.0101147 0)
(3.76779e-05 -0.0139161 0)
(-0.000543315 -0.0154991 0)
(-0.000129939 -0.012707 0)
(-0.000466919 -0.0102113 0)
(-0.000322246 -0.00798307 0)
(-0.000670658 -0.00604051 0)
(-0.00121445 -0.00438049 0)
(-0.00192854 -0.00257172 0)
(-0.00231099 -0.000359486 0)
(-0.00226468 0.00183112 0)
(-0.0022243 0.00307382 0)
(-0.00193326 0.00336337 0)
(-0.000957229 0.00285393 0)
(0.000792375 0.00174789 0)
(0.00200907 0.0009379 0)
(0.00262553 0.000692766 0)
(0.00279676 0.00101259 0)
(0.00270318 0.00187404 0)
(0.00265784 0.00327729 0)
(0.0025676 0.0051604 0)
(0.0029299 0.00702149 0)
(0.00246796 0.0101187 0)
(0.0042272 0.0282518 0)
(0.00204649 0.0248813 0)
(-7.51044e-05 0.00303764 0)
(-0.000839029 -0.00144508 0)
(-0.000648512 -0.000961312 0)
(-0.000394096 -0.000306674 0)
(0.000617554 0.000657928 0)
(0.001029 0.00117216 0)
(0.00136754 0.00135873 0)
(0.00161081 0.00131995 0)
(0.00168971 0.00112037 0)
(0.00152725 0.000768645 0)
(0.00108181 0.000107086 0)
(0.000408964 -0.00154368 0)
(-0.00051676 -0.00423724 0)
(-0.00177031 -0.00553594 0)
(-0.00150274 -0.00724847 0)
(-0.00128789 -0.0104191 0)
(0.000140246 -0.0142064 0)
(-0.000677452 -0.0153498 0)
(-0.000436673 -0.01266 0)
(-0.000902627 -0.0101835 0)
(-0.000849625 -0.00791058 0)
(-0.00118442 -0.00588145 0)
(-0.00167443 -0.00413733 0)
(-0.0022924 -0.00235036 0)
(-0.00258692 -0.000302839 0)
(-0.00238813 0.00174688 0)
(-0.00208448 0.00295838 0)
(-0.00153212 0.0030519 0)
(-1.87964e-05 0.00220216 0)
(0.00155858 0.00119209 0)
(0.00243781 0.000624162 0)
(0.00273762 0.000582894 0)
(0.00271351 0.0010273 0)
(0.00255384 0.0019305 0)
(0.00250362 0.00329711 0)
(0.00239985 0.00513596 0)
(0.00286322 0.00698593 0)
(0.0024223 0.00991055 0)
(0.00409562 0.0282955 0)
(0.00208966 0.0256992 0)
(0.000128664 0.00372341 0)
(-0.00118615 -0.00136242 0)
(-0.000980976 -0.0009682 0)
(-0.00102537 -0.000559027 0)
(4.69011e-05 0.000355937 0)
(0.000604087 0.00101232 0)
(0.000971213 0.00122905 0)
(0.00126477 0.0012406 0)
(0.00140534 0.00112469 0)
(0.00131241 0.000877085 0)
(0.000943114 0.000315031 0)
(0.000419438 -0.00126937 0)
(-0.000416326 -0.00382016 0)
(-0.00157859 -0.00532422 0)
(-0.00120861 -0.007382 0)
(-0.00104886 -0.0106938 0)
(0.000261828 -0.0144354 0)
(-0.000838998 -0.0151098 0)
(-0.00080052 -0.0125426 0)
(-0.00141532 -0.0101115 0)
(-0.00146078 -0.00782281 0)
(-0.00177934 -0.00573684 0)
(-0.00219256 -0.0039308 0)
(-0.00268105 -0.00217271 0)
(-0.00286018 -0.000291442 0)
(-0.00251729 0.00157162 0)
(-0.0019306 0.002722 0)
(-0.000992073 0.00257306 0)
(0.000741723 0.00154654 0)
(0.00182468 0.000776214 0)
(0.00225762 0.000460467 0)
(0.00223594 0.000582877 0)
(0.00211188 0.0010877 0)
(0.00200204 0.0019894 0)
(0.00207318 0.00330098 0)
(0.00203837 0.00508913 0)
(0.0026676 0.00690108 0)
(0.00231453 0.00971027 0)
(0.00393563 0.0283317 0)
(0.00210726 0.0264184 0)
(0.000339756 0.00451835 0)
(-0.00161016 -0.00119614 0)
(-0.00136971 -0.000915043 0)
(-0.00160405 -0.000706362 0)
(-0.000920518 -3.34091e-05 0)
(4.98107e-05 0.000823602 0)
(0.000472379 0.00108062 0)
(0.000832014 0.00113517 0)
(0.00105165 0.00109966 0)
(0.00104791 0.000953054 0)
(0.000782321 0.000481491 0)
(0.000415412 -0.00105272 0)
(-0.000319659 -0.00344037 0)
(-0.00130402 -0.00515574 0)
(-0.000817579 -0.00752834 0)
(-0.000737295 -0.0109295 0)
(0.000407667 -0.0145837 0)
(-0.00103196 -0.0147616 0)
(-0.00123065 -0.0123433 0)
(-0.00201956 -0.00998742 0)
(-0.00217751 -0.007718 0)
(-0.00248614 -0.00560915 0)
(-0.00281456 -0.00376968 0)
(-0.00315519 -0.00205132 0)
(-0.00319287 -0.000331198 0)
(-0.00270413 0.00130848 0)
(-0.00185511 0.00233362 0)
(-0.000549671 0.0019839 0)
(0.000840209 0.00103809 0)
(0.00133542 0.000560972 0)
(0.00137331 0.000449123 0)
(0.0012025 0.000645799 0)
(0.00110983 0.00113569 0)
(0.00111632 0.0020054 0)
(0.00139597 0.0032505 0)
(0.00148079 0.00499033 0)
(0.00235272 0.00674103 0)
(0.00213324 0.00949667 0)
(0.0037423 0.0283541 0)
(0.00211449 0.0270212 0)
(0.000598786 0.00543917 0)
(-0.00208786 -0.000936773 0)
(-0.00181673 -0.000805744 0)
(-0.00227171 -0.000767651 0)
(-0.00198009 -0.000326126 0)
(-0.000847519 0.000490083 0)
(-0.000157723 0.000895324 0)
(0.000309808 0.000995745 0)
(0.000633734 0.00103684 0)
(0.00074494 0.000986069 0)
(0.000617146 0.000590779 0)
(0.000409652 -0.000895718 0)
(-0.000186883 -0.00311564 0)
(-0.000891345 -0.0050514 0)
(-0.000305582 -0.00768198 0)
(-0.000335438 -0.0111145 0)
(0.000585593 -0.014626 0)
(-0.00126016 -0.0142848 0)
(-0.00173617 -0.0120474 0)
(-0.00273038 -0.00980155 0)
(-0.00302329 -0.00759008 0)
(-0.003339 -0.00549553 0)
(-0.00359177 -0.00365424 0)
(-0.00379092 -0.00198974 0)
(-0.00368964 -0.000423979 0)
(-0.00306376 0.000978624 0)
(-0.00203637 0.00181425 0)
(-0.000743444 0.00144843 0)
(2.69564e-05 0.000779429 0)
(0.00014157 0.000527335 0)
(5.61445e-05 0.000508742 0)
(-7.58131e-05 0.000703335 0)
(-0.000100554 0.00114108 0)
(4.18212e-06 0.00192743 0)
(0.000516634 0.00312349 0)
(0.000736202 0.00482995 0)
(0.00194583 0.00648273 0)
(0.00186038 0.00925829 0)
(0.00350492 0.0283478 0)
(0.00213109 0.0274733 0)
(0.00097375 0.00649835 0)
(-0.0025482 -0.000578091 0)
(-0.00224719 -0.00063664 0)
(-0.00290164 -0.000738845 0)
(-0.0028561 -0.000484863 0)
(-0.00213962 6.92986e-05 0)
(-0.0010301 0.000611891 0)
(-0.00034001 0.000799451 0)
(0.000159486 0.00092372 0)
(0.000420741 0.000963108 0)
(0.000474317 0.000626984 0)
(0.000421035 -0.000799428 0)
(5.23508e-05 -0.00287361 0)
(-0.000270537 -0.00503704 0)
(0.000349498 -0.00783653 0)
(0.000173475 -0.0112126 0)
(0.000807842 -0.0145434 0)
(-0.00152658 -0.013657 0)
(-0.00232496 -0.0116382 0)
(-0.00356186 -0.00954124 0)
(-0.00402153 -0.00742901 0)
(-0.00437291 -0.00538785 0)
(-0.00457481 -0.00357638 0)
(-0.0046623 -0.00197844 0)
(-0.00446492 -0.000555004 0)
(-0.00377867 0.000636215 0)
(-0.0027601 0.00130296 0)
(-0.00179621 0.00108218 0)
(-0.00141786 0.000694182 0)
(-0.00136689 0.000550459 0)
(-0.00139782 0.000552144 0)
(-0.00143586 0.000727142 0)
(-0.0013929 0.00112064 0)
(-0.00119298 0.00181323 0)
(-0.000572231 0.00291498 0)
(-0.000204981 0.00454376 0)
(0.00148891 0.00611208 0)
(0.00145075 0.00899968 0)
(0.00320336 0.0282827 0)
(0.00218101 0.027719 0)
(0.00158116 0.0076823 0)
(-0.0028551 -5.34422e-05 0)
(-0.00256778 -0.000418725 0)
(-0.00340017 -0.000630333 0)
(-0.00361878 -0.000534556 0)
(-0.00333171 -0.000254637 0)
(-0.00226613 0.000184148 0)
(-0.00117429 0.000513515 0)
(-0.000390802 0.000732366 0)
(0.000104569 0.000865426 0)
(0.00038807 0.000573683 0)
(0.000512598 -0.00077853 0)
(0.000521715 -0.00279112 0)
(0.000623497 -0.00512568 0)
(0.00117752 -0.00794204 0)
(0.000803079 -0.0111869 0)
(0.00108621 -0.0143171 0)
(-0.00183232 -0.0128535 0)
(-0.00300173 -0.0110961 0)
(-0.00452468 -0.00919045 0)
(-0.00519321 -0.00722055 0)
(-0.00562119 -0.00527331 0)
(-0.00580911 -0.00352309 0)
(-0.0058231 -0.00200156 0)
(-0.00557655 -0.000701246 0)
(-0.00492963 0.000334476 0)
(-0.00406531 0.000909436 0)
(-0.00337651 0.000852091 0)
(-0.00307167 0.000632281 0)
(-0.00295793 0.000533594 0)
(-0.00290841 0.000547935 0)
(-0.00286146 0.000707291 0)
(-0.00274288 0.00105762 0)
(-0.00245312 0.00167627 0)
(-0.00180391 0.00268357 0)
(-0.00127072 0.00410356 0)
(0.00097898 0.00561015 0)
(0.000784486 0.00874137 0)
(0.00280321 0.0281039 0)
(0.00229017 0.0276703 0)
(0.00263496 0.00901529 0)
(-0.0026041 0.000609083 0)
(-0.00256705 -0.000175128 0)
(-0.00345553 -0.00045224 0)
(-0.00382335 -0.000473834 0)
(-0.00382338 -0.000446159 0)
(-0.00329474 -0.000277956 0)
(-0.00221548 5.02457e-05 0)
(-0.00102523 0.000423671 0)
(-0.000174774 0.000661499 0)
(0.000389226 0.000418331 0)
(0.000878908 -0.000894346 0)
(0.00140454 -0.00287258 0)
(0.001818 -0.00524716 0)
(0.00222997 -0.00799311 0)
(0.00158084 -0.0110302 0)
(0.00143004 -0.0139012 0)
(-0.00217487 -0.0118489 0)
(-0.00376483 -0.0104002 0)
(-0.0056223 -0.00872974 0)
(-0.00655305 -0.00694567 0)
(-0.00711314 -0.00513419 0)
(-0.00733716 -0.00347862 0)
(-0.00731796 -0.00204576 0)
(-0.00704508 -0.000853943 0)
(-0.00647248 6.49985e-05 0)
(-0.00572138 0.000596455 0)
(-0.00516061 0.00065379 0)
(-0.00482986 0.000542999 0)
(-0.0046393 0.000483573 0)
(-0.00450754 0.000510113 0)
(-0.00437507 0.000654524 0)
(-0.00417036 0.00096143 0)
(-0.00379087 0.00150541 0)
(-0.0031014 0.00238263 0)
(-0.00231503 0.00355278 0)
(0.000289266 0.00497535 0)
(-0.000397694 0.0083674 0)
(0.00225448 0.0277536 0)
(0.0024934 0.0272185 0)
(0.00414402 0.0102456 0)
(-0.000840763 0.00136835 0)
(-0.00188397 7.70054e-05 0)
(-0.00263479 -0.000199814 0)
(-0.0028634 -0.000325159 0)
(-0.00291335 -0.000513168 0)
(-0.00271163 -0.000513821 0)
(-0.00223024 -0.000404359 0)
(-0.00140821 -4.39197e-05 0)
(-0.000308763 0.00035688 0)
(0.000700919 7.94954e-05 0)
(0.00192327 -0.00124154 0)
(0.0028648 -0.00310096 0)
(0.0033911 -0.00537543 0)
(0.00355129 -0.00793889 0)
(0.00252603 -0.0106983 0)
(0.00184487 -0.0132483 0)
(-0.00254527 -0.0106187 0)
(-0.00460097 -0.00952887 0)
(-0.00684422 -0.00813654 0)
(-0.00810247 -0.00657972 0)
(-0.00886832 -0.00494567 0)
(-0.00919997 -0.00342085 0)
(-0.00920634 -0.00209435 0)
(-0.00892895 -0.00100078 0)
(-0.00839234 -0.000165474 0)
(-0.00768527 0.000344723 0)
(-0.00716527 0.000478228 0)
(-0.00679963 0.000439176 0)
(-0.00653504 0.000408889 0)
(-0.00631471 0.000439469 0)
(-0.00608326 0.000564551 0)
(-0.00577175 0.000824654 0)
(-0.0052847 0.00128309 0)
(-0.00451489 0.00199648 0)
(-0.00346914 0.00292341 0)
(-0.00103655 0.00439852 0)
(-0.00220481 0.00818478 0)
(0.00148878 0.0270001 0)
(0.00283918 0.0262585 0)
(0.00594514 0.0109346 0)
(0.00331945 0.00303485 0)
(0.00104604 0.000284431 0)
(-0.000636015 -0.000240614 0)
(-6.34414e-06 -0.000391758 0)
(-5.98851e-05 -0.000538045 0)
(4.57364e-05 -0.000588285 0)
(0.000146425 -0.000566628 0)
(0.000467636 -0.000417553 0)
(0.00122795 -0.000260113 0)
(0.00264841 -0.000635659 0)
(0.00405834 -0.00172917 0)
(0.00504092 -0.00337278 0)
(0.00541217 -0.00543331 0)
(0.00516748 -0.00772467 0)
(0.00364423 -0.010144 0)
(0.00232989 -0.0123074 0)
(-0.00292314 -0.00914671 0)
(-0.00547631 -0.00846347 0)
(-0.00815434 -0.00738612 0)
(-0.00981601 -0.00609191 0)
(-0.0108812 -0.00467404 0)
(-0.0114196 -0.00331832 0)
(-0.0115481 -0.00212955 0)
(-0.0113433 -0.00115726 0)
(-0.0108684 -0.000424679 0)
(-0.0102163 4.26806e-05 0)
(-0.00963223 0.000231133 0)
(-0.00922845 0.000250199 0)
(-0.00889727 0.000251635 0)
(-0.00859183 0.000297662 0)
(-0.00826127 0.000415816 0)
(-0.00784337 0.000633693 0)
(-0.00726268 0.00100421 0)
(-0.00645044 0.00156712 0)
(-0.00535953 0.00235223 0)
(-0.00364343 0.00393554 0)
(-0.00454155 0.00816561 0)
(0.000441815 0.0256074 0)
(0.00335803 0.0246944 0)
(0.00798552 0.0108931 0)
(0.00760742 0.003884 0)
(0.00651922 0.00126256 0)
(0.00547421 0.000200441 0)
(0.00479626 -0.000389184 0)
(0.004726 -0.000579849 0)
(0.00478941 -0.000620298 0)
(0.00486768 -0.000602781 0)
(0.00503713 -0.000581796 0)
(0.00552414 -0.000668346 0)
(0.00643159 -0.00111233 0)
(0.00739229 -0.00208186 0)
(0.00797014 -0.00352529 0)
(0.00789029 -0.00532317 0)
(0.00706195 -0.00728791 0)
(0.00491415 -0.00931757 0)
(0.00287159 -0.0110296 0)
(-0.00326709 -0.00743893 0)
(-0.00632015 -0.00719386 0)
(-0.00947072 -0.00645278 0)
(-0.0116173 -0.0054452 0)
(-0.0130919 -0.00427499 0)
(-0.0139592 -0.00311873 0)
(-0.0143354 -0.00208299 0)
(-0.0143213 -0.00122357 0)
(-0.0140108 -0.000567747 0)
(-0.0135066 -0.00012873 0)
(-0.0129212 0.000104957 0)
(-0.0124233 0.000198096 0)
(-0.0120395 0.000227218 0)
(-0.011691 0.000260064 0)
(-0.0113206 0.000328167 0)
(-0.0108722 0.000466182 0)
(-0.0102958 0.000744305 0)
(-0.00957476 0.00121296 0)
(-0.00869379 0.00196541 0)
(-0.00757308 0.0035551 0)
(-0.00729951 0.00783352 0)
(-0.000914555 0.0234671 0)
(0.00409253 0.0224398 0)
(0.0102211 0.010096 0)
(0.011758 0.0040023 0)
(0.0118041 0.0015298 0)
(0.0113762 0.000449379 0)
(0.0109621 -0.000123146 0)
(0.0107405 -0.000429461 0)
(0.0106207 -0.000558359 0)
(0.0105784 -0.000601194 0)
(0.0106445 -0.000649434 0)
(0.0108739 -0.000823849 0)
(0.0112453 -0.00130226 0)
(0.0115415 -0.00218891 0)
(0.0114503 -0.00344483 0)
(0.0106983 -0.00496169 0)
(0.00913746 -0.00657172 0)
(0.00626644 -0.00817805 0)
(0.00343331 -0.0093835 0)
(-0.00349428 -0.00554805 0)
(-0.00699391 -0.00572636 0)
(-0.0106296 -0.00531149 0)
(-0.0133368 -0.00459804 0)
(-0.0153359 -0.00370477 0)
(-0.0166634 -0.00279537 0)
(-0.0174203 -0.00197275 0)
(-0.0177189 -0.00129318 0)
(-0.0176757 -0.000782321 0)
(-0.0174105 -0.000444944 0)
(-0.0170367 -0.000260378 0)
(-0.0166364 -0.000177835 0)
(-0.0162388 -0.000148475 0)
(-0.0158631 -0.000121955 0)
(-0.0154969 -5.73677e-05 0)
(-0.0151041 9.60907e-05 0)
(-0.0146053 0.000390285 0)
(-0.0140114 0.000868935 0)
(-0.0132912 0.00161973 0)
(-0.0122182 0.00305167 0)
(-0.0103757 0.00695202 0)
(-0.00261909 0.0204838 0)
(0.00513261 0.0194115 0)
(0.0126387 0.00862373 0)
(0.015754 0.0035479 0)
(0.0167162 0.00141466 0)
(0.0167581 0.000382273 0)
(0.0166057 -0.000215793 0)
(0.0164473 -0.000518814 0)
(0.0163004 -0.000643088 0)
(0.0161815 -0.00069272 0)
(0.016115 -0.000759213 0)
(0.0160982 -0.000944124 0)
(0.0160493 -0.00136852 0)
(0.0157728 -0.00210081 0)
(0.0150132 -0.00311237 0)
(0.013531 -0.00430938 0)
(0.0111792 -0.00554199 0)
(0.00755392 -0.00670896 0)
(0.00393666 -0.00738417 0)
(-0.00343442 -0.00359207 0)
(-0.00723166 -0.00409734 0)
(-0.0113168 -0.00394779 0)
(-0.0146308 -0.00350218 0)
(-0.0172545 -0.00287874 0)
(-0.0191698 -0.00220952 0)
(-0.0204426 -0.00157838 0)
(-0.021177 -0.00103603 0)
(-0.0214966 -0.000611197 0)
(-0.0215316 -0.000314908 0)
(-0.0214029 -0.000136125 0)
(-0.0212013 -3.89958e-05 0)
(-0.0209702 2.50776e-05 0)
(-0.0207128 9.00379e-05 0)
(-0.0204045 0.000186731 0)
(-0.0200205 0.000337326 0)
(-0.0195823 0.00055062 0)
(-0.0190544 0.000896053 0)
(-0.0183466 0.00143973 0)
(-0.0169924 0.00242619 0)
(-0.0136922 0.00550211 0)
(-0.00477862 0.0165398 0)
(0.00665164 0.0155247 0)
(0.0152679 0.00660876 0)
(0.0196136 0.00278682 0)
(0.0212415 0.00127757 0)
(0.0216098 0.000561949 0)
(0.0216474 0.000109743 0)
(0.0215636 -0.000165462 0)
(0.0214081 -0.000313284 0)
(0.0212175 -0.000405856 0)
(0.0210101 -0.00051491 0)
(0.0207525 -0.000717106 0)
(0.0203299 -0.00109309 0)
(0.0195427 -0.00168288 0)
(0.0181539 -0.00245739 0)
(0.0159545 -0.00333579 0)
(0.0128302 -0.00419519 0)
(0.0085058 -0.00494155 0)
(0.00422356 -0.0051337 0)
(-0.00271519 -0.00173989 0)
(-0.00652892 -0.00241337 0)
(-0.0109138 -0.00242941 0)
(-0.0147634 -0.00221918 0)
(-0.0180061 -0.00188951 0)
(-0.0205563 -0.00153088 0)
(-0.0224308 -0.00119617 0)
(-0.0237057 -0.000915494 0)
(-0.0244932 -0.000704355 0)
(-0.024924 -0.000567702 0)
(-0.025127 -0.000498951 0)
(-0.0252061 -0.000479681 0)
(-0.0252214 -0.000484476 0)
(-0.0251903 -0.00049262 0)
(-0.0250975 -0.000486938 0)
(-0.0249049 -0.000457495 0)
(-0.0245516 -0.000375783 0)
(-0.0240652 -0.00016817 0)
(-0.023336 0.000157646 0)
(-0.0216784 0.000739562 0)
(-0.0172893 0.00299344 0)
(-0.00771971 0.0113731 0)
(0.00901547 0.0105594 0)
(0.0182602 0.00378354 0)
(0.0234637 0.00114862 0)
(0.0255286 0.000187949 0)
(0.0260831 -0.000286392 0)
(0.0261362 -0.000537022 0)
(0.0259786 -0.000659997 0)
(0.0256924 -0.000699631 0)
(0.0253177 -0.00070675 0)
(0.0248665 -0.000727566 0)
(0.0242861 -0.000806374 0)
(0.0234396 -0.00098648 0)
(0.0221218 -0.00129018 0)
(0.0201139 -0.00170315 0)
(0.0172462 -0.00217947 0)
(0.01346 -0.00264095 0)
(0.00861801 -0.00301336 0)
(0.00396565 -0.00285432 0)
(-0.000318328 -0.000214979 0)
(-0.00393117 -0.000927846 0)
(-0.00807911 -0.000946316 0)
(-0.0119373 -0.000825852 0)
(-0.0153103 -0.000656845 0)
(-0.0180847 -0.000483822 0)
(-0.0202566 -0.000326139 0)
(-0.0218869 -0.000192603 0)
(-0.0230768 -8.6298e-05 0)
(-0.0239476 -6.73679e-06 0)
(-0.0246197 5.05697e-05 0)
(-0.0251901 9.41591e-05 0)
(-0.0257159 0.000134556 0)
(-0.0262149 0.000180646 0)
(-0.026673 0.000240006 0)
(-0.027047 0.000320686 0)
(-0.0272697 0.00044866 0)
(-0.0272949 0.000660692 0)
(-0.0270086 0.000959503 0)
(-0.0255689 0.00143485 0)
(-0.0209961 0.002744 0)
(-0.0122343 0.0067709 0)
(0.012912 0.00611822 0)
(0.0215316 0.00275975 0)
(0.0267503 0.0013933 0)
(0.0286065 0.000829659 0)
(0.0287756 0.000508204 0)
(0.0283424 0.000320799 0)
(0.0276793 0.000201931 0)
(0.0268884 0.000122458 0)
(0.0260154 6.26566e-05 0)
(0.0250748 5.27987e-06 0)
(0.0240182 -6.70503e-05 0)
(0.0227195 -0.000172286 0)
(0.0209928 -0.000322442 0)
(0.0186415 -0.000518018 0)
(0.0155204 -0.000748848 0)
(0.0115976 -0.000987983 0)
(0.00682847 -0.00119884 0)
(0.00238854 -0.000976438 0)
)
;

boundaryField
{
    floor
    {
        type            noSlip;
    }
    ceiling
    {
        type            noSlip;
    }
    fixedWalls
    {
        type            noSlip;
    }
    frontAndBack
    {
        type            empty;
    }
}


// ************************************************************************* //
