/*--------------------------------*- C++ -*----------------------------------*\
| =========                 |                                                 |
| \\      /  F ield         | OpenFOAM: The Open Source CFD Toolbox           |
|  \\    /   O peration     | Version:  4.1                                   |
|   \\  /    A nd           | Web:      www.OpenFOAM.org                      |
|    \\/     M anipulation  |                                                 |
\*---------------------------------------------------------------------------*/
FoamFile
{
    version     2.0;
    format      ascii;
    class       volScalarField;
    location    "900";
    object      p_rgh;
}
// * * * * * * * * * * * * * * * * * * * * * * * * * * * * * * * * * * * * * //

dimensions      [0 2 -2 0 0 0 0];

internalField   nonuniform List<scalar> 
5000
(
0.0492228
0.0492408
0.049237
0.0492227
0.0492068
0.0491938
0.049185
0.049182
0.0491857
0.0491857
0.0491927
0.0492056
0.0492247
0.049238
0.0492414
0.0492385
0.0492361
0.0492342
0.0492328
0.0492319
0.0492315
0.0492312
0.0492309
0.04923
0.0492281
0.0492242
0.0492172
0.0492055
0.0491886
0.0491679
0.0491477
0.049131
0.0491193
0.0491113
0.0491063
0.0491057
0.0491107
0.0491202
0.0491308
0.0491384
0.0491422
0.0491428
0.0491412
0.049138
0.0491337
0.0491282
0.0491214
0.0491132
0.049105
0.0491024
0.0491274
0.0491477
0.0491475
0.0491304
0.0491243
0.0491086
0.0491149
0.0491424
0.0491656
0.049171
0.0491666
0.0491579
0.0491509
0.0491461
0.0491438
0.0491437
0.0491448
0.049147
0.0491506
0.0491549
0.0491632
0.0491703
0.0491749
0.0491805
0.0491875
0.0491951
0.0492021
0.049208
0.0492126
0.0492159
0.0492182
0.0492196
0.0492204
0.0492205
0.04922
0.0492186
0.0492164
0.0492134
0.0492096
0.0492053
0.0492019
0.0492012
0.0492025
0.0492053
0.0492098
0.0492155
0.0492218
0.0492292
0.0492284
0.0492178
0.0492136
0.0492412
0.0492362
0.0492238
0.0492146
0.049207
0.0491935
0.0491762
0.0491884
0.0491703
0.0491861
0.0492111
0.0492322
0.0492486
0.0492565
0.0492608
0.0492629
0.0492643
0.0492649
0.0492649
0.0492642
0.049263
0.0492611
0.0492584
0.0492544
0.0492487
0.0492404
0.0492281
0.049211
0.0491898
0.0491666
0.0491444
0.049127
0.0491166
0.049114
0.0491201
0.0491334
0.0491504
0.0491658
0.0491777
0.0491861
0.0491919
0.0491959
0.0491984
0.0491997
0.0491992
0.0491962
0.0491855
0.0491563
0.0491105
0.0491048
0.0491503
0.0491501
0.0491162
0.0490866
0.0490767
0.0491132
0.0491622
0.0491896
0.0492027
0.0492083
0.0492112
0.0492126
0.0492136
0.049215
0.0492162
0.0492166
0.049215
0.0492076
0.0491845
0.0491697
0.0491785
0.0491937
0.0492077
0.0492174
0.0492233
0.0492284
0.0492334
0.049238
0.0492422
0.0492459
0.0492492
0.0492521
0.0492546
0.0492565
0.0492578
0.0492585
0.0492585
0.049258
0.049257
0.0492548
0.0492511
0.0492492
0.0492492
0.0492492
0.0492491
0.0492494
0.04925
0.0492501
0.0492202
0.0492062
0.0492361
0.0492279
0.0492133
0.0492093
0.0491925
0.0491735
0.0491657
0.0491797
0.04915
0.0491636
0.0491925
0.0492247
0.0492468
0.049255
0.0492589
0.049261
0.0492623
0.0492628
0.0492628
0.0492622
0.049261
0.0492591
0.0492565
0.0492528
0.0492478
0.0492405
0.0492296
0.0492134
0.0491912
0.0491666
0.0491457
0.0491312
0.0491253
0.0491283
0.0491379
0.0491516
0.0491657
0.0491781
0.0491877
0.0491944
0.0491992
0.0492026
0.0492051
0.0492071
0.0492083
0.0492081
0.0492031
0.0491785
0.0491171
0.0490958
0.0491594
0.0491549
0.0490802
0.0490429
0.0490263
0.0490821
0.0491484
0.0491862
0.0492018
0.0492079
0.0492106
0.0492116
0.0492125
0.0492146
0.0492182
0.0492232
0.0492277
0.0492226
0.0491925
0.0491616
0.049169
0.0491912
0.0492073
0.0492155
0.0492202
0.0492245
0.049229
0.0492334
0.0492375
0.0492413
0.0492447
0.0492478
0.0492505
0.0492526
0.0492543
0.0492552
0.0492555
0.049255
0.0492541
0.0492534
0.0492525
0.0492511
0.0492499
0.0492493
0.0492495
0.0492503
0.0492513
0.0492521
0.0492157
0.0492054
0.0492375
0.0492259
0.0492089
0.0491884
0.0491802
0.0491749
0.0491765
0.0491776
0.0491485
0.0491464
0.0491673
0.0492249
0.0492498
0.0492557
0.049258
0.0492593
0.0492601
0.0492604
0.0492603
0.0492597
0.0492586
0.0492569
0.0492545
0.0492514
0.0492472
0.0492419
0.0492349
0.0492246
0.0492087
0.0491867
0.0491672
0.0491574
0.0491579
0.049166
0.049177
0.0491871
0.049194
0.049199
0.0492024
0.0492046
0.0492061
0.0492073
0.0492085
0.0492099
0.0492113
0.0492122
0.0492103
0.0491913
0.0491231
0.0490878
0.0491833
0.0491725
0.0490889
0.0490206
0.0489828
0.0490562
0.0491371
0.0491859
0.0492028
0.0492073
0.0492077
0.0492071
0.0492071
0.0492087
0.0492125
0.0492184
0.0492248
0.0492207
0.0491881
0.0491493
0.0491538
0.0491817
0.0492014
0.0492103
0.0492149
0.0492189
0.0492233
0.0492275
0.0492315
0.0492351
0.0492385
0.0492417
0.0492445
0.0492469
0.0492487
0.0492499
0.0492504
0.04925
0.049249
0.0492481
0.0492473
0.0492466
0.0492466
0.0492471
0.0492484
0.0492502
0.0492521
0.0492537
0.0492119
0.0492099
0.0492449
0.0492295
0.0492089
0.0491981
0.0491945
0.0491996
0.049207
0.0492025
0.0491806
0.0491633
0.0491894
0.0492388
0.0492562
0.049258
0.0492583
0.0492587
0.049259
0.0492591
0.049259
0.0492584
0.0492574
0.0492559
0.0492537
0.0492508
0.0492473
0.0492433
0.0492391
0.049235
0.0492312
0.0492255
0.049215
0.0492095
0.0492109
0.0492151
0.0492177
0.0492168
0.0492143
0.0492121
0.0492105
0.0492094
0.0492089
0.0492089
0.0492095
0.0492108
0.0492126
0.0492145
0.0492146
0.0492
0.0491264
0.0490743
0.0492006
0.0492144
0.0491425
0.0490466
0.0489781
0.0490805
0.0491571
0.0491964
0.0492075
0.0492071
0.0492036
0.0492001
0.0491982
0.0491987
0.0492019
0.0492078
0.0492143
0.049209
0.049176
0.0491367
0.0491393
0.0491703
0.0491932
0.0492035
0.0492086
0.0492128
0.0492172
0.0492213
0.049225
0.0492284
0.0492317
0.0492349
0.0492379
0.0492405
0.0492426
0.0492441
0.0492448
0.0492448
0.049244
0.0492428
0.0492421
0.0492416
0.0492419
0.0492437
0.0492463
0.0492493
0.0492523
0.0492548
0.0492085
0.0492161
0.0492542
0.0492379
0.0492174
0.0492099
0.0492133
0.0492268
0.0492409
0.0492464
0.0492436
0.0492348
0.0492613
0.0492664
0.0492622
0.04926
0.0492593
0.0492591
0.0492591
0.049259
0.0492587
0.0492581
0.0492572
0.0492557
0.0492537
0.0492511
0.0492482
0.0492449
0.0492417
0.0492391
0.0492377
0.049238
0.0492398
0.04924
0.049239
0.0492359
0.0492306
0.0492245
0.0492194
0.0492156
0.049213
0.0492113
0.0492105
0.0492102
0.0492106
0.0492116
0.0492135
0.0492158
0.0492172
0.0492058
0.049127
0.049055
0.0492025
0.0492582
0.0492199
0.0491368
0.0490426
0.0491825
0.0492171
0.0492204
0.0492146
0.0492061
0.049197
0.0491892
0.0491844
0.0491828
0.0491849
0.0491907
0.0491966
0.0491895
0.049158
0.0491234
0.0491265
0.0491587
0.0491838
0.0491955
0.0492015
0.0492065
0.0492111
0.0492149
0.0492182
0.0492213
0.0492245
0.0492277
0.0492308
0.0492336
0.049236
0.0492378
0.0492389
0.0492394
0.0492391
0.0492385
0.0492377
0.0492375
0.049238
0.04924
0.0492438
0.049248
0.0492518
0.0492551
0.049205
0.0492207
0.0492621
0.0492466
0.0492235
0.0492158
0.0492217
0.0492363
0.0492499
0.0492607
0.0492707
0.0492746
0.0492719
0.0492666
0.0492632
0.0492613
0.0492603
0.0492599
0.0492597
0.0492594
0.0492589
0.0492582
0.0492571
0.0492557
0.0492538
0.0492516
0.049249
0.0492464
0.0492439
0.0492419
0.0492407
0.0492404
0.0492408
0.0492407
0.049239
0.0492351
0.0492299
0.0492246
0.04922
0.0492165
0.0492142
0.0492128
0.0492121
0.0492118
0.049212
0.0492127
0.0492142
0.0492165
0.0492184
0.0492092
0.0491265
0.0490335
0.049185
0.0492778
0.0492732
0.049242
0.0491762
0.0492525
0.049248
0.049233
0.0492176
0.0492019
0.0491864
0.049173
0.0491639
0.0491592
0.0491602
0.049167
0.0491727
0.0491644
0.0491365
0.0491095
0.0491153
0.0491475
0.0491736
0.0491866
0.049194
0.0492
0.0492049
0.0492083
0.0492111
0.0492138
0.0492167
0.0492198
0.0492229
0.0492259
0.0492285
0.0492308
0.0492325
0.0492336
0.0492341
0.0492343
0.0492344
0.0492347
0.0492357
0.0492379
0.0492421
0.0492472
0.0492518
0.0492558
0.0492018
0.0492221
0.0492667
0.0492529
0.0492253
0.0492146
0.0492203
0.0492327
0.0492426
0.0492525
0.0492636
0.0492684
0.0492673
0.049265
0.0492631
0.0492618
0.049261
0.0492605
0.0492601
0.0492596
0.0492589
0.049258
0.0492568
0.0492554
0.0492537
0.0492517
0.0492495
0.0492472
0.049245
0.0492432
0.0492418
0.0492409
0.04924
0.0492386
0.0492361
0.0492323
0.0492277
0.0492231
0.0492192
0.0492163
0.0492144
0.0492134
0.049213
0.049213
0.0492132
0.0492137
0.0492147
0.0492165
0.0492182
0.0492106
0.0491262
0.0490136
0.0491533
0.0492766
0.0492864
0.0492876
0.0492764
0.0492756
0.0492565
0.0492367
0.0492159
0.0491934
0.0491706
0.0491508
0.0491355
0.0491288
0.0491323
0.0491406
0.0491454
0.0491369
0.0491144
0.0490959
0.0491054
0.0491367
0.0491629
0.0491773
0.0491865
0.0491937
0.0491986
0.0492013
0.0492033
0.0492055
0.049208
0.0492109
0.0492139
0.049217
0.0492199
0.0492226
0.0492249
0.0492268
0.0492284
0.0492298
0.0492312
0.0492328
0.049235
0.0492382
0.0492424
0.0492478
0.0492528
0.0492571
0.0491992
0.0492192
0.0492673
0.0492558
0.0492243
0.049208
0.0492127
0.0492229
0.049231
0.0492429
0.0492568
0.0492622
0.0492633
0.049263
0.0492624
0.0492617
0.0492611
0.0492605
0.04926
0.0492593
0.0492586
0.0492576
0.0492564
0.0492549
0.0492533
0.0492514
0.0492494
0.0492474
0.0492453
0.0492434
0.0492417
0.04924
0.0492382
0.0492359
0.0492328
0.0492288
0.0492246
0.0492205
0.0492171
0.0492147
0.0492133
0.0492129
0.049213
0.0492134
0.0492138
0.0492142
0.0492148
0.0492158
0.049217
0.0492104
0.0491268
0.0489972
0.0491127
0.0492646
0.0492834
0.0492875
0.0492867
0.0492728
0.0492561
0.0492351
0.0492095
0.0491798
0.0491497
0.0491241
0.0491062
0.0491013
0.0491059
0.0491139
0.0491174
0.0491099
0.0490935
0.0490836
0.0490965
0.0491264
0.0491521
0.0491681
0.0491793
0.0491875
0.0491918
0.0491935
0.0491946
0.0491962
0.0491983
0.0492008
0.0492037
0.0492067
0.0492098
0.0492129
0.0492158
0.0492186
0.0492214
0.0492242
0.0492272
0.0492307
0.0492348
0.0492397
0.049245
0.0492499
0.0492551
0.0492594
0.0491974
0.0492109
0.049264
0.0492545
0.0492213
0.0491979
0.0492015
0.0492101
0.0492181
0.0492342
0.0492521
0.049258
0.0492602
0.0492611
0.0492613
0.049261
0.0492606
0.0492601
0.0492595
0.0492588
0.049258
0.0492571
0.0492559
0.0492545
0.0492528
0.049251
0.0492491
0.0492471
0.049245
0.0492428
0.0492406
0.0492382
0.0492356
0.0492324
0.0492287
0.0492246
0.0492204
0.0492165
0.0492135
0.0492117
0.0492109
0.049211
0.0492117
0.0492127
0.0492136
0.0492142
0.0492144
0.0492147
0.049215
0.0492089
0.0491285
0.0489855
0.0490711
0.0492414
0.0492791
0.049283
0.0492801
0.0492697
0.0492534
0.0492301
0.0491996
0.049164
0.0491288
0.0490995
0.0490826
0.0490783
0.0490821
0.0490884
0.0490907
0.0490852
0.0490752
0.0490727
0.0490884
0.0491166
0.0491419
0.0491598
0.049173
0.0491813
0.0491841
0.0491845
0.0491847
0.0491857
0.0491873
0.0491894
0.0491921
0.049195
0.0491982
0.0492016
0.0492051
0.0492087
0.0492126
0.0492167
0.0492213
0.0492266
0.0492329
0.04924
0.0492473
0.0492535
0.0492583
0.0492625
0.0491967
0.0491961
0.0492575
0.0492488
0.0492152
0.0491859
0.0491883
0.0491964
0.0492065
0.0492292
0.0492493
0.0492552
0.049258
0.0492594
0.04926
0.04926
0.0492597
0.0492593
0.0492589
0.0492583
0.0492575
0.0492566
0.0492555
0.0492541
0.0492525
0.0492505
0.0492485
0.0492463
0.049244
0.0492414
0.0492387
0.0492356
0.0492322
0.0492283
0.049224
0.0492195
0.0492151
0.0492114
0.0492086
0.0492072
0.049207
0.0492079
0.0492093
0.049211
0.0492125
0.0492134
0.0492135
0.0492131
0.0492125
0.0492068
0.0491312
0.048978
0.0490361
0.0492099
0.0492765
0.0492815
0.0492778
0.0492678
0.0492505
0.0492245
0.0491898
0.0491504
0.0491124
0.0490827
0.0490655
0.0490595
0.049061
0.0490651
0.0490667
0.0490636
0.0490596
0.0490631
0.0490807
0.0491077
0.0491332
0.0491533
0.0491677
0.0491744
0.0491751
0.0491741
0.0491736
0.049174
0.0491751
0.0491769
0.0491792
0.0491821
0.0491853
0.0491889
0.0491928
0.0491971
0.0492019
0.0492071
0.049213
0.0492197
0.0492274
0.049236
0.0492449
0.0492532
0.0492602
0.0492612
0.0491986
0.049175
0.049249
0.0492397
0.0492047
0.0491733
0.0491743
0.0491829
0.0491973
0.0492296
0.0492483
0.0492537
0.0492565
0.0492581
0.0492588
0.049259
0.049259
0.0492588
0.0492584
0.0492579
0.0492572
0.0492563
0.0492552
0.0492537
0.049252
0.0492499
0.0492476
0.0492451
0.0492423
0.0492394
0.0492361
0.0492323
0.0492282
0.0492236
0.0492187
0.0492137
0.049209
0.0492052
0.0492025
0.0492014
0.0492018
0.0492034
0.0492057
0.0492082
0.0492105
0.0492119
0.0492121
0.0492113
0.0492099
0.0492042
0.0491345
0.0489738
0.0490068
0.0491808
0.0492763
0.0492828
0.0492785
0.0492677
0.049249
0.0492207
0.0491835
0.0491421
0.0491031
0.0490728
0.0490534
0.0490444
0.0490429
0.0490447
0.0490459
0.0490455
0.0490464
0.0490545
0.0490738
0.0491004
0.0491269
0.0491489
0.0491624
0.0491659
0.0491644
0.0491626
0.0491615
0.0491614
0.0491622
0.0491636
0.0491657
0.0491684
0.0491716
0.0491753
0.0491796
0.0491844
0.0491898
0.0491959
0.0492027
0.0492103
0.0492187
0.0492278
0.0492369
0.0492454
0.049253
0.0492559
0.0492051
0.0491505
0.0492403
0.0492287
0.0491901
0.0491606
0.04916
0.0491693
0.0491891
0.0492345
0.0492485
0.0492531
0.0492557
0.0492571
0.0492579
0.0492583
0.0492585
0.0492585
0.0492582
0.0492578
0.0492571
0.0492562
0.0492549
0.0492533
0.0492513
0.0492491
0.0492464
0.0492435
0.0492403
0.0492368
0.0492329
0.0492286
0.0492238
0.0492185
0.049213
0.0492076
0.0492026
0.0491984
0.0491956
0.0491946
0.0491954
0.0491977
0.049201
0.0492046
0.0492077
0.0492098
0.0492103
0.0492093
0.0492073
0.0492016
0.0491382
0.0489719
0.0489816
0.0491548
0.0492767
0.0492859
0.049281
0.0492695
0.0492497
0.0492201
0.0491822
0.0491405
0.0491011
0.0490686
0.049046
0.0490333
0.0490285
0.049028
0.0490291
0.0490309
0.0490357
0.0490475
0.0490685
0.0490959
0.0491237
0.0491453
0.0491551
0.0491552
0.0491525
0.0491502
0.0491489
0.0491487
0.0491492
0.0491504
0.0491523
0.0491548
0.0491579
0.0491617
0.0491661
0.0491713
0.0491772
0.0491839
0.0491916
0.0492
0.0492092
0.0492187
0.0492279
0.0492357
0.0492418
0.049245
0.0492179
0.0491291
0.0492334
0.0492171
0.0491739
0.0491475
0.0491458
0.0491561
0.0491815
0.0492405
0.0492494
0.0492532
0.0492554
0.0492567
0.0492575
0.0492581
0.0492585
0.0492586
0.0492584
0.049258
0.0492572
0.0492561
0.0492546
0.0492527
0.0492505
0.0492479
0.0492449
0.0492416
0.0492379
0.0492338
0.0492294
0.0492246
0.0492192
0.0492135
0.0492075
0.0492017
0.0491963
0.0491918
0.0491887
0.0491875
0.0491885
0.0491915
0.0491957
0.0492003
0.0492044
0.0492073
0.0492083
0.0492073
0.0492048
0.049199
0.0491418
0.0489715
0.0489592
0.0491313
0.049277
0.0492897
0.0492846
0.0492726
0.0492526
0.0492233
0.0491861
0.0491449
0.0491045
0.0490697
0.0490438
0.0490274
0.0490191
0.0490163
0.0490169
0.0490205
0.0490284
0.0490433
0.0490664
0.049095
0.0491225
0.0491405
0.0491455
0.0491432
0.0491399
0.0491378
0.0491367
0.0491365
0.049137
0.0491382
0.04914
0.0491423
0.0491453
0.0491489
0.0491534
0.0491586
0.0491648
0.0491721
0.0491805
0.0491899
0.0492003
0.0492114
0.0492223
0.0492322
0.0492404
0.0492457
0.0492384
0.0491132
0.0492327
0.0492054
0.0491582
0.0491339
0.0491318
0.0491451
0.0491808
0.0492451
0.0492507
0.0492537
0.0492555
0.0492567
0.0492577
0.0492584
0.0492589
0.0492591
0.0492589
0.0492583
0.0492574
0.049256
0.0492542
0.049252
0.0492495
0.0492465
0.0492432
0.0492394
0.0492353
0.0492308
0.0492258
0.0492205
0.0492148
0.0492087
0.0492025
0.0491964
0.0491909
0.0491862
0.0491828
0.049181
0.0491819
0.0491852
0.0491903
0.0491959
0.049201
0.0492048
0.0492064
0.0492054
0.0492025
0.0491965
0.049145
0.0489719
0.0489388
0.0491095
0.0492764
0.0492938
0.0492887
0.0492768
0.0492574
0.0492294
0.0491936
0.0491531
0.0491123
0.049076
0.0490474
0.0490276
0.049016
0.049011
0.0490111
0.0490158
0.0490262
0.0490439
0.0490688
0.0490972
0.0491213
0.0491333
0.0491342
0.0491309
0.0491278
0.0491262
0.0491257
0.0491258
0.0491266
0.0491278
0.0491295
0.0491317
0.0491345
0.049138
0.0491422
0.0491473
0.0491535
0.0491609
0.0491697
0.0491799
0.0491916
0.0492048
0.0492189
0.0492339
0.0492496
0.0492638
0.0492642
0.0491036
0.0492365
0.0491948
0.0491446
0.0491202
0.0491184
0.0491386
0.049196
0.0492479
0.0492522
0.0492545
0.049256
0.0492572
0.0492583
0.0492592
0.0492598
0.0492599
0.0492596
0.0492589
0.0492576
0.0492559
0.0492538
0.0492512
0.0492483
0.0492449
0.0492411
0.049237
0.0492325
0.0492277
0.0492224
0.0492167
0.0492107
0.0492045
0.0491982
0.0491922
0.0491868
0.0491824
0.0491788
0.0491764
0.0491765
0.0491798
0.0491854
0.0491919
0.049198
0.0492026
0.0492047
0.0492039
0.0492006
0.0491942
0.0491478
0.0489726
0.0489196
0.0490885
0.0492744
0.0492974
0.0492929
0.0492814
0.049263
0.0492366
0.0492026
0.0491637
0.0491238
0.0490871
0.0490567
0.0490344
0.0490202
0.0490133
0.0490128
0.0490184
0.0490307
0.04905
0.049075
0.0491002
0.0491179
0.0491238
0.0491222
0.049119
0.0491169
0.0491162
0.0491165
0.0491172
0.0491183
0.0491197
0.0491214
0.0491235
0.0491261
0.0491292
0.0491332
0.0491379
0.0491438
0.0491509
0.0491595
0.0491697
0.0491819
0.049196
0.0492123
0.0492309
0.0492525
0.0492739
0.0492847
0.0491021
0.0492413
0.0491874
0.0491339
0.049107
0.0491058
0.0491363
0.0492208
0.0492502
0.0492534
0.0492552
0.0492567
0.0492581
0.0492594
0.0492604
0.049261
0.049261
0.0492605
0.0492595
0.049258
0.0492559
0.0492534
0.0492504
0.0492469
0.0492432
0.049239
0.0492345
0.0492297
0.0492246
0.0492191
0.0492132
0.0492071
0.0492008
0.0491947
0.0491891
0.0491842
0.0491804
0.0491773
0.0491746
0.049173
0.0491758
0.0491818
0.049189
0.0491958
0.049201
0.0492035
0.0492028
0.0491991
0.0491923
0.0491501
0.0489735
0.0489013
0.0490677
0.0492708
0.0493001
0.0492964
0.0492855
0.0492683
0.0492437
0.0492121
0.0491755
0.0491374
0.0491014
0.0490707
0.0490471
0.0490314
0.0490232
0.0490221
0.0490281
0.049041
0.0490599
0.049082
0.0491011
0.0491115
0.049113
0.0491106
0.0491085
0.0491078
0.0491082
0.0491093
0.0491106
0.0491121
0.0491136
0.0491154
0.0491174
0.0491199
0.0491228
0.0491264
0.0491308
0.0491361
0.0491426
0.0491506
0.0491601
0.0491716
0.0491852
0.0492012
0.0492201
0.0492418
0.0492636
0.0492793
0.0491094
0.0492462
0.049185
0.0491267
0.0490955
0.049094
0.049134
0.049238
0.0492519
0.0492544
0.049256
0.0492577
0.0492594
0.0492609
0.0492619
0.0492624
0.0492623
0.0492616
0.0492603
0.0492584
0.0492559
0.0492529
0.0492494
0.0492456
0.0492414
0.0492368
0.049232
0.0492269
0.0492216
0.049216
0.0492101
0.049204
0.0491979
0.049192
0.0491869
0.0491827
0.0491798
0.0491781
0.0491762
0.0491729
0.0491741
0.0491801
0.0491877
0.0491949
0.0492005
0.0492032
0.0492023
0.0491981
0.0491907
0.049152
0.0489742
0.0488835
0.049047
0.0492657
0.0493016
0.0492989
0.0492887
0.0492727
0.04925
0.0492209
0.0491871
0.0491515
0.0491173
0.0490874
0.0490638
0.0490474
0.0490385
0.049037
0.0490424
0.0490541
0.0490701
0.0490865
0.0490984
0.0491028
0.0491021
0.0491003
0.0490998
0.0491006
0.0491021
0.0491039
0.0491057
0.0491074
0.0491091
0.0491109
0.049113
0.0491153
0.0491182
0.0491215
0.0491255
0.0491304
0.0491362
0.0491432
0.0491517
0.0491619
0.0491741
0.0491886
0.0492057
0.0492255
0.0492462
0.0492654
0.049125
0.049252
0.0491861
0.0491241
0.0490876
0.049084
0.0491297
0.0492453
0.0492532
0.0492555
0.0492572
0.049259
0.049261
0.0492626
0.0492637
0.049264
0.0492637
0.0492627
0.0492611
0.0492588
0.0492559
0.0492525
0.0492486
0.0492442
0.0492396
0.0492347
0.0492295
0.0492242
0.0492188
0.0492131
0.0492073
0.0492014
0.0491956
0.0491901
0.0491855
0.0491821
0.0491803
0.0491799
0.0491798
0.0491772
0.0491756
0.0491811
0.0491885
0.0491957
0.0492013
0.0492038
0.0492026
0.0491977
0.0491895
0.0491536
0.0489748
0.0488663
0.0490263
0.0492595
0.0493021
0.0493003
0.0492907
0.0492758
0.049255
0.0492285
0.0491975
0.0491647
0.0491328
0.0491044
0.0490816
0.0490653
0.0490559
0.0490535
0.0490573
0.049066
0.0490771
0.0490869
0.0490924
0.0490933
0.0490923
0.049092
0.0490931
0.0490952
0.0490974
0.0490997
0.0491016
0.0491034
0.0491052
0.0491071
0.0491092
0.0491117
0.0491144
0.0491176
0.0491214
0.0491257
0.0491309
0.0491371
0.0491444
0.0491531
0.0491636
0.049176
0.0491909
0.0492084
0.0492281
0.0492502
0.0491468
0.0492569
0.049191
0.0491272
0.0490859
0.0490793
0.0491273
0.0492489
0.0492546
0.0492568
0.0492587
0.0492607
0.0492627
0.0492644
0.0492654
0.0492657
0.0492652
0.0492639
0.0492619
0.0492593
0.049256
0.0492522
0.0492478
0.049243
0.0492379
0.0492326
0.0492272
0.0492217
0.0492162
0.0492106
0.0492049
0.0491993
0.0491938
0.0491888
0.0491847
0.049182
0.0491812
0.0491822
0.0491839
0.0491844
0.0491799
0.0491851
0.0491918
0.0491984
0.0492035
0.0492056
0.0492038
0.049198
0.0491889
0.0491549
0.0489754
0.0488495
0.0490055
0.0492523
0.0493017
0.0493008
0.0492917
0.0492778
0.0492586
0.0492343
0.049206
0.0491759
0.0491464
0.0491198
0.049098
0.0490819
0.0490721
0.0490682
0.0490693
0.0490738
0.0490794
0.0490835
0.0490848
0.0490843
0.0490841
0.0490854
0.049088
0.0490909
0.0490936
0.0490957
0.0490977
0.0490995
0.0491013
0.0491033
0.0491056
0.0491081
0.0491109
0.0491141
0.0491176
0.0491216
0.0491261
0.0491314
0.0491376
0.0491449
0.0491535
0.0491638
0.0491763
0.0491916
0.0492105
0.0492352
0.049169
0.0492607
0.0491988
0.0491369
0.0490933
0.0490845
0.0491342
0.0492518
0.0492561
0.0492582
0.0492603
0.0492625
0.0492645
0.0492662
0.0492672
0.0492673
0.0492666
0.0492651
0.0492628
0.0492599
0.0492562
0.049252
0.0492472
0.049242
0.0492365
0.0492308
0.0492251
0.0492194
0.0492138
0.0492083
0.0492029
0.0491976
0.0491925
0.0491879
0.0491842
0.049182
0.049182
0.0491841
0.0491878
0.0491912
0.0491915
0.0491915
0.0491972
0.0492029
0.0492071
0.0492084
0.0492058
0.049199
0.0491888
0.0491563
0.0489762
0.0488333
0.0489844
0.0492444
0.0493005
0.0493005
0.0492918
0.0492786
0.0492607
0.0492383
0.0492123
0.0491846
0.0491572
0.0491322
0.0491113
0.0490953
0.0490846
0.0490787
0.0490766
0.0490769
0.0490777
0.0490777
0.0490769
0.0490765
0.0490776
0.0490804
0.0490838
0.0490871
0.0490897
0.0490916
0.0490933
0.049095
0.0490969
0.049099
0.0491015
0.0491042
0.0491072
0.0491104
0.0491138
0.0491174
0.0491213
0.0491257
0.0491308
0.0491367
0.0491436
0.0491519
0.0491621
0.0491754
0.0491937
0.0492207
0.0491862
0.0492641
0.0492083
0.049152
0.0491105
0.0491026
0.0491542
0.0492539
0.049257
0.0492591
0.0492616
0.0492641
0.0492663
0.0492677
0.0492687
0.0492687
0.0492678
0.0492661
0.0492637
0.0492605
0.0492565
0.049252
0.0492469
0.0492413
0.0492354
0.0492294
0.0492234
0.0492175
0.0492118
0.0492064
0.0492012
0.0491962
0.0491915
0.0491873
0.049184
0.0491821
0.0491824
0.0491852
0.0491905
0.0491968
0.0492013
0.0492011
0.0492045
0.0492088
0.0492119
0.0492122
0.0492085
0.0492006
0.0491893
0.0491578
0.0489775
0.0488181
0.0489626
0.0492358
0.0492986
0.0492996
0.0492911
0.0492784
0.0492616
0.0492407
0.0492165
0.0491907
0.049165
0.0491413
0.0491209
0.0491046
0.0490926
0.0490845
0.0490794
0.049076
0.0490733
0.0490711
0.0490698
0.0490702
0.0490726
0.0490762
0.04908
0.0490831
0.0490853
0.0490868
0.0490882
0.0490897
0.0490915
0.0490939
0.0490966
0.0490997
0.049103
0.0491064
0.0491097
0.049113
0.0491163
0.0491198
0.0491237
0.0491282
0.0491335
0.04914
0.0491483
0.0491599
0.0491775
0.0492066
0.0491975
0.0492667
0.0492179
0.0491699
0.0491348
0.0491312
0.0491814
0.0492544
0.049257
0.0492595
0.0492624
0.0492653
0.0492677
0.0492691
0.0492699
0.0492698
0.0492689
0.0492671
0.0492644
0.0492611
0.049257
0.0492522
0.0492469
0.049241
0.0492347
0.0492284
0.049222
0.0492159
0.0492102
0.0492049
0.0491999
0.0491953
0.049191
0.0491872
0.0491841
0.0491823
0.0491825
0.0491853
0.0491911
0.0491991
0.049207
0.0492115
0.0492129
0.0492156
0.0492176
0.0492168
0.0492119
0.0492028
0.0491903
0.0491597
0.0489796
0.0488043
0.0489396
0.0492265
0.0492962
0.0492982
0.0492899
0.0492775
0.0492614
0.0492416
0.0492189
0.0491945
0.04917
0.0491471
0.0491268
0.0491099
0.0490966
0.0490863
0.0490785
0.0490724
0.0490678
0.0490647
0.0490637
0.0490651
0.0490684
0.0490724
0.049076
0.0490786
0.0490802
0.0490811
0.049082
0.0490832
0.0490851
0.0490876
0.0490908
0.0490945
0.0490983
0.0491021
0.0491055
0.0491085
0.0491111
0.0491137
0.0491164
0.0491196
0.0491234
0.0491282
0.0491348
0.0491449
0.0491619
0.049193
0.0492035
0.0492681
0.049226
0.0491872
0.0491607
0.0491622
0.0492056
0.049253
0.0492558
0.0492589
0.0492625
0.0492659
0.0492685
0.0492701
0.0492707
0.0492706
0.0492696
0.0492677
0.0492651
0.0492617
0.0492576
0.0492527
0.0492472
0.0492411
0.0492346
0.0492279
0.0492212
0.0492149
0.049209
0.0492038
0.049199
0.0491948
0.049191
0.0491876
0.0491848
0.0491829
0.0491828
0.0491851
0.0491905
0.0491989
0.049209
0.0492176
0.0492208
0.0492226
0.0492234
0.0492216
0.0492158
0.0492055
0.049192
0.0491619
0.0489829
0.0487921
0.0489145
0.0492163
0.0492935
0.0492965
0.0492883
0.0492761
0.0492605
0.0492416
0.0492199
0.0491965
0.0491729
0.0491503
0.0491298
0.0491121
0.0490973
0.0490852
0.0490754
0.0490676
0.0490619
0.0490588
0.0490585
0.0490608
0.0490645
0.0490684
0.0490715
0.0490734
0.0490742
0.0490744
0.0490746
0.0490755
0.0490772
0.0490801
0.0490839
0.0490884
0.0490931
0.0490975
0.0491012
0.0491041
0.0491062
0.0491077
0.0491092
0.0491109
0.0491133
0.0491166
0.0491218
0.0491305
0.0491471
0.0491801
0.0492055
0.049268
0.0492316
0.0492012
0.049183
0.0491881
0.0492213
0.0492501
0.0492535
0.0492575
0.0492617
0.0492656
0.0492685
0.0492703
0.049271
0.0492708
0.0492698
0.049268
0.0492655
0.0492622
0.0492582
0.0492534
0.0492479
0.0492417
0.049235
0.049228
0.0492211
0.0492144
0.0492084
0.0492031
0.0491985
0.0491947
0.0491913
0.0491884
0.049186
0.0491843
0.0491837
0.0491851
0.0491894
0.0491969
0.0492072
0.0492183
0.0492263
0.0492284
0.0492287
0.0492263
0.0492198
0.0492087
0.0491943
0.0491647
0.048988
0.0487825
0.0488862
0.0492047
0.0492903
0.0492947
0.0492865
0.0492745
0.0492593
0.049241
0.0492201
0.0491974
0.0491742
0.0491516
0.0491308
0.0491122
0.049096
0.0490824
0.0490711
0.0490623
0.0490563
0.0490536
0.049054
0.0490569
0.0490607
0.0490642
0.0490666
0.0490675
0.0490674
0.0490667
0.0490661
0.0490664
0.049068
0.0490712
0.0490757
0.0490813
0.0490872
0.0490927
0.0490971
0.0491001
0.0491017
0.0491023
0.0491024
0.0491026
0.0491035
0.0491055
0.0491093
0.0491169
0.0491329
0.0491679
0.0492045
0.0492666
0.0492345
0.0492109
0.0491991
0.0492055
0.0492288
0.0492463
0.0492505
0.0492552
0.0492602
0.0492646
0.0492679
0.04927
0.0492707
0.0492705
0.0492695
0.0492678
0.0492655
0.0492625
0.0492588
0.0492543
0.0492489
0.0492428
0.0492361
0.0492289
0.0492216
0.0492146
0.0492083
0.0492029
0.0491985
0.0491949
0.0491921
0.0491898
0.0491879
0.0491865
0.0491857
0.0491863
0.0491891
0.0491949
0.049204
0.0492156
0.0492269
0.0492318
0.0492327
0.0492302
0.0492236
0.0492123
0.0491974
0.0491683
0.0489953
0.0487763
0.0488543
0.0491888
0.0492865
0.0492927
0.0492847
0.0492728
0.0492579
0.0492401
0.0492198
0.0491976
0.0491746
0.049152
0.0491306
0.0491111
0.0490937
0.0490788
0.0490665
0.0490571
0.0490511
0.0490488
0.0490498
0.049053
0.0490568
0.0490597
0.0490613
0.0490612
0.0490601
0.0490583
0.0490567
0.0490563
0.0490576
0.0490609
0.0490663
0.0490731
0.0490806
0.0490877
0.0490933
0.0490968
0.0490981
0.0490977
0.0490964
0.0490951
0.0490944
0.049095
0.0490976
0.0491042
0.0491197
0.0491567
0.0492013
0.0492643
0.049235
0.0492163
0.0492088
0.0492149
0.0492307
0.0492419
0.0492468
0.0492523
0.0492579
0.0492628
0.0492665
0.0492687
0.0492697
0.0492694
0.0492686
0.0492671
0.049265
0.0492624
0.0492592
0.0492551
0.0492502
0.0492444
0.0492377
0.0492304
0.0492228
0.0492155
0.0492088
0.0492032
0.0491987
0.0491954
0.0491931
0.0491914
0.0491903
0.0491894
0.0491889
0.049189
0.0491905
0.0491941
0.0492009
0.0492107
0.0492223
0.049232
0.0492347
0.0492331
0.049227
0.049216
0.0492012
0.049173
0.0490052
0.0487743
0.0488229
0.04916
0.0492819
0.0492907
0.049283
0.0492713
0.0492567
0.0492394
0.0492195
0.0491978
0.049175
0.0491521
0.0491301
0.0491097
0.0490913
0.0490752
0.049062
0.0490522
0.0490462
0.0490443
0.0490456
0.049049
0.0490526
0.0490551
0.0490559
0.049055
0.0490528
0.0490499
0.0490472
0.0490458
0.0490464
0.0490496
0.0490556
0.0490639
0.0490733
0.0490825
0.0490898
0.0490943
0.0490956
0.0490944
0.0490918
0.0490888
0.0490865
0.0490857
0.0490871
0.0490927
0.0491077
0.0491467
0.0491968
0.0492615
0.0492338
0.0492183
0.0492133
0.0492185
0.0492292
0.0492373
0.0492426
0.0492488
0.0492549
0.0492601
0.0492641
0.0492666
0.0492677
0.0492676
0.0492668
0.0492656
0.0492639
0.0492618
0.0492592
0.0492559
0.0492516
0.0492463
0.0492399
0.0492326
0.0492248
0.049217
0.0492099
0.0492038
0.0491992
0.049196
0.0491942
0.0491932
0.0491929
0.0491928
0.0491929
0.0491932
0.049194
0.0491959
0.0492001
0.0492073
0.0492177
0.0492292
0.0492343
0.0492345
0.0492297
0.0492198
0.0492055
0.0491786
0.0490181
0.0487772
0.0487958
0.0491159
0.0492755
0.0492887
0.0492816
0.0492701
0.0492558
0.049239
0.0492197
0.0491983
0.0491756
0.0491526
0.0491301
0.0491088
0.0490893
0.0490723
0.0490582
0.0490478
0.0490417
0.0490397
0.0490413
0.0490447
0.0490482
0.0490505
0.0490509
0.0490494
0.0490465
0.0490427
0.0490388
0.049036
0.0490354
0.0490381
0.0490445
0.049054
0.0490654
0.0490769
0.0490865
0.0490925
0.0490944
0.0490927
0.0490887
0.0490841
0.0490801
0.0490779
0.0490781
0.0490827
0.0490973
0.0491383
0.0491914
0.0492586
0.0492316
0.0492179
0.0492143
0.0492183
0.0492259
0.0492323
0.0492381
0.0492447
0.0492512
0.0492567
0.0492609
0.0492636
0.0492649
0.049265
0.0492643
0.0492633
0.049262
0.0492606
0.0492587
0.0492563
0.049253
0.0492484
0.0492426
0.0492355
0.0492275
0.0492192
0.0492114
0.0492048
0.0491998
0.0491966
0.0491951
0.0491949
0.0491955
0.0491964
0.0491974
0.0491983
0.0491992
0.0492003
0.0492023
0.0492063
0.0492134
0.049223
0.0492319
0.0492344
0.0492316
0.0492234
0.0492103
0.0491851
0.0490339
0.0487858
0.0487737
0.0490603
0.0492611
0.0492862
0.0492805
0.0492694
0.0492555
0.0492392
0.0492204
0.0491996
0.0491772
0.049154
0.0491311
0.049109
0.0490886
0.0490704
0.0490554
0.0490442
0.0490375
0.0490352
0.0490365
0.0490399
0.0490435
0.0490459
0.0490465
0.0490452
0.0490422
0.049038
0.0490329
0.0490281
0.0490258
0.0490275
0.0490337
0.0490441
0.0490574
0.0490713
0.0490834
0.0490915
0.0490943
0.0490924
0.0490874
0.0490812
0.0490755
0.0490719
0.049071
0.0490747
0.0490886
0.0491316
0.0491855
0.0492562
0.049229
0.0492161
0.049213
0.049216
0.0492216
0.0492272
0.0492332
0.04924
0.0492468
0.0492526
0.049257
0.0492599
0.0492614
0.0492617
0.0492611
0.0492603
0.0492594
0.0492586
0.0492576
0.0492562
0.049254
0.0492506
0.0492456
0.049239
0.0492309
0.0492222
0.0492136
0.049206
0.0492003
0.0491968
0.0491955
0.049196
0.0491977
0.0491998
0.0492019
0.0492037
0.0492052
0.0492066
0.0492079
0.0492095
0.0492128
0.0492195
0.0492286
0.0492331
0.0492326
0.0492266
0.0492152
0.0491923
0.0490525
0.0488006
0.0487579
0.0490036
0.0492237
0.0492824
0.0492797
0.0492692
0.0492558
0.0492401
0.0492221
0.0492018
0.0491798
0.0491568
0.0491335
0.0491108
0.0490894
0.0490702
0.0490541
0.0490417
0.0490339
0.0490306
0.0490313
0.0490343
0.049038
0.0490409
0.0490423
0.0490421
0.0490404
0.0490371
0.0490303
0.0490229
0.0490185
0.0490189
0.0490246
0.0490354
0.04905
0.0490662
0.0490808
0.049091
0.0490953
0.0490937
0.0490879
0.0490803
0.0490731
0.049068
0.049066
0.049069
0.0490823
0.049127
0.0491795
0.0492544
0.0492266
0.0492137
0.0492105
0.0492126
0.0492169
0.0492219
0.0492279
0.0492348
0.0492418
0.0492478
0.0492525
0.0492555
0.0492572
0.0492576
0.0492572
0.0492566
0.0492562
0.0492559
0.0492559
0.0492556
0.0492546
0.0492525
0.0492487
0.0492429
0.0492351
0.0492259
0.0492163
0.0492075
0.0492006
0.0491964
0.0491951
0.0491962
0.0491991
0.0492027
0.0492061
0.0492089
0.0492111
0.0492133
0.0492153
0.0492164
0.0492169
0.0492193
0.0492253
0.0492312
0.0492327
0.0492291
0.0492198
0.0491997
0.0490731
0.0488216
0.0487493
0.0489506
0.0491657
0.0492718
0.0492784
0.0492696
0.0492569
0.0492419
0.0492247
0.0492052
0.0491838
0.0491611
0.0491377
0.0491146
0.0490924
0.0490722
0.0490546
0.0490409
0.0490315
0.0490267
0.0490259
0.0490279
0.0490311
0.0490342
0.0490363
0.0490375
0.0490383
0.0490384
0.0490286
0.0490191
0.0490134
0.0490129
0.0490183
0.0490292
0.0490446
0.0490623
0.049079
0.0490914
0.0490972
0.0490962
0.04909
0.0490813
0.0490728
0.0490664
0.0490635
0.0490658
0.0490785
0.0491249
0.0491736
0.0492538
0.0492248
0.0492112
0.0492076
0.0492088
0.0492121
0.0492166
0.0492223
0.0492292
0.0492361
0.0492424
0.0492473
0.0492506
0.0492525
0.0492532
0.049253
0.0492526
0.0492524
0.0492527
0.0492534
0.0492542
0.0492547
0.0492541
0.0492518
0.0492472
0.04924
0.0492305
0.0492199
0.0492095
0.0492008
0.0491952
0.0491932
0.0491948
0.049199
0.0492046
0.04921
0.049214
0.0492165
0.0492188
0.0492219
0.0492247
0.0492251
0.0492238
0.0492245
0.0492296
0.0492323
0.0492307
0.0492238
0.0492069
0.0490949
0.0488482
0.0487488
0.0489038
0.0491013
0.0492379
0.0492747
0.0492701
0.0492587
0.0492447
0.0492284
0.0492098
0.0491893
0.0491671
0.049144
0.0491205
0.0490976
0.0490766
0.0490579
0.0490425
0.0490312
0.0490242
0.0490212
0.0490213
0.0490231
0.0490254
0.0490273
0.0490284
0.0490287
0.0490281
0.0490215
0.0490138
0.0490091
0.0490092
0.049015
0.0490263
0.0490422
0.0490607
0.0490787
0.0490927
0.0491001
0.0490999
0.0490936
0.0490842
0.0490747
0.0490673
0.0490637
0.0490654
0.0490776
0.0491255
0.0491679
0.0492545
0.049224
0.0492092
0.0492048
0.0492052
0.0492076
0.0492113
0.0492166
0.0492231
0.0492299
0.0492363
0.0492415
0.0492453
0.0492476
0.0492487
0.0492488
0.0492485
0.0492486
0.0492493
0.0492506
0.0492524
0.0492541
0.0492551
0.0492546
0.0492515
0.0492454
0.0492361
0.0492245
0.0492123
0.0492013
0.0491934
0.0491899
0.0491911
0.0491965
0.0492046
0.0492129
0.0492192
0.0492221
0.0492232
0.0492259
0.0492309
0.0492346
0.0492339
0.0492302
0.0492297
0.0492321
0.0492318
0.0492269
0.0492136
0.0491169
0.0488795
0.0487568
0.0488655
0.0490385
0.0491817
0.0492588
0.049269
0.0492609
0.0492483
0.0492331
0.0492158
0.0491963
0.0491749
0.0491519
0.0491286
0.0491055
0.0490838
0.049064
0.0490471
0.0490337
0.0490242
0.0490185
0.049016
0.0490155
0.049016
0.0490166
0.0490166
0.0490157
0.0490133
0.0490092
0.0490054
0.0490039
0.0490065
0.0490139
0.0490264
0.0490432
0.0490623
0.0490809
0.0490956
0.0491037
0.0491043
0.0490984
0.0490889
0.0490788
0.0490708
0.0490666
0.0490681
0.0490799
0.0491292
0.0491627
0.0492566
0.0492245
0.0492082
0.0492027
0.0492021
0.0492035
0.0492063
0.0492108
0.0492167
0.0492232
0.0492295
0.049235
0.0492395
0.0492426
0.0492444
0.0492449
0.0492449
0.049245
0.0492459
0.0492476
0.0492501
0.049253
0.0492555
0.0492569
0.0492558
0.0492511
0.0492425
0.0492304
0.0492163
0.0492026
0.0491915
0.0491853
0.049185
0.0491908
0.0492013
0.0492137
0.0492239
0.0492286
0.0492278
0.0492275
0.0492324
0.0492401
0.0492448
0.0492418
0.0492347
0.0492337
0.0492331
0.0492297
0.0492195
0.0491386
0.0489142
0.048773
0.0488374
0.0489812
0.0491197
0.0492166
0.0492596
0.0492618
0.0492524
0.0492389
0.0492229
0.0492047
0.0491841
0.0491617
0.049139
0.049116
0.0490939
0.0490733
0.049055
0.0490396
0.0490276
0.049019
0.0490134
0.0490101
0.0490082
0.0490069
0.0490055
0.0490035
0.0490009
0.0489987
0.0489981
0.049
0.0490056
0.0490155
0.0490298
0.0490476
0.0490672
0.049086
0.0491006
0.0491087
0.0491094
0.0491039
0.0490945
0.0490845
0.0490766
0.0490724
0.049074
0.0490858
0.049136
0.0491578
0.04926
0.0492266
0.0492087
0.0492017
0.0491999
0.0492002
0.0492019
0.0492053
0.04921
0.0492156
0.0492215
0.0492274
0.049233
0.0492374
0.0492404
0.0492419
0.0492421
0.049242
0.0492428
0.0492448
0.0492477
0.0492514
0.0492553
0.0492585
0.0492596
0.049257
0.0492497
0.0492376
0.049222
0.0492053
0.0491904
0.0491803
0.049177
0.0491818
0.0491939
0.0492107
0.049227
0.0492359
0.0492342
0.049229
0.04923
0.0492381
0.0492496
0.0492561
0.04925
0.0492397
0.0492365
0.049233
0.0492251
0.0491594
0.0489511
0.0487967
0.0488207
0.0489326
0.0490582
0.0491611
0.0492275
0.049255
0.0492549
0.0492451
0.0492313
0.0492146
0.0491947
0.0491735
0.0491516
0.0491291
0.049107
0.0490859
0.0490664
0.0490493
0.049035
0.0490237
0.0490151
0.0490089
0.0490044
0.0490009
0.0489981
0.0489956
0.0489934
0.0489931
0.048995
0.049
0.0490084
0.0490207
0.0490368
0.0490556
0.0490754
0.0490936
0.0491075
0.049115
0.0491154
0.04911
0.0491011
0.0490917
0.0490843
0.0490808
0.049083
0.0490952
0.0491462
0.0491533
0.0492646
0.0492303
0.0492107
0.049202
0.0491988
0.0491979
0.0491985
0.0492005
0.0492038
0.0492082
0.0492132
0.0492187
0.0492244
0.0492299
0.0492351
0.0492392
0.0492403
0.0492397
0.0492404
0.0492423
0.0492455
0.0492497
0.0492546
0.0492594
0.0492627
0.0492625
0.0492571
0.0492459
0.0492293
0.04921
0.049191
0.0491761
0.0491683
0.0491701
0.0491823
0.0492031
0.0492267
0.0492426
0.0492421
0.0492324
0.0492278
0.0492308
0.0492427
0.04926
0.0492671
0.0492545
0.0492446
0.0492389
0.0492316
0.0491797
0.0489891
0.0488269
0.0488155
0.048895
0.0490021
0.049102
0.0491791
0.0492275
0.0492481
0.0492487
0.0492396
0.0492252
0.0492069
0.0491872
0.0491664
0.0491447
0.049123
0.0491017
0.0490815
0.0490631
0.0490469
0.0490333
0.0490221
0.0490132
0.0490063
0.049001
0.048997
0.0489941
0.0489927
0.0489939
0.048998
0.0490054
0.0490162
0.0490305
0.0490478
0.0490671
0.0490864
0.0491034
0.0491158
0.0491219
0.0491217
0.0491165
0.0491084
0.0491
0.0490938
0.0490915
0.0490948
0.0491079
0.0491602
0.0491492
0.0492704
0.0492356
0.0492143
0.0492038
0.049199
0.0491968
0.049196
0.0491966
0.0491984
0.0492012
0.049205
0.0492095
0.0492148
0.0492206
0.0492269
0.0492325
0.0492364
0.0492375
0.0492383
0.0492402
0.0492434
0.0492479
0.0492535
0.0492596
0.0492649
0.0492672
0.0492644
0.0492548
0.0492382
0.0492169
0.049194
0.0491739
0.0491604
0.0491573
0.0491674
0.0491907
0.0492221
0.0492476
0.0492503
0.0492373
0.0492282
0.0492248
0.0492294
0.0492478
0.0492743
0.0492799
0.0492615
0.0492497
0.0492408
0.0492003
0.0490276
0.0488627
0.0488215
0.0488697
0.0489554
0.0490457
0.0491242
0.0491836
0.0492219
0.04924
0.0492425
0.0492345
0.0492199
0.0492024
0.0491831
0.0491627
0.0491416
0.0491206
0.0491002
0.049081
0.0490635
0.0490481
0.0490349
0.049024
0.0490152
0.0490084
0.0490035
0.0490006
0.0489998
0.0490023
0.0490081
0.0490172
0.0490297
0.0490452
0.049063
0.0490817
0.0490995
0.0491144
0.0491244
0.0491288
0.0491279
0.0491229
0.0491159
0.0491092
0.0491049
0.0491044
0.0491094
0.0491238
0.0491777
0.0491454
0.0492772
0.0492425
0.0492196
0.0492071
0.0492006
0.0491969
0.0491948
0.0491938
0.0491939
0.0491951
0.0491973
0.0492005
0.0492048
0.0492101
0.0492164
0.0492227
0.049228
0.0492322
0.0492349
0.0492377
0.0492412
0.049246
0.0492521
0.0492592
0.0492661
0.049271
0.0492709
0.0492638
0.0492481
0.0492258
0.0491997
0.0491745
0.0491548
0.0491452
0.0491508
0.0491744
0.0492133
0.0492505
0.0492577
0.0492422
0.0492303
0.0492228
0.0492194
0.049226
0.049254
0.0492892
0.0492864
0.0492687
0.0492548
0.0492219
0.0490672
0.048903
0.0488379
0.0488573
0.0489203
0.0489969
0.0490704
0.0491326
0.0491802
0.0492126
0.0492302
0.0492348
0.0492289
0.0492166
0.0492005
0.0491822
0.0491626
0.0491424
0.0491223
0.0491029
0.0490847
0.0490682
0.0490537
0.0490413
0.0490312
0.0490234
0.049018
0.0490152
0.0490152
0.0490185
0.0490254
0.0490355
0.0490487
0.0490643
0.0490813
0.0490981
0.0491132
0.0491249
0.0491322
0.0491347
0.0491331
0.0491288
0.0491235
0.049119
0.0491172
0.0491192
0.0491265
0.0491427
0.0491988
0.0491418
0.0492848
0.0492505
0.0492265
0.0492121
0.0492037
0.0491985
0.0491949
0.0491924
0.0491908
0.0491903
0.0491907
0.0491923
0.0491952
0.0491995
0.0492051
0.0492113
0.0492174
0.0492236
0.0492286
0.0492331
0.0492379
0.0492435
0.0492503
0.0492581
0.0492663
0.0492734
0.0492762
0.0492721
0.0492584
0.0492363
0.049208
0.0491785
0.0491527
0.0491357
0.0491346
0.0491558
0.0492011
0.0492522
0.0492643
0.0492464
0.0492325
0.0492228
0.0492155
0.0492123
0.0492214
0.0492561
0.0492934
0.0492916
0.0492744
0.0492464
0.0491093
0.0489475
0.0488635
0.0488575
0.0488982
0.0489589
0.0490233
0.0490824
0.0491323
0.0491715
0.0491997
0.0492171
0.0492239
0.0492218
0.049213
0.0491996
0.0491833
0.0491652
0.0491465
0.0491278
0.0491097
0.0490929
0.0490778
0.0490648
0.049054
0.0490458
0.0490402
0.0490376
0.049038
0.0490419
0.0490492
0.0490594
0.0490719
0.049086
0.0491005
0.0491139
0.0491251
0.0491331
0.0491374
0.0491384
0.0491367
0.0491337
0.0491307
0.0491292
0.0491305
0.0491356
0.0491457
0.0491643
0.0492229
0.0491384
0.0492931
0.0492596
0.0492347
0.0492187
0.0492085
0.0492016
0.0491965
0.0491924
0.0491893
0.049187
0.0491857
0.0491856
0.0491869
0.0491898
0.0491941
0.0491997
0.0492059
0.0492128
0.0492196
0.049226
0.0492325
0.0492396
0.0492476
0.0492565
0.0492659
0.0492744
0.0492797
0.049279
0.0492682
0.0492475
0.0492185
0.0491857
0.0491547
0.0491303
0.0491211
0.0491368
0.0491866
0.0492537
0.0492709
0.0492505
0.0492349
0.049223
0.0492137
0.0492081
0.0492093
0.0492285
0.0492732
0.0493011
0.0492961
0.0492734
0.0491568
0.0489954
0.048897
0.0488695
0.0488893
0.0489336
0.0489865
0.0490388
0.0490859
0.0491259
0.0491582
0.0491828
0.0491995
0.0492083
0.0492099
0.0492053
0.0491959
0.049183
0.0491679
0.0491517
0.0491354
0.0491196
0.049105
0.0490922
0.0490815
0.0490733
0.0490679
0.0490655
0.0490663
0.04907
0.0490765
0.0490852
0.0490954
0.0491061
0.0491163
0.0491253
0.0491321
0.0491366
0.0491387
0.049139
0.0491382
0.0491374
0.0491375
0.0491396
0.0491446
0.0491533
0.0491666
0.0491879
0.0492496
0.0491349
0.0493017
0.0492694
0.0492441
0.0492266
0.0492148
0.0492063
0.0491997
0.0491941
0.0491894
0.0491854
0.0491825
0.0491807
0.0491804
0.0491817
0.0491847
0.0491892
0.0491949
0.0492015
0.0492091
0.0492171
0.0492254
0.0492342
0.0492438
0.0492541
0.0492648
0.0492748
0.0492819
0.0492832
0.0492759
0.0492583
0.0492303
0.0491957
0.049161
0.0491299
0.049112
0.0491195
0.049171
0.0492562
0.0492781
0.0492556
0.0492384
0.0492241
0.0492125
0.0492056
0.0492058
0.0492188
0.0492537
0.0492942
0.0493096
0.049295
0.0492164
0.0490446
0.0489368
0.048892
0.0488934
0.0489218
0.0489623
0.0490057
0.0490469
0.0490835
0.0491148
0.0491407
0.0491612
0.0491762
0.0491857
0.0491898
0.049189
0.0491839
0.0491754
0.0491646
0.0491524
0.0491398
0.0491276
0.0491164
0.0491069
0.0490995
0.0490945
0.0490923
0.0490929
0.0490955
0.0490998
0.0491053
0.0491115
0.0491176
0.0491232
0.0491277
0.0491311
0.0491334
0.0491348
0.0491359
0.0491373
0.0491396
0.0491435
0.0491499
0.0491592
0.0491719
0.0491887
0.0492131
0.0492783
0.0491314
0.0493104
0.0492795
0.0492543
0.0492359
0.0492227
0.0492127
0.0492045
0.0491975
0.0491913
0.0491858
0.0491813
0.049178
0.0491761
0.049176
0.0491776
0.0491809
0.0491858
0.049192
0.0491997
0.0492083
0.0492177
0.049228
0.0492391
0.049251
0.0492631
0.0492746
0.0492834
0.0492867
0.0492817
0.0492662
0.0492406
0.0492076
0.049171
0.0491348
0.049109
0.0491062
0.0491557
0.0492607
0.0492867
0.0492625
0.0492439
0.0492271
0.0492128
0.0492042
0.0492041
0.0492158
0.0492443
0.0492845
0.0493133
0.0493139
0.0492754
0.049095
0.0489824
0.0489238
0.0489097
0.0489236
0.0489519
0.0489854
0.0490189
0.0490496
0.0490766
0.0490996
0.0491189
0.0491345
0.0491464
0.0491547
0.0491594
0.0491606
0.0491587
0.0491541
0.0491476
0.0491399
0.0491317
0.0491237
0.0491166
0.0491107
0.0491067
0.0491045
0.0491042
0.0491049
0.0491065
0.0491086
0.049111
0.0491134
0.0491158
0.0491181
0.0491203
0.0491227
0.0491255
0.0491291
0.0491339
0.0491404
0.0491489
0.0491599
0.0491738
0.0491908
0.0492113
0.049239
0.0493081
0.0491276
0.0493189
0.0492897
0.0492651
0.0492463
0.0492321
0.0492208
0.0492113
0.0492028
0.0491952
0.0491884
0.0491825
0.0491778
0.0491745
0.0491729
0.0491732
0.0491753
0.0491792
0.0491848
0.0491921
0.0492009
0.0492109
0.0492221
0.0492344
0.0492476
0.0492611
0.049274
0.0492842
0.0492893
0.0492863
0.0492731
0.0492496
0.0492178
0.0491812
0.0491441
0.0491124
0.0490987
0.0491422
0.0492683
0.0492974
0.0492721
0.0492523
0.0492332
0.0492162
0.0492057
0.0492052
0.049217
0.0492429
0.0492795
0.0493122
0.0493236
0.0492993
0.0491705
0.0490323
0.0489635
0.048937
0.0489384
0.0489554
0.0489792
0.0490042
0.0490275
0.0490481
0.0490657
0.0490805
0.0490928
0.0491026
0.0491102
0.0491156
0.0491187
0.0491197
0.0491188
0.0491163
0.0491125
0.0491079
0.0491031
0.0490985
0.0490945
0.0490915
0.0490895
0.0490883
0.0490878
0.0490878
0.0490884
0.0490895
0.0490912
0.0490936
0.0490966
0.0491005
0.0491055
0.0491118
0.0491195
0.0491289
0.0491403
0.0491538
0.0491698
0.0491883
0.0492095
0.0492337
0.0492646
0.049338
0.0491233
0.0493271
0.0492998
0.0492764
0.0492578
0.0492431
0.0492309
0.0492202
0.0492105
0.0492016
0.0491936
0.0491864
0.0491805
0.0491759
0.0491731
0.0491722
0.0491732
0.0491761
0.0491809
0.0491875
0.049196
0.0492062
0.0492179
0.049231
0.0492451
0.0492595
0.0492733
0.0492846
0.049291
0.0492896
0.0492786
0.0492573
0.0492274
0.0491918
0.0491541
0.0491197
0.0490986
0.0491316
0.0492792
0.0493105
0.0492849
0.0492646
0.0492437
0.0492245
0.0492123
0.0492112
0.0492229
0.0492473
0.0492799
0.0493111
0.0493274
0.0493161
0.0492523
0.0490855
0.0490104
0.0489742
0.0489654
0.0489727
0.0489873
0.0490037
0.0490191
0.0490323
0.0490429
0.0490514
0.0490579
0.0490629
0.0490666
0.049069
0.0490702
0.0490704
0.0490694
0.0490675
0.0490649
0.0490618
0.0490585
0.0490553
0.0490524
0.0490501
0.0490485
0.0490474
0.0490472
0.0490479
0.0490495
0.0490522
0.049056
0.049061
0.0490674
0.0490753
0.0490847
0.0490958
0.0491087
0.0491234
0.0491401
0.0491588
0.0491796
0.0492025
0.0492276
0.049255
0.0492889
0.0493669
0.0491187
0.0493298
0.0493099
0.0492883
0.0492708
0.0492562
0.0492434
0.0492319
0.0492212
0.0492113
0.0492021
0.0491939
0.0491869
0.0491813
0.0491774
0.0491753
0.0491753
0.0491773
0.0491813
0.0491873
0.0491953
0.0492052
0.0492168
0.0492301
0.0492444
0.0492592
0.0492732
0.0492847
0.0492915
0.049291
0.0492816
0.0492627
0.0492353
0.0492017
0.0491648
0.049129
0.0491042
0.0491254
0.0492936
0.0493262
0.0493012
0.0492813
0.0492601
0.0492401
0.0492268
0.0492247
0.0492354
0.0492573
0.0492856
0.0493126
0.049329
0.0493251
0.0492858
0.0491711
0.0490609
0.0490192
0.0490032
0.0490026
0.0490093
0.0490178
0.0490253
0.0490306
0.0490336
0.0490346
0.0490342
0.0490329
0.0490309
0.0490284
0.0490255
0.0490224
0.049019
0.0490153
0.0490116
0.0490078
0.0490043
0.0490011
0.0489985
0.0489966
0.0489955
0.0489955
0.0489967
0.0489994
0.0490036
0.0490093
0.0490167
0.0490259
0.0490369
0.0490497
0.0490644
0.0490809
0.0490992
0.0491194
0.0491412
0.0491648
0.0491899
0.0492167
0.0492448
0.0492746
0.049311
0.049394
0.0491148
0.0493167
0.0493202
0.0493019
0.0492863
0.0492725
0.0492597
0.0492477
0.0492364
0.0492256
0.0492156
0.0492065
0.0491986
0.0491921
0.0491873
0.0491842
0.0491832
0.0491843
0.0491875
0.0491928
0.0492001
0.0492094
0.0492205
0.0492332
0.0492469
0.0492608
0.0492737
0.049284
0.0492898
0.0492892
0.0492807
0.0492639
0.0492397
0.0492092
0.0491745
0.0491391
0.0491122
0.0491255
0.0493115
0.0493446
0.0493209
0.0493027
0.0492835
0.0492654
0.0492528
0.0492499
0.0492583
0.0492763
0.0492992
0.0493203
0.0493325
0.0493295
0.0493023
0.049236
0.0491303
0.0490688
0.049049
0.0490433
0.0490438
0.0490455
0.0490457
0.0490434
0.0490387
0.0490322
0.0490244
0.0490161
0.0490077
0.0489995
0.0489916
0.0489842
0.0489771
0.0489706
0.0489646
0.0489591
0.0489544
0.0489506
0.0489477
0.048946
0.0489456
0.0489468
0.0489499
0.0489549
0.048962
0.0489711
0.0489824
0.0489959
0.0490115
0.0490293
0.049049
0.0490707
0.0490942
0.0491193
0.0491457
0.0491734
0.049202
0.0492315
0.0492615
0.0492924
0.0493304
0.049419
0.0491141
0.0492825
0.0493163
0.0493146
0.0493048
0.0492934
0.0492817
0.0492699
0.0492583
0.049247
0.0492364
0.0492267
0.049218
0.0492106
0.0492049
0.049201
0.049199
0.049199
0.0492012
0.0492055
0.0492118
0.0492199
0.0492295
0.0492403
0.0492516
0.0492627
0.0492725
0.0492797
0.0492828
0.0492807
0.0492725
0.0492581
0.0492377
0.0492117
0.049181
0.049148
0.0491212
0.0491312
0.0493324
0.0493651
0.0493431
0.0493277
0.0493129
0.0493
0.0492916
0.0492901
0.0492963
0.0493087
0.0493231
0.0493339
0.0493363
0.0493273
0.0493035
0.0492612
0.0491951
0.0491326
0.0490993
0.0490915
0.0490882
0.0490848
0.049079
0.0490701
0.0490584
0.0490446
0.0490298
0.0490147
0.0490001
0.0489862
0.0489732
0.0489613
0.0489505
0.0489407
0.0489321
0.0489247
0.0489185
0.0489137
0.0489105
0.0489089
0.0489091
0.0489115
0.0489163
0.0489235
0.0489331
0.0489452
0.04896
0.0489772
0.0489969
0.0490189
0.0490431
0.0490693
0.0490971
0.0491263
0.0491564
0.0491871
0.049218
0.0492487
0.049279
0.0493094
0.0493482
0.049444
0.0491194
0.0492333
0.0492691
0.0492869
0.049296
0.0492978
0.0492945
0.049288
0.0492797
0.0492704
0.0492609
0.0492516
0.0492429
0.0492352
0.0492288
0.0492239
0.0492207
0.0492193
0.0492198
0.0492222
0.0492263
0.0492317
0.0492376
0.0492438
0.0492499
0.0492553
0.0492595
0.0492618
0.0492615
0.049258
0.0492511
0.0492403
0.0492254
0.0492058
0.0491813
0.0491532
0.0491291
0.0491403
0.0493557
0.0493868
0.049366
0.0493526
0.0493416
0.0493339
0.0493302
0.04933
0.0493322
0.0493343
0.049334
0.0493292
0.049319
0.0493037
0.0492838
0.0492592
0.0492276
0.0491908
0.0491616
0.0491448
0.0491392
0.049133
0.0491233
0.0491094
0.0490919
0.0490721
0.0490513
0.0490305
0.0490105
0.0489917
0.0489743
0.0489585
0.0489443
0.0489317
0.0489207
0.0489115
0.048904
0.0488984
0.0488948
0.0488933
0.0488941
0.0488974
0.0489035
0.0489123
0.0489239
0.0489384
0.0489558
0.048976
0.0489988
0.0490242
0.0490519
0.0490816
0.0491127
0.0491449
0.0491775
0.0492099
0.0492415
0.0492719
0.0493005
0.0493288
0.0493687
0.0494768
0.049132
0.0491814
0.0491917
0.0491979
0.0492058
0.0492137
0.04922
0.049224
0.0492257
0.0492251
0.0492227
0.0492189
0.0492143
0.0492093
0.0492044
0.0491999
0.0491961
0.0491933
0.0491915
0.0491907
0.0491909
0.0491917
0.0491932
0.0491951
0.0491975
0.0492
0.0492025
0.0492048
0.0492065
0.0492072
0.0492066
0.049204
0.0491984
0.0491885
0.0491733
0.049153
0.0491351
0.0491518
0.0493799
0.0494084
0.0493871
0.0493715
0.0493571
0.049344
0.0493326
0.0493225
0.0493127
0.0493027
0.0492918
0.0492799
0.0492675
0.0492557
0.0492466
0.04924
0.0492346
0.0492277
0.0492184
0.0492083
0.0491976
0.049188
0.0491767
0.04916
0.0491387
0.0491145
0.0490893
0.0490644
0.0490406
0.0490183
0.0489978
0.0489792
0.0489626
0.0489479
0.0489354
0.0489249
0.0489165
0.0489103
0.0489065
0.0489051
0.0489066
0.048911
0.0489185
0.048929
0.0489426
0.0489593
0.0489791
0.0490018
0.0490273
0.0490552
0.0490854
0.0491171
0.04915
0.0491834
0.0492165
0.0492487
0.0492791
0.0493073
0.049333
0.0493592
0.0494059
0.0495429
0.0491593
0.0491599
0.049143
0.0491319
0.0491283
0.0491275
0.049127
0.049126
0.0491245
0.0491224
0.0491196
0.0491161
0.0491121
0.0491078
0.0491034
0.0490993
0.0490955
0.0490925
0.0490901
0.0490887
0.0490882
0.0490891
0.0490914
0.0490951
0.0491
0.0491062
0.0491135
0.0491219
0.0491311
0.0491409
0.0491507
0.0491596
0.0491663
0.0491689
0.0491657
0.0491565
0.0491497
0.0491789
0.0494099
0.0494372
0.0494164
0.0493991
0.0493819
0.0493652
0.0493497
0.0493356
0.0493224
0.0493099
0.0492978
0.0492863
0.0492758
0.0492675
0.0492631
0.0492647
0.0492729
0.0492847
0.0492947
0.0492986
0.0492946
0.0492838
0.0492693
0.0492535
0.049232
0.0492071
0.049181
0.0491554
0.049131
0.0491083
0.0490876
0.049069
0.0490527
0.0490386
0.0490268
0.0490174
0.0490104
0.0490059
0.0490041
0.0490049
0.0490082
0.049014
0.0490225
0.0490337
0.0490475
0.049064
0.049083
0.0491044
0.0491281
0.0491537
0.0491808
0.0492091
0.049238
0.0492669
0.0492953
0.0493226
0.0493484
0.0493726
0.0493966
0.0494347
0.0495557
0.0498213
)
;

boundaryField
{
    floor
    {
        type            fixedFluxPressure;
        gradient        uniform 0;
        value           nonuniform List<scalar> 
100
(
0.0492228
0.0492408
0.049237
0.0492227
0.0492068
0.0491938
0.049185
0.049182
0.0491857
0.0491857
0.0491927
0.0492056
0.0492247
0.049238
0.0492414
0.0492385
0.0492361
0.0492342
0.0492328
0.0492319
0.0492315
0.0492312
0.0492309
0.04923
0.0492281
0.0492242
0.0492172
0.0492055
0.0491886
0.0491679
0.0491477
0.049131
0.0491193
0.0491113
0.0491063
0.0491057
0.0491107
0.0491202
0.0491308
0.0491384
0.0491422
0.0491428
0.0491412
0.049138
0.0491337
0.0491282
0.0491214
0.0491132
0.049105
0.0491024
0.0491274
0.0491477
0.0491475
0.0491304
0.0491243
0.0491086
0.0491149
0.0491424
0.0491656
0.049171
0.0491666
0.0491579
0.0491509
0.0491461
0.0491438
0.0491437
0.0491448
0.049147
0.0491506
0.0491549
0.0491632
0.0491703
0.0491749
0.0491805
0.0491875
0.0491951
0.0492021
0.049208
0.0492126
0.0492159
0.0492182
0.0492196
0.0492204
0.0492205
0.04922
0.0492186
0.0492164
0.0492134
0.0492096
0.0492053
0.0492019
0.0492012
0.0492025
0.0492053
0.0492098
0.0492155
0.0492218
0.0492292
0.0492284
0.0492178
)
;
    }
    ceiling
    {
        type            fixedFluxPressure;
        gradient        nonuniform List<scalar> 
100
(
0.568171
0.563804
0.561791
0.560545
0.559535
0.558566
0.557547
0.556451
0.555296
0.554123
0.552975
0.551886
0.550883
0.549985
0.549204
0.548548
0.548023
0.547633
0.547383
0.547277
0.547315
0.547402
0.547539
0.547733
0.547992
0.548329
0.548759
0.549307
0.550005
0.550902
0.552072
0.553624
0.555723
0.558587
0.562417
0.567033
0.570632
0.566391
0.519839
0.513178
0.515584
0.517061
0.51862
0.520347
0.522243
0.524318
0.52659
0.529072
0.531767
0.534666
0.537757
0.541035
0.544527
0.548286
0.552355
0.556685
0.560977
0.564779
0.567878
0.57042
0.572111
0.572399
0.572228
0.571835
0.571312
0.570704
0.570036
0.569322
0.568574
0.567798
0.566998
0.566174
0.565326
0.564451
0.563543
0.562598
0.561608
0.560566
0.559544
0.558537
0.557542
0.556555
0.555571
0.554585
0.553592
0.552586
0.551558
0.5505
0.5494
0.548245
0.547015
0.545687
0.544227
0.54259
0.540715
0.538518
0.535672
0.52929
0.505612
0.452126
)
;
        value           nonuniform List<scalar> 
100
(
0.0520002
0.051979
0.051952
0.0519347
0.051926
0.0519203
0.0519147
0.0519083
0.051901
0.051893
0.0518845
0.0518755
0.0518665
0.0518577
0.0518494
0.051842
0.0518357
0.0518306
0.051827
0.0518251
0.0518248
0.0518261
0.0518291
0.0518337
0.05184
0.0518478
0.0518573
0.0518684
0.0518812
0.0518954
0.0519111
0.0519278
0.0519449
0.0519619
0.0519778
0.0519917
0.0520028
0.0520109
0.0520091
0.052003
0.0519943
0.0519844
0.051975
0.0519669
0.051961
0.0519572
0.0519553
0.0519552
0.0519566
0.0519596
0.0519646
0.0519727
0.0519858
0.0520062
0.0520347
0.0520681
0.0520996
0.0521225
0.052134
0.0521359
0.0521299
0.0521155
0.0520932
0.0520663
0.0520376
0.0520089
0.0519811
0.0519549
0.0519304
0.051908
0.0518877
0.0518695
0.0518535
0.0518397
0.0518281
0.0518189
0.0518121
0.0518077
0.0518059
0.0518067
0.0518103
0.0518165
0.0518254
0.0518369
0.051851
0.0518674
0.0518859
0.0519062
0.0519278
0.0519504
0.0519731
0.0519954
0.0520164
0.0520355
0.0520519
0.0520652
0.0520749
0.0520812
0.0520837
0.0520819
)
;
    }
    fixedWalls
    {
        type            fixedFluxPressure;
        gradient        uniform 0;
        value           nonuniform List<scalar> 
100
(
0.0492228
0.0492136
0.0492062
0.0492054
0.0492099
0.0492161
0.0492207
0.0492221
0.0492192
0.0492109
0.0491961
0.049175
0.0491505
0.0491291
0.0491132
0.0491036
0.0491021
0.0491094
0.049125
0.0491468
0.049169
0.0491862
0.0491975
0.0492035
0.0492055
0.0492045
0.0492013
0.0491968
0.0491914
0.0491855
0.0491795
0.0491736
0.0491679
0.0491627
0.0491578
0.0491533
0.0491492
0.0491454
0.0491418
0.0491384
0.0491349
0.0491314
0.0491276
0.0491233
0.0491187
0.0491148
0.0491141
0.0491194
0.049132
0.0491593
0.0492178
0.0492202
0.0492157
0.0492119
0.0492085
0.049205
0.0492018
0.0491992
0.0491974
0.0491967
0.0491986
0.0492051
0.0492179
0.0492384
0.0492642
0.0492847
0.0492793
0.0492654
0.0492502
0.0492352
0.0492207
0.0492066
0.049193
0.0491801
0.0491679
0.0491567
0.0491467
0.0491383
0.0491316
0.049127
0.0491249
0.0491255
0.0491292
0.049136
0.0491462
0.0491602
0.0491777
0.0491988
0.0492229
0.0492496
0.0492783
0.0493081
0.049338
0.0493669
0.049394
0.049419
0.049444
0.0494768
0.0495429
0.0498213
)
;
    }
    frontAndBack
    {
        type            empty;
    }
}


// ************************************************************************* //
