/*--------------------------------*- C++ -*----------------------------------*\
| =========                 |                                                 |
| \\      /  F ield         | OpenFOAM: The Open Source CFD Toolbox           |
|  \\    /   O peration     | Version:  4.1                                   |
|   \\  /    A nd           | Web:      www.OpenFOAM.org                      |
|    \\/     M anipulation  |                                                 |
\*---------------------------------------------------------------------------*/
FoamFile
{
    version     2.0;
    format      ascii;
    class       volScalarField;
    location    "1860";
    object      p_rgh;
}
// * * * * * * * * * * * * * * * * * * * * * * * * * * * * * * * * * * * * * //

dimensions      [0 2 -2 0 0 0 0];

internalField   nonuniform List<scalar> 
5000
(
0.0491921
0.0492067
0.0492118
0.0492035
0.0491928
0.0491836
0.0491769
0.0491723
0.04917
0.0491713
0.0491692
0.0491637
0.0491598
0.0491573
0.0491559
0.0491558
0.0491574
0.0491611
0.049167
0.0491748
0.0491841
0.0491944
0.0492052
0.049216
0.0492266
0.0492365
0.0492456
0.0492539
0.0492613
0.0492678
0.0492735
0.0492784
0.0492826
0.0492862
0.0492892
0.0492916
0.0492933
0.0492944
0.0492952
0.0492958
0.0492958
0.0492954
0.0492945
0.0492932
0.0492916
0.0492896
0.0492872
0.0492846
0.0492817
0.0492785
0.0492752
0.0492716
0.0492678
0.049264
0.04926
0.0492559
0.0492518
0.0492477
0.0492438
0.0492402
0.0492368
0.0492337
0.0492311
0.0492292
0.0492288
0.0492294
0.0492275
0.0492223
0.0492186
0.049227
0.0492369
0.0492286
0.0492256
0.0492251
0.0492276
0.0492336
0.0492431
0.0492544
0.0492647
0.0492736
0.0492804
0.0492835
0.0492828
0.0492791
0.0492732
0.0492661
0.0492587
0.0492517
0.0492458
0.0492415
0.049239
0.0492386
0.0492402
0.0492436
0.0492488
0.0492554
0.0492634
0.0492727
0.0492832
0.0492954
0.049182
0.0492159
0.049215
0.0492106
0.0492064
0.049205
0.0492068
0.0492058
0.0491943
0.0491672
0.0491685
0.0491858
0.0491989
0.0492042
0.0492046
0.0492043
0.0492054
0.0492084
0.0492131
0.0492191
0.0492263
0.0492348
0.049244
0.0492536
0.049263
0.0492719
0.0492802
0.0492877
0.0492943
0.0493002
0.0493053
0.0493098
0.0493137
0.049317
0.0493199
0.0493224
0.0493244
0.0493261
0.0493278
0.0493291
0.0493301
0.0493307
0.0493311
0.0493312
0.049331
0.0493307
0.0493303
0.0493297
0.0493291
0.0493284
0.0493278
0.0493271
0.0493265
0.049326
0.0493256
0.0493252
0.0493248
0.0493245
0.0493237
0.0493227
0.0493214
0.0493202
0.0493194
0.0493194
0.0493193
0.0493185
0.0493156
0.0492973
0.0492594
0.0492326
0.0492253
0.0492426
0.0492491
0.0492477
0.0492465
0.049248
0.0492541
0.0492637
0.0492742
0.0492839
0.0492913
0.0492951
0.0492954
0.0492927
0.0492879
0.0492821
0.0492761
0.0492707
0.0492666
0.0492643
0.0492641
0.0492656
0.0492685
0.0492728
0.0492782
0.0492843
0.0492905
0.0492958
0.0492972
0.0492926
0.0491629
0.0492075
0.0492051
0.049199
0.0491958
0.0491968
0.0492011
0.0492065
0.0491889
0.0491461
0.049153
0.0491884
0.049209
0.0492136
0.0492113
0.0492082
0.0492066
0.0492073
0.0492105
0.0492161
0.0492238
0.0492329
0.0492427
0.0492526
0.0492622
0.0492713
0.0492796
0.049287
0.0492936
0.0492993
0.0493042
0.0493085
0.0493121
0.0493153
0.0493181
0.0493205
0.0493225
0.0493244
0.0493261
0.0493275
0.0493286
0.0493294
0.0493299
0.0493302
0.0493303
0.0493302
0.04933
0.0493296
0.0493292
0.0493288
0.0493284
0.049328
0.0493276
0.0493273
0.0493271
0.0493269
0.0493269
0.0493269
0.0493269
0.049327
0.0493271
0.0493271
0.0493269
0.0493265
0.0493259
0.0493251
0.0493234
0.0493125
0.0492757
0.049231
0.0492093
0.0492201
0.0492401
0.0492451
0.0492414
0.0492418
0.0492468
0.0492561
0.0492671
0.0492776
0.0492856
0.0492899
0.0492906
0.0492882
0.0492838
0.0492782
0.0492723
0.049267
0.049263
0.0492608
0.0492608
0.049263
0.0492673
0.0492736
0.0492813
0.0492895
0.049297
0.0493008
0.0492939
0.0492673
0.0491429
0.0491972
0.0491941
0.0491845
0.0491809
0.0491836
0.0491901
0.0491969
0.0491699
0.0491247
0.0491366
0.0491825
0.0492067
0.0492105
0.0492066
0.0492023
0.0492
0.0492005
0.0492042
0.0492108
0.0492196
0.0492296
0.0492402
0.0492507
0.0492608
0.0492701
0.0492785
0.0492858
0.0492923
0.0492978
0.0493024
0.0493064
0.0493098
0.0493128
0.0493154
0.0493176
0.0493197
0.0493215
0.0493232
0.0493247
0.0493258
0.0493268
0.0493275
0.049328
0.0493283
0.0493285
0.0493285
0.0493284
0.0493282
0.049328
0.0493277
0.0493275
0.0493273
0.0493271
0.049327
0.0493269
0.0493269
0.049327
0.0493271
0.0493272
0.0493273
0.0493274
0.0493273
0.0493272
0.0493269
0.0493265
0.0493253
0.0493174
0.0492855
0.0492336
0.0491983
0.0491987
0.0492179
0.0492318
0.0492335
0.0492335
0.0492372
0.0492462
0.0492579
0.0492694
0.0492782
0.0492831
0.0492842
0.049282
0.0492777
0.0492722
0.0492664
0.0492612
0.0492572
0.0492551
0.049255
0.049257
0.0492613
0.0492678
0.049276
0.0492848
0.0492925
0.0492947
0.04928
0.0492301
0.0491235
0.0491877
0.0491841
0.0491693
0.0491633
0.0491658
0.0491754
0.0491798
0.0491498
0.0491086
0.0491247
0.0491745
0.0491996
0.0492026
0.049198
0.0491932
0.0491908
0.0491918
0.0491966
0.0492046
0.0492147
0.0492261
0.0492377
0.049249
0.0492596
0.0492692
0.0492777
0.049285
0.0492912
0.0492965
0.0493009
0.0493046
0.0493077
0.0493103
0.0493126
0.0493147
0.0493166
0.0493183
0.0493199
0.0493213
0.0493226
0.0493237
0.0493246
0.0493253
0.0493259
0.0493263
0.0493267
0.0493269
0.049327
0.049327
0.049327
0.049327
0.049327
0.049327
0.049327
0.0493271
0.0493272
0.0493273
0.0493275
0.0493277
0.0493278
0.049328
0.0493281
0.0493281
0.049328
0.0493278
0.0493268
0.0493203
0.0492933
0.0492409
0.0491952
0.0491829
0.049196
0.0492132
0.0492214
0.0492234
0.0492261
0.0492344
0.0492472
0.0492601
0.04927
0.0492756
0.0492769
0.0492748
0.0492705
0.0492648
0.049259
0.0492537
0.0492498
0.0492476
0.0492474
0.0492493
0.0492533
0.0492593
0.049267
0.0492754
0.0492824
0.0492829
0.0492615
0.0491899
0.0491066
0.0491818
0.0491774
0.0491563
0.0491476
0.0491501
0.0491623
0.0491629
0.0491331
0.0490982
0.0491167
0.0491662
0.0491905
0.0491927
0.0491874
0.0491821
0.0491795
0.049181
0.0491867
0.0491964
0.0492085
0.0492216
0.0492347
0.0492471
0.0492584
0.0492685
0.0492771
0.0492845
0.0492907
0.0492957
0.0492998
0.0493032
0.0493059
0.0493082
0.0493101
0.0493119
0.0493135
0.049315
0.0493164
0.0493178
0.0493191
0.0493202
0.0493213
0.0493223
0.0493231
0.0493238
0.0493245
0.049325
0.0493255
0.0493258
0.0493262
0.0493265
0.0493267
0.049327
0.0493272
0.0493274
0.0493277
0.049328
0.0493282
0.0493285
0.0493288
0.049329
0.0493292
0.0493294
0.0493294
0.0493293
0.0493283
0.0493226
0.0492997
0.0492501
0.049198
0.0491735
0.0491778
0.0491935
0.0492056
0.0492108
0.049214
0.0492222
0.0492362
0.0492509
0.049262
0.049268
0.0492694
0.049267
0.0492623
0.0492563
0.0492501
0.0492447
0.0492407
0.0492385
0.0492382
0.0492398
0.0492434
0.0492488
0.0492557
0.0492632
0.0492693
0.0492682
0.0492413
0.0491497
0.0490951
0.0491831
0.0491745
0.0491493
0.0491393
0.0491429
0.0491527
0.0491499
0.049122
0.049093
0.0491116
0.0491579
0.0491803
0.0491812
0.0491746
0.0491677
0.0491638
0.0491648
0.0491716
0.0491841
0.0491991
0.0492147
0.0492298
0.0492438
0.0492564
0.0492672
0.0492765
0.0492842
0.0492904
0.0492953
0.0492991
0.0493021
0.0493045
0.0493063
0.0493079
0.0493093
0.0493105
0.0493117
0.049313
0.0493142
0.0493154
0.0493166
0.0493178
0.049319
0.0493201
0.0493211
0.0493221
0.0493229
0.0493238
0.0493245
0.0493252
0.0493259
0.0493264
0.049327
0.0493275
0.049328
0.0493284
0.0493289
0.0493293
0.0493297
0.0493301
0.0493305
0.0493308
0.0493311
0.0493312
0.0493311
0.0493301
0.0493249
0.0493052
0.0492597
0.0492045
0.0491701
0.0491649
0.0491764
0.0491891
0.0491965
0.0492016
0.0492109
0.0492266
0.049243
0.0492551
0.0492612
0.0492621
0.049259
0.0492534
0.0492467
0.04924
0.0492343
0.0492301
0.0492278
0.0492274
0.0492288
0.049232
0.0492369
0.0492429
0.0492495
0.0492545
0.049252
0.0492206
0.04911
0.0490883
0.0491953
0.0491768
0.0491487
0.0491369
0.0491396
0.0491466
0.0491419
0.0491168
0.0490921
0.0491084
0.0491496
0.0491691
0.0491676
0.049158
0.0491472
0.0491399
0.0491397
0.0491499
0.049167
0.0491858
0.0492044
0.0492221
0.0492382
0.0492526
0.0492649
0.0492751
0.0492834
0.0492899
0.0492948
0.0492985
0.0493012
0.0493033
0.0493048
0.0493059
0.0493069
0.0493078
0.0493087
0.0493097
0.0493107
0.0493118
0.049313
0.0493143
0.0493156
0.0493169
0.0493182
0.0493195
0.0493208
0.049322
0.0493231
0.0493242
0.0493252
0.0493262
0.0493271
0.0493279
0.0493287
0.0493294
0.0493301
0.0493307
0.0493313
0.0493319
0.0493324
0.0493329
0.0493333
0.0493335
0.0493334
0.0493323
0.0493275
0.0493102
0.0492689
0.0492133
0.0491716
0.0491577
0.049164
0.0491755
0.0491836
0.0491906
0.0492022
0.0492201
0.049238
0.0492504
0.0492559
0.0492555
0.049251
0.0492441
0.0492363
0.0492287
0.0492224
0.049218
0.0492156
0.0492151
0.0492165
0.0492194
0.0492238
0.0492291
0.0492348
0.049239
0.0492354
0.0491997
0.049071
0.0490854
0.0492143
0.0491842
0.0491526
0.049138
0.0491383
0.0491429
0.049138
0.0491163
0.0490943
0.0491064
0.0491414
0.0491573
0.0491522
0.0491373
0.0491201
0.0491073
0.0491068
0.0491247
0.0491478
0.0491704
0.049192
0.0492121
0.0492308
0.0492472
0.0492611
0.0492726
0.0492817
0.0492887
0.0492938
0.0492976
0.0493002
0.049302
0.0493032
0.049304
0.0493046
0.0493052
0.0493057
0.0493064
0.0493072
0.0493082
0.0493094
0.0493107
0.0493122
0.0493137
0.0493153
0.0493169
0.0493185
0.0493201
0.0493217
0.0493232
0.0493247
0.0493261
0.0493274
0.0493286
0.0493297
0.0493307
0.0493316
0.0493325
0.0493333
0.0493341
0.0493348
0.0493354
0.049336
0.0493363
0.0493362
0.0493351
0.0493304
0.0493149
0.0492775
0.049223
0.0491766
0.0491557
0.049157
0.0491666
0.0491749
0.0491836
0.0491984
0.0492185
0.0492371
0.0492488
0.0492525
0.0492498
0.0492431
0.0492343
0.0492249
0.0492163
0.0492093
0.0492045
0.0492019
0.0492015
0.0492029
0.0492059
0.0492099
0.0492147
0.0492199
0.0492234
0.0492189
0.0491794
0.0490331
0.0490878
0.0492351
0.0491951
0.0491599
0.0491413
0.049138
0.0491404
0.0491364
0.0491185
0.0490985
0.0491052
0.0491334
0.049146
0.0491372
0.0491163
0.0490907
0.0490702
0.0490732
0.0491023
0.0491302
0.0491554
0.0491793
0.0492016
0.0492223
0.0492407
0.0492564
0.0492692
0.0492792
0.0492868
0.0492923
0.0492962
0.0492988
0.0493004
0.0493014
0.049302
0.0493023
0.0493025
0.0493028
0.0493032
0.0493038
0.0493047
0.0493058
0.0493072
0.0493087
0.0493105
0.0493123
0.0493143
0.0493163
0.0493184
0.0493204
0.0493224
0.0493243
0.0493261
0.0493278
0.0493294
0.0493309
0.0493323
0.0493335
0.0493347
0.0493357
0.0493367
0.0493377
0.0493385
0.0493392
0.0493396
0.0493396
0.0493384
0.0493338
0.0493194
0.0492852
0.0492326
0.0491835
0.0491574
0.0491547
0.0491626
0.0491713
0.0491823
0.0492008
0.0492229
0.0492411
0.0492505
0.0492511
0.0492451
0.0492354
0.049224
0.0492128
0.0492028
0.0491949
0.0491898
0.0491871
0.0491868
0.0491885
0.0491917
0.0491956
0.0492002
0.0492051
0.0492083
0.0492032
0.0491601
0.0489964
0.0490993
0.0492554
0.0492093
0.0491714
0.049148
0.049139
0.0491385
0.0491355
0.0491218
0.0491036
0.0491046
0.0491261
0.0491362
0.0491257
0.0491012
0.0490674
0.0490283
0.0490534
0.0490873
0.0491165
0.0491427
0.0491675
0.0491916
0.0492143
0.0492345
0.0492517
0.0492656
0.0492765
0.0492846
0.0492904
0.0492944
0.0492969
0.0492985
0.0492993
0.0492996
0.0492996
0.0492996
0.0492996
0.0492998
0.0493002
0.049301
0.0493021
0.0493036
0.0493053
0.0493073
0.0493095
0.0493118
0.0493143
0.0493168
0.0493193
0.0493217
0.0493241
0.0493264
0.0493286
0.0493306
0.0493325
0.0493342
0.0493358
0.0493373
0.0493387
0.0493399
0.0493411
0.0493421
0.049343
0.0493436
0.0493436
0.0493424
0.0493377
0.0493239
0.0492918
0.0492411
0.0491907
0.0491613
0.0491558
0.0491628
0.0491726
0.0491872
0.0492102
0.0492339
0.0492501
0.0492555
0.0492513
0.049241
0.0492275
0.0492132
0.0491997
0.0491881
0.0491794
0.0491739
0.0491713
0.0491714
0.0491736
0.0491772
0.0491814
0.0491861
0.049191
0.0491943
0.0491888
0.0491421
0.0489613
0.0491248
0.0492728
0.0492272
0.0491884
0.0491597
0.0491435
0.049138
0.0491346
0.0491244
0.0491086
0.0491046
0.0491197
0.0491268
0.0491154
0.0490902
0.0490561
0.0490332
0.0490496
0.0490792
0.0491075
0.0491335
0.049159
0.0491842
0.0492083
0.0492299
0.0492482
0.0492629
0.0492742
0.0492826
0.0492884
0.0492924
0.0492948
0.0492962
0.0492967
0.0492968
0.0492966
0.0492963
0.049296
0.0492961
0.0492964
0.0492972
0.0492984
0.0493
0.049302
0.0493043
0.0493068
0.0493096
0.0493125
0.0493154
0.0493184
0.0493214
0.0493243
0.0493271
0.0493298
0.0493323
0.0493346
0.0493367
0.0493386
0.0493405
0.0493422
0.0493438
0.0493452
0.0493464
0.0493475
0.0493482
0.0493483
0.049347
0.049342
0.0493283
0.0492973
0.0492478
0.0491968
0.0491656
0.0491588
0.0491659
0.0491782
0.0491986
0.0492268
0.0492508
0.049263
0.0492625
0.0492525
0.0492369
0.0492193
0.0492017
0.0491857
0.0491725
0.0491629
0.0491571
0.0491547
0.0491554
0.0491585
0.0491629
0.0491678
0.0491729
0.0491782
0.0491819
0.0491762
0.0491259
0.0489278
0.0491582
0.049292
0.0492509
0.0492129
0.0491795
0.0491557
0.0491425
0.0491353
0.0491262
0.0491123
0.0491062
0.0491142
0.0491156
0.049103
0.0490796
0.049052
0.0490443
0.0490589
0.0490821
0.049106
0.0491299
0.0491549
0.0491807
0.0492056
0.049228
0.0492468
0.0492618
0.049273
0.0492812
0.0492867
0.0492903
0.0492924
0.0492934
0.0492937
0.0492935
0.049293
0.0492925
0.0492921
0.0492921
0.0492925
0.0492933
0.0492947
0.0492965
0.0492988
0.0493015
0.0493045
0.0493077
0.0493111
0.0493145
0.0493181
0.0493216
0.049325
0.0493283
0.0493314
0.0493344
0.0493371
0.0493397
0.0493421
0.0493443
0.0493464
0.0493482
0.0493499
0.0493514
0.0493526
0.0493534
0.0493536
0.0493521
0.0493467
0.0493323
0.0493013
0.0492521
0.0492007
0.0491688
0.0491621
0.0491708
0.0491879
0.0492172
0.0492503
0.0492723
0.0492783
0.0492703
0.0492534
0.0492324
0.0492104
0.0491895
0.049171
0.0491561
0.0491457
0.0491396
0.0491377
0.0491396
0.049144
0.0491495
0.0491552
0.0491611
0.0491672
0.0491716
0.0491658
0.0491117
0.048896
0.0491868
0.0493089
0.0492751
0.0492416
0.0492089
0.04918
0.0491583
0.0491433
0.0491307
0.0491169
0.049109
0.0491099
0.0491057
0.049092
0.0490722
0.0490556
0.0490572
0.0490719
0.0490904
0.0491102
0.049132
0.0491564
0.0491822
0.0492073
0.0492298
0.0492483
0.0492627
0.0492733
0.0492806
0.0492854
0.0492883
0.0492898
0.0492903
0.0492902
0.0492896
0.049289
0.0492883
0.049288
0.049288
0.0492885
0.0492896
0.0492912
0.0492934
0.0492961
0.0492992
0.0493026
0.0493063
0.0493102
0.0493142
0.0493183
0.0493223
0.0493263
0.0493301
0.0493337
0.0493372
0.0493404
0.0493434
0.0493462
0.0493489
0.0493513
0.0493534
0.0493554
0.049357
0.0493584
0.0493594
0.0493595
0.0493578
0.0493516
0.0493358
0.0493035
0.0492533
0.0492011
0.0491694
0.0491644
0.049177
0.0492029
0.0492439
0.0492797
0.0492962
0.0492935
0.0492771
0.0492534
0.0492271
0.049201
0.0491768
0.0491558
0.0491392
0.0491282
0.0491221
0.0491212
0.0491246
0.0491306
0.0491376
0.0491444
0.0491513
0.0491586
0.0491639
0.0491582
0.0490997
0.0488662
0.0492056
0.0493226
0.0492969
0.0492713
0.0492444
0.0492165
0.0491897
0.0491665
0.0491466
0.0491286
0.0491165
0.0491108
0.0491024
0.0490892
0.0490755
0.0490697
0.0490768
0.0490894
0.0491036
0.0491201
0.0491403
0.0491641
0.0491897
0.0492143
0.0492357
0.049253
0.0492659
0.0492749
0.0492808
0.0492844
0.0492863
0.049287
0.0492869
0.0492864
0.0492855
0.0492847
0.0492841
0.0492838
0.0492841
0.0492848
0.0492862
0.0492882
0.0492908
0.049294
0.0492975
0.0493015
0.0493057
0.0493102
0.0493147
0.0493193
0.0493239
0.0493284
0.0493327
0.0493368
0.0493407
0.0493444
0.049348
0.0493512
0.0493542
0.0493569
0.0493594
0.0493615
0.0493634
0.0493649
0.0493659
0.049366
0.0493638
0.0493563
0.0493383
0.0493032
0.0492505
0.049197
0.0491663
0.0491652
0.0491858
0.0492265
0.0492792
0.0493122
0.0493192
0.0493061
0.0492815
0.0492517
0.0492209
0.0491911
0.0491639
0.0491405
0.0491222
0.0491107
0.049105
0.0491056
0.0491111
0.0491193
0.0491278
0.0491359
0.0491441
0.0491528
0.0491593
0.0491534
0.0490901
0.0488383
0.0492144
0.0493329
0.0493151
0.0492974
0.0492786
0.049257
0.0492323
0.0492062
0.0491804
0.0491555
0.0491372
0.049125
0.0491138
0.0491027
0.0490954
0.049096
0.0491029
0.0491113
0.0491214
0.0491355
0.0491549
0.0491784
0.0492032
0.0492263
0.0492456
0.0492604
0.0492708
0.0492776
0.0492816
0.0492836
0.0492843
0.0492842
0.0492835
0.0492826
0.0492816
0.0492808
0.0492803
0.0492803
0.0492808
0.0492819
0.0492837
0.0492862
0.0492892
0.0492928
0.0492969
0.0493014
0.0493061
0.0493111
0.0493162
0.0493213
0.0493264
0.0493314
0.0493362
0.0493408
0.0493452
0.0493495
0.0493535
0.0493571
0.0493604
0.0493634
0.0493661
0.0493684
0.0493704
0.049372
0.049373
0.0493729
0.0493699
0.0493606
0.0493392
0.0492995
0.0492425
0.0491871
0.0491589
0.0491654
0.0492014
0.049264
0.0493211
0.0493436
0.0493376
0.0493144
0.0492829
0.0492486
0.0492142
0.0491814
0.0491514
0.0491256
0.0491057
0.0490936
0.0490887
0.0490917
0.0491002
0.0491107
0.0491209
0.0491303
0.0491399
0.0491501
0.0491577
0.0491517
0.0490831
0.0488123
0.0492152
0.049335
0.0493272
0.0493159
0.0493039
0.0492896
0.0492714
0.0492491
0.0492243
0.0491986
0.0491756
0.049158
0.0491444
0.0491346
0.0491298
0.0491309
0.0491327
0.0491359
0.049143
0.0491563
0.0491758
0.0491989
0.0492222
0.0492427
0.0492586
0.0492698
0.0492769
0.0492808
0.0492826
0.049283
0.0492825
0.0492816
0.0492805
0.0492793
0.0492784
0.0492777
0.0492775
0.0492777
0.0492786
0.0492802
0.0492824
0.0492853
0.0492889
0.0492929
0.0492975
0.0493025
0.0493077
0.0493132
0.0493188
0.0493244
0.04933
0.0493354
0.0493407
0.0493458
0.0493508
0.0493555
0.0493599
0.0493639
0.0493674
0.0493706
0.0493734
0.0493759
0.049378
0.0493796
0.0493805
0.0493799
0.0493758
0.0493637
0.0493373
0.0492911
0.0492277
0.0491707
0.0491479
0.0491686
0.0492326
0.0493176
0.0493629
0.0493678
0.0493486
0.0493176
0.0492818
0.0492446
0.0492076
0.0491724
0.0491401
0.0491122
0.0490907
0.0490768
0.049074
0.0490811
0.0490934
0.0491061
0.0491174
0.049128
0.0491389
0.0491505
0.0491591
0.0491531
0.0490784
0.048788
0.0492172
0.0493164
0.0493233
0.049319
0.0493125
0.0493041
0.049293
0.0492784
0.0492605
0.04924
0.0492188
0.0491999
0.0491849
0.0491741
0.0491674
0.049163
0.0491597
0.0491601
0.0491672
0.049182
0.0492027
0.0492251
0.0492457
0.049262
0.0492732
0.0492799
0.0492831
0.049284
0.0492836
0.0492825
0.049281
0.0492796
0.0492782
0.049277
0.0492762
0.0492758
0.0492759
0.0492765
0.0492779
0.0492798
0.0492825
0.0492859
0.0492899
0.0492944
0.0492994
0.0493049
0.0493106
0.0493166
0.0493226
0.0493287
0.0493347
0.0493406
0.0493463
0.0493521
0.0493575
0.0493626
0.0493672
0.0493714
0.0493752
0.0493785
0.0493814
0.0493839
0.0493859
0.0493874
0.049388
0.0493868
0.049381
0.0493649
0.0493317
0.049276
0.0492013
0.0491488
0.0491388
0.049185
0.0492916
0.0493743
0.0493937
0.0493802
0.0493518
0.049317
0.0492792
0.0492403
0.0492017
0.0491647
0.0491308
0.0491013
0.0490785
0.0490637
0.0490649
0.0490764
0.0490912
0.0491051
0.0491173
0.0491289
0.0491411
0.0491538
0.0491632
0.0491575
0.0490758
0.0487653
0.0492234
0.0492891
0.0492997
0.0493004
0.0492988
0.0492958
0.0492909
0.0492836
0.0492733
0.0492603
0.0492453
0.04923
0.0492162
0.0492048
0.0491958
0.0491876
0.0491827
0.0491846
0.0491955
0.0492138
0.0492354
0.0492556
0.0492715
0.049282
0.0492875
0.0492893
0.0492887
0.0492869
0.0492846
0.0492823
0.0492802
0.0492784
0.0492769
0.0492759
0.0492753
0.0492752
0.0492757
0.0492767
0.0492785
0.0492809
0.049284
0.0492878
0.0492922
0.0492971
0.0493026
0.0493085
0.0493146
0.049321
0.0493275
0.049334
0.0493404
0.0493468
0.0493532
0.0493593
0.0493651
0.0493704
0.0493753
0.0493797
0.0493835
0.0493869
0.0493898
0.0493922
0.0493941
0.0493953
0.0493955
0.0493933
0.0493849
0.0493633
0.0493203
0.0492424
0.0491676
0.0491291
0.0491394
0.0492271
0.0493733
0.0494138
0.0494057
0.0493813
0.0493498
0.0493143
0.0492761
0.0492365
0.049197
0.0491592
0.0491246
0.0490945
0.0490714
0.0490597
0.0490633
0.0490769
0.0490929
0.0491075
0.0491204
0.0491329
0.0491462
0.0491599
0.0491698
0.0491646
0.0490753
0.0487439
0.0492362
0.0492735
0.0492833
0.0492889
0.049289
0.0492883
0.0492864
0.0492827
0.0492767
0.0492683
0.0492581
0.0492468
0.0492354
0.0492247
0.0492146
0.0492065
0.049205
0.0492135
0.049231
0.0492525
0.0492726
0.0492878
0.0492969
0.0493005
0.0493
0.0492971
0.0492933
0.0492893
0.0492857
0.0492826
0.0492801
0.0492782
0.0492768
0.0492759
0.0492756
0.0492758
0.0492766
0.0492781
0.0492802
0.049283
0.0492865
0.0492907
0.0492954
0.0493008
0.0493066
0.0493129
0.0493195
0.0493263
0.0493332
0.0493401
0.0493471
0.0493541
0.0493609
0.0493673
0.0493733
0.0493789
0.0493839
0.0493884
0.0493923
0.0493957
0.0493985
0.0494007
0.0494023
0.0494031
0.0494026
0.049399
0.049387
0.0493576
0.0492872
0.0491987
0.049136
0.049116
0.0491553
0.0492998
0.0494281
0.0494218
0.0494025
0.0493767
0.0493459
0.0493108
0.0492731
0.0492338
0.0491944
0.0491566
0.0491224
0.0490935
0.0490723
0.0490624
0.0490666
0.0490808
0.0490975
0.0491127
0.0491262
0.0491396
0.0491539
0.0491683
0.0491787
0.0491741
0.0490766
0.0487237
0.0492896
0.0493448
0.0493932
0.0494024
0.0493873
0.0493628
0.0493391
0.0493189
0.049302
0.0492874
0.0492743
0.0492619
0.04925
0.0492383
0.0492281
0.0492248
0.0492335
0.0492525
0.0492755
0.0492961
0.0493105
0.0493177
0.0493186
0.0493153
0.0493096
0.0493032
0.049297
0.0492916
0.0492871
0.0492835
0.0492808
0.0492788
0.0492775
0.0492769
0.0492768
0.0492773
0.0492785
0.0492803
0.0492827
0.0492858
0.0492895
0.0492939
0.049299
0.0493047
0.0493109
0.0493175
0.0493246
0.0493318
0.0493392
0.0493466
0.0493544
0.0493618
0.049369
0.0493757
0.049382
0.0493877
0.0493928
0.0493974
0.0494013
0.0494045
0.0494071
0.049409
0.0494101
0.0494103
0.0494089
0.0494033
0.0493867
0.0493339
0.0492367
0.0491569
0.0491106
0.049115
0.0491888
0.0493759
0.0494258
0.0494139
0.0493953
0.0493711
0.0493418
0.0493082
0.0492715
0.049233
0.0491944
0.0491577
0.0491248
0.0490976
0.0490779
0.0490685
0.0490726
0.0490868
0.0491041
0.04912
0.0491343
0.0491486
0.0491637
0.0491789
0.0491897
0.0491856
0.0490796
0.0487043
0.0494372
0.0494954
0.0494929
0.0494619
0.0494198
0.0493839
0.0493529
0.0493278
0.0493078
0.0492915
0.0492776
0.0492649
0.0492528
0.0492421
0.0492398
0.0492529
0.0492773
0.0493039
0.0493256
0.0493388
0.0493435
0.0493413
0.0493347
0.0493258
0.0493165
0.0493078
0.0493002
0.0492939
0.0492889
0.049285
0.0492821
0.0492801
0.0492789
0.0492784
0.0492785
0.0492792
0.0492805
0.0492824
0.049285
0.0492882
0.0492921
0.0492967
0.049302
0.0493079
0.0493145
0.0493215
0.049329
0.0493369
0.0493448
0.0493532
0.0493613
0.0493693
0.0493768
0.0493839
0.0493904
0.0493964
0.0494016
0.0494062
0.04941
0.0494131
0.0494154
0.0494169
0.0494174
0.0494168
0.0494141
0.0494059
0.0493787
0.0492809
0.0491871
0.0491205
0.0490957
0.0491308
0.0492399
0.0494115
0.0494183
0.0494062
0.0493887
0.0493661
0.0493385
0.0493066
0.0492714
0.0492343
0.0491971
0.0491619
0.0491307
0.0491054
0.0490869
0.0490772
0.0490803
0.049094
0.0491118
0.0491287
0.049144
0.0491592
0.0491752
0.049191
0.0492023
0.0491987
0.0490841
0.0486857
0.0495214
0.0495263
0.0495106
0.0494659
0.0493933
0.0493435
0.0493142
0.0492962
0.0492835
0.0492731
0.0492637
0.049255
0.0492483
0.0492513
0.0492748
0.0493079
0.0493387
0.0493604
0.0493713
0.0493726
0.0493669
0.0493569
0.0493451
0.049333
0.0493216
0.0493116
0.0493032
0.0492963
0.0492909
0.0492868
0.0492838
0.0492817
0.0492805
0.0492799
0.04928
0.0492806
0.0492818
0.0492836
0.049286
0.0492891
0.0492929
0.0492975
0.0493029
0.0493091
0.0493161
0.0493237
0.0493319
0.0493404
0.0493494
0.0493583
0.0493672
0.0493757
0.0493838
0.0493914
0.0493983
0.0494045
0.04941
0.0494146
0.0494184
0.0494212
0.0494231
0.0494241
0.0494239
0.0494222
0.0494179
0.049406
0.049335
0.0492266
0.0491419
0.0490929
0.049095
0.0491647
0.049301
0.049415
0.0494105
0.0493989
0.0493828
0.0493618
0.0493361
0.0493061
0.0492728
0.0492376
0.0492021
0.0491686
0.0491392
0.0491156
0.0490984
0.0490882
0.0490892
0.0491015
0.0491196
0.0491378
0.0491545
0.0491709
0.0491878
0.0492043
0.0492161
0.0492128
0.0490898
0.0486676
0.0495267
0.049532
0.0495164
0.0494693
0.0493526
0.0492744
0.0492573
0.0492555
0.0492546
0.0492532
0.0492525
0.0492552
0.0492687
0.049308
0.0493495
0.049381
0.0493991
0.0494052
0.0494022
0.0493931
0.0493805
0.0493662
0.0493518
0.049338
0.0493256
0.0493149
0.0493059
0.0492986
0.0492929
0.0492885
0.0492852
0.049283
0.0492814
0.0492806
0.0492803
0.0492805
0.0492812
0.0492824
0.0492843
0.049287
0.0492905
0.0492949
0.0493004
0.0493069
0.0493144
0.0493227
0.0493318
0.0493414
0.0493514
0.0493613
0.0493711
0.0493805
0.0493894
0.0493976
0.0494052
0.0494118
0.0494176
0.0494223
0.049426
0.0494286
0.04943
0.0494303
0.0494292
0.0494263
0.04942
0.0493843
0.0492777
0.0491743
0.0491033
0.0490768
0.0491099
0.0492118
0.0493515
0.0494094
0.049403
0.0493923
0.0493776
0.0493584
0.0493346
0.0493068
0.0492757
0.0492426
0.0492091
0.0491773
0.0491494
0.0491271
0.0491111
0.049101
0.049099
0.0491086
0.0491263
0.0491459
0.0491645
0.0491824
0.0492006
0.0492181
0.0492306
0.0492275
0.0490965
0.0486499
0.0495262
0.0495333
0.0495199
0.0494828
0.049384
0.0492794
0.0492594
0.049259
0.0492631
0.0492715
0.0492871
0.0493154
0.0493664
0.0494065
0.0494287
0.0494368
0.0494356
0.0494285
0.0494174
0.0494036
0.0493881
0.0493721
0.0493564
0.0493419
0.0493288
0.0493176
0.0493082
0.0493005
0.0492943
0.0492895
0.0492858
0.049283
0.0492809
0.0492793
0.0492781
0.0492773
0.049277
0.0492773
0.0492782
0.0492801
0.049283
0.0492871
0.0492926
0.0492995
0.0493077
0.0493171
0.0493275
0.0493385
0.0493498
0.0493611
0.0493722
0.0493829
0.049393
0.0494022
0.0494106
0.0494179
0.0494241
0.049429
0.0494327
0.049435
0.0494359
0.0494354
0.0494332
0.0494288
0.0494151
0.0493348
0.0492202
0.0491268
0.0490737
0.0490735
0.0491382
0.0492612
0.0493774
0.0494016
0.0493957
0.0493861
0.0493731
0.0493558
0.0493342
0.0493087
0.0492799
0.0492491
0.0492176
0.0491874
0.0491605
0.0491389
0.0491236
0.0491142
0.0491095
0.0491152
0.0491309
0.0491514
0.0491723
0.0491926
0.0492126
0.0492315
0.0492451
0.0492422
0.049104
0.0486324
0.0495235
0.0495335
0.0495217
0.0495055
0.0494871
0.0494401
0.0493706
0.0493534
0.0493554
0.0493725
0.0494036
0.0494433
0.0494631
0.0494654
0.0494612
0.0494556
0.0494486
0.0494386
0.0494255
0.0494099
0.0493932
0.0493762
0.0493598
0.0493446
0.0493311
0.0493194
0.0493095
0.0493013
0.0492946
0.0492891
0.0492846
0.0492808
0.0492775
0.0492746
0.049272
0.0492697
0.0492678
0.0492664
0.0492659
0.0492665
0.0492685
0.0492722
0.0492777
0.0492852
0.0492945
0.0493055
0.0493177
0.0493305
0.0493437
0.049357
0.04937
0.0493825
0.0493942
0.0494049
0.0494144
0.0494226
0.0494294
0.0494347
0.0494383
0.0494403
0.0494406
0.0494391
0.0494356
0.0494292
0.0493842
0.0492781
0.0491657
0.0490863
0.0490548
0.0490829
0.0491747
0.0493019
0.0493837
0.0493933
0.0493888
0.0493805
0.0493691
0.0493538
0.0493345
0.0493115
0.0492854
0.049257
0.0492275
0.0491987
0.0491724
0.0491506
0.0491346
0.0491249
0.0491201
0.0491214
0.0491329
0.0491528
0.049176
0.0491993
0.0492221
0.0492432
0.0492588
0.0492564
0.0491122
0.0486152
0.0495212
0.0495334
0.0495192
0.0495057
0.0494987
0.0494951
0.0494842
0.0494624
0.049461
0.0494693
0.0494777
0.0494727
0.0494651
0.0494641
0.0494664
0.049465
0.0494578
0.049446
0.0494309
0.0494141
0.0493964
0.0493788
0.0493619
0.0493462
0.0493322
0.0493199
0.0493094
0.0493004
0.0492928
0.0492862
0.0492804
0.0492752
0.0492701
0.0492653
0.0492605
0.0492559
0.0492517
0.0492481
0.0492456
0.0492446
0.0492455
0.0492486
0.0492543
0.0492626
0.0492735
0.0492867
0.0493011
0.0493165
0.0493324
0.0493485
0.0493642
0.0493791
0.049393
0.0494056
0.0494166
0.049426
0.0494336
0.0494392
0.0494429
0.0494445
0.0494441
0.0494414
0.0494362
0.0494152
0.0493379
0.0492203
0.0491162
0.0490542
0.049047
0.0491024
0.0492126
0.0493283
0.0493806
0.0493853
0.0493822
0.0493755
0.0493655
0.0493523
0.0493354
0.0493151
0.0492918
0.049266
0.0492388
0.0492114
0.0491854
0.0491627
0.0491449
0.0491332
0.0491277
0.0491264
0.0491329
0.0491495
0.0491737
0.0492008
0.049227
0.0492516
0.0492705
0.0492697
0.0491207
0.0485983
0.0495212
0.0495333
0.0495155
0.0494989
0.0494873
0.0494798
0.0494749
0.0494696
0.0494622
0.0494563
0.0494541
0.0494617
0.0494724
0.0494807
0.0494815
0.0494754
0.0494645
0.0494503
0.049434
0.0494164
0.0493982
0.04938
0.0493626
0.0493463
0.0493316
0.0493186
0.049307
0.0492969
0.049288
0.0492798
0.0492722
0.0492648
0.0492574
0.0492498
0.0492422
0.0492346
0.0492275
0.0492212
0.0492162
0.0492132
0.0492127
0.0492153
0.0492212
0.0492308
0.0492439
0.0492597
0.0492772
0.0492961
0.0493157
0.0493355
0.0493547
0.0493728
0.0493895
0.0494045
0.0494174
0.0494282
0.0494367
0.0494428
0.0494465
0.0494476
0.0494463
0.0494422
0.04943
0.0493852
0.0492839
0.0491647
0.0490733
0.0490316
0.0490495
0.0491287
0.0492461
0.0493414
0.0493739
0.0493774
0.0493758
0.0493707
0.0493623
0.0493511
0.0493367
0.0493192
0.0492988
0.0492759
0.0492511
0.0492254
0.0491999
0.0491762
0.0491558
0.0491403
0.0491308
0.0491277
0.0491307
0.0491425
0.0491654
0.0491961
0.0492256
0.0492542
0.0492781
0.0492813
0.0491297
0.0485817
0.0495235
0.0495333
0.0495124
0.049493
0.049477
0.0494644
0.0494564
0.0494543
0.0494583
0.0494669
0.0494793
0.0494896
0.0494949
0.0494948
0.0494897
0.0494803
0.0494677
0.0494526
0.0494358
0.0494176
0.0493988
0.0493799
0.0493616
0.0493445
0.0493288
0.0493146
0.0493017
0.04929
0.0492792
0.049269
0.0492589
0.0492487
0.0492382
0.0492273
0.0492162
0.0492051
0.0491946
0.0491852
0.0491776
0.0491724
0.0491704
0.0491722
0.0491785
0.0491895
0.0492052
0.0492242
0.0492458
0.0492693
0.0492938
0.0493182
0.0493419
0.049364
0.0493842
0.0494019
0.0494171
0.0494295
0.049439
0.0494456
0.0494491
0.0494497
0.0494472
0.0494388
0.0494136
0.049343
0.0492276
0.0491136
0.0490383
0.0490186
0.0490607
0.0491575
0.0492717
0.0493452
0.0493663
0.04937
0.0493697
0.049366
0.0493592
0.04935
0.0493379
0.0493232
0.0493059
0.0492861
0.0492642
0.0492406
0.0492161
0.0491917
0.0491689
0.0491491
0.049134
0.0491251
0.0491243
0.0491324
0.0491528
0.0491861
0.0492174
0.0492494
0.0492793
0.0492901
0.0491393
0.0485655
0.0495272
0.0495339
0.0495129
0.0494953
0.0494831
0.0494772
0.0494775
0.0494827
0.0494909
0.0494993
0.049505
0.0495073
0.0495063
0.0495018
0.0494942
0.0494834
0.0494699
0.0494541
0.0494366
0.0494177
0.049398
0.0493781
0.0493587
0.0493404
0.0493233
0.0493074
0.0492926
0.0492788
0.0492657
0.0492528
0.0492398
0.0492262
0.0492121
0.0491974
0.0491824
0.0491677
0.0491538
0.0491414
0.0491311
0.0491238
0.0491201
0.049121
0.0491274
0.0491397
0.0491583
0.049181
0.0492076
0.0492368
0.0492672
0.0492975
0.0493265
0.0493534
0.0493775
0.0493985
0.0494161
0.0494302
0.0494408
0.0494477
0.0494511
0.0494507
0.0494451
0.0494298
0.049386
0.0492934
0.0491725
0.0490687
0.0490118
0.0490146
0.0490783
0.0491853
0.049289
0.0493437
0.0493587
0.0493629
0.0493636
0.0493613
0.049356
0.0493484
0.0493386
0.0493267
0.0493124
0.049296
0.0492773
0.0492564
0.0492337
0.0492096
0.049185
0.0491613
0.0491401
0.0491237
0.0491148
0.0491179
0.0491348
0.0491713
0.0492045
0.049239
0.0492739
0.0492944
0.0491496
0.0485499
0.0495309
0.0495369
0.0495213
0.0495122
0.0495084
0.0495078
0.0495091
0.0495118
0.0495146
0.0495165
0.0495171
0.0495161
0.0495129
0.0495071
0.0494983
0.0494863
0.0494718
0.0494551
0.0494367
0.0494168
0.0493957
0.0493744
0.0493536
0.0493335
0.0493144
0.0492963
0.0492792
0.0492629
0.0492469
0.0492309
0.0492144
0.0491972
0.0491792
0.0491608
0.0491423
0.0491244
0.0491076
0.0490927
0.0490803
0.0490711
0.0490658
0.0490655
0.0490713
0.0490843
0.0491049
0.0491318
0.0491642
0.0492
0.0492373
0.0492743
0.0493095
0.0493418
0.0493704
0.0493949
0.049415
0.0494309
0.0494423
0.0494495
0.0494521
0.0494496
0.0494398
0.0494131
0.0493486
0.0492406
0.0491213
0.0490311
0.048994
0.0490187
0.0490998
0.0492097
0.0492992
0.0493397
0.0493514
0.0493559
0.0493575
0.0493562
0.0493523
0.0493461
0.0493384
0.0493289
0.0493177
0.0493047
0.0492896
0.0492721
0.049252
0.0492293
0.0492042
0.0491777
0.0491512
0.049127
0.0491083
0.0491004
0.049112
0.0491476
0.0491874
0.0492244
0.0492632
0.0492932
0.0491608
0.0485348
0.0495356
0.0495431
0.0495338
0.0495285
0.0495255
0.0495241
0.049524
0.0495247
0.0495255
0.0495258
0.0495253
0.0495233
0.0495192
0.0495124
0.0495024
0.0494893
0.0494734
0.0494557
0.0494361
0.0494147
0.049392
0.0493688
0.0493459
0.0493236
0.0493019
0.0492811
0.0492612
0.0492419
0.0492228
0.0492034
0.0491833
0.0491625
0.0491411
0.0491196
0.0490986
0.0490787
0.0490604
0.0490444
0.0490309
0.0490206
0.0490139
0.0490119
0.0490159
0.0490278
0.0490493
0.0490798
0.049118
0.049161
0.049206
0.0492504
0.0492923
0.0493304
0.0493636
0.0493917
0.0494144
0.0494318
0.049444
0.0494507
0.049452
0.0494467
0.0494299
0.0493879
0.0493044
0.0491881
0.0490755
0.0490015
0.0489848
0.0490294
0.0491229
0.0492297
0.0493043
0.0493347
0.0493446
0.0493493
0.0493513
0.0493507
0.0493478
0.0493429
0.0493368
0.0493295
0.0493211
0.0493115
0.0493001
0.0492865
0.04927
0.04925
0.0492261
0.0491985
0.0491681
0.0491369
0.0491083
0.0490879
0.0490851
0.0491128
0.0491632
0.0492062
0.0492486
0.0492862
0.0491716
0.0485197
0.0495385
0.0495507
0.0495428
0.0495382
0.0495357
0.0495345
0.0495341
0.0495343
0.0495346
0.0495346
0.0495335
0.0495309
0.0495259
0.0495179
0.0495067
0.0494922
0.049475
0.0494559
0.0494349
0.0494117
0.0493867
0.0493612
0.0493356
0.0493103
0.0492855
0.0492616
0.0492386
0.0492161
0.0491938
0.0491711
0.0491479
0.0491243
0.0491007
0.0490777
0.049056
0.0490361
0.0490185
0.0490033
0.0489905
0.0489802
0.0489727
0.0489686
0.0489694
0.0489776
0.0489966
0.0490292
0.0490727
0.0491229
0.0491758
0.0492279
0.0492767
0.0493205
0.0493585
0.0493901
0.0494149
0.0494332
0.0494454
0.0494514
0.0494507
0.0494408
0.0494137
0.0493548
0.0492565
0.0491385
0.0490366
0.0489803
0.0489835
0.0490453
0.0491459
0.0492454
0.0493063
0.0493298
0.0493385
0.0493432
0.0493453
0.0493451
0.0493428
0.0493388
0.0493338
0.0493282
0.0493222
0.0493156
0.0493079
0.0492985
0.0492864
0.0492704
0.0492495
0.0492231
0.0491911
0.0491548
0.0491172
0.0490839
0.0490642
0.0490742
0.0491232
0.0491824
0.0492297
0.049273
0.0491785
0.0485025
0.0495398
0.0495552
0.0495489
0.0495455
0.049544
0.0495433
0.0495431
0.0495433
0.0495436
0.0495434
0.049542
0.0495387
0.0495328
0.0495237
0.049511
0.0494952
0.0494768
0.0494562
0.0494333
0.0494077
0.04938
0.0493514
0.0493225
0.0492937
0.0492655
0.0492382
0.049212
0.0491864
0.0491612
0.0491358
0.0491105
0.0490857
0.0490619
0.0490399
0.0490202
0.0490031
0.0489886
0.0489765
0.0489663
0.0489575
0.04895
0.048944
0.0489406
0.0489425
0.0489545
0.0489851
0.0490326
0.04909
0.0491508
0.0492101
0.0492651
0.0493138
0.0493554
0.0493895
0.0494159
0.0494349
0.0494468
0.0494514
0.0494474
0.0494305
0.0493905
0.0493155
0.0492081
0.0490936
0.0490054
0.0489676
0.0489895
0.0490648
0.0491677
0.0492574
0.0493067
0.0493254
0.0493333
0.0493378
0.0493398
0.0493397
0.0493377
0.0493341
0.0493297
0.0493252
0.0493209
0.0493167
0.0493123
0.049307
0.0492997
0.0492889
0.0492729
0.0492501
0.0492196
0.0491811
0.0491367
0.0490912
0.0490538
0.0490395
0.0490728
0.0491417
0.0492039
0.0492519
0.0491689
0.0484815
0.0495398
0.0495585
0.0495538
0.0495516
0.0495511
0.0495512
0.0495515
0.049552
0.0495524
0.0495521
0.0495505
0.0495467
0.04954
0.0495297
0.0495157
0.0494984
0.0494787
0.0494567
0.0494316
0.049403
0.049372
0.0493398
0.0493069
0.0492742
0.0492423
0.0492117
0.0491825
0.0491544
0.049127
0.0491003
0.0490747
0.049051
0.0490298
0.0490116
0.0489967
0.048985
0.0489759
0.0489688
0.0489626
0.0489566
0.0489501
0.0489429
0.048936
0.0489322
0.0489374
0.0489623
0.049008
0.0490675
0.0491326
0.0491971
0.0492568
0.0493095
0.0493541
0.0493902
0.0494176
0.0494368
0.0494478
0.04945
0.0494411
0.0494146
0.0493604
0.0492725
0.0491616
0.0490553
0.0489827
0.0489632
0.0490016
0.0490866
0.0491878
0.0492668
0.0493067
0.0493221
0.0493292
0.0493333
0.0493352
0.049335
0.049333
0.0493294
0.049325
0.0493208
0.0493174
0.0493149
0.0493131
0.0493115
0.0493089
0.0493037
0.0492939
0.0492773
0.0492517
0.0492153
0.0491681
0.0491131
0.0490578
0.0490174
0.0490167
0.0490816
0.0491594
0.0492146
0.0491204
0.0484647
0.0495391
0.0495611
0.0495578
0.0495568
0.0495572
0.0495582
0.0495592
0.0495601
0.0495607
0.0495606
0.0495589
0.0495548
0.0495474
0.0495361
0.0495207
0.0495022
0.0494812
0.0494575
0.0494298
0.0493979
0.049363
0.0493265
0.0492894
0.0492526
0.049217
0.0491834
0.0491517
0.0491219
0.049094
0.0490681
0.0490447
0.0490246
0.0490084
0.0489963
0.0489882
0.0489834
0.048981
0.0489799
0.0489788
0.0489764
0.048972
0.0489651
0.0489565
0.048949
0.048949
0.048967
0.0490063
0.0490619
0.0491262
0.0491918
0.0492537
0.0493087
0.0493551
0.0493922
0.0494199
0.0494385
0.0494477
0.0494461
0.04943
0.0493921
0.0493246
0.0492283
0.0491195
0.0490247
0.0489688
0.0489667
0.049019
0.0491097
0.0492062
0.0492746
0.0493071
0.0493199
0.0493263
0.04933
0.0493315
0.0493311
0.0493287
0.0493247
0.0493198
0.0493153
0.049312
0.0493103
0.0493104
0.0493116
0.0493132
0.0493135
0.0493105
0.0493018
0.0492843
0.0492548
0.0492109
0.0491523
0.0490833
0.0490163
0.0489762
0.0490037
0.0490858
0.0491396
0.0490432
0.0484593
0.0495377
0.0495634
0.0495613
0.0495613
0.0495626
0.0495643
0.0495661
0.0495675
0.0495685
0.0495686
0.049567
0.0495628
0.049555
0.0495429
0.0495265
0.0495067
0.0494845
0.049459
0.0494284
0.0493927
0.0493534
0.0493123
0.0492707
0.0492299
0.0491911
0.049155
0.049122
0.0490919
0.049065
0.0490417
0.0490226
0.0490081
0.0489986
0.0489939
0.0489934
0.048996
0.0490005
0.0490055
0.0490096
0.0490115
0.0490103
0.0490057
0.0489984
0.048991
0.0489884
0.0489989
0.0490292
0.0490765
0.0491349
0.0491973
0.0492578
0.0493124
0.0493587
0.0493956
0.0494225
0.0494394
0.0494453
0.0494379
0.0494125
0.0493627
0.049285
0.0491858
0.0490838
0.0490029
0.0489639
0.0489775
0.0490406
0.0491334
0.049223
0.0492816
0.0493082
0.0493189
0.0493243
0.0493274
0.0493284
0.0493275
0.0493246
0.0493199
0.0493141
0.0493086
0.0493047
0.0493031
0.0493041
0.0493075
0.0493124
0.0493176
0.0493211
0.0493207
0.0493133
0.0492949
0.0492613
0.0492085
0.0491356
0.0490487
0.0489672
0.048929
0.0489788
0.0490302
0.0489498
0.048471
0.049536
0.0495654
0.0495645
0.0495652
0.0495672
0.0495696
0.049572
0.049574
0.0495755
0.049576
0.0495748
0.0495708
0.049563
0.0495503
0.049533
0.0495123
0.049489
0.0494616
0.0494279
0.0493879
0.0493439
0.049298
0.049252
0.0492075
0.0491659
0.0491282
0.0490948
0.0490659
0.0490416
0.0490225
0.0490089
0.0490011
0.0489988
0.0490015
0.0490082
0.0490175
0.0490279
0.0490381
0.0490468
0.0490528
0.0490555
0.0490548
0.0490512
0.0490464
0.0490442
0.04905
0.0490719
0.0491096
0.049159
0.0492144
0.0492701
0.0493213
0.0493652
0.0493999
0.0494244
0.0494378
0.0494385
0.0494232
0.0493876
0.0493276
0.0492442
0.0491476
0.0490561
0.0489906
0.0489678
0.0489949
0.0490654
0.0491572
0.0492387
0.0492884
0.04931
0.0493187
0.049323
0.049325
0.0493251
0.0493233
0.0493195
0.049314
0.049307
0.0493
0.0492948
0.0492925
0.0492938
0.0492986
0.0493063
0.0493157
0.0493249
0.0493322
0.0493348
0.0493295
0.0493116
0.0492749
0.0492132
0.0491239
0.0490148
0.0489145
0.0488786
0.0489097
0.0488581
0.0485025
0.049534
0.0495673
0.0495674
0.0495687
0.0495711
0.049574
0.049577
0.0495796
0.0495816
0.0495827
0.049582
0.0495786
0.0495711
0.0495583
0.0495405
0.0495192
0.049495
0.0494658
0.0494288
0.0493844
0.0493355
0.0492848
0.0492345
0.0491866
0.0491429
0.0491044
0.0490716
0.0490448
0.0490242
0.04901
0.0490024
0.049001
0.0490054
0.0490143
0.0490266
0.0490407
0.0490554
0.0490693
0.0490815
0.0490912
0.049098
0.0491018
0.0491033
0.0491034
0.0491044
0.0491098
0.0491261
0.0491551
0.0491949
0.0492412
0.0492892
0.0493344
0.0493732
0.0494034
0.0494232
0.0494309
0.0494242
0.0494001
0.0493553
0.0492889
0.0492054
0.0491162
0.0490379
0.0489882
0.0489803
0.049018
0.0490925
0.0491806
0.0492534
0.0492951
0.0493124
0.049319
0.0493216
0.0493221
0.0493207
0.0493175
0.0493125
0.0493058
0.0492973
0.0492881
0.0492807
0.0492769
0.0492779
0.0492838
0.049294
0.0493073
0.0493217
0.0493355
0.0493467
0.0493532
0.0493518
0.0493374
0.0493018
0.0492351
0.049131
0.048998
0.0488742
0.0488265
0.0487886
0.0485522
0.0495318
0.0495694
0.0495703
0.0495719
0.0495746
0.0495777
0.049581
0.0495842
0.0495868
0.0495884
0.0495885
0.049586
0.0495793
0.0495669
0.049549
0.0495275
0.049503
0.0494723
0.049432
0.049383
0.0493292
0.0492738
0.0492194
0.0491685
0.0491231
0.0490843
0.0490527
0.0490285
0.0490118
0.0490025
0.0490002
0.0490041
0.0490134
0.0490266
0.0490423
0.0490593
0.0490763
0.0490924
0.0491069
0.0491195
0.04913
0.0491385
0.0491456
0.0491517
0.0491581
0.0491668
0.0491807
0.0492037
0.0492349
0.0492718
0.0493107
0.0493475
0.0493789
0.0494021
0.0494148
0.0494149
0.0494001
0.049368
0.0493174
0.04925
0.0491717
0.0490937
0.0490303
0.0489959
0.0490006
0.0490459
0.0491211
0.0492034
0.0492671
0.0493016
0.0493149
0.0493189
0.0493194
0.0493177
0.0493142
0.049309
0.0493022
0.0492937
0.0492825
0.0492697
0.049259
0.0492531
0.0492535
0.0492606
0.0492736
0.049291
0.0493108
0.0493308
0.0493492
0.0493645
0.0493757
0.0493808
0.0493751
0.049349
0.0492884
0.0491805
0.0490288
0.0488758
0.0487883
0.0486261
0.0495295
0.0495717
0.0495733
0.0495751
0.0495778
0.0495809
0.0495842
0.0495878
0.049591
0.0495933
0.0495942
0.0495929
0.0495875
0.0495759
0.0495585
0.0495375
0.0495133
0.0494815
0.0494381
0.0493846
0.0493259
0.0492659
0.0492077
0.0491541
0.0491071
0.0490682
0.0490379
0.0490162
0.0490028
0.0489973
0.0489988
0.0490062
0.0490182
0.0490335
0.0490506
0.0490684
0.049086
0.0491028
0.0491184
0.0491327
0.0491459
0.0491583
0.0491702
0.049182
0.0491942
0.0492075
0.0492226
0.0492424
0.0492672
0.0492956
0.0493252
0.0493527
0.0493751
0.0493897
0.0493943
0.0493867
0.0493651
0.0493286
0.0492774
0.0492146
0.0491463
0.0490821
0.049034
0.0490134
0.0490279
0.0490773
0.0491502
0.049225
0.0492797
0.0493074
0.0493166
0.0493176
0.0493153
0.0493107
0.0493042
0.0492958
0.0492857
0.049274
0.0492575
0.0492391
0.0492244
0.0492164
0.0492169
0.0492258
0.0492422
0.0492644
0.0492902
0.0493171
0.0493427
0.0493654
0.0493845
0.0494007
0.0494142
0.0494227
0.049418
0.0493843
0.0492996
0.0491451
0.0489659
0.0487881
0.0495271
0.0495742
0.0495767
0.0495785
0.049581
0.0495839
0.049587
0.0495905
0.0495942
0.0495972
0.0495991
0.0495992
0.0495953
0.049585
0.0495687
0.049549
0.0495259
0.0494939
0.0494479
0.0493902
0.0493268
0.0492624
0.0492005
0.0491441
0.0490955
0.0490561
0.0490265
0.0490063
0.048995
0.0489916
0.0489951
0.0490038
0.0490166
0.0490318
0.0490484
0.0490654
0.0490821
0.0490981
0.0491134
0.0491281
0.0491423
0.0491566
0.0491713
0.0491866
0.0492027
0.0492197
0.049238
0.0492569
0.0492775
0.0492994
0.0493209
0.0493399
0.0493538
0.0493606
0.0493584
0.0493457
0.0493215
0.0492858
0.0492398
0.0491865
0.0491314
0.0490825
0.049049
0.0490399
0.0490609
0.049111
0.0491788
0.0492448
0.0492904
0.0493115
0.0493163
0.0493136
0.0493074
0.0492988
0.0492871
0.0492726
0.0492565
0.0492393
0.0492134
0.049189
0.0491712
0.0491631
0.0491654
0.0491775
0.049198
0.0492256
0.0492579
0.0492921
0.049326
0.0493566
0.0493827
0.049405
0.0494255
0.0494466
0.0494691
0.0494905
0.0495009
0.0494732
0.0493447
0.049157
0.0495245
0.0495771
0.0495804
0.0495822
0.0495846
0.049587
0.0495897
0.0495929
0.0495964
0.0496
0.049603
0.0496045
0.0496023
0.0495938
0.0495792
0.0495617
0.0495412
0.0495102
0.0494623
0.0494007
0.0493328
0.0492642
0.0491986
0.0491392
0.0490884
0.0490478
0.0490176
0.0489975
0.0489865
0.0489834
0.0489867
0.0489949
0.0490064
0.04902
0.0490346
0.0490494
0.0490639
0.049078
0.0490916
0.049105
0.0491185
0.0491325
0.0491472
0.0491632
0.0491803
0.0491986
0.0492177
0.049237
0.0492555
0.0492734
0.0492896
0.0493027
0.0493111
0.0493134
0.0493085
0.0492955
0.0492741
0.0492447
0.0492087
0.0491686
0.0491288
0.049095
0.0490745
0.0490741
0.0490982
0.0491455
0.0492058
0.0492618
0.0492984
0.0493127
0.0493123
0.0493046
0.0492922
0.049276
0.0492563
0.0492338
0.0492095
0.0491797
0.0491457
0.0491171
0.0490996
0.0490946
0.0491015
0.0491186
0.0491442
0.0491766
0.0492139
0.0492545
0.0492972
0.0493365
0.0493708
0.0493998
0.0494245
0.0494483
0.0494742
0.0495048
0.0495413
0.0495807
0.0496007
0.049556
0.0495215
0.0495803
0.0495844
0.0495863
0.0495883
0.0495905
0.0495928
0.0495957
0.049599
0.0496026
0.0496062
0.0496088
0.0496081
0.0496015
0.0495894
0.0495753
0.0495588
0.0495304
0.049482
0.0494172
0.0493452
0.0492725
0.0492031
0.0491402
0.0490865
0.0490433
0.0490109
0.048989
0.0489763
0.0489714
0.0489727
0.0489785
0.0489873
0.048998
0.0490095
0.0490212
0.0490327
0.049044
0.049055
0.049066
0.0490772
0.049089
0.0491018
0.0491159
0.0491314
0.0491482
0.049166
0.0491847
0.049202
0.0492181
0.0492321
0.0492432
0.0492504
0.0492531
0.0492505
0.0492424
0.0492288
0.0492102
0.0491875
0.0491627
0.0491385
0.0491189
0.0491091
0.0491142
0.049138
0.0491793
0.0492298
0.049275
0.0493022
0.0493094
0.049302
0.0492859
0.0492646
0.0492392
0.0492098
0.0491772
0.0491423
0.0490992
0.0490622
0.049037
0.0490253
0.0490267
0.0490392
0.0490611
0.0490907
0.0491267
0.0491676
0.0492122
0.0492583
0.0493039
0.0493473
0.0493846
0.049415
0.049442
0.0494685
0.0494974
0.049531
0.04957
0.0496138
0.0496589
0.0495185
0.0495822
0.0495884
0.0495905
0.0495922
0.049594
0.049596
0.0495986
0.0496018
0.0496053
0.049609
0.0496117
0.0496119
0.0496073
0.0495984
0.049589
0.0495784
0.0495549
0.0495076
0.0494406
0.0493652
0.0492887
0.0492154
0.0491486
0.0490907
0.0490434
0.0490071
0.0489812
0.0489646
0.0489559
0.0489532
0.0489551
0.0489599
0.0489667
0.0489744
0.0489825
0.0489906
0.0489987
0.0490067
0.0490148
0.0490233
0.0490323
0.0490423
0.0490534
0.0490659
0.0490799
0.0490952
0.0491118
0.0491285
0.0491443
0.0491587
0.0491712
0.0491812
0.0491883
0.0491923
0.049193
0.0491907
0.0491854
0.0491778
0.0491686
0.0491593
0.0491522
0.0491504
0.0491579
0.049178
0.0492104
0.0492492
0.0492828
0.0493006
0.0492987
0.0492816
0.0492566
0.0492262
0.0491915
0.0491531
0.0491122
0.0490673
0.0490256
0.0489957
0.0489793
0.0489761
0.0489842
0.0490016
0.0490261
0.0490563
0.0490916
0.0491314
0.0491753
0.0492222
0.0492701
0.0493165
0.049359
0.0493965
0.0494289
0.0494577
0.0494864
0.0495173
0.0495518
0.049592
0.0496458
0.049516
0.0495808
0.0495909
0.0495939
0.0495956
0.0495971
0.0495989
0.0496012
0.0496041
0.0496073
0.0496103
0.0496123
0.0496124
0.0496101
0.0496053
0.049602
0.0495993
0.0495835
0.0495398
0.0494723
0.0493942
0.0493146
0.0492377
0.0491666
0.0491037
0.0490508
0.0490085
0.0489764
0.0489536
0.0489388
0.0489303
0.0489266
0.0489264
0.0489284
0.0489318
0.0489359
0.0489406
0.0489455
0.0489506
0.048956
0.0489619
0.0489685
0.0489759
0.0489845
0.0489945
0.049006
0.049019
0.0490337
0.0490499
0.0490663
0.0490826
0.0490985
0.0491136
0.0491276
0.0491405
0.0491521
0.0491625
0.0491714
0.0491788
0.0491845
0.0491885
0.0491915
0.0491952
0.0492022
0.0492156
0.0492367
0.0492619
0.0492858
0.0492892
0.0492758
0.0492514
0.04922
0.0491836
0.0491436
0.0491015
0.0490586
0.0490168
0.0489849
0.0489653
0.0489584
0.0489633
0.0489779
0.0489996
0.049026
0.0490554
0.0490872
0.0491218
0.0491599
0.0492015
0.0492459
0.0492911
0.0493348
0.049375
0.0494109
0.0494434
0.0494742
0.0495058
0.0495391
0.0495784
0.049638
0.0495139
0.0495741
0.0495888
0.0495937
0.049596
0.0495975
0.0495991
0.0496011
0.0496036
0.0496057
0.0496073
0.0496082
0.0496083
0.0496084
0.0496097
0.0496138
0.0496208
0.0496157
0.0495792
0.0495136
0.0494347
0.0493532
0.0492736
0.0491985
0.0491302
0.0490706
0.0490205
0.0489801
0.0489488
0.0489255
0.048909
0.0488978
0.0488909
0.0488869
0.0488851
0.0488847
0.0488855
0.0488871
0.0488894
0.0488925
0.0488963
0.0489011
0.0489069
0.0489141
0.0489227
0.048933
0.0489452
0.0489593
0.0489756
0.0489934
0.0490126
0.0490328
0.0490538
0.0490756
0.0490981
0.0491209
0.0491437
0.0491661
0.0491873
0.0492061
0.0492215
0.0492325
0.0492392
0.0492433
0.0492479
0.0492556
0.0492718
0.0492749
0.0492632
0.0492409
0.0492118
0.0491779
0.0491406
0.0491014
0.049062
0.0490237
0.0489918
0.0489701
0.0489601
0.0489624
0.048976
0.0489985
0.0490266
0.049057
0.0490875
0.0491171
0.0491464
0.0491768
0.0492097
0.0492455
0.0492838
0.049323
0.0493613
0.0493978
0.0494325
0.0494661
0.0494997
0.0495345
0.049575
0.0496376
0.0495123
0.0495603
0.0495762
0.0495827
0.0495857
0.0495876
0.049589
0.0495905
0.0495918
0.0495927
0.0495936
0.0495953
0.0495984
0.0496039
0.0496127
0.0496257
0.0496431
0.0496514
0.049627
0.0495676
0.0494905
0.0494094
0.0493293
0.0492521
0.0491795
0.0491135
0.0490551
0.049005
0.0489631
0.048929
0.0489018
0.0488806
0.0488645
0.0488523
0.0488433
0.0488369
0.0488323
0.0488295
0.048828
0.048828
0.0488293
0.0488321
0.0488365
0.0488427
0.0488509
0.0488612
0.0488739
0.048889
0.0489069
0.0489272
0.0489499
0.0489749
0.0490022
0.0490317
0.0490631
0.0490961
0.0491302
0.0491644
0.0491973
0.0492271
0.0492516
0.0492687
0.0492768
0.0492765
0.0492709
0.0492706
0.0492658
0.0492488
0.0492232
0.0491931
0.0491606
0.0491267
0.0490919
0.0490575
0.0490244
0.0489952
0.0489742
0.0489637
0.0489654
0.0489797
0.0490052
0.0490388
0.0490765
0.0491139
0.0491478
0.0491772
0.0492027
0.0492265
0.0492506
0.0492765
0.0493048
0.0493353
0.0493675
0.0494009
0.0494353
0.0494702
0.0495058
0.0495425
0.0495846
0.0496492
0.0495101
0.0495383
0.0495481
0.0495519
0.0495534
0.049554
0.0495542
0.0495543
0.0495561
0.0495605
0.0495677
0.049578
0.0495914
0.0496079
0.0496273
0.0496492
0.0496732
0.0496947
0.0496882
0.0496423
0.0495711
0.0494935
0.0494173
0.049343
0.0492711
0.0492029
0.0491394
0.0490816
0.0490298
0.0489843
0.0489449
0.0489112
0.0488828
0.0488589
0.048839
0.0488225
0.0488088
0.0487976
0.0487885
0.0487814
0.0487764
0.0487735
0.0487729
0.0487749
0.0487797
0.0487876
0.048799
0.0488141
0.0488332
0.0488564
0.0488829
0.0489128
0.0489461
0.0489825
0.049022
0.049064
0.0491077
0.0491519
0.0491947
0.0492338
0.0492663
0.0492887
0.0492978
0.0492929
0.0492817
0.0492663
0.0492395
0.049204
0.0491657
0.0491281
0.0490926
0.0490593
0.0490282
0.049
0.048977
0.0489629
0.0489592
0.0489671
0.0489874
0.0490198
0.0490622
0.0491111
0.0491614
0.0492076
0.0492458
0.0492743
0.0492947
0.04931
0.0493238
0.0493391
0.0493578
0.0493806
0.0494077
0.0494382
0.0494711
0.0495055
0.0495405
0.0495765
0.0496175
0.0496815
0.0495478
0.0495636
0.0495713
0.0495772
0.0495836
0.049591
0.0495995
0.0496096
0.0496208
0.0496335
0.0496475
0.0496631
0.0496801
0.0496986
0.0497184
0.0497391
0.0497605
0.0497846
0.0497982
0.0497745
0.0497101
0.049636
0.0495708
0.0495123
0.0494569
0.0494037
0.049353
0.0493048
0.0492591
0.0492159
0.0491751
0.0491366
0.0491001
0.0490657
0.0490332
0.0490026
0.0489738
0.0489471
0.0489224
0.0488999
0.0488799
0.0488625
0.0488482
0.048837
0.0488295
0.0488258
0.0488264
0.0488316
0.0488418
0.0488571
0.0488777
0.0489037
0.0489349
0.0489711
0.0490118
0.0490565
0.049104
0.0491527
0.0492005
0.0492447
0.0492816
0.0493067
0.0493151
0.0493074
0.0492906
0.0492622
0.0492221
0.0491773
0.0491352
0.049099
0.0490695
0.0490466
0.0490304
0.0490217
0.0490209
0.0490286
0.0490453
0.0490717
0.0491082
0.049155
0.0492107
0.0492723
0.049335
0.0493927
0.0494404
0.0494761
0.0495013
0.0495197
0.0495347
0.0495489
0.0495634
0.049579
0.0495956
0.0496132
0.0496319
0.0496516
0.0496727
0.0496966
0.0497273
0.0497815
)
;

boundaryField
{
    floor
    {
        type            fixedFluxPressure;
        gradient        uniform 0;
        value           nonuniform List<scalar> 
100
(
0.0491921
0.0492067
0.0492118
0.0492035
0.0491928
0.0491836
0.0491769
0.0491723
0.04917
0.0491713
0.0491692
0.0491637
0.0491598
0.0491573
0.0491559
0.0491558
0.0491574
0.0491611
0.049167
0.0491748
0.0491841
0.0491944
0.0492052
0.049216
0.0492266
0.0492365
0.0492456
0.0492539
0.0492613
0.0492678
0.0492735
0.0492784
0.0492826
0.0492862
0.0492892
0.0492916
0.0492933
0.0492944
0.0492952
0.0492958
0.0492958
0.0492954
0.0492945
0.0492932
0.0492916
0.0492896
0.0492872
0.0492846
0.0492817
0.0492785
0.0492752
0.0492716
0.0492678
0.049264
0.04926
0.0492559
0.0492518
0.0492477
0.0492438
0.0492402
0.0492368
0.0492337
0.0492311
0.0492292
0.0492288
0.0492294
0.0492275
0.0492223
0.0492186
0.049227
0.0492369
0.0492286
0.0492256
0.0492251
0.0492276
0.0492336
0.0492431
0.0492544
0.0492647
0.0492736
0.0492804
0.0492835
0.0492828
0.0492791
0.0492732
0.0492661
0.0492587
0.0492517
0.0492458
0.0492415
0.049239
0.0492386
0.0492402
0.0492436
0.0492488
0.0492554
0.0492634
0.0492727
0.0492832
0.0492954
)
;
    }
    ceiling
    {
        type            fixedFluxPressure;
        gradient        nonuniform List<scalar> 
100
(
1.02559
1.02159
1.01864
1.01622
1.01409
1.01212
1.01021
1.0083
1.00646
1.00466
1.00289
1.00111
0.99929
0.997391
0.99536
0.993125
0.990582
0.987249
0.985435
0.990807
1.0039
1.0183
1.03014
1.0399
1.04844
1.05602
1.06278
1.06882
1.07424
1.07916
1.08364
1.08774
1.09152
1.095
1.0982
1.10114
1.10382
1.10624
1.1084
1.1103
1.11195
1.11334
1.11448
1.11539
1.11609
1.11658
1.11691
1.11708
1.11711
1.11703
1.11687
1.11666
1.11643
1.11623
1.11606
1.11594
1.11588
1.11587
1.11589
1.11593
1.11593
1.11586
1.11563
1.11514
1.11409
1.11324
1.11283
1.1129
1.11338
1.11414
1.11502
1.11585
1.11643
1.11651
1.11588
1.11437
1.11175
1.10778
1.10222
1.09496
1.08607
1.07603
1.06575
1.0564
1.04902
1.04408
1.04131
1.04004
1.03954
1.03926
1.03893
1.0384
1.0376
1.03651
1.03507
1.03321
1.03076
1.02738
1.02217
1.01177
)
;
        value           nonuniform List<scalar> 
100
(
0.0546757
0.0546716
0.0546645
0.0546583
0.054654
0.0546515
0.0546506
0.0546511
0.0546531
0.0546568
0.054662
0.0546686
0.0546766
0.0546856
0.0546952
0.0547047
0.0547135
0.0547209
0.0547253
0.0547285
0.0547296
0.0547275
0.0547215
0.0547118
0.0546991
0.0546839
0.0546669
0.0546489
0.0546303
0.0546117
0.0545933
0.0545753
0.0545577
0.0545407
0.0545242
0.0545083
0.054493
0.0544783
0.0544644
0.0544514
0.0544396
0.0544292
0.0544206
0.054414
0.0544099
0.0544088
0.054411
0.054417
0.0544273
0.0544422
0.0544621
0.054487
0.0545171
0.0545522
0.0545921
0.0546362
0.0546834
0.054732
0.05478
0.0548243
0.0548613
0.054886
0.0548932
0.0548831
0.054861
0.0548284
0.0547862
0.0547418
0.0547021
0.0546697
0.0546446
0.0546258
0.0546126
0.0546043
0.0546003
0.0546004
0.054604
0.0546105
0.0546194
0.0546298
0.054641
0.0546525
0.0546638
0.0546747
0.0546855
0.0546965
0.0547079
0.0547199
0.0547324
0.0547452
0.0547581
0.0547709
0.0547836
0.0547957
0.0548072
0.0548176
0.0548265
0.0548335
0.0548381
0.0548403
)
;
    }
    fixedWalls
    {
        type            fixedFluxPressure;
        gradient        uniform 0;
        value           nonuniform List<scalar> 
100
(
0.0491921
0.049182
0.0491629
0.0491429
0.0491235
0.0491066
0.0490951
0.0490883
0.0490854
0.0490878
0.0490993
0.0491248
0.0491582
0.0491868
0.0492056
0.0492144
0.0492152
0.0492172
0.0492234
0.0492362
0.0492896
0.0494372
0.0495214
0.0495267
0.0495262
0.0495235
0.0495212
0.0495212
0.0495235
0.0495272
0.0495309
0.0495356
0.0495385
0.0495398
0.0495398
0.0495391
0.0495377
0.049536
0.049534
0.0495318
0.0495295
0.0495271
0.0495245
0.0495215
0.0495185
0.049516
0.0495139
0.0495123
0.0495101
0.0495478
0.0492954
0.0492926
0.0492673
0.0492301
0.0491899
0.0491497
0.04911
0.049071
0.0490331
0.0489964
0.0489613
0.0489278
0.048896
0.0488662
0.0488383
0.0488123
0.048788
0.0487653
0.0487439
0.0487237
0.0487043
0.0486857
0.0486676
0.0486499
0.0486324
0.0486152
0.0485983
0.0485817
0.0485655
0.0485499
0.0485348
0.0485197
0.0485025
0.0484815
0.0484647
0.0484593
0.048471
0.0485025
0.0485522
0.0486261
0.0487881
0.049157
0.049556
0.0496589
0.0496458
0.049638
0.0496376
0.0496492
0.0496815
0.0497815
)
;
    }
    frontAndBack
    {
        type            empty;
    }
}


// ************************************************************************* //
