/*--------------------------------*- C++ -*----------------------------------*\
| =========                 |                                                 |
| \\      /  F ield         | OpenFOAM: The Open Source CFD Toolbox           |
|  \\    /   O peration     | Version:  4.1                                   |
|   \\  /    A nd           | Web:      www.OpenFOAM.org                      |
|    \\/     M anipulation  |                                                 |
\*---------------------------------------------------------------------------*/
FoamFile
{
    version     2.0;
    format      ascii;
    class       volScalarField;
    location    "1520";
    object      mag(U);
}
// * * * * * * * * * * * * * * * * * * * * * * * * * * * * * * * * * * * * * //

dimensions      [0 1 -1 0 0 0 0];

internalField   nonuniform List<scalar> 
5000
(
0.0040571
0.00418783
0.00421361
0.0035945
0.00271304
0.00175996
0.00152298
0.00242238
0.00343467
0.00425278
0.00479243
0.00509681
0.00524009
0.00528288
0.00526267
0.00520125
0.00511757
0.00502899
0.00495095
0.00489791
0.00488173
0.00491513
0.00501135
0.00518028
0.00542831
0.00575868
0.00617145
0.00666367
0.00722975
0.00786187
0.00855058
0.00928536
0.0100552
0.0108492
0.011657
0.0124688
0.0132762
0.014072
0.0148502
0.0156059
0.0163357
0.017037
0.017708
0.0183477
0.0189557
0.0195316
0.0200754
0.0205869
0.0210656
0.0215108
0.0219209
0.022294
0.0226272
0.0229171
0.0231599
0.0233511
0.0234869
0.0235644
0.0235851
0.0235489
0.0234546
0.0233019
0.0230912
0.0228235
0.0225006
0.0221253
0.0217015
0.0212342
0.0207288
0.0201911
0.0196273
0.0190428
0.0184428
0.0178314
0.0172119
0.0165859
0.015954
0.0153158
0.0146707
0.0140178
0.013354
0.0126627
0.0118886
0.0108958
0.00940883
0.00781268
0.00273195
0.00427518
0.00644677
0.0067422
0.00647903
0.00617622
0.00579125
0.00527919
0.00457643
0.00360527
0.00252348
0.00202467
0.00188574
0.00257657
0.00531066
0.0028838
0.00294511
0.0027367
0.00238553
0.00224215
0.00258371
0.00267559
0.00292348
0.00337253
0.00375752
0.00400968
0.00415423
0.00422878
0.00426304
0.00427871
0.00428914
0.004307
0.00434304
0.00440692
0.00450921
0.00465621
0.00485436
0.00511128
0.00543411
0.00582836
0.00629708
0.00684029
0.00745472
0.00813414
0.00887001
0.00965223
0.01047
0.0113126
0.0121695
0.0130316
0.0138905
0.0147391
0.015572
0.0163844
0.0171732
0.017936
0.0186714
0.0193785
0.0200573
0.0207077
0.0213302
0.0219252
0.022493
0.0230337
0.023547
0.0240322
0.0244881
0.0249131
0.0253047
0.02566
0.0259748
0.0262437
0.0264566
0.0266038
0.0266773
0.026674
0.026593
0.0264342
0.0261991
0.025891
0.0255147
0.0250764
0.024583
0.0240422
0.0234616
0.0228488
0.0222104
0.0215525
0.0208798
0.0201955
0.0195018
0.0187991
0.0180862
0.0173586
0.016606
0.0158067
0.0149231
0.0139198
0.012886
0.0123415
0.0109093
0.00867353
0.00608131
0.0030486
0.00475074
0.00513519
0.00489158
0.0045691
0.00423074
0.00383057
0.00351187
0.00331582
0.00260453
0.00299
0.00702489
0.00227169
0.00220518
0.00248232
0.00273193
0.00313921
0.00356253
0.00338531
0.00293751
0.00280869
0.00286997
0.00295555
0.00301029
0.00303071
0.00302762
0.00301347
0.00299814
0.00299173
0.00300091
0.00303638
0.0031098
0.00323595
0.00342896
0.00370108
0.0040612
0.0045134
0.00505636
0.00568387
0.00638599
0.00715056
0.00796447
0.00881469
0.00968888
0.0105758
0.0114656
0.0123496
0.0132209
0.0140737
0.0149034
0.0157069
0.0164819
0.017227
0.0179417
0.0186261
0.0192805
0.0199058
0.0205031
0.0210733
0.0216175
0.0221364
0.0226304
0.0230997
0.0235441
0.0239629
0.0243547
0.0247177
0.0250492
0.0253456
0.0256029
0.0258164
0.0259788
0.0260787
0.0261096
0.0260674
0.0259487
0.0257529
0.0254814
0.0251381
0.0247285
0.0242597
0.0237395
0.0231761
0.0225776
0.0219516
0.0213045
0.0206417
0.019967
0.0192824
0.0185871
0.0178776
0.0171476
0.0163924
0.0156214
0.0148926
0.014414
0.0146588
0.0147823
0.014053
0.0124578
0.00954211
0.00597586
0.000866438
0.0032771
0.00381485
0.00399747
0.00422899
0.00460795
0.00495757
0.00423984
0.00218813
0.00836893
0.00232023
0.00181004
0.00239138
0.00311309
0.00383088
0.00427068
0.00399627
0.00310254
0.0023861
0.00201351
0.00184942
0.00176767
0.0017071
0.00164557
0.00157976
0.00151931
0.00147156
0.00145034
0.00147345
0.00156382
0.00174645
0.00203735
0.00244093
0.0029539
0.00356749
0.00426913
0.00504398
0.00587636
0.00675098
0.00765374
0.00857206
0.00949506
0.0104135
0.0113195
0.0122069
0.0130705
0.0139064
0.0147118
0.0154847
0.016224
0.0169294
0.0176011
0.0182398
0.0188466
0.0194227
0.0199697
0.0204888
0.0209816
0.021449
0.021892
0.0223112
0.0227068
0.0230788
0.0234268
0.0237497
0.0240464
0.0243149
0.0245531
0.0247582
0.024929
0.0250582
0.0251361
0.025155
0.0251077
0.0249891
0.0247962
0.0245291
0.0241904
0.0237849
0.0233195
0.022802
0.0222411
0.0216452
0.0210225
0.0203799
0.0197234
0.0190568
0.0183824
0.0177006
0.0170128
0.0163283
0.0156795
0.0151484
0.014917
0.0153527
0.0160942
0.0164171
0.0159846
0.0144557
0.0120626
0.00879725
0.00500193
0.000841823
0.00299576
0.00390068
0.0048873
0.00578914
0.00535572
0.00229053
0.00937374
0.00254547
0.00157702
0.00238106
0.00344416
0.00435662
0.00479325
0.00446761
0.00335244
0.00217698
0.00134898
0.000841142
0.000544897
0.000382102
0.000291768
0.000242001
0.000193239
0.00012212
7.75968e-05
0.000243396
0.000520556
0.000901729
0.00138623
0.0019735
0.00265781
0.00342759
0.00426705
0.00515874
0.00608568
0.00703262
0.00798659
0.00893688
0.00987487
0.0107937
0.0116878
0.0125532
0.0133865
0.0141855
0.0149487
0.0156753
0.0163651
0.0170184
0.017636
0.018219
0.0187688
0.019287
0.0197752
0.0202349
0.0206677
0.0210747
0.0214569
0.0218152
0.0221499
0.0224614
0.0227494
0.0230139
0.0232543
0.0234699
0.0236601
0.0238238
0.0239604
0.0240698
0.0241446
0.0241775
0.0241607
0.0240857
0.0239464
0.0237386
0.0234612
0.0231155
0.0227059
0.0222387
0.0217215
0.0211629
0.0205717
0.0199561
0.0193234
0.0186801
0.0180312
0.0173816
0.0167384
0.0161175
0.0155553
0.0151244
0.014958
0.015321
0.016153
0.0169726
0.0173438
0.0169208
0.0156735
0.0135463
0.0107034
0.00724414
0.00379223
0.00221654
0.0037241
0.00536404
0.006076
0.00612302
0.0101996
0.00286576
0.00145356
0.00238263
0.00368888
0.00474437
0.00518748
0.00477441
0.00362275
0.00222569
0.00117425
0.000650461
0.000612252
0.000772051
0.000906883
0.000970568
0.000964199
0.000899013
0.000792682
0.000707111
0.000764202
0.00106363
0.00157269
0.00223884
0.00302297
0.00389396
0.00482437
0.00579044
0.00677256
0.00775523
0.00872664
0.00967804
0.0106031
0.0114972
0.0123573
0.0131811
0.0139672
0.0147149
0.0154237
0.0160939
0.0167258
0.0173204
0.0178789
0.0184024
0.0188926
0.0193511
0.0197795
0.0201792
0.0205519
0.0208985
0.0212201
0.0215174
0.0217909
0.0220408
0.0222672
0.0224702
0.0226497
0.0228057
0.0229383
0.0230476
0.023134
0.0231989
0.0232398
0.0232526
0.0232312
0.0231677
0.0230545
0.0228849
0.0226545
0.0223611
0.0220058
0.021592
0.0211256
0.0206139
0.0200654
0.0194884
0.0188915
0.0182825
0.0176689
0.0170588
0.0164626
0.0158982
0.0153983
0.0150198
0.0148538
0.0150721
0.0157371
0.0166353
0.0174341
0.0177865
0.0174848
0.016392
0.0145287
0.0119595
0.00903142
0.00627879
0.00141919
0.00352951
0.00553995
0.00754152
0.0109301
0.00326402
0.0014459
0.00236775
0.0038476
0.00502437
0.00549313
0.00502688
0.0038016
0.00241765
0.00151123
0.0012887
0.00139951
0.0015248
0.00157432
0.00155289
0.00147308
0.00135363
0.00122528
0.00114303
0.00120769
0.00152909
0.00210603
0.0028626
0.00374494
0.00470543
0.00570814
0.00672592
0.00773873
0.00873234
0.00969707
0.0106267
0.0115176
0.0123677
0.0131763
0.0139431
0.0146687
0.0153535
0.0159985
0.0166047
0.017173
0.0177048
0.0182013
0.0186641
0.0190945
0.0194941
0.0198644
0.0202068
0.0205223
0.0208121
0.021077
0.0213173
0.0215336
0.021726
0.0218947
0.0220397
0.0221612
0.0222597
0.0223357
0.0223899
0.0224234
0.0224378
0.0224331
0.0224084
0.0223605
0.0222841
0.0221728
0.0220195
0.0218181
0.0215641
0.0212553
0.0208923
0.0204783
0.0200187
0.0195206
0.018992
0.0184414
0.0178774
0.0173089
0.0167456
0.0161995
0.0156881
0.0152386
0.0148929
0.0147112
0.0147953
0.0152287
0.015976
0.0168756
0.0176581
0.0180525
0.0178244
0.0168387
0.0150732
0.0126903
0.00997556
0.00724308
0.00373604
0.00419735
0.00755712
0.0116058
0.00372916
0.00156445
0.00233347
0.00393344
0.00522508
0.00574038
0.00525272
0.00398775
0.00263165
0.00187593
0.00175547
0.00183617
0.00188234
0.00186125
0.00178728
0.00168252
0.0015666
0.00146618
0.00143739
0.00159981
0.00207496
0.00280562
0.00369252
0.00468357
0.00572757
0.00678811
0.00783914
0.00886265
0.0098469
0.0107851
0.0116739
0.0125127
0.0133023
0.0140443
0.0147409
0.0153943
0.0160065
0.0165796
0.0171154
0.0176154
0.0180812
0.0185143
0.0189161
0.0192878
0.0196307
0.0199461
0.0202349
0.020498
0.020736
0.0209495
0.0211386
0.0213035
0.0214443
0.021561
0.0216537
0.0217228
0.0217689
0.021793
0.0217962
0.0217802
0.0217459
0.021695
0.0216281
0.0215446
0.0214423
0.0213171
0.0211635
0.0209752
0.0207468
0.020474
0.0201549
0.0197901
0.0193827
0.0189379
0.0184626
0.0179646
0.0174524
0.0169354
0.0164236
0.0159293
0.0154682
0.015062
0.014741
0.0145436
0.0145276
0.0147594
0.0152807
0.0160723
0.0169973
0.017812
0.0182206
0.0179672
0.0169075
0.0150596
0.0125945
0.0097862
0.00688988
0.00406722
0.00585553
0.0122551
0.00425698
0.00181436
0.00229393
0.00396385
0.00537168
0.005956
0.00547316
0.00417799
0.00282675
0.00212905
0.00200819
0.00203178
0.00202142
0.00196583
0.00188414
0.0017918
0.00169999
0.00163579
0.00168934
0.00203244
0.00275372
0.00365816
0.00467926
0.00576826
0.00687937
0.00797956
0.00904536
0.0100612
0.0110181
0.0119122
0.0127434
0.0135143
0.0142286
0.0148906
0.0155049
0.0160755
0.0166062
0.0171001
0.0175597
0.0179874
0.0183848
0.0187534
0.0190946
0.0194092
0.0196983
0.0199626
0.0202025
0.0204186
0.0206109
0.0207795
0.0209241
0.0210446
0.0211407
0.0212124
0.0212597
0.021283
0.0212832
0.0212616
0.0212196
0.0211597
0.0210816
0.0209882
0.020881
0.0207612
0.0206291
0.0204829
0.0203194
0.0201335
0.0199199
0.0196735
0.0193904
0.0190693
0.0187109
0.0183184
0.017897
0.0174536
0.0169958
0.0165326
0.0160738
0.0156305
0.0152164
0.0148483
0.0145476
0.0143387
0.0142539
0.0143376
0.0146482
0.0152452
0.0161173
0.0171108
0.0179321
0.0182465
0.0177948
0.016475
0.0143569
0.0116338
0.00854362
0.00508127
0.00369046
0.0129006
0.00484592
0.00218716
0.00227384
0.0039547
0.00548213
0.0061581
0.0057028
0.00437961
0.00299998
0.00230175
0.00215138
0.0021303
0.00209296
0.00203236
0.00195829
0.0018748
0.00179104
0.00176776
0.00198042
0.00262837
0.00359915
0.00464702
0.00577755
0.00694126
0.00809885
0.00922018
0.0102834
0.0112749
0.0121881
0.0130221
0.0137804
0.0144688
0.0150941
0.0156638
0.0161846
0.0166629
0.0171038
0.0175118
0.0178902
0.0182418
0.0185685
0.0188719
0.0191529
0.0194123
0.0196504
0.0198675
0.0200635
0.0202382
0.0203911
0.0205216
0.020629
0.0207127
0.0207719
0.0208063
0.0208159
0.020801
0.0207628
0.0207026
0.0206225
0.0205251
0.0204093
0.0202789
0.0201363
0.0199838
0.0198235
0.0196559
0.0194795
0.0192911
0.0190861
0.0188593
0.0186059
0.0183228
0.018009
0.0176657
0.0172963
0.0169063
0.0165023
0.0160923
0.0156849
0.0152901
0.0149191
0.0145846
0.0143013
0.0140848
0.0139532
0.0139345
0.0140809
0.0144789
0.0152011
0.0162013
0.0172461
0.0179736
0.0180364
0.0172265
0.0155208
0.0130517
0.0100318
0.00655484
0.00263881
0.0135573
0.00548981
0.00265866
0.00230178
0.00391546
0.00556384
0.00635278
0.00594488
0.00459352
0.00315958
0.00243772
0.00226087
0.00221734
0.00217182
0.0021096
0.00202745
0.00192285
0.00183316
0.00191973
0.00245015
0.00347297
0.00457217
0.00573341
0.00694106
0.00815514
0.00933974
0.0104652
0.0115099
0.0124614
0.0133154
0.0140743
0.0147452
0.0153374
0.0158613
0.0163273
0.0167448
0.0171221
0.0174661
0.0177822
0.0180749
0.0183471
0.0186012
0.0188385
0.0190597
0.0192653
0.019455
0.0196283
0.0197847
0.019923
0.0200422
0.0201411
0.0202183
0.0202724
0.0203025
0.0203078
0.0202879
0.0202432
0.0201747
0.0200839
0.0199736
0.0198454
0.0196985
0.0195377
0.0193666
0.0191877
0.0190046
0.0188193
0.0186321
0.0184414
0.0182434
0.0180333
0.0178059
0.0175569
0.0172837
0.0169859
0.0166654
0.0163259
0.0159731
0.0156136
0.0152547
0.0149049
0.0145729
0.0142681
0.0140004
0.0137791
0.0136149
0.0135252
0.0135523
0.0137832
0.0143317
0.0152426
0.0163733
0.0173849
0.017877
0.0175536
0.0163107
0.0142307
0.0115217
0.00834709
0.00472151
0.0142315
0.00617589
0.00320562
0.002391
0.00384042
0.00561109
0.00653339
0.00619092
0.00481081
0.00330284
0.00255454
0.0023678
0.00231606
0.00226462
0.00218445
0.00206203
0.001914
0.00186548
0.00224438
0.00325729
0.00445824
0.0056418
0.00687521
0.00813127
0.0093744
0.0105685
0.011682
0.0126927
0.0135887
0.0143685
0.0150378
0.0156077
0.0160914
0.0165029
0.0168556
0.0171616
0.017431
0.0176723
0.0178921
0.0180955
0.0182859
0.0184658
0.0186364
0.0187981
0.0189507
0.0190936
0.0192256
0.0193453
0.0194511
0.0195411
0.0196134
0.0196661
0.0196973
0.0197054
0.0196892
0.0196479
0.0195818
0.0194915
0.0193789
0.0192472
0.019094
0.018925
0.0187427
0.0185505
0.0183531
0.0181546
0.0179584
0.0177661
0.0175771
0.0173885
0.0171959
0.0169938
0.0167771
0.016542
0.0162867
0.0160118
0.0157197
0.0154147
0.0151022
0.0147884
0.0144798
0.0141833
0.0139052
0.0136517
0.0134283
0.0132405
0.0131001
0.0130408
0.013142
0.0135322
0.0143187
0.015453
0.0166549
0.0175074
0.0176473
0.0169009
0.0153086
0.013077
0.0104138
0.00723934
0.0149209
0.00688357
0.00379477
0.00252665
0.00370623
0.00560586
0.00668183
0.00642168
0.00501277
0.00341312
0.00264409
0.00246485
0.0024131
0.00234528
0.00222207
0.00204048
0.00188537
0.00203836
0.00293373
0.0043081
0.00552002
0.00676363
0.00803745
0.00931854
0.010572
0.0117589
0.0128446
0.0138054
0.0146306
0.0153213
0.0158874
0.0163441
0.0167089
0.0169993
0.0172317
0.0174204
0.0175776
0.017713
0.0178341
0.0179465
0.018054
0.018159
0.0182624
0.0183645
0.0184646
0.0185613
0.0186529
0.0187374
0.0188124
0.0188756
0.0189245
0.0189565
0.0189695
0.0189611
0.0189299
0.0188746
0.0187949
0.0186915
0.018566
0.0184214
0.0182535
0.01807
0.0178743
0.0176704
0.0174638
0.0172594
0.0170616
0.0168726
0.0166927
0.0165194
0.0163483
0.0161736
0.0159898
0.015792
0.0155774
0.0153455
0.0150977
0.0148372
0.0145684
0.0142961
0.0140256
0.0137616
0.0135083
0.013269
0.0130458
0.0128412
0.012663
0.0125391
0.0125414
0.0128013
0.0134654
0.0145676
0.015903
0.0170662
0.0176472
0.0174117
0.0163594
0.0146849
0.012594
0.00983528
0.0156149
0.00758347
0.00438678
0.00268784
0.00348285
0.00552507
0.0067724
0.00660971
0.00517367
0.00346496
0.00268567
0.00252965
0.00247816
0.0023795
0.00220171
0.00199561
0.00198149
0.0025569
0.00403995
0.00537517
0.00663337
0.00790436
0.009193
0.010479
0.0117253
0.0128883
0.0139296
0.0148243
0.0155633
0.016151
0.0166019
0.0169357
0.0171739
0.0173378
0.0174463
0.0175159
0.0175601
0.0175894
0.0176122
0.0176341
0.0176591
0.0176895
0.0177259
0.0177683
0.0178153
0.0178652
0.0179157
0.0179643
0.0180082
0.0180445
0.0180706
0.0180835
0.0180805
0.0180593
0.0180177
0.0179542
0.0178679
0.0177591
0.0176296
0.0174788
0.0173058
0.017118
0.0169196
0.0167147
0.0165098
0.0163108
0.0161224
0.0159475
0.0157863
0.0156365
0.0154934
0.0153507
0.0152023
0.0150427
0.0148683
0.0146778
0.0144719
0.0142531
0.0140249
0.0137913
0.0135563
0.013323
0.0130936
0.0128691
0.0126491
0.0124333
0.0122267
0.0120526
0.0119776
0.0121338
0.0126946
0.0137606
0.0152036
0.016645
0.0176428
0.0179094
0.0174008
0.0162806
0.014706
0.0122221
0.0162963
0.00824047
0.00494153
0.0028541
0.00313518
0.00534882
0.00677767
0.00672329
0.0052647
0.00342991
0.00265638
0.00253783
0.00248319
0.00234744
0.00214289
0.00203748
0.00239052
0.00357222
0.00518194
0.00649337
0.00776377
0.00903602
0.0103185
0.0115914
0.0128133
0.0139352
0.0149152
0.0157276
0.0163657
0.0168381
0.0171641
0.0173684
0.0174765
0.0175128
0.0174983
0.0174511
0.0173853
0.0173122
0.01724
0.0171744
0.0171192
0.0170764
0.0170464
0.0170287
0.0170215
0.0170228
0.0170299
0.0170399
0.01705
0.0170571
0.0170585
0.0170512
0.0170324
0.0169994
0.01695
0.0168821
0.0167944
0.0166865
0.0165606
0.0164096
0.0162426
0.0160616
0.015871
0.0156768
0.0154862
0.0153054
0.0151393
0.0149909
0.01486
0.0147439
0.014637
0.0145325
0.0144236
0.0143042
0.0141705
0.0140207
0.0138551
0.0136757
0.0134858
0.0132885
0.013087
0.0128833
0.012678
0.0124699
0.0122566
0.0120353
0.0118079
0.0115944
0.0114572
0.0115305
0.0120105
0.0130534
0.0145987
0.0162975
0.0176834
0.0184207
0.01842
0.0177992
0.0166418
0.0142951
0.0169436
0.00881811
0.00540801
0.00298968
0.00262614
0.00507383
0.00667655
0.00673087
0.00525596
0.00327945
0.0025395
0.00247386
0.00241519
0.00225903
0.00211852
0.00230796
0.00319334
0.00485379
0.00631611
0.00762608
0.00888294
0.0101344
0.0113925
0.0126354
0.013816
0.0148795
0.015781
0.0164954
0.0170192
0.0173664
0.0175617
0.0176341
0.0176132
0.0175256
0.0173939
0.0172367
0.0170684
0.0168999
0.016739
0.0165911
0.0164595
0.0163458
0.0162503
0.0161718
0.0161088
0.0160587
0.0160188
0.0159863
0.0159584
0.0159322
0.0159051
0.0158744
0.0158375
0.0157918
0.0157347
0.015664
0.015578
0.0154759
0.0153587
0.0152181
0.0150643
0.0148995
0.0147283
0.0145577
0.0143949
0.0142463
0.0141168
0.0140086
0.0139208
0.0138493
0.0137877
0.0137282
0.0136634
0.0135871
0.0134951
0.0133857
0.0132592
0.0131176
0.012964
0.0128013
0.0126321
0.0124575
0.012277
0.0120877
0.0118852
0.0116642
0.011424
0.0111805
0.0109931
0.0109993
0.0114186
0.0124569
0.0141095
0.0160497
0.0177885
0.018948
0.0193959
0.0191993
0.0183608
0.016051
0.0175308
0.00928761
0.00572769
0.00303935
0.00195249
0.0047362
0.00646657
0.00660375
0.00511636
0.00298395
0.00233264
0.00233919
0.00228462
0.00216244
0.00223633
0.00287671
0.00438832
0.00606595
0.0074708
0.00874852
0.00996737
0.0111783
0.0123955
0.0135925
0.0147151
0.0157028
0.0165089
0.0171106
0.0175094
0.0177251
0.0177878
0.0177312
0.0175875
0.017385
0.0171465
0.0168904
0.0166303
0.0163762
0.016135
0.0159114
0.0157082
0.0155265
0.0153664
0.0152268
0.0151059
0.0150015
0.0149109
0.0148316
0.0147611
0.0146969
0.0146369
0.0145787
0.0145201
0.0144585
0.0143916
0.0143172
0.0142332
0.014139
0.0140332
0.0139091
0.0137767
0.0136384
0.0134986
0.0133648
0.0132443
0.013143
0.0130651
0.0130114
0.0129795
0.0129637
0.0129561
0.0129482
0.012932
0.0129013
0.012852
0.0127828
0.0126944
0.0125892
0.0124703
0.0123408
0.012203
0.0120576
0.0119031
0.0117355
0.0115484
0.0113344
0.0110897
0.0108265
0.0106006
0.0105531
0.010928
0.0119785
0.0137442
0.0159083
0.0179581
0.0194815
0.0203094
0.0204597
0.0198561
0.0175156
0.0180212
0.00963726
0.00585097
0.00283385
0.00135459
0.00444109
0.00617534
0.00632843
0.00481098
0.00251652
0.00206476
0.00215833
0.00212693
0.00213784
0.00257307
0.0037453
0.00567991
0.00725781
0.00861757
0.00983732
0.0109955
0.012149
0.0133107
0.0144468
0.0154948
0.0163894
0.0170842
0.0175607
0.0178269
0.0179089
0.0178425
0.0176648
0.0174099
0.017106
0.0167752
0.0164343
0.0160954
0.015767
0.0154548
0.0151626
0.0148927
0.0146461
0.0144229
0.0142221
0.0140422
0.0138813
0.0137373
0.0136081
0.0134916
0.0133859
0.0132891
0.0131994
0.0131147
0.013033
0.0129522
0.0128703
0.0127857
0.0126982
0.0126036
0.0125006
0.0123964
0.0122935
0.0121967
0.0121135
0.0120501
0.0120117
0.0120003
0.0120149
0.0120508
0.0121002
0.0121539
0.0122027
0.0122382
0.0122545
0.0122483
0.0122188
0.0121675
0.0120973
0.0120117
0.0119144
0.0118075
0.0116917
0.0115648
0.0114219
0.0112553
0.0110555
0.010816
0.0105449
0.010294
0.0102068
0.0105502
0.0116237
0.013502
0.015866
0.0181794
0.0200046
0.0211445
0.0215716
0.021135
0.0187237
0.018314
0.00995248
0.00576874
0.00227474
0.00155877
0.00435807
0.00586694
0.00592036
0.00430397
0.00189209
0.00182957
0.00197883
0.00199566
0.00226348
0.00312174
0.00489792
0.00688689
0.00843334
0.00972974
0.0108693
0.0119484
0.013031
0.0141249
0.0151861
0.016143
0.0169276
0.0174965
0.0178382
0.0179683
0.0179198
0.0177331
0.0174476
0.0170973
0.016709
0.0163025
0.0158923
0.0154882
0.0150967
0.0147225
0.0143685
0.014037
0.0137289
0.0134448
0.013184
0.0129457
0.0127285
0.012531
0.0123514
0.012188
0.0120394
0.0119037
0.0117794
0.0116646
0.0115577
0.0114569
0.0113612
0.0112699
0.0111847
0.0110983
0.011019
0.0109478
0.0108882
0.0108458
0.0108266
0.0108353
0.0108745
0.0109435
0.0110381
0.0111511
0.0112725
0.0113921
0.0114998
0.0115881
0.0116514
0.0116875
0.0116966
0.011681
0.0116443
0.011591
0.0115249
0.0114488
0.0113631
0.0112657
0.011151
0.0110104
0.0108328
0.0106091
0.0103438
0.010084
0.00997289
0.0102963
0.0113954
0.0133745
0.015906
0.0184321
0.020499
0.0218894
0.022534
0.0222134
0.0197135
0.0180957
0.0101539
0.00561965
0.00229247
0.00263665
0.00469579
0.00571476
0.00540567
0.00359831
0.0013202
0.00178834
0.00184341
0.0019534
0.00257977
0.00384658
0.00612076
0.00805846
0.00957483
0.010786
0.0118252
0.012812
0.0138142
0.0148302
0.0158024
0.0166516
0.01731
0.0177408
0.0179419
0.0179376
0.0177674
0.0174745
0.0170986
0.0166719
0.0162177
0.0157526
0.0152878
0.014831
0.0143867
0.0139584
0.0135491
0.0131612
0.0127961
0.0124549
0.0121377
0.0118442
0.0115737
0.0113255
0.0110981
0.01089
0.0106996
0.010525
0.0103644
0.010216
0.0100781
0.00994977
0.00983144
0.00972469
0.0096333
0.00955328
0.00949493
0.00945991
0.00945202
0.00947568
0.00953423
0.00962902
0.00975876
0.00991891
0.0101017
0.0102969
0.0104929
0.0106787
0.0108447
0.0109839
0.0110923
0.0111686
0.0112142
0.0112326
0.0112283
0.0112063
0.011171
0.0111256
0.0110711
0.0110052
0.0109225
0.0108135
0.0106664
0.01047
0.0102256
0.00997507
0.00985843
0.010172
0.011291
0.0133469
0.0160053
0.0186927
0.0209473
0.0225367
0.0233523
0.023113
0.0205253
0.0171796
0.0100009
0.00561548
0.00341487
0.00418016
0.00537985
0.00570032
0.00484459
0.00249156
0.00177515
0.00183955
0.00177331
0.00205182
0.00307134
0.00475577
0.00726506
0.0091962
0.0106623
0.0117682
0.0126923
0.0135791
0.0144952
0.0154237
0.0162924
0.0170169
0.0175343
0.0178184
0.0178782
0.0177469
0.0174689
0.0170883
0.0166423
0.0161591
0.0156571
0.0151487
0.0146423
0.0141431
0.0136545
0.0131796
0.0127216
0.0122836
0.0118677
0.0114755
0.0111078
0.0107651
0.0104474
0.010154
0.00988399
0.00963544
0.00940627
0.00919416
0.0089966
0.00881112
0.00863601
0.00847136
0.00831978
0.00818653
0.0080797
0.00800031
0.00796239
0.0079684
0.00802166
0.00812361
0.00827289
0.0084656
0.00869514
0.00895223
0.00922541
0.00950209
0.0097699
0.0100179
0.0102376
0.0104234
0.0105728
0.010686
0.0107657
0.0108163
0.0108431
0.0108517
0.0108472
0.0108331
0.010811
0.0107791
0.0107321
0.0106607
0.0105526
0.0103952
0.010187
0.00996472
0.00986176
0.0101749
0.0113009
0.0133992
0.0161384
0.0189385
0.0213353
0.0230837
0.0240368
0.0238586
0.0211976
0.015458
0.00937869
0.00597172
0.00516879
0.0057924
0.00611799
0.00563777
0.00400552
0.000356488
0.00228749
0.0019512
0.00175631
0.00230658
0.00369168
0.00574812
0.00834007
0.010292
0.0116845
0.0126657
0.0134655
0.0142502
0.0150766
0.0159073
0.0166563
0.0172394
0.0176037
0.0177372
0.017661
0.0174161
0.0170493
0.016602
0.0161066
0.0155854
0.015051
0.0145119
0.0139741
0.0134413
0.0129161
0.0124019
0.0119029
0.0114228
0.0109644
0.0105297
0.01012
0.00973628
0.00937885
0.00904739
0.00874057
0.00845621
0.00819156
0.00794342
0.00770818
0.00748229
0.00726368
0.00705356
0.00685774
0.00668683
0.00655537
0.00647274
0.00645808
0.0065137
0.00664019
0.00683321
0.00708418
0.00738209
0.0077142
0.00806659
0.00842499
0.00877575
0.00910682
0.00940852
0.0096741
0.00989981
0.0100848
0.0102309
0.0103418
0.0104227
0.0104796
0.0105185
0.010545
0.0105632
0.0105752
0.0105799
0.0105729
0.0105452
0.0104844
0.0103772
0.0102195
0.010043
0.00997162
0.0102922
0.0114086
0.0135085
0.0162807
0.0191501
0.021654
0.0235329
0.0246016
0.0244761
0.0217645
0.0129032
0.00845244
0.00675687
0.00688379
0.00700976
0.00642607
0.00516529
0.00114681
0.00251255
0.00270334
0.00210695
0.00183376
0.00271188
0.00440466
0.00673273
0.00935393
0.0113335
0.0126341
0.0134748
0.0141476
0.014832
0.0155652
0.0162854
0.0168972
0.0173237
0.0175274
0.0175128
0.0173126
0.0169727
0.0165388
0.0160462
0.0155203
0.0149764
0.0144215
0.0138611
0.0133
0.0127415
0.0121875
0.0116426
0.0111121
0.0106002
0.0101098
0.00964296
0.00920114
0.00878535
0.00839608
0.00803286
0.00769404
0.00737703
0.00707859
0.00679464
0.00652019
0.00625027
0.00598229
0.00571882
0.00546964
0.00525255
0.00509107
0.00500727
0.00502468
0.00514331
0.00535742
0.00565288
0.00601132
0.00641377
0.00684189
0.00727872
0.00770907
0.00811995
0.00850093
0.00884445
0.0091459
0.00940351
0.0096181
0.00979262
0.0099317
0.0100411
0.0101271
0.0101962
0.0102543
0.010306
0.0103542
0.0103988
0.0104363
0.0104584
0.0104528
0.0104054
0.0103102
0.0101937
0.0101682
0.0105023
0.0115918
0.0136522
0.0164113
0.019314
0.0218996
0.0238908
0.0250629
0.0249895
0.0222531
0.0095174
0.00748152
0.00748186
0.00769114
0.00705422
0.00532406
0.00185024
0.0027044
0.00340395
0.00298474
0.00218497
0.00200193
0.00323344
0.00517153
0.00765808
0.0103118
0.0123198
0.0135092
0.014198
0.0147467
0.0153349
0.0159687
0.0165628
0.01702
0.0172786
0.0173208
0.0171681
0.0168621
0.0164495
0.0159708
0.015452
0.0149103
0.014355
0.0137879
0.0132136
0.0126368
0.0120608
0.0114874
0.0109224
0.0103722
0.00984068
0.00933045
0.00884315
0.00837983
0.00794118
0.00752733
0.00713741
0.00676948
0.00642076
0.00608785
0.00576607
0.00544919
0.00513094
0.00480832
0.00448545
0.00417689
0.003909
0.00371916
0.00364367
0.00370899
0.00390953
0.00422638
0.00463052
0.00509266
0.00558744
0.00609393
0.00659509
0.00707719
0.00752949
0.00794409
0.00831584
0.00864229
0.00892341
0.00916131
0.00935982
0.00952409
0.00966013
0.00977447
0.00987373
0.00996418
0.0100512
0.0101385
0.0102271
0.0103141
0.0103919
0.0104481
0.010468
0.0104435
0.0103961
0.0104258
0.0107769
0.011825
0.0138095
0.0165154
0.0194228
0.0220736
0.024167
0.0254368
0.025419
0.0226817
0.00495747
0.00603663
0.00672688
0.00610572
0.00430421
0.00254364
0.0031671
0.0039625
0.00388586
0.00312918
0.00219563
0.00226279
0.00382425
0.00594749
0.00850458
0.01122
0.0132546
0.014311
0.0148416
0.0152736
0.0157687
0.0162931
0.0167436
0.0170316
0.0171177
0.0170058
0.0167327
0.0163437
0.0158817
0.0153781
0.0148475
0.0143005
0.0137414
0.0131685
0.0125872
0.012003
0.0114195
0.0108383
0.0102661
0.00971012
0.00917319
0.00865687
0.00816204
0.00768895
0.00723743
0.00680686
0.00639572
0.00600173
0.00562203
0.00525328
0.00489047
0.00452676
0.00415497
0.00377167
0.00338179
0.00300524
0.00267941
0.00246386
0.00241255
0.00255306
0.0028631
0.00329588
0.00380413
0.004352
0.00491388
0.0054712
0.00601006
0.00652001
0.00699333
0.00742475
0.00781132
0.00815232
0.00844901
0.0087043
0.00892251
0.009109
0.00926988
0.00941179
0.00954159
0.009666
0.00979106
0.00992127
0.0100583
0.0102
0.0103385
0.0104612
0.0105524
0.0106022
0.0106275
0.010716
0.0110853
0.0120823
0.0139638
0.0165847
0.0194759
0.0221823
0.0243731
0.0257378
0.0257785
0.0230589
0.00200926
0.00407617
0.00476168
0.00411378
0.00329539
0.00369779
0.00454306
0.0046846
0.00417315
0.00317068
0.00217903
0.00259933
0.00443512
0.00669256
0.00927888
0.0120845
0.0141403
0.0150411
0.0154126
0.0157382
0.0161397
0.016541
0.0168313
0.0169416
0.0168598
0.01661
0.0162402
0.0157929
0.0153025
0.0147894
0.0142565
0.013711
0.013154
0.0125815
0.0120015
0.0114203
0.0108416
0.0102666
0.00970245
0.00915683
0.00863033
0.00812351
0.00763626
0.00716776
0.0067167
0.00628137
0.00585945
0.00544818
0.00504433
0.00464437
0.00424313
0.00383378
0.00340845
0.00296139
0.00249242
0.00201837
0.00159153
0.00132101
0.00131118
0.0015895
0.00205244
0.00260349
0.00319216
0.00379175
0.00438537
0.00496095
0.00550923
0.0060235
0.00649879
0.00693191
0.00732146
0.00766785
0.00797307
0.00824047
0.00847453
0.00868068
0.00886509
0.00903455
0.00919619
0.00935715
0.00952397
0.00970153
0.00989175
0.0100921
0.0102944
0.0104849
0.010647
0.0107694
0.0108654
0.0110111
0.0113979
0.0123394
0.0141025
0.0166171
0.0194786
0.0222356
0.0245213
0.0259772
0.0260749
0.0233838
0.00298467
0.00232137
0.00337451
0.00373854
0.00429734
0.00502756
0.00540139
0.00513753
0.00432812
0.00312371
0.00216523
0.00298112
0.00502268
0.00738086
0.00999966
0.0129064
0.0149748
0.0156994
0.0159173
0.0161468
0.0164496
0.016712
0.0168303
0.0167635
0.0165284
0.0161647
0.015725
0.0152423
0.0147399
0.0142275
0.0136981
0.0131594
0.0126104
0.0120466
0.0114787
0.0109133
0.0103536
0.00980102
0.00926091
0.00874323
0.00824459
0.00776497
0.00730339
0.00685808
0.00642666
0.00600639
0.0055942
0.00518681
0.00478056
0.00437153
0.00395507
0.00352506
0.00307423
0.00259519
0.00207891
0.00150546
0.000898793
0.000305534
0.00039979
0.000981343
0.00158944
0.00220129
0.00280951
0.00340862
0.00399117
0.00455104
0.00508211
0.00557986
0.00604089
0.00646309
0.00684571
0.00718983
0.00749775
0.00777293
0.00801989
0.00824409
0.00845176
0.00864984
0.00884565
0.00904649
0.0092589
0.00948755
0.00973377
0.00999409
0.0102592
0.0105143
0.0107419
0.0109299
0.0110893
0.0112867
0.0116888
0.0125759
0.0142174
0.0166165
0.0194413
0.0222464
0.0246227
0.0261612
0.0263063
0.0236467
0.00417364
0.0012378
0.00331295
0.00447837
0.00533806
0.00588625
0.00594058
0.00540817
0.00436901
0.0029999
0.00216521
0.00336595
0.00555486
0.00800053
0.010681
0.0136836
0.0157507
0.0162847
0.0163598
0.0165007
0.0166951
0.0168048
0.016747
0.0165148
0.0161501
0.0157008
0.0152173
0.0147173
0.0142143
0.0137089
0.0131877
0.0126619
0.0121288
0.0115839
0.0110406
0.0105055
0.00998021
0.00946676
0.0089664
0.00849482
0.00804297
0.00761044
0.00719554
0.00679578
0.00640818
0.00602952
0.00565641
0.00528539
0.00491303
0.00453592
0.00415078
0.00375353
0.00334061
0.00290965
0.00246043
0.0019962
0.00153952
0.00116555
0.00105116
0.00130178
0.00171376
0.00220114
0.00271662
0.00324066
0.00376221
0.00427026
0.00475425
0.00521263
0.00564209
0.00604017
0.00640622
0.00674098
0.00704636
0.00732564
0.00758326
0.00782455
0.00805567
0.00828355
0.00851536
0.00875805
0.00901757
0.00929765
0.00959837
0.00991479
0.0102362
0.0105469
0.0108292
0.0110713
0.011283
0.0115234
0.0119383
0.0127767
0.0143055
0.016592
0.0193793
0.0222292
0.0246859
0.0262894
0.0264625
0.0238319
0.00485716
0.00103708
0.00381126
0.00517295
0.00603183
0.00642512
0.00627355
0.00554433
0.0043123
0.0028062
0.00217827
0.00371573
0.00601314
0.0085463
0.0113283
0.014405
0.0164575
0.0167943
0.0167411
0.0167963
0.0168702
0.0168189
0.0165916
0.0162159
0.0157509
0.0152449
0.0147394
0.0142351
0.0137389
0.0132452
0.0127378
0.012233
0.0117253
0.0112109
0.0107051
0.0102156
0.0097411
0.00928555
0.00885202
0.00844176
0.00805348
0.00768566
0.00733587
0.00700109
0.006678
0.00636325
0.00605356
0.00574591
0.00543759
0.00512627
0.00481002
0.0044872
0.00415693
0.00381972
0.00347842
0.00314114
0.00282745
0.0025646
0.00237201
0.00239107
0.00251334
0.00274166
0.00304689
0.00340359
0.0037922
0.00419671
0.00459987
0.0049935
0.00537215
0.00573253
0.00606897
0.00638374
0.00667828
0.00695541
0.00721904
0.00747404
0.00772621
0.00798192
0.00824762
0.00852933
0.00883181
0.00915731
0.00950426
0.00986611
0.010231
0.0105826
0.010904
0.0111848
0.0114349
0.011708
0.0121328
0.0129316
0.0143658
0.016555
0.0193106
0.0222008
0.0247185
0.026356
0.0265266
0.0239193
0.00522535
0.00133432
0.00429969
0.00571243
0.00652176
0.00679289
0.00648583
0.00559061
0.00418309
0.00255556
0.00219151
0.00400619
0.00639073
0.00901501
0.0119327
0.015059
0.0170819
0.0172249
0.0170586
0.0170258
0.0169685
0.0167569
0.0163773
0.0158875
0.0153532
0.0148156
0.014304
0.0138037
0.0133205
0.0128437
0.0123571
0.011883
0.0114128
0.0109506
0.0105024
0.0100722
0.0096631
0.00927744
0.00891665
0.00858136
0.00826961
0.00797879
0.00770565
0.00744665
0.00719813
0.00695663
0.00671898
0.00648249
0.00624504
0.00600507
0.00576159
0.00551416
0.00526297
0.00500897
0.00475415
0.00450284
0.00426396
0.00404817
0.00385568
0.00372981
0.00369567
0.00372576
0.00382595
0.00398951
0.00420606
0.00446192
0.00474188
0.00503426
0.00533173
0.00562872
0.0059207
0.00620346
0.0064766
0.0067421
0.00700326
0.00726413
0.00752858
0.00780304
0.00809293
0.00840292
0.00873617
0.00909319
0.00947066
0.00986057
0.0102502
0.0106235
0.0109651
0.0112666
0.0115397
0.0118351
0.0122697
0.0130462
0.0144192
0.0165388
0.0192668
0.0221733
0.0247055
0.0263274
0.0264654
0.0238968
0.00546244
0.00161242
0.00475558
0.00617439
0.00691815
0.00708072
0.00663815
0.00558882
0.0040106
0.00225991
0.00218813
0.00422777
0.00668794
0.00940138
0.0124537
0.0156526
0.0176122
0.0175717
0.0173061
0.0171797
0.0169857
0.0166244
0.0161181
0.0155468
0.0149704
0.0144216
0.0139142
0.0134238
0.0129605
0.0125093
0.012067
0.0116359
0.011217
0.0108138
0.0104311
0.0100726
0.00974028
0.00943505
0.0091567
0.00890388
0.00867383
0.008463
0.00826743
0.00808303
0.00790589
0.00773246
0.00755971
0.00738525
0.00720736
0.00702497
0.00683758
0.00664518
0.00644815
0.00624727
0.00604377
0.00583987
0.00564005
0.00545057
0.00527268
0.00509764
0.00499037
0.00491475
0.00488397
0.00490223
0.00496889
0.00507898
0.00522606
0.00540238
0.00560205
0.00581908
0.00604728
0.00628024
0.00651561
0.00675422
0.00699811
0.00725002
0.00751341
0.0077924
0.00809106
0.00841257
0.00875834
0.00912712
0.00951394
0.00990969
0.0103015
0.0106744
0.0110154
0.0113196
0.0116011
0.0119099
0.0123566
0.013132
0.0144862
0.0165747
0.0192723
0.0221481
0.0246287
0.0261764
0.02625
0.0237474
0.00567951
0.00176951
0.00515904
0.00659597
0.00727514
0.00733993
0.00677355
0.00557638
0.00382658
0.0019299
0.00215741
0.00438328
0.00690881
0.00969844
0.0128751
0.0161689
0.018036
0.017829
0.0174753
0.017249
0.0169203
0.0164282
0.0158259
0.0152037
0.014607
0.0140614
0.0135673
0.0131073
0.012674
0.0122606
0.0118647
0.0114884
0.0111331
0.0108013
0.0104958
0.0102185
0.00996988
0.00974943
0.00955524
0.00938439
0.00923305
0.00909691
0.00897152
0.00885257
0.0087362
0.00861909
0.00849864
0.00837297
0.0082409
0.00810184
0.00795564
0.00780237
0.00764214
0.00747496
0.00730084
0.00712023
0.00693528
0.00675121
0.00657173
0.0063923
0.00625303
0.00613823
0.00604556
0.00598269
0.00595336
0.00595874
0.00599904
0.00607287
0.00617816
0.00631109
0.00646621
0.006638
0.00682337
0.00702208
0.00723485
0.00746303
0.00770866
0.00797427
0.00826254
0.00857508
0.00891166
0.00926945
0.00964222
0.0100204
0.0103915
0.0107426
0.0110636
0.0113539
0.0116317
0.0119497
0.0124191
0.0132274
0.0146104
0.0166954
0.0193384
0.0221124
0.0244599
0.0258713
0.0258548
0.0234566
0.00593339
0.00180855
0.00544673
0.00698488
0.00761772
0.0076003
0.00692358
0.00558696
0.00366574
0.00157863
0.00210072
0.00448434
0.00705997
0.0098995
0.0131811
0.0165903
0.0183446
0.0179901
0.0175561
0.0172258
0.0167723
0.0161747
0.0155069
0.0148604
0.0142703
0.0137441
0.0132733
0.0128453
0.0124529
0.0120901
0.0117545
0.0114461
0.0111657
0.0109144
0.0106928
0.0105011
0.0103379
0.0102009
0.010087
0.00999188
0.0099112
0.0098403
0.00977478
0.00971068
0.00964471
0.00957434
0.00949783
0.00941424
0.00932326
0.00922508
0.00912005
0.00900838
0.00888975
0.00876314
0.00862675
0.00847844
0.00831689
0.00814431
0.00796478
0.00778064
0.00761024
0.00747208
0.0073445
0.00723184
0.00713814
0.00706752
0.00702407
0.00701097
0.00702988
0.00708012
0.00715888
0.00726284
0.00738946
0.00753774
0.00770721
0.00789792
0.00811052
0.00834619
0.00860622
0.00889077
0.00919814
0.00952429
0.00986225
0.0102025
0.0105337
0.0108454
0.0111316
0.011397
0.0116668
0.0120016
0.0125194
0.0134015
0.0148454
0.0169187
0.0194485
0.0220315
0.0241605
0.0253783
0.0252578
0.0230177
0.0062342
0.00170772
0.00562119
0.00730159
0.0079555
0.00787864
0.00711136
0.00565069
0.00356626
0.00123223
0.00203084
0.0045467
0.00715045
0.010001
0.0133584
0.0168928
0.0185374
0.0180468
0.0175386
0.0171044
0.0165433
0.0158721
0.0151783
0.0145293
0.0139538
0.0134538
0.0130191
0.0126375
0.0123004
0.0120018
0.0117385
0.0115088
0.0113118
0.0111467
0.0110121
0.0109059
0.0108253
0.0107667
0.0107258
0.0106981
0.0106789
0.0106641
0.0106499
0.0106333
0.010612
0.0105848
0.0105511
0.0105112
0.010466
0.0104166
0.0103642
0.0103092
0.0102514
0.010189
0.0101187
0.0100358
0.00993503
0.00981239
0.00966688
0.00949792
0.00930548
0.00913099
0.00895651
0.0087851
0.00862146
0.00847143
0.00834149
0.00823772
0.00816469
0.00812477
0.00811813
0.00814379
0.00820025
0.00828608
0.0083998
0.00854019
0.00870653
0.0088986
0.00911613
0.00935784
0.00962083
0.00990015
0.0101886
0.0104774
0.0107571
0.0110206
0.0112673
0.0115096
0.0117829
0.0121589
0.012758
0.0137372
0.0152287
0.0172324
0.0195601
0.0218559
0.0236883
0.0246682
0.0244449
0.0224367
0.00655434
0.0014545
0.00564482
0.00754659
0.00827036
0.00818909
0.00735073
0.00578737
0.00356485
0.000958002
0.00196794
0.00458756
0.00719308
0.0100066
0.0133976
0.0170649
0.0186075
0.0179913
0.017415
0.0168881
0.0162477
0.0155335
0.0148298
0.0141945
0.0136487
0.0131899
0.012806
0.012485
0.0122171
0.0119954
0.0118149
0.0116722
0.0115642
0.0114877
0.0114396
0.011416
0.0114128
0.0114258
0.0114504
0.0114822
0.0115172
0.0115521
0.0115842
0.0116116
0.0116336
0.01165
0.0116618
0.0116702
0.0116772
0.0116848
0.0116946
0.0117076
0.0117233
0.0117394
0.0117514
0.0117529
0.0117353
0.0116897
0.0116089
0.0114853
0.0113128
0.011118
0.0109054
0.0106778
0.0104434
0.0102106
0.0099885
0.00978604
0.0096109
0.0094688
0.00936321
0.00929577
0.00926653
0.00927438
0.00931739
0.00939341
0.00950047
0.00963686
0.00980069
0.00998929
0.0101987
0.0104235
0.0106569
0.0108913
0.0111204
0.0113417
0.0115616
0.0118017
0.0121069
0.012553
0.0132452
0.0142923
0.0157549
0.0175853
0.0196066
0.0215283
0.0230046
0.0237211
0.0234122
0.0217358
0.00684307
0.00108651
0.00550384
0.00769953
0.0085514
0.00850292
0.00765689
0.00603711
0.00369647
0.000892056
0.00194086
0.00462322
0.00720214
0.00992605
0.0132962
0.0170989
0.0185488
0.0178205
0.0171826
0.0165804
0.0158859
0.0151526
0.0144595
0.0138549
0.0133542
0.0129516
0.0126338
0.0123876
0.012202
0.0120681
0.0119789
0.0119287
0.0119121
0.0119241
0.0119598
0.0120143
0.0120829
0.0121613
0.0122451
0.0123306
0.012415
0.0124958
0.0125716
0.0126419
0.0127071
0.0127682
0.0128269
0.0128855
0.0129465
0.0130123
0.0130849
0.013165
0.013252
0.0133432
0.0134333
0.0135149
0.0135781
0.0136119
0.0136056
0.0135498
0.0134354
0.0132607
0.0130495
0.012801
0.0125258
0.012234
0.0119372
0.0116472
0.011375
0.0111301
0.0109199
0.0107495
0.0106217
0.0105371
0.0104947
0.0104923
0.0105276
0.0105978
0.0106998
0.0108299
0.0109836
0.0111555
0.01134
0.0115316
0.0117277
0.011931
0.0121538
0.012423
0.0127833
0.0132975
0.014036
0.0150538
0.0163604
0.0178939
0.0195111
0.0209933
0.0220797
0.0225296
0.0221682
0.0209561
0.00706271
0.000838471
0.0052175
0.00776017
0.00878861
0.00880463
0.00797944
0.00635844
0.00400658
0.00120507
0.00195487
0.00464777
0.00717702
0.00976819
0.0130512
0.0169888
0.0183542
0.0175292
0.0168408
0.0161842
0.0154607
0.014731
0.0140673
0.0135105
0.0130708
0.01274
0.012503
0.0123451
0.0122529
0.0122154
0.0122231
0.012268
0.0123429
0.0124413
0.0125571
0.0126851
0.0128205
0.0129591
0.0130976
0.0132331
0.0133637
0.0134881
0.0136061
0.0137181
0.0138255
0.0139301
0.0140342
0.0141405
0.0142517
0.0143702
0.0144977
0.014635
0.014781
0.0149328
0.0150852
0.0152306
0.0153598
0.0154617
0.0155252
0.0155403
0.015497
0.0153868
0.0152201
0.0149995
0.0147328
0.0144297
0.0141016
0.0137614
0.0134222
0.0130967
0.0127961
0.0125296
0.0123037
0.0121225
0.0119875
0.0118986
0.0118543
0.0118522
0.0118892
0.0119615
0.0120651
0.0121955
0.0123482
0.0125202
0.0127113
0.0129262
0.013177
0.0134849
0.0138806
0.0143999
0.0150753
0.0159241
0.0169355
0.0180595
0.0191988
0.0202053
0.0208963
0.0211006
0.0207365
0.0201546
0.00723075
0.00145992
0.00478823
0.00772823
0.00896709
0.00907518
0.00829525
0.00671273
0.0044197
0.00177819
0.00202624
0.00463102
0.00710757
0.00955889
0.0126569
0.0167246
0.0180154
0.017113
0.0163904
0.0157033
0.0149762
0.0142724
0.0136572
0.0131652
0.0128029
0.0125588
0.0124161
0.0123574
0.012367
0.0124311
0.0125381
0.0126781
0.0128425
0.0130237
0.0132155
0.0134124
0.0136102
0.0138053
0.013995
0.0141775
0.0143517
0.0145176
0.0146756
0.0148272
0.0149743
0.0151193
0.0152649
0.0154138
0.0155685
0.015731
0.0159026
0.0160836
0.016273
0.0164678
0.0166637
0.0168541
0.0170311
0.0171855
0.0173076
0.0173881
0.0174178
0.0173877
0.0172942
0.017141
0.0169305
0.0166688
0.0163645
0.0160285
0.0156732
0.0153123
0.0149591
0.014626
0.0143236
0.01406
0.0138412
0.0136703
0.0135489
0.0134767
0.0134523
0.0134735
0.0135371
0.0136398
0.0137779
0.0139484
0.0141495
0.0143816
0.0146479
0.0149548
0.0153112
0.0157262
0.0162062
0.0167515
0.0173531
0.0179874
0.0186071
0.0191317
0.0194499
0.0194558
0.0191618
0.0193972
0.00740289
0.00263687
0.00426062
0.00758871
0.00905751
0.00927847
0.00856518
0.00705305
0.00487352
0.00245531
0.00220725
0.00456303
0.00697014
0.00931192
0.0121589
0.0162863
0.0175231
0.0165687
0.0158339
0.0151435
0.0144397
0.0137849
0.0132382
0.0128288
0.0125592
0.0124154
0.0123776
0.0124257
0.0125414
0.0127085
0.0129137
0.0131458
0.0133954
0.0136547
0.0139174
0.0141786
0.0144343
0.0146818
0.0149192
0.0151454
0.0153603
0.0155645
0.0157595
0.0159474
0.0161307
0.0163124
0.0164952
0.0166817
0.0168738
0.0170727
0.0172789
0.017492
0.0177108
0.017933
0.0181552
0.0183727
0.0185796
0.0187693
0.0189343
0.0190674
0.0191613
0.0192082
0.0191974
0.019131
0.019007
0.0188268
0.0185943
0.0183161
0.0180014
0.0176615
0.0173091
0.0169578
0.0166205
0.016309
0.0160331
0.0158006
0.015617
0.0154858
0.0154085
0.0153851
0.015414
0.015492
0.0156146
0.0157757
0.0159677
0.0161819
0.0164083
0.0166364
0.0168558
0.0170572
0.0172331
0.01738
0.0175008
0.0176033
0.0176923
0.0177544
0.0177482
0.0176317
0.0175212
0.0187463
0.00762691
0.00390196
0.00362438
0.00730935
0.00901841
0.00936957
0.00874103
0.00732319
0.00529153
0.00310873
0.00251859
0.0044506
0.00673494
0.00898241
0.0116108
0.0156676
0.0168716
0.015895
0.0151762
0.0145144
0.0138639
0.0132839
0.0128271
0.0125179
0.0123553
0.0123222
0.012396
0.0125538
0.012775
0.013042
0.0133403
0.0136582
0.0139863
0.0143167
0.0146438
0.0149629
0.0152709
0.0155656
0.0158458
0.016111
0.016362
0.0166
0.0168275
0.0170474
0.0172632
0.0174782
0.0176955
0.017917
0.0181438
0.0183758
0.0186118
0.0188505
0.0190901
0.0193287
0.0195642
0.0197942
0.0200153
0.0202239
0.0204152
0.0205848
0.0207281
0.02083
0.0208932
0.0209112
0.0208801
0.0207974
0.0206626
0.0204773
0.020246
0.0199757
0.019676
0.0193584
0.0190356
0.0187207
0.0184261
0.0181627
0.01794
0.017765
0.0176426
0.0175749
0.0175618
0.0175997
0.017682
0.0177981
0.0179338
0.0180706
0.0181868
0.0182584
0.0182616
0.0181755
0.0179856
0.0176894
0.0173031
0.0168653
0.0164346
0.0160709
0.0158102
0.0156818
0.0159328
0.0182451
0.00789956
0.00502732
0.0028941
0.00686811
0.00881251
0.00930533
0.00877775
0.00747385
0.00561127
0.00365908
0.00290277
0.00432571
0.00639783
0.00853249
0.0110005
0.0149021
0.0160582
0.0150934
0.0144256
0.0138303
0.0132685
0.0127932
0.0124502
0.0122593
0.0122157
0.0122998
0.0124866
0.0127515
0.0130724
0.0134311
0.013813
0.0142068
0.0146032
0.0149952
0.0153774
0.0157461
0.0160984
0.0164329
0.0167487
0.0170461
0.0173264
0.0175919
0.017846
0.0180927
0.0183367
0.0185823
0.0188328
0.0190899
0.019353
0.0196202
0.0198878
0.0201526
0.0204114
0.0206625
0.0209049
0.0211378
0.0213609
0.0215728
0.0217729
0.0219596
0.0221229
0.0222641
0.0223792
0.0224627
0.0225097
0.0225155
0.0224767
0.0223913
0.022259
0.0220824
0.0218663
0.0216186
0.0213489
0.0210688
0.0207903
0.0205256
0.0202857
0.0200802
0.0199162
0.0197979
0.0197259
0.0196969
0.0197024
0.0197287
0.0197564
0.0197605
0.0197111
0.0195755
0.0193212
0.0189197
0.0183514
0.0176139
0.0167328
0.0157731
0.0148471
0.0141011
0.0136731
0.0136883
0.0145405
0.0179015
0.00815889
0.00590044
0.00207304
0.00626615
0.00842413
0.00905812
0.00864286
0.00746997
0.00579317
0.00406611
0.00326313
0.00420679
0.0059781
0.00795485
0.0102973
0.0140061
0.0150821
0.0141679
0.0135943
0.0131118
0.0126819
0.0123477
0.0121461
0.0120919
0.0121769
0.0123802
0.0126762
0.0130397
0.0134491
0.0138867
0.014339
0.0147951
0.015247
0.0156882
0.0161142
0.0165218
0.0169086
0.0172735
0.0176162
0.0179374
0.0182388
0.0185237
0.0187966
0.0190629
0.019329
0.0196008
0.0198825
0.0201757
0.0204786
0.0207863
0.0210919
0.0213885
0.021671
0.0219365
0.0221847
0.0224169
0.0226344
0.0228402
0.0230357
0.0232155
0.0233835
0.0235397
0.0236805
0.0238019
0.0238993
0.0239678
0.0240024
0.0239989
0.0239541
0.0238664
0.0237367
0.023568
0.023366
0.0231385
0.0228949
0.0226458
0.0224015
0.0221719
0.0219649
0.0217858
0.0216362
0.0215133
0.0214084
0.021307
0.0211877
0.0210225
0.0207778
0.0204163
0.0199005
0.0191964
0.0182796
0.0171444
0.0158182
0.0143819
0.0129967
0.0119116
0.0114166
0.0117771
0.013453
0.0176762
0.00829096
0.00641546
0.00125835
0.0055738
0.00787693
0.00862593
0.00832312
0.0072944
0.00581928
0.00432151
0.00354147
0.00408969
0.00550122
0.00726464
0.00947676
0.0129786
0.0139457
0.0131257
0.0126991
0.012387
0.0121428
0.0119943
0.0119668
0.0120687
0.0122902
0.0126114
0.0130084
0.0134583
0.0139417
0.014443
0.0149501
0.0154538
0.0159472
0.0164251
0.0168836
0.01732
0.0177324
0.0181199
0.0184823
0.0188203
0.0191358
0.0194323
0.0197149
0.0199905
0.0202673
0.0205537
0.0208564
0.0211787
0.0215183
0.0218682
0.0222175
0.0225546
0.0228703
0.0231591
0.0234201
0.0236543
0.0238662
0.0240598
0.0242342
0.0243968
0.024552
0.0247001
0.0248402
0.0249699
0.025086
0.025184
0.0252588
0.0253053
0.0253185
0.0252944
0.0252303
0.0251255
0.0249814
0.0248013
0.0245908
0.0243569
0.0241076
0.0238508
0.0235939
0.023342
0.0230974
0.0228583
0.0226174
0.0223613
0.02207
0.0217163
0.0212669
0.0206842
0.0199291
0.0189656
0.0177653
0.016317
0.0146418
0.0128205
0.0110436
0.00966757
0.00920054
0.0100918
0.0126645
0.0174802
0.00822265
0.00645352
0.000308381
0.00485291
0.00721134
0.0080273
0.00782314
0.00694516
0.00568756
0.00443048
0.00372741
0.00396471
0.00499023
0.00648521
0.00853234
0.0118051
0.0126526
0.011977
0.0117631
0.0116926
0.0117
0.0117906
0.011975
0.0122551
0.0126218
0.0130594
0.0135495
0.0140741
0.0146181
0.0151693
0.0157183
0.016258
0.0167831
0.0172895
0.0177745
0.0182359
0.0186721
0.019082
0.0194649
0.0198208
0.0201507
0.0204568
0.0207433
0.0210171
0.0212874
0.0215651
0.0218612
0.0221834
0.0225331
0.0229038
0.0232825
0.0236527
0.0239999
0.0243148
0.0245935
0.0248373
0.0250489
0.0252279
0.0253842
0.025526
0.0256577
0.0257823
0.0259013
0.0260145
0.0261203
0.0262156
0.0262962
0.0263568
0.026392
0.0263963
0.026365
0.0262943
0.0261819
0.0260273
0.0258317
0.0255982
0.0253309
0.025035
0.0247155
0.0243766
0.0240207
0.0236469
0.0232501
0.0228199
0.0223398
0.0217868
0.0211318
0.0203411
0.0193795
0.0182136
0.0168169
0.0151764
0.0133058
0.0112717
0.00925667
0.00767373
0.00726516
0.00870354
0.0120353
0.0171826
0.00799183
0.00611437
0.0018464
0.00416708
0.00645801
0.0072852
0.00715215
0.00642509
0.00540418
0.0044134
0.00382216
0.00384302
0.00448037
0.00564635
0.00746829
0.010463
0.0112051
0.0107347
0.0108158
0.0110723
0.0114065
0.0117951
0.0122331
0.0127176
0.0132434
0.0138025
0.0143848
0.0149802
0.0155797
0.0161758
0.0167628
0.0173364
0.0178934
0.0184313
0.0189484
0.0194432
0.0199143
0.02036
0.0207786
0.0211684
0.0215278
0.0218558
0.0221532
0.0224234
0.0226734
0.022914
0.0231598
0.0234255
0.0237224
0.0240536
0.0244113
0.0247787
0.0251353
0.0254651
0.0257589
0.0260091
0.0262125
0.0263796
0.0265188
0.0266363
0.0267381
0.0268288
0.0269121
0.0269897
0.0270619
0.0271271
0.0271823
0.0272232
0.0272445
0.0272404
0.027205
0.0271327
0.0270185
0.0268587
0.0266507
0.0263935
0.0260875
0.025734
0.0253355
0.024894
0.0244112
0.0238869
0.0233181
0.0226981
0.0220156
0.0212539
0.0203911
0.0194011
0.0182573
0.0169362
0.0154216
0.0137114
0.0118252
0.00982066
0.0078435
0.00624951
0.00585858
0.00759522
0.0113655
0.0166311
0.0075896
0.00578028
0.00258358
0.00346999
0.00568807
0.00642728
0.0063151
0.00573587
0.0049785
0.00428945
0.00386211
0.00375588
0.00402492
0.0047918
0.00629309
0.00892461
0.00960158
0.00941585
0.00989257
0.0105675
0.0112998
0.0120404
0.0127724
0.0134926
0.0142018
0.0149014
0.0155912
0.0162699
0.0169358
0.0175876
0.0182238
0.0188435
0.0194462
0.0200313
0.0205985
0.0211469
0.0216754
0.022182
0.0226636
0.0231167
0.0235364
0.0239181
0.0242569
0.0245501
0.0247977
0.0250048
0.0251822
0.0253469
0.0255188
0.0257164
0.0259498
0.0262153
0.0264991
0.0267811
0.027034
0.0272493
0.0274286
0.0275729
0.0276859
0.0277724
0.0278378
0.0278872
0.0279249
0.0279537
0.0279753
0.0279894
0.0279943
0.0279869
0.0279627
0.0279161
0.0278411
0.0277311
0.0275798
0.0273811
0.0271295
0.0268207
0.0264513
0.0260193
0.0255237
0.0249643
0.0243411
0.0236539
0.0229015
0.022081
0.0211865
0.0202086
0.0191341
0.0179469
0.0166316
0.0151778
0.0135867
0.0118784
0.0101004
0.00833783
0.00673011
0.00551133
0.00523712
0.00681474
0.0105075
0.0156703
0.0068935
0.00524443
0.00271617
0.00279488
0.00487405
0.0054597
0.00531159
0.00488019
0.0044273
0.00408418
0.0038709
0.00373015
0.00369752
0.00399911
0.00502724
0.00716026
0.0078416
0.00805078
0.00902569
0.0101842
0.0113528
0.012474
0.0135291
0.0145176
0.015446
0.0163228
0.0171557
0.0179514
0.0187153
0.0194517
0.0201642
0.0208554
0.0215277
0.0221827
0.0228217
0.023445
0.024052
0.024641
0.025209
0.0257516
0.0262626
0.0267348
0.0271594
0.0275277
0.0278316
0.0280659
0.0282302
0.0283318
0.0283863
0.0284169
0.0284496
0.0285066
0.0285974
0.0287101
0.0288244
0.0289286
0.0290146
0.029078
0.0291181
0.0291362
0.0291351
0.0291177
0.0290872
0.0290458
0.0289947
0.0289342
0.028863
0.0287788
0.0286778
0.0285551
0.028405
0.0282207
0.0279954
0.0277216
0.0273922
0.0270004
0.0265401
0.026006
0.0253942
0.0247018
0.023927
0.023069
0.0221278
0.0211033
0.0199954
0.0188024
0.0175202
0.0161437
0.0146692
0.0131016
0.0114649
0.00982014
0.00828718
0.00704278
0.00622387
0.00575715
0.00567525
0.00655956
0.00943133
0.0141419
0.0057546
0.0046343
0.00336527
0.00297656
0.0040696
0.00436636
0.00413449
0.00386721
0.00378835
0.00384137
0.00387982
0.00379296
0.00358108
0.00341003
0.00374619
0.0051686
0.00595586
0.00669129
0.00819551
0.00980541
0.0113681
0.0128427
0.0142164
0.0154894
0.0166685
0.0177633
0.0187846
0.0197428
0.0206475
0.0215072
0.022329
0.0231187
0.0238814
0.0246209
0.0253405
0.0260427
0.0267292
0.0274005
0.0280562
0.0286942
0.0293108
0.0298999
0.030453
0.0309588
0.0314039
0.0317738
0.0320548
0.0322371
0.0323179
0.0323045
0.0322151
0.0320771
0.0319234
0.0317874
0.0316824
0.031592
0.0315051
0.0314138
0.0313132
0.031201
0.0310765
0.0309402
0.0307927
0.0306348
0.0304666
0.0302878
0.0300972
0.0298923
0.02967
0.0294258
0.0291544
0.0288496
0.0285042
0.0281106
0.0276607
0.0271465
0.0265599
0.0258937
0.0251415
0.0242982
0.0233603
0.0223263
0.0211968
0.0199751
0.0186667
0.0172786
0.0158191
0.014299
0.0127367
0.0111708
0.0096841
0.00842764
0.00759999
0.00728749
0.00726442
0.00726335
0.00710211
0.00702983
0.00826043
0.0118813
0.00417651
0.00420345
0.00435226
0.00403767
0.00366501
0.00325775
0.00272965
0.00270632
0.00312924
0.00362251
0.00393136
0.00397016
0.00371002
0.00319522
0.00269834
0.00306939
0.00407491
0.00535499
0.00716725
0.00899408
0.0107602
0.0124461
0.0140387
0.0155314
0.0169232
0.0182178
0.019422
0.0205443
0.021594
0.0225801
0.0235109
0.0243943
0.0252373
0.0260468
0.0268295
0.027592
0.0283408
0.0290819
0.0298207
0.030561
0.0313044
0.0320497
0.0327917
0.0335206
0.034222
0.0348773
0.0354646
0.0359609
0.0363454
0.0366023
0.0367253
0.0367192
0.0365971
0.0363832
0.0361183
0.0358358
0.0355468
0.0352542
0.0349574
0.0346543
0.0343432
0.0340231
0.0336932
0.0333533
0.0330029
0.0326412
0.0322668
0.0318778
0.0314711
0.0310429
0.0305885
0.0301019
0.0295766
0.0290051
0.0283793
0.0276907
0.0269306
0.0260909
0.0251641
0.0241443
0.0230274
0.0218122
0.0205018
0.0191043
0.0176346
0.0161153
0.0145785
0.013071
0.0116627
0.0104585
0.00959733
0.00919511
0.00921356
0.00941727
0.00961043
0.00960437
0.00917324
0.0082012
0.00727959
0.00871244
0.00275824
0.00446497
0.00553353
0.00537502
0.00425939
0.00282905
0.00141097
0.00167218
0.00260607
0.00338573
0.00381497
0.00387892
0.00360223
0.00299541
0.00209011
0.00128491
0.00238936
0.00361243
0.00500262
0.00646831
0.0079379
0.00938501
0.0107855
0.012122
0.0133853
0.014573
0.0156885
0.0167384
0.0177314
0.0186773
0.0195859
0.020467
0.0213298
0.0221832
0.0230355
0.0238944
0.0247667
0.0256584
0.0265739
0.0275156
0.0284837
0.0294746
0.0304813
0.0314922
0.032491
0.0334574
0.0343678
0.035197
0.0359209
0.0365187
0.0369763
0.0372883
0.0374588
0.0374988
0.0374253
0.0372615
0.0370326
0.0367574
0.0364491
0.0361157
0.0357616
0.035389
0.034999
0.034592
0.0341681
0.0337271
0.0332684
0.0327905
0.0322914
0.0317683
0.0312171
0.0306329
0.0300099
0.029341
0.0286186
0.0278345
0.0269805
0.0260485
0.0250316
0.0239244
0.0227248
0.0214346
0.0200627
0.0186266
0.0171556
0.0156937
0.0143011
0.0130557
0.0120464
0.0113539
0.011017
0.0109945
0.0111678
0.0114247
0.0116552
0.0117056
0.0113045
0.0100383
0.00778749
0.00613155
)
;

boundaryField
{
    floor
    {
        type            calculated;
        value           uniform 0;
    }
    ceiling
    {
        type            calculated;
        value           uniform 0;
    }
    fixedWalls
    {
        type            calculated;
        value           uniform 0;
    }
    frontAndBack
    {
        type            empty;
    }
}


// ************************************************************************* //
