/*--------------------------------*- C++ -*----------------------------------*\
| =========                 |                                                 |
| \\      /  F ield         | OpenFOAM: The Open Source CFD Toolbox           |
|  \\    /   O peration     | Version:  4.1                                   |
|   \\  /    A nd           | Web:      www.OpenFOAM.org                      |
|    \\/     M anipulation  |                                                 |
\*---------------------------------------------------------------------------*/
FoamFile
{
    version     2.0;
    format      ascii;
    class       volScalarField;
    location    "1520";
    object      p;
}
// * * * * * * * * * * * * * * * * * * * * * * * * * * * * * * * * * * * * * //

dimensions      [0 2 -2 0 0 0 0];

internalField   nonuniform List<scalar> 
5000
(
0
-1.41185e-06
1.45449e-06
4.81524e-06
7.92714e-06
9.69902e-06
9.50806e-06
6.14029e-06
6.5016e-07
-5.26437e-06
-1.00898e-05
-1.33141e-05
-1.50859e-05
-1.57296e-05
-1.55665e-05
-1.47158e-05
-1.33045e-05
-1.14164e-05
-9.11381e-06
-6.45347e-06
-3.51486e-06
-3.74105e-07
2.88929e-06
6.16817e-06
9.33784e-06
1.22553e-05
1.47638e-05
1.67015e-05
1.79099e-05
1.82434e-05
1.75784e-05
1.58218e-05
1.29156e-05
8.84045e-06
3.61437e-06
-2.71016e-06
-1.00517e-05
-1.83062e-05
-2.73542e-05
-3.70675e-05
-4.73153e-05
-5.79692e-05
-6.89073e-05
-8.00169e-05
-9.1196e-05
-0.000102354
-0.000113413
-0.000124304
-0.000134968
-0.000145356
-0.000155424
-0.000165132
-0.000174447
-0.000183334
-0.000191764
-0.00019971
-0.000207146
-0.000214057
-0.000220415
-0.000226166
-0.000231287
-0.000235785
-0.000239681
-0.000242997
-0.000245764
-0.000248021
-0.000249818
-0.000251217
-0.000252287
-0.0002531
-0.00025373
-0.000254248
-0.00025472
-0.000255205
-0.000255752
-0.000256399
-0.000257172
-0.000258083
-0.000259127
-0.000260287
-0.000261533
-0.000262815
-0.000263996
-0.000264641
-0.000263641
-0.000258467
-0.000256487
-0.000271022
-0.000281598
-0.000272346
-0.000266203
-0.000259458
-0.000252727
-0.000246965
-0.000241605
-0.000236644
-0.000233636
-0.00023468
-0.00024071
-0.000244657
-0.0984133
-0.098418
-0.0984181
-0.0984175
-0.0984166
-0.0984167
-0.0984183
-0.0984211
-0.0984249
-0.0984287
-0.0984314
-0.0984326
-0.0984324
-0.0984313
-0.0984294
-0.098427
-0.0984243
-0.0984212
-0.0984178
-0.0984144
-0.0984109
-0.0984073
-0.0984039
-0.0984007
-0.0983977
-0.0983951
-0.098393
-0.0983915
-0.0983908
-0.0983909
-0.0983921
-0.0983943
-0.0983976
-0.098402
-0.0984076
-0.0984142
-0.0984217
-0.0984301
-0.0984392
-0.098449
-0.0984592
-0.0984698
-0.0984806
-0.0984916
-0.0985025
-0.0985135
-0.0985243
-0.0985348
-0.0985452
-0.0985552
-0.0985648
-0.098574
-0.0985828
-0.098591
-0.0985988
-0.0986059
-0.0986124
-0.0986183
-0.0986234
-0.0986279
-0.0986316
-0.0986345
-0.0986368
-0.0986383
-0.0986391
-0.0986393
-0.0986389
-0.0986379
-0.0986365
-0.0986346
-0.0986325
-0.0986301
-0.0986275
-0.0986249
-0.0986222
-0.0986195
-0.0986169
-0.0986143
-0.0986118
-0.0986093
-0.0986067
-0.098604
-0.0986012
-0.098598
-0.0985952
-0.0985976
-0.0986233
-0.0986532
-0.0986658
-0.0986726
-0.098676
-0.0986682
-0.0986607
-0.0986565
-0.0986529
-0.0986498
-0.0986479
-0.0986495
-0.0986555
-0.0986518
-0.196845
-0.19685
-0.196851
-0.196851
-0.196851
-0.196852
-0.196854
-0.196857
-0.19686
-0.196863
-0.196865
-0.196866
-0.196865
-0.196864
-0.196862
-0.196859
-0.196856
-0.196853
-0.196849
-0.196846
-0.196842
-0.196839
-0.196835
-0.196832
-0.196829
-0.196826
-0.196824
-0.196822
-0.196821
-0.196822
-0.196823
-0.196825
-0.196829
-0.196834
-0.196839
-0.196846
-0.196854
-0.196862
-0.196872
-0.196881
-0.196892
-0.196902
-0.196913
-0.196924
-0.196935
-0.196946
-0.196957
-0.196968
-0.196978
-0.196988
-0.196998
-0.197007
-0.197015
-0.197024
-0.197031
-0.197038
-0.197045
-0.197051
-0.197056
-0.19706
-0.197064
-0.197066
-0.197068
-0.197069
-0.197069
-0.197068
-0.197066
-0.197064
-0.197061
-0.197057
-0.197053
-0.197049
-0.197044
-0.197039
-0.197034
-0.197029
-0.197024
-0.197019
-0.197013
-0.197008
-0.197003
-0.196997
-0.196991
-0.196986
-0.196982
-0.196985
-0.197004
-0.19703
-0.197055
-0.197082
-0.197083
-0.19708
-0.197078
-0.197074
-0.19707
-0.197068
-0.197066
-0.197066
-0.197066
-0.197055
-0.295279
-0.295283
-0.295285
-0.295285
-0.295286
-0.295287
-0.295289
-0.295292
-0.295295
-0.295298
-0.295299
-0.295299
-0.295298
-0.295296
-0.295294
-0.295291
-0.295288
-0.295284
-0.295281
-0.295277
-0.295273
-0.29527
-0.295266
-0.295262
-0.295259
-0.295257
-0.295254
-0.295253
-0.295252
-0.295253
-0.295254
-0.295257
-0.295261
-0.295266
-0.295272
-0.295279
-0.295287
-0.295296
-0.295305
-0.295315
-0.295326
-0.295337
-0.295348
-0.295359
-0.29537
-0.295381
-0.295391
-0.295402
-0.295412
-0.295422
-0.295432
-0.295441
-0.295449
-0.295458
-0.295465
-0.295472
-0.295479
-0.295484
-0.295489
-0.295494
-0.295497
-0.2955
-0.295501
-0.295502
-0.295502
-0.295501
-0.295499
-0.295496
-0.295493
-0.295489
-0.295484
-0.295478
-0.295473
-0.295467
-0.29546
-0.295454
-0.295447
-0.29544
-0.295434
-0.295427
-0.29542
-0.295413
-0.295406
-0.295399
-0.295395
-0.295394
-0.295404
-0.295422
-0.295444
-0.295466
-0.295479
-0.295489
-0.295487
-0.295484
-0.295485
-0.295484
-0.295483
-0.295479
-0.295471
-0.29546
-0.393713
-0.393717
-0.393718
-0.393719
-0.39372
-0.393721
-0.393724
-0.393727
-0.39373
-0.393731
-0.393732
-0.393731
-0.39373
-0.393728
-0.393725
-0.393722
-0.393719
-0.393715
-0.393712
-0.393708
-0.393705
-0.393701
-0.393697
-0.393694
-0.39369
-0.393688
-0.393686
-0.393685
-0.393684
-0.393685
-0.393687
-0.39369
-0.393694
-0.393699
-0.393706
-0.393713
-0.393721
-0.393731
-0.39374
-0.393751
-0.393761
-0.393772
-0.393783
-0.393795
-0.393806
-0.393817
-0.393828
-0.393838
-0.393848
-0.393858
-0.393868
-0.393877
-0.393885
-0.393893
-0.393901
-0.393907
-0.393914
-0.393919
-0.393924
-0.393928
-0.393932
-0.393934
-0.393936
-0.393937
-0.393937
-0.393936
-0.393934
-0.393931
-0.393927
-0.393923
-0.393917
-0.393912
-0.393906
-0.393899
-0.393892
-0.393885
-0.393878
-0.39387
-0.393862
-0.393855
-0.393847
-0.393839
-0.393832
-0.393825
-0.393819
-0.393816
-0.393819
-0.393829
-0.393843
-0.39386
-0.393874
-0.393885
-0.393891
-0.393896
-0.393897
-0.393899
-0.393902
-0.393896
-0.393886
-0.393876
-0.492147
-0.49215
-0.492151
-0.492152
-0.492154
-0.492155
-0.492158
-0.492161
-0.492163
-0.492164
-0.492164
-0.492163
-0.492161
-0.492159
-0.492156
-0.492153
-0.49215
-0.492147
-0.492143
-0.49214
-0.492136
-0.492132
-0.492129
-0.492125
-0.492122
-0.49212
-0.492118
-0.492117
-0.492117
-0.492118
-0.49212
-0.492124
-0.492129
-0.492134
-0.492141
-0.492149
-0.492158
-0.492167
-0.492178
-0.492188
-0.492199
-0.49221
-0.492221
-0.492233
-0.492244
-0.492255
-0.492266
-0.492276
-0.492286
-0.492296
-0.492305
-0.492314
-0.492323
-0.49233
-0.492338
-0.492344
-0.492351
-0.492356
-0.492361
-0.492365
-0.492368
-0.49237
-0.492372
-0.492372
-0.492372
-0.492371
-0.492369
-0.492366
-0.492362
-0.492358
-0.492353
-0.492347
-0.49234
-0.492333
-0.492326
-0.492319
-0.492311
-0.492303
-0.492295
-0.492288
-0.49228
-0.492272
-0.492264
-0.492257
-0.492251
-0.492246
-0.492244
-0.492248
-0.492255
-0.492266
-0.492277
-0.492287
-0.492295
-0.492303
-0.492308
-0.492313
-0.492312
-0.49231
-0.492303
-0.492292
-0.590581
-0.590584
-0.590585
-0.590586
-0.590587
-0.590589
-0.590592
-0.590594
-0.590596
-0.590596
-0.590596
-0.590594
-0.590592
-0.59059
-0.590587
-0.590584
-0.590581
-0.590578
-0.590575
-0.590571
-0.590568
-0.590565
-0.590561
-0.590558
-0.590555
-0.590553
-0.590552
-0.590551
-0.590551
-0.590553
-0.590556
-0.59056
-0.590565
-0.590571
-0.590579
-0.590587
-0.590596
-0.590606
-0.590617
-0.590627
-0.590639
-0.59065
-0.590661
-0.590673
-0.590684
-0.590695
-0.590705
-0.590716
-0.590726
-0.590736
-0.590745
-0.590754
-0.590762
-0.590769
-0.590777
-0.590783
-0.590789
-0.590794
-0.590799
-0.590802
-0.590805
-0.590808
-0.590809
-0.59081
-0.590809
-0.590808
-0.590806
-0.590803
-0.590799
-0.590794
-0.590789
-0.590783
-0.590776
-0.590769
-0.590762
-0.590754
-0.590746
-0.590739
-0.590731
-0.590723
-0.590715
-0.590707
-0.590699
-0.590692
-0.590686
-0.59068
-0.590676
-0.590676
-0.590678
-0.590683
-0.59069
-0.590697
-0.590703
-0.590709
-0.590715
-0.590718
-0.590717
-0.590713
-0.590704
-0.590694
-0.689015
-0.689017
-0.689018
-0.689019
-0.689021
-0.689023
-0.689025
-0.689027
-0.689028
-0.689028
-0.689027
-0.689026
-0.689023
-0.689021
-0.689019
-0.689016
-0.689013
-0.68901
-0.689007
-0.689004
-0.689
-0.688997
-0.688994
-0.688992
-0.688989
-0.688987
-0.688986
-0.688986
-0.688987
-0.688989
-0.688993
-0.688997
-0.689003
-0.68901
-0.689018
-0.689027
-0.689037
-0.689047
-0.689058
-0.689069
-0.68908
-0.689091
-0.689103
-0.689114
-0.689125
-0.689136
-0.689147
-0.689157
-0.689167
-0.689177
-0.689186
-0.689195
-0.689203
-0.68921
-0.689217
-0.689223
-0.689229
-0.689234
-0.689238
-0.689242
-0.689244
-0.689246
-0.689247
-0.689248
-0.689247
-0.689246
-0.689244
-0.68924
-0.689236
-0.689231
-0.689226
-0.68922
-0.689213
-0.689206
-0.689198
-0.689191
-0.689183
-0.689175
-0.689167
-0.689159
-0.689151
-0.689144
-0.689136
-0.689129
-0.689123
-0.689117
-0.689112
-0.689109
-0.689107
-0.689108
-0.68911
-0.689113
-0.689116
-0.689119
-0.68912
-0.689119
-0.689114
-0.689107
-0.689097
-0.689085
-0.787449
-0.787451
-0.787452
-0.787453
-0.787455
-0.787457
-0.787458
-0.78746
-0.78746
-0.78746
-0.787459
-0.787457
-0.787455
-0.787452
-0.78745
-0.787447
-0.787445
-0.787442
-0.787439
-0.787436
-0.787433
-0.787431
-0.787428
-0.787426
-0.787424
-0.787423
-0.787422
-0.787423
-0.787424
-0.787427
-0.787431
-0.787436
-0.787443
-0.787451
-0.787459
-0.787468
-0.787479
-0.787489
-0.7875
-0.787512
-0.787523
-0.787535
-0.787546
-0.787558
-0.787569
-0.78758
-0.78759
-0.787601
-0.78761
-0.78762
-0.787629
-0.787637
-0.787645
-0.787652
-0.787659
-0.787665
-0.78767
-0.787675
-0.787679
-0.787682
-0.787685
-0.787686
-0.787687
-0.787687
-0.787686
-0.787685
-0.787682
-0.787679
-0.787675
-0.78767
-0.787664
-0.787657
-0.78765
-0.787643
-0.787636
-0.787628
-0.78762
-0.787612
-0.787604
-0.787596
-0.787589
-0.787581
-0.787574
-0.787567
-0.78756
-0.787554
-0.787549
-0.787544
-0.787541
-0.787539
-0.787537
-0.787536
-0.787535
-0.787533
-0.787529
-0.787522
-0.787513
-0.787501
-0.787489
-0.787476
-0.885884
-0.885886
-0.885887
-0.885888
-0.885889
-0.885891
-0.885892
-0.885892
-0.885892
-0.885891
-0.88589
-0.885888
-0.885886
-0.885884
-0.885881
-0.885879
-0.885877
-0.885874
-0.885871
-0.885869
-0.885867
-0.885864
-0.885862
-0.885861
-0.88586
-0.885859
-0.885859
-0.88586
-0.885863
-0.885866
-0.885871
-0.885877
-0.885884
-0.885893
-0.885902
-0.885912
-0.885922
-0.885933
-0.885945
-0.885956
-0.885968
-0.88598
-0.885991
-0.886003
-0.886014
-0.886025
-0.886035
-0.886045
-0.886055
-0.886064
-0.886073
-0.886081
-0.886089
-0.886096
-0.886102
-0.886108
-0.886113
-0.886118
-0.886121
-0.886124
-0.886126
-0.886127
-0.886128
-0.886128
-0.886127
-0.886125
-0.886122
-0.886118
-0.886114
-0.886108
-0.886102
-0.886096
-0.886089
-0.886081
-0.886073
-0.886065
-0.886058
-0.88605
-0.886042
-0.886034
-0.886026
-0.886019
-0.886012
-0.886005
-0.885998
-0.885992
-0.885987
-0.885981
-0.885977
-0.885973
-0.885969
-0.885965
-0.88596
-0.885953
-0.885944
-0.885932
-0.885918
-0.885903
-0.885888
-0.885874
-0.984319
-0.984321
-0.984322
-0.984324
-0.984325
-0.984325
-0.984325
-0.984325
-0.984324
-0.984323
-0.984321
-0.984319
-0.984317
-0.984315
-0.984313
-0.984311
-0.984308
-0.984306
-0.984304
-0.984302
-0.9843
-0.984299
-0.984297
-0.984296
-0.984296
-0.984296
-0.984297
-0.984299
-0.984302
-0.984307
-0.984312
-0.984319
-0.984327
-0.984336
-0.984346
-0.984356
-0.984367
-0.984379
-0.98439
-0.984402
-0.984414
-0.984426
-0.984437
-0.984449
-0.98446
-0.984471
-0.984481
-0.984491
-0.984501
-0.98451
-0.984518
-0.984526
-0.984534
-0.984541
-0.984547
-0.984552
-0.984557
-0.984561
-0.984564
-0.984567
-0.984569
-0.98457
-0.98457
-0.984569
-0.984568
-0.984566
-0.984562
-0.984558
-0.984553
-0.984548
-0.984542
-0.984535
-0.984527
-0.98452
-0.984512
-0.984504
-0.984495
-0.984487
-0.984479
-0.984472
-0.984464
-0.984457
-0.98445
-0.984443
-0.984436
-0.98443
-0.984424
-0.984419
-0.984414
-0.984409
-0.984403
-0.984397
-0.984389
-0.984379
-0.984366
-0.98435
-0.984332
-0.984314
-0.984297
-0.984283
-1.08276
-1.08276
-1.08276
-1.08276
-1.08276
-1.08276
-1.08276
-1.08276
-1.08276
-1.08275
-1.08275
-1.08275
-1.08275
-1.08275
-1.08274
-1.08274
-1.08274
-1.08274
-1.08274
-1.08273
-1.08273
-1.08273
-1.08273
-1.08273
-1.08273
-1.08273
-1.08274
-1.08274
-1.08274
-1.08275
-1.08275
-1.08276
-1.08277
-1.08278
-1.08279
-1.0828
-1.08281
-1.08283
-1.08284
-1.08285
-1.08286
-1.08287
-1.08288
-1.0829
-1.08291
-1.08292
-1.08293
-1.08294
-1.08295
-1.08296
-1.08296
-1.08297
-1.08298
-1.08299
-1.08299
-1.083
-1.083
-1.08301
-1.08301
-1.08301
-1.08301
-1.08301
-1.08301
-1.08301
-1.08301
-1.08301
-1.083
-1.083
-1.08299
-1.08299
-1.08298
-1.08297
-1.08297
-1.08296
-1.08295
-1.08294
-1.08293
-1.08293
-1.08292
-1.08291
-1.0829
-1.08289
-1.08289
-1.08288
-1.08287
-1.08287
-1.08286
-1.08286
-1.08285
-1.08285
-1.08284
-1.08283
-1.08282
-1.08281
-1.08279
-1.08278
-1.08276
-1.08274
-1.08272
-1.0827
-1.18119
-1.1812
-1.1812
-1.1812
-1.1812
-1.1812
-1.18119
-1.18119
-1.18119
-1.18119
-1.18118
-1.18118
-1.18118
-1.18118
-1.18118
-1.18117
-1.18117
-1.18117
-1.18117
-1.18117
-1.18117
-1.18117
-1.18117
-1.18117
-1.18117
-1.18117
-1.18117
-1.18118
-1.18118
-1.18119
-1.1812
-1.18121
-1.18122
-1.18123
-1.18124
-1.18125
-1.18126
-1.18127
-1.18129
-1.1813
-1.18131
-1.18132
-1.18133
-1.18134
-1.18135
-1.18137
-1.18138
-1.18139
-1.18139
-1.1814
-1.18141
-1.18142
-1.18143
-1.18143
-1.18144
-1.18144
-1.18145
-1.18145
-1.18145
-1.18146
-1.18146
-1.18146
-1.18146
-1.18145
-1.18145
-1.18145
-1.18144
-1.18144
-1.18143
-1.18143
-1.18142
-1.18141
-1.18141
-1.1814
-1.18139
-1.18138
-1.18137
-1.18136
-1.18136
-1.18135
-1.18134
-1.18133
-1.18132
-1.18132
-1.18131
-1.18131
-1.1813
-1.18129
-1.18129
-1.18128
-1.18128
-1.18127
-1.18126
-1.18125
-1.18123
-1.18121
-1.18119
-1.18117
-1.18115
-1.18113
-1.27963
-1.27963
-1.27964
-1.27964
-1.27964
-1.27963
-1.27963
-1.27962
-1.27962
-1.27962
-1.27961
-1.27961
-1.27961
-1.27961
-1.27961
-1.2796
-1.2796
-1.2796
-1.2796
-1.2796
-1.2796
-1.2796
-1.2796
-1.27961
-1.27961
-1.27961
-1.27961
-1.27962
-1.27963
-1.27963
-1.27964
-1.27965
-1.27966
-1.27967
-1.27968
-1.2797
-1.27971
-1.27972
-1.27973
-1.27975
-1.27976
-1.27977
-1.27978
-1.27979
-1.2798
-1.27981
-1.27982
-1.27983
-1.27984
-1.27985
-1.27986
-1.27987
-1.27987
-1.27988
-1.27988
-1.27989
-1.27989
-1.2799
-1.2799
-1.2799
-1.2799
-1.2799
-1.2799
-1.2799
-1.2799
-1.27989
-1.27989
-1.27988
-1.27988
-1.27987
-1.27986
-1.27985
-1.27984
-1.27984
-1.27983
-1.27982
-1.27981
-1.2798
-1.27979
-1.27978
-1.27978
-1.27977
-1.27976
-1.27976
-1.27975
-1.27974
-1.27974
-1.27973
-1.27973
-1.27972
-1.27971
-1.27971
-1.2797
-1.27968
-1.27967
-1.27965
-1.27962
-1.2796
-1.27959
-1.27957
-1.37807
-1.37807
-1.37807
-1.37808
-1.37807
-1.37807
-1.37806
-1.37806
-1.37805
-1.37805
-1.37805
-1.37804
-1.37804
-1.37804
-1.37804
-1.37804
-1.37803
-1.37803
-1.37803
-1.37803
-1.37803
-1.37804
-1.37804
-1.37804
-1.37805
-1.37805
-1.37805
-1.37806
-1.37807
-1.37808
-1.37809
-1.3781
-1.37811
-1.37812
-1.37813
-1.37814
-1.37816
-1.37817
-1.37818
-1.37819
-1.37821
-1.37822
-1.37823
-1.37824
-1.37825
-1.37826
-1.37827
-1.37828
-1.37829
-1.3783
-1.37831
-1.37831
-1.37832
-1.37833
-1.37833
-1.37834
-1.37834
-1.37834
-1.37834
-1.37835
-1.37835
-1.37835
-1.37834
-1.37834
-1.37834
-1.37833
-1.37833
-1.37832
-1.37832
-1.37831
-1.3783
-1.37829
-1.37828
-1.37827
-1.37827
-1.37826
-1.37825
-1.37824
-1.37823
-1.37822
-1.37821
-1.37821
-1.3782
-1.37819
-1.37819
-1.37818
-1.37817
-1.37817
-1.37816
-1.37816
-1.37815
-1.37815
-1.37814
-1.37812
-1.37811
-1.37809
-1.37807
-1.37805
-1.37803
-1.37802
-1.47651
-1.47651
-1.47651
-1.47651
-1.47651
-1.47651
-1.4765
-1.47649
-1.47648
-1.47648
-1.47648
-1.47647
-1.47647
-1.47647
-1.47647
-1.47647
-1.47646
-1.47646
-1.47646
-1.47647
-1.47647
-1.47647
-1.47647
-1.47648
-1.47648
-1.47649
-1.47649
-1.4765
-1.47651
-1.47652
-1.47653
-1.47654
-1.47655
-1.47657
-1.47658
-1.47659
-1.4766
-1.47662
-1.47663
-1.47664
-1.47665
-1.47667
-1.47668
-1.47669
-1.4767
-1.47671
-1.47672
-1.47673
-1.47674
-1.47675
-1.47675
-1.47676
-1.47677
-1.47677
-1.47678
-1.47678
-1.47679
-1.47679
-1.47679
-1.47679
-1.47679
-1.47679
-1.47679
-1.47678
-1.47678
-1.47678
-1.47677
-1.47676
-1.47676
-1.47675
-1.47674
-1.47673
-1.47672
-1.47671
-1.4767
-1.47669
-1.47669
-1.47668
-1.47667
-1.47666
-1.47665
-1.47664
-1.47664
-1.47663
-1.47662
-1.47662
-1.47661
-1.4766
-1.4766
-1.47659
-1.47659
-1.47658
-1.47658
-1.47656
-1.47655
-1.47653
-1.47651
-1.47649
-1.47648
-1.47647
-1.57495
-1.57495
-1.57495
-1.57495
-1.57495
-1.57494
-1.57493
-1.57492
-1.57491
-1.57491
-1.57491
-1.5749
-1.5749
-1.5749
-1.5749
-1.5749
-1.5749
-1.5749
-1.5749
-1.5749
-1.5749
-1.57491
-1.57491
-1.57492
-1.57492
-1.57493
-1.57494
-1.57494
-1.57495
-1.57496
-1.57498
-1.57499
-1.575
-1.57501
-1.57503
-1.57504
-1.57505
-1.57506
-1.57508
-1.57509
-1.5751
-1.57511
-1.57513
-1.57514
-1.57515
-1.57516
-1.57517
-1.57518
-1.57518
-1.57519
-1.5752
-1.57521
-1.57521
-1.57522
-1.57522
-1.57523
-1.57523
-1.57523
-1.57524
-1.57524
-1.57524
-1.57523
-1.57523
-1.57523
-1.57522
-1.57522
-1.57521
-1.57521
-1.5752
-1.57519
-1.57518
-1.57517
-1.57516
-1.57515
-1.57514
-1.57513
-1.57512
-1.57511
-1.5751
-1.5751
-1.57509
-1.57508
-1.57507
-1.57506
-1.57506
-1.57505
-1.57505
-1.57504
-1.57503
-1.57503
-1.57503
-1.57502
-1.57501
-1.575
-1.57499
-1.57497
-1.57495
-1.57494
-1.57492
-1.57492
-1.67339
-1.67339
-1.67339
-1.67339
-1.67339
-1.67338
-1.67336
-1.67335
-1.67334
-1.67334
-1.67334
-1.67333
-1.67333
-1.67333
-1.67333
-1.67333
-1.67333
-1.67333
-1.67333
-1.67333
-1.67334
-1.67334
-1.67335
-1.67335
-1.67336
-1.67337
-1.67338
-1.67339
-1.6734
-1.67341
-1.67342
-1.67343
-1.67345
-1.67346
-1.67347
-1.67349
-1.6735
-1.67351
-1.67352
-1.67354
-1.67355
-1.67356
-1.67357
-1.67358
-1.67359
-1.6736
-1.67361
-1.67362
-1.67363
-1.67364
-1.67365
-1.67365
-1.67366
-1.67366
-1.67367
-1.67367
-1.67368
-1.67368
-1.67368
-1.67368
-1.67368
-1.67368
-1.67367
-1.67367
-1.67367
-1.67366
-1.67365
-1.67365
-1.67364
-1.67363
-1.67362
-1.67361
-1.6736
-1.67359
-1.67358
-1.67357
-1.67356
-1.67355
-1.67354
-1.67353
-1.67352
-1.67352
-1.67351
-1.6735
-1.67349
-1.67349
-1.67348
-1.67348
-1.67347
-1.67347
-1.67346
-1.67346
-1.67345
-1.67344
-1.67343
-1.67341
-1.6734
-1.67338
-1.67337
-1.67336
-1.77182
-1.77182
-1.77182
-1.77182
-1.77182
-1.77181
-1.77179
-1.77178
-1.77177
-1.77177
-1.77176
-1.77176
-1.77176
-1.77176
-1.77176
-1.77176
-1.77176
-1.77176
-1.77176
-1.77176
-1.77177
-1.77178
-1.77178
-1.77179
-1.7718
-1.77181
-1.77182
-1.77183
-1.77184
-1.77185
-1.77186
-1.77188
-1.77189
-1.7719
-1.77192
-1.77193
-1.77194
-1.77196
-1.77197
-1.77198
-1.772
-1.77201
-1.77202
-1.77203
-1.77204
-1.77205
-1.77206
-1.77207
-1.77208
-1.77208
-1.77209
-1.7721
-1.7721
-1.77211
-1.77211
-1.77212
-1.77212
-1.77212
-1.77212
-1.77212
-1.77212
-1.77212
-1.77212
-1.77211
-1.77211
-1.7721
-1.77209
-1.77209
-1.77208
-1.77207
-1.77206
-1.77205
-1.77204
-1.77203
-1.77202
-1.77201
-1.772
-1.77199
-1.77198
-1.77197
-1.77196
-1.77195
-1.77194
-1.77194
-1.77193
-1.77192
-1.77192
-1.77191
-1.77191
-1.7719
-1.7719
-1.77189
-1.77189
-1.77188
-1.77187
-1.77185
-1.77184
-1.77183
-1.77181
-1.77181
-1.87025
-1.87026
-1.87026
-1.87025
-1.87025
-1.87023
-1.87022
-1.87021
-1.8702
-1.87019
-1.87019
-1.87019
-1.87019
-1.87019
-1.87019
-1.87019
-1.87019
-1.87019
-1.87019
-1.8702
-1.8702
-1.87021
-1.87022
-1.87023
-1.87024
-1.87025
-1.87026
-1.87027
-1.87028
-1.87029
-1.87031
-1.87032
-1.87034
-1.87035
-1.87036
-1.87038
-1.87039
-1.8704
-1.87042
-1.87043
-1.87044
-1.87045
-1.87046
-1.87047
-1.87048
-1.87049
-1.8705
-1.87051
-1.87052
-1.87053
-1.87053
-1.87054
-1.87055
-1.87055
-1.87056
-1.87056
-1.87056
-1.87057
-1.87057
-1.87057
-1.87057
-1.87056
-1.87056
-1.87055
-1.87055
-1.87054
-1.87053
-1.87053
-1.87052
-1.87051
-1.8705
-1.87049
-1.87047
-1.87046
-1.87045
-1.87044
-1.87043
-1.87042
-1.87041
-1.8704
-1.8704
-1.87039
-1.87038
-1.87037
-1.87036
-1.87036
-1.87035
-1.87035
-1.87034
-1.87034
-1.87033
-1.87033
-1.87032
-1.87032
-1.87031
-1.87029
-1.87028
-1.87027
-1.87026
-1.87025
-1.96867
-1.96868
-1.96868
-1.96868
-1.96867
-1.96866
-1.96864
-1.96863
-1.96862
-1.96862
-1.96862
-1.96862
-1.96862
-1.96862
-1.96862
-1.96862
-1.96862
-1.96862
-1.96863
-1.96863
-1.96864
-1.96865
-1.96866
-1.96866
-1.96867
-1.96869
-1.9687
-1.96871
-1.96872
-1.96874
-1.96875
-1.96876
-1.96878
-1.96879
-1.96881
-1.96882
-1.96883
-1.96885
-1.96886
-1.96887
-1.96888
-1.9689
-1.96891
-1.96892
-1.96893
-1.96894
-1.96895
-1.96895
-1.96896
-1.96897
-1.96898
-1.96898
-1.96899
-1.96899
-1.969
-1.969
-1.96901
-1.96901
-1.96901
-1.96901
-1.96901
-1.969
-1.969
-1.96899
-1.96899
-1.96898
-1.96897
-1.96896
-1.96895
-1.96894
-1.96893
-1.96892
-1.96891
-1.9689
-1.96889
-1.96888
-1.96887
-1.96886
-1.96885
-1.96884
-1.96883
-1.96882
-1.96881
-1.96881
-1.9688
-1.96879
-1.96879
-1.96878
-1.96877
-1.96877
-1.96877
-1.96876
-1.96876
-1.96875
-1.96874
-1.96873
-1.96872
-1.96871
-1.9687
-1.96869
-2.06708
-2.06709
-2.0671
-2.0671
-2.06709
-2.06708
-2.06706
-2.06706
-2.06705
-2.06705
-2.06705
-2.06705
-2.06705
-2.06705
-2.06705
-2.06705
-2.06705
-2.06706
-2.06706
-2.06707
-2.06708
-2.06708
-2.06709
-2.0671
-2.06711
-2.06713
-2.06714
-2.06715
-2.06717
-2.06718
-2.06719
-2.06721
-2.06722
-2.06724
-2.06725
-2.06726
-2.06728
-2.06729
-2.0673
-2.06732
-2.06733
-2.06734
-2.06735
-2.06736
-2.06737
-2.06738
-2.06739
-2.0674
-2.0674
-2.06741
-2.06742
-2.06743
-2.06743
-2.06744
-2.06744
-2.06744
-2.06745
-2.06745
-2.06745
-2.06745
-2.06745
-2.06744
-2.06744
-2.06743
-2.06743
-2.06742
-2.06741
-2.0674
-2.06739
-2.06738
-2.06737
-2.06736
-2.06735
-2.06734
-2.06733
-2.06732
-2.06731
-2.0673
-2.06729
-2.06728
-2.06727
-2.06726
-2.06725
-2.06724
-2.06723
-2.06723
-2.06722
-2.06721
-2.06721
-2.0672
-2.0672
-2.0672
-2.06719
-2.06718
-2.06718
-2.06717
-2.06715
-2.06714
-2.06714
-2.06713
-2.16548
-2.1655
-2.1655
-2.16551
-2.1655
-2.16549
-2.16549
-2.16548
-2.16548
-2.16548
-2.16548
-2.16548
-2.16548
-2.16548
-2.16548
-2.16548
-2.16549
-2.16549
-2.1655
-2.1655
-2.16551
-2.16552
-2.16553
-2.16554
-2.16555
-2.16557
-2.16558
-2.16559
-2.16561
-2.16562
-2.16564
-2.16565
-2.16566
-2.16568
-2.16569
-2.16571
-2.16572
-2.16573
-2.16575
-2.16576
-2.16577
-2.16578
-2.16579
-2.1658
-2.16581
-2.16582
-2.16583
-2.16584
-2.16585
-2.16585
-2.16586
-2.16587
-2.16587
-2.16588
-2.16588
-2.16588
-2.16589
-2.16589
-2.16589
-2.16589
-2.16589
-2.16588
-2.16588
-2.16587
-2.16586
-2.16586
-2.16585
-2.16584
-2.16583
-2.16582
-2.16581
-2.1658
-2.16578
-2.16577
-2.16576
-2.16575
-2.16574
-2.16573
-2.16572
-2.16571
-2.1657
-2.16569
-2.16569
-2.16568
-2.16567
-2.16566
-2.16565
-2.16565
-2.16564
-2.16564
-2.16563
-2.16563
-2.16562
-2.16562
-2.16561
-2.1656
-2.16559
-2.16558
-2.16557
-2.16557
-2.26389
-2.2639
-2.26391
-2.26392
-2.26392
-2.26391
-2.26391
-2.26391
-2.26391
-2.26391
-2.26391
-2.26391
-2.26391
-2.26391
-2.26392
-2.26392
-2.26392
-2.26393
-2.26393
-2.26394
-2.26395
-2.26396
-2.26397
-2.26398
-2.26399
-2.26401
-2.26402
-2.26403
-2.26405
-2.26406
-2.26408
-2.26409
-2.26411
-2.26412
-2.26413
-2.26415
-2.26416
-2.26417
-2.26419
-2.2642
-2.26421
-2.26422
-2.26423
-2.26424
-2.26425
-2.26426
-2.26427
-2.26428
-2.26429
-2.26429
-2.2643
-2.26431
-2.26431
-2.26432
-2.26432
-2.26432
-2.26433
-2.26433
-2.26433
-2.26433
-2.26432
-2.26432
-2.26431
-2.26431
-2.2643
-2.26429
-2.26428
-2.26428
-2.26426
-2.26425
-2.26424
-2.26423
-2.26422
-2.26421
-2.2642
-2.26419
-2.26418
-2.26417
-2.26416
-2.26415
-2.26414
-2.26413
-2.26412
-2.26411
-2.2641
-2.2641
-2.26409
-2.26408
-2.26407
-2.26407
-2.26406
-2.26406
-2.26405
-2.26405
-2.26404
-2.26403
-2.26402
-2.26401
-2.26401
-2.264
-2.3623
-2.36232
-2.36233
-2.36234
-2.36234
-2.36234
-2.36234
-2.36234
-2.36234
-2.36235
-2.36235
-2.36235
-2.36235
-2.36235
-2.36235
-2.36235
-2.36236
-2.36236
-2.36237
-2.36238
-2.36239
-2.3624
-2.36241
-2.36242
-2.36243
-2.36245
-2.36246
-2.36247
-2.36249
-2.3625
-2.36252
-2.36253
-2.36255
-2.36256
-2.36257
-2.36259
-2.3626
-2.36261
-2.36263
-2.36264
-2.36265
-2.36266
-2.36267
-2.36268
-2.36269
-2.3627
-2.36271
-2.36272
-2.36273
-2.36273
-2.36274
-2.36275
-2.36275
-2.36276
-2.36276
-2.36276
-2.36276
-2.36277
-2.36277
-2.36276
-2.36276
-2.36276
-2.36275
-2.36275
-2.36274
-2.36273
-2.36272
-2.36271
-2.3627
-2.36269
-2.36268
-2.36267
-2.36266
-2.36265
-2.36263
-2.36262
-2.36261
-2.3626
-2.36259
-2.36258
-2.36257
-2.36256
-2.36256
-2.36255
-2.36254
-2.36253
-2.36252
-2.36251
-2.36251
-2.3625
-2.3625
-2.36249
-2.36249
-2.36248
-2.36247
-2.36246
-2.36245
-2.36245
-2.36244
-2.36244
-2.46074
-2.46075
-2.46077
-2.46077
-2.46077
-2.46077
-2.46077
-2.46078
-2.46078
-2.46078
-2.46078
-2.46078
-2.46078
-2.46078
-2.46078
-2.46079
-2.46079
-2.4608
-2.46081
-2.46081
-2.46082
-2.46083
-2.46085
-2.46086
-2.46087
-2.46088
-2.4609
-2.46091
-2.46093
-2.46094
-2.46096
-2.46097
-2.46098
-2.461
-2.46101
-2.46103
-2.46104
-2.46105
-2.46106
-2.46108
-2.46109
-2.4611
-2.46111
-2.46112
-2.46113
-2.46114
-2.46115
-2.46116
-2.46117
-2.46117
-2.46118
-2.46119
-2.46119
-2.4612
-2.4612
-2.4612
-2.4612
-2.4612
-2.4612
-2.4612
-2.4612
-2.46119
-2.46119
-2.46118
-2.46117
-2.46117
-2.46116
-2.46115
-2.46114
-2.46113
-2.46112
-2.4611
-2.46109
-2.46108
-2.46107
-2.46106
-2.46105
-2.46104
-2.46103
-2.46102
-2.46101
-2.461
-2.46099
-2.46098
-2.46097
-2.46096
-2.46096
-2.46095
-2.46094
-2.46093
-2.46093
-2.46092
-2.46092
-2.46091
-2.4609
-2.46089
-2.46089
-2.46088
-2.46087
-2.46087
-2.55919
-2.5592
-2.5592
-2.5592
-2.5592
-2.55921
-2.55921
-2.55921
-2.55921
-2.55921
-2.55921
-2.55921
-2.55922
-2.55922
-2.55922
-2.55922
-2.55923
-2.55924
-2.55924
-2.55925
-2.55926
-2.55927
-2.55928
-2.5593
-2.55931
-2.55932
-2.55934
-2.55935
-2.55937
-2.55938
-2.55939
-2.55941
-2.55942
-2.55944
-2.55945
-2.55946
-2.55948
-2.55949
-2.5595
-2.55951
-2.55953
-2.55954
-2.55955
-2.55956
-2.55957
-2.55958
-2.55959
-2.5596
-2.5596
-2.55961
-2.55962
-2.55962
-2.55963
-2.55963
-2.55964
-2.55964
-2.55964
-2.55964
-2.55964
-2.55964
-2.55964
-2.55963
-2.55963
-2.55962
-2.55961
-2.5596
-2.55959
-2.55958
-2.55957
-2.55956
-2.55955
-2.55954
-2.55953
-2.55952
-2.55951
-2.5595
-2.55949
-2.55948
-2.55947
-2.55946
-2.55945
-2.55944
-2.55943
-2.55942
-2.55941
-2.5594
-2.55939
-2.55938
-2.55937
-2.55937
-2.55936
-2.55935
-2.55935
-2.55934
-2.55933
-2.55932
-2.55932
-2.55931
-2.5593
-2.5593
-2.65763
-2.65763
-2.65764
-2.65764
-2.65764
-2.65764
-2.65764
-2.65764
-2.65765
-2.65765
-2.65765
-2.65765
-2.65765
-2.65765
-2.65766
-2.65766
-2.65766
-2.65767
-2.65768
-2.65769
-2.6577
-2.65771
-2.65772
-2.65774
-2.65775
-2.65776
-2.65778
-2.65779
-2.6578
-2.65782
-2.65783
-2.65785
-2.65786
-2.65787
-2.65789
-2.6579
-2.65791
-2.65793
-2.65794
-2.65795
-2.65796
-2.65797
-2.65798
-2.65799
-2.658
-2.65801
-2.65802
-2.65803
-2.65804
-2.65805
-2.65805
-2.65806
-2.65807
-2.65807
-2.65808
-2.65808
-2.65808
-2.65808
-2.65808
-2.65808
-2.65807
-2.65807
-2.65806
-2.65806
-2.65805
-2.65804
-2.65803
-2.65802
-2.65801
-2.658
-2.65799
-2.65798
-2.65797
-2.65796
-2.65795
-2.65793
-2.65792
-2.65791
-2.6579
-2.65789
-2.65788
-2.65787
-2.65786
-2.65785
-2.65784
-2.65783
-2.65782
-2.65781
-2.6578
-2.6578
-2.65779
-2.65778
-2.65778
-2.65777
-2.65776
-2.65775
-2.65774
-2.65774
-2.65773
-2.65773
-2.75606
-2.75607
-2.75607
-2.75607
-2.75607
-2.75607
-2.75608
-2.75608
-2.75608
-2.75608
-2.75608
-2.75609
-2.75609
-2.75609
-2.75609
-2.7561
-2.7561
-2.75611
-2.75612
-2.75613
-2.75614
-2.75615
-2.75616
-2.75617
-2.75619
-2.7562
-2.75621
-2.75623
-2.75624
-2.75625
-2.75627
-2.75628
-2.7563
-2.75631
-2.75632
-2.75634
-2.75635
-2.75636
-2.75637
-2.75639
-2.7564
-2.75641
-2.75642
-2.75643
-2.75644
-2.75645
-2.75646
-2.75647
-2.75648
-2.75648
-2.75649
-2.7565
-2.7565
-2.75651
-2.75651
-2.75651
-2.75652
-2.75652
-2.75652
-2.75651
-2.75651
-2.75651
-2.7565
-2.75649
-2.75649
-2.75648
-2.75647
-2.75646
-2.75645
-2.75644
-2.75643
-2.75642
-2.7564
-2.75639
-2.75638
-2.75637
-2.75636
-2.75635
-2.75634
-2.75633
-2.75632
-2.75631
-2.75629
-2.75628
-2.75627
-2.75626
-2.75625
-2.75624
-2.75624
-2.75623
-2.75622
-2.75621
-2.7562
-2.7562
-2.75619
-2.75618
-2.75617
-2.75616
-2.75616
-2.75615
-2.8545
-2.8545
-2.8545
-2.8545
-2.8545
-2.85451
-2.85451
-2.85451
-2.85452
-2.85452
-2.85452
-2.85452
-2.85452
-2.85453
-2.85453
-2.85453
-2.85454
-2.85455
-2.85455
-2.85456
-2.85457
-2.85458
-2.8546
-2.85461
-2.85462
-2.85463
-2.85465
-2.85466
-2.85468
-2.85469
-2.8547
-2.85472
-2.85473
-2.85474
-2.85476
-2.85477
-2.85478
-2.8548
-2.85481
-2.85482
-2.85483
-2.85484
-2.85485
-2.85486
-2.85487
-2.85488
-2.85489
-2.8549
-2.85491
-2.85492
-2.85493
-2.85493
-2.85494
-2.85494
-2.85495
-2.85495
-2.85495
-2.85495
-2.85495
-2.85495
-2.85495
-2.85494
-2.85494
-2.85493
-2.85492
-2.85491
-2.85491
-2.8549
-2.85489
-2.85488
-2.85486
-2.85485
-2.85484
-2.85483
-2.85482
-2.85481
-2.8548
-2.85478
-2.85477
-2.85476
-2.85475
-2.85474
-2.85473
-2.85472
-2.85471
-2.8547
-2.85468
-2.85467
-2.85467
-2.85466
-2.85465
-2.85464
-2.85463
-2.85462
-2.85462
-2.85461
-2.8546
-2.85459
-2.85458
-2.85458
-2.95293
-2.95293
-2.95293
-2.95293
-2.95293
-2.95294
-2.95294
-2.95295
-2.95295
-2.95295
-2.95296
-2.95296
-2.95296
-2.95296
-2.95297
-2.95297
-2.95297
-2.95298
-2.95299
-2.953
-2.95301
-2.95302
-2.95303
-2.95304
-2.95306
-2.95307
-2.95308
-2.9531
-2.95311
-2.95312
-2.95314
-2.95315
-2.95316
-2.95318
-2.95319
-2.9532
-2.95322
-2.95323
-2.95324
-2.95325
-2.95326
-2.95328
-2.95329
-2.9533
-2.95331
-2.95332
-2.95333
-2.95334
-2.95334
-2.95335
-2.95336
-2.95337
-2.95337
-2.95338
-2.95338
-2.95338
-2.95339
-2.95339
-2.95339
-2.95338
-2.95338
-2.95338
-2.95337
-2.95337
-2.95336
-2.95335
-2.95334
-2.95333
-2.95332
-2.95331
-2.9533
-2.95329
-2.95328
-2.95327
-2.95326
-2.95324
-2.95323
-2.95322
-2.95321
-2.9532
-2.95318
-2.95317
-2.95316
-2.95315
-2.95314
-2.95313
-2.95312
-2.9531
-2.95309
-2.95309
-2.95308
-2.95307
-2.95306
-2.95305
-2.95304
-2.95303
-2.95302
-2.95301
-2.953
-2.953
-3.05136
-3.05136
-3.05136
-3.05136
-3.05137
-3.05137
-3.05138
-3.05138
-3.05139
-3.05139
-3.05139
-3.05139
-3.0514
-3.0514
-3.0514
-3.0514
-3.05141
-3.05142
-3.05143
-3.05143
-3.05144
-3.05146
-3.05147
-3.05148
-3.05149
-3.0515
-3.05152
-3.05153
-3.05154
-3.05156
-3.05157
-3.05158
-3.0516
-3.05161
-3.05162
-3.05164
-3.05165
-3.05166
-3.05167
-3.05168
-3.0517
-3.05171
-3.05172
-3.05173
-3.05174
-3.05175
-3.05176
-3.05177
-3.05178
-3.05178
-3.05179
-3.0518
-3.0518
-3.05181
-3.05181
-3.05182
-3.05182
-3.05182
-3.05182
-3.05182
-3.05182
-3.05181
-3.05181
-3.0518
-3.05179
-3.05179
-3.05178
-3.05177
-3.05176
-3.05175
-3.05174
-3.05173
-3.05171
-3.0517
-3.05169
-3.05168
-3.05167
-3.05165
-3.05164
-3.05163
-3.05162
-3.05161
-3.05159
-3.05158
-3.05157
-3.05156
-3.05154
-3.05153
-3.05152
-3.05151
-3.0515
-3.0515
-3.05149
-3.05148
-3.05147
-3.05145
-3.05144
-3.05143
-3.05142
-3.05142
-3.14979
-3.14979
-3.14979
-3.14979
-3.1498
-3.1498
-3.14981
-3.14982
-3.14982
-3.14982
-3.14983
-3.14983
-3.14983
-3.14983
-3.14984
-3.14984
-3.14984
-3.14985
-3.14986
-3.14987
-3.14988
-3.14989
-3.1499
-3.14991
-3.14992
-3.14994
-3.14995
-3.14996
-3.14998
-3.14999
-3.15
-3.15002
-3.15003
-3.15004
-3.15005
-3.15007
-3.15008
-3.15009
-3.1501
-3.15012
-3.15013
-3.15014
-3.15015
-3.15016
-3.15017
-3.15018
-3.15019
-3.1502
-3.15021
-3.15022
-3.15022
-3.15023
-3.15024
-3.15024
-3.15025
-3.15025
-3.15025
-3.15025
-3.15025
-3.15025
-3.15025
-3.15025
-3.15024
-3.15023
-3.15023
-3.15022
-3.15021
-3.1502
-3.15019
-3.15018
-3.15017
-3.15016
-3.15015
-3.15014
-3.15013
-3.15011
-3.1501
-3.15009
-3.15008
-3.15006
-3.15005
-3.15004
-3.15002
-3.15001
-3.15
-3.14999
-3.14997
-3.14996
-3.14995
-3.14994
-3.14993
-3.14992
-3.14991
-3.1499
-3.14989
-3.14987
-3.14986
-3.14985
-3.14984
-3.14983
-3.24822
-3.24822
-3.24822
-3.24822
-3.24823
-3.24824
-3.24824
-3.24825
-3.24825
-3.24826
-3.24826
-3.24826
-3.24827
-3.24827
-3.24827
-3.24827
-3.24828
-3.24828
-3.24829
-3.2483
-3.24831
-3.24832
-3.24833
-3.24834
-3.24836
-3.24837
-3.24838
-3.24839
-3.24841
-3.24842
-3.24843
-3.24845
-3.24846
-3.24847
-3.24849
-3.2485
-3.24851
-3.24852
-3.24853
-3.24855
-3.24856
-3.24857
-3.24858
-3.24859
-3.2486
-3.24861
-3.24862
-3.24863
-3.24864
-3.24865
-3.24865
-3.24866
-3.24867
-3.24867
-3.24868
-3.24868
-3.24868
-3.24868
-3.24868
-3.24868
-3.24868
-3.24868
-3.24867
-3.24867
-3.24866
-3.24865
-3.24865
-3.24864
-3.24863
-3.24862
-3.24861
-3.24859
-3.24858
-3.24857
-3.24856
-3.24855
-3.24853
-3.24852
-3.24851
-3.24849
-3.24848
-3.24847
-3.24845
-3.24844
-3.24843
-3.24841
-3.2484
-3.24839
-3.24838
-3.24836
-3.24835
-3.24834
-3.24833
-3.24832
-3.2483
-3.24829
-3.24827
-3.24826
-3.24825
-3.24825
-3.34665
-3.34665
-3.34665
-3.34665
-3.34666
-3.34667
-3.34667
-3.34668
-3.34669
-3.34669
-3.34669
-3.3467
-3.3467
-3.3467
-3.3467
-3.3467
-3.34671
-3.34672
-3.34672
-3.34673
-3.34674
-3.34675
-3.34676
-3.34677
-3.34679
-3.3468
-3.34681
-3.34682
-3.34684
-3.34685
-3.34686
-3.34688
-3.34689
-3.3469
-3.34692
-3.34693
-3.34694
-3.34695
-3.34696
-3.34698
-3.34699
-3.347
-3.34701
-3.34702
-3.34703
-3.34704
-3.34705
-3.34706
-3.34707
-3.34708
-3.34708
-3.34709
-3.3471
-3.3471
-3.34711
-3.34711
-3.34711
-3.34711
-3.34711
-3.34711
-3.34711
-3.34711
-3.3471
-3.3471
-3.34709
-3.34708
-3.34708
-3.34707
-3.34706
-3.34705
-3.34704
-3.34703
-3.34702
-3.347
-3.34699
-3.34698
-3.34697
-3.34695
-3.34694
-3.34693
-3.34691
-3.3469
-3.34688
-3.34687
-3.34685
-3.34684
-3.34683
-3.34681
-3.3468
-3.34679
-3.34678
-3.34676
-3.34675
-3.34673
-3.34672
-3.3467
-3.34668
-3.34667
-3.34666
-3.34666
-3.44508
-3.44508
-3.44508
-3.44508
-3.44509
-3.4451
-3.4451
-3.44511
-3.44512
-3.44512
-3.44513
-3.44513
-3.44513
-3.44513
-3.44513
-3.44513
-3.44514
-3.44514
-3.44515
-3.44516
-3.44517
-3.44518
-3.44519
-3.4452
-3.44522
-3.44523
-3.44524
-3.44525
-3.44527
-3.44528
-3.44529
-3.44531
-3.44532
-3.44533
-3.44535
-3.44536
-3.44537
-3.44538
-3.44539
-3.44541
-3.44542
-3.44543
-3.44544
-3.44545
-3.44546
-3.44547
-3.44548
-3.44549
-3.4455
-3.4455
-3.44551
-3.44552
-3.44552
-3.44553
-3.44553
-3.44554
-3.44554
-3.44554
-3.44554
-3.44554
-3.44554
-3.44553
-3.44553
-3.44553
-3.44552
-3.44551
-3.44551
-3.4455
-3.44549
-3.44548
-3.44547
-3.44546
-3.44545
-3.44543
-3.44542
-3.44541
-3.4454
-3.44538
-3.44537
-3.44535
-3.44534
-3.44533
-3.44531
-3.4453
-3.44528
-3.44526
-3.44525
-3.44524
-3.44522
-3.44521
-3.44519
-3.44518
-3.44516
-3.44515
-3.44513
-3.44511
-3.44509
-3.44508
-3.44507
-3.44507
-3.54351
-3.54351
-3.54351
-3.54351
-3.54352
-3.54353
-3.54353
-3.54354
-3.54355
-3.54355
-3.54356
-3.54356
-3.54356
-3.54356
-3.54356
-3.54356
-3.54357
-3.54357
-3.54358
-3.54359
-3.5436
-3.54361
-3.54362
-3.54363
-3.54364
-3.54366
-3.54367
-3.54368
-3.5437
-3.54371
-3.54372
-3.54374
-3.54375
-3.54376
-3.54377
-3.54379
-3.5438
-3.54381
-3.54382
-3.54384
-3.54385
-3.54386
-3.54387
-3.54388
-3.54389
-3.5439
-3.54391
-3.54392
-3.54392
-3.54393
-3.54394
-3.54395
-3.54395
-3.54396
-3.54396
-3.54396
-3.54396
-3.54396
-3.54396
-3.54396
-3.54396
-3.54396
-3.54396
-3.54395
-3.54395
-3.54394
-3.54393
-3.54393
-3.54392
-3.54391
-3.5439
-3.54389
-3.54388
-3.54386
-3.54385
-3.54384
-3.54383
-3.54381
-3.5438
-3.54378
-3.54377
-3.54375
-3.54374
-3.54372
-3.5437
-3.54369
-3.54367
-3.54366
-3.54364
-3.54363
-3.54361
-3.54359
-3.54357
-3.54355
-3.54353
-3.54351
-3.5435
-3.54349
-3.54348
-3.54348
-3.64194
-3.64193
-3.64194
-3.64194
-3.64195
-3.64196
-3.64196
-3.64197
-3.64198
-3.64198
-3.64198
-3.64199
-3.64199
-3.64199
-3.64199
-3.64199
-3.64199
-3.642
-3.642
-3.64201
-3.64202
-3.64204
-3.64205
-3.64206
-3.64207
-3.64208
-3.6421
-3.64211
-3.64212
-3.64214
-3.64215
-3.64216
-3.64218
-3.64219
-3.6422
-3.64222
-3.64223
-3.64224
-3.64225
-3.64226
-3.64228
-3.64229
-3.6423
-3.64231
-3.64232
-3.64233
-3.64234
-3.64234
-3.64235
-3.64236
-3.64237
-3.64237
-3.64238
-3.64238
-3.64238
-3.64239
-3.64239
-3.64239
-3.64239
-3.64239
-3.64239
-3.64238
-3.64238
-3.64238
-3.64237
-3.64237
-3.64236
-3.64235
-3.64234
-3.64234
-3.64233
-3.64232
-3.6423
-3.64229
-3.64228
-3.64227
-3.64225
-3.64224
-3.64222
-3.64221
-3.64219
-3.64218
-3.64216
-3.64214
-3.64213
-3.64211
-3.64209
-3.64207
-3.64206
-3.64204
-3.64202
-3.642
-3.64198
-3.64196
-3.64193
-3.64192
-3.6419
-3.64189
-3.64189
-3.64189
-3.74037
-3.74037
-3.74037
-3.74037
-3.74038
-3.74038
-3.74039
-3.7404
-3.7404
-3.74041
-3.74041
-3.74041
-3.74041
-3.74041
-3.74041
-3.74041
-3.74041
-3.74042
-3.74043
-3.74044
-3.74045
-3.74046
-3.74047
-3.74049
-3.7405
-3.74051
-3.74052
-3.74054
-3.74055
-3.74057
-3.74058
-3.74059
-3.74061
-3.74062
-3.74063
-3.74064
-3.74066
-3.74067
-3.74068
-3.74069
-3.7407
-3.74071
-3.74073
-3.74074
-3.74075
-3.74075
-3.74076
-3.74077
-3.74078
-3.74079
-3.74079
-3.7408
-3.7408
-3.74081
-3.74081
-3.74081
-3.74081
-3.74081
-3.74081
-3.74081
-3.74081
-3.74081
-3.7408
-3.7408
-3.7408
-3.74079
-3.74078
-3.74078
-3.74077
-3.74076
-3.74075
-3.74074
-3.74073
-3.74072
-3.74071
-3.74069
-3.74068
-3.74067
-3.74065
-3.74063
-3.74062
-3.7406
-3.74058
-3.74057
-3.74055
-3.74053
-3.74051
-3.74049
-3.74047
-3.74045
-3.74043
-3.7404
-3.74038
-3.74036
-3.74034
-3.74032
-3.7403
-3.7403
-3.7403
-3.7403
-3.8388
-3.8388
-3.8388
-3.8388
-3.83881
-3.83881
-3.83882
-3.83882
-3.83883
-3.83883
-3.83883
-3.83883
-3.83883
-3.83883
-3.83883
-3.83883
-3.83883
-3.83884
-3.83885
-3.83886
-3.83887
-3.83888
-3.8389
-3.83891
-3.83892
-3.83894
-3.83895
-3.83896
-3.83898
-3.83899
-3.83901
-3.83902
-3.83903
-3.83905
-3.83906
-3.83907
-3.83909
-3.8391
-3.83911
-3.83912
-3.83913
-3.83914
-3.83915
-3.83916
-3.83917
-3.83918
-3.83919
-3.8392
-3.83921
-3.83921
-3.83922
-3.83922
-3.83923
-3.83923
-3.83923
-3.83924
-3.83924
-3.83924
-3.83924
-3.83924
-3.83923
-3.83923
-3.83923
-3.83922
-3.83922
-3.83921
-3.83921
-3.8392
-3.83919
-3.83919
-3.83918
-3.83917
-3.83916
-3.83914
-3.83913
-3.83912
-3.8391
-3.83909
-3.83907
-3.83906
-3.83904
-3.83902
-3.839
-3.83898
-3.83896
-3.83894
-3.83892
-3.8389
-3.83888
-3.83886
-3.83883
-3.83881
-3.83878
-3.83876
-3.83874
-3.83872
-3.83871
-3.8387
-3.8387
-3.83871
-3.93723
-3.93723
-3.93723
-3.93723
-3.93724
-3.93724
-3.93724
-3.93725
-3.93725
-3.93725
-3.93725
-3.93725
-3.93725
-3.93725
-3.93725
-3.93725
-3.93725
-3.93726
-3.93727
-3.93728
-3.93729
-3.93731
-3.93732
-3.93733
-3.93735
-3.93736
-3.93738
-3.93739
-3.93741
-3.93742
-3.93743
-3.93745
-3.93746
-3.93748
-3.93749
-3.9375
-3.93751
-3.93753
-3.93754
-3.93755
-3.93756
-3.93757
-3.93758
-3.93759
-3.9376
-3.93761
-3.93762
-3.93763
-3.93763
-3.93764
-3.93764
-3.93765
-3.93765
-3.93766
-3.93766
-3.93766
-3.93766
-3.93766
-3.93766
-3.93766
-3.93766
-3.93765
-3.93765
-3.93765
-3.93764
-3.93764
-3.93763
-3.93762
-3.93762
-3.93761
-3.9376
-3.93759
-3.93758
-3.93757
-3.93755
-3.93754
-3.93753
-3.93751
-3.93749
-3.93748
-3.93746
-3.93744
-3.93742
-3.9374
-3.93738
-3.93736
-3.93733
-3.93731
-3.93729
-3.93726
-3.93724
-3.93721
-3.93719
-3.93716
-3.93714
-3.93713
-3.93712
-3.93711
-3.93712
-3.93712
-4.03566
-4.03566
-4.03567
-4.03566
-4.03566
-4.03566
-4.03567
-4.03567
-4.03567
-4.03567
-4.03567
-4.03567
-4.03567
-4.03567
-4.03567
-4.03567
-4.03567
-4.03568
-4.03569
-4.0357
-4.03571
-4.03573
-4.03574
-4.03576
-4.03577
-4.03579
-4.0358
-4.03582
-4.03583
-4.03585
-4.03586
-4.03588
-4.03589
-4.0359
-4.03592
-4.03593
-4.03594
-4.03596
-4.03597
-4.03598
-4.03599
-4.036
-4.03601
-4.03602
-4.03603
-4.03604
-4.03605
-4.03605
-4.03606
-4.03607
-4.03607
-4.03608
-4.03608
-4.03608
-4.03608
-4.03608
-4.03608
-4.03608
-4.03608
-4.03608
-4.03608
-4.03608
-4.03607
-4.03607
-4.03606
-4.03606
-4.03605
-4.03605
-4.03604
-4.03603
-4.03602
-4.03601
-4.036
-4.03599
-4.03597
-4.03596
-4.03594
-4.03593
-4.03591
-4.03589
-4.03587
-4.03585
-4.03583
-4.03581
-4.03579
-4.03577
-4.03574
-4.03572
-4.03569
-4.03567
-4.03564
-4.03562
-4.03559
-4.03557
-4.03555
-4.03553
-4.03553
-4.03553
-4.03553
-4.03553
-4.13409
-4.13409
-4.13409
-4.13409
-4.13409
-4.13409
-4.13409
-4.13409
-4.13409
-4.13409
-4.13409
-4.13409
-4.13409
-4.13408
-4.13408
-4.13408
-4.13409
-4.13409
-4.13411
-4.13412
-4.13413
-4.13415
-4.13416
-4.13418
-4.1342
-4.13421
-4.13423
-4.13424
-4.13426
-4.13427
-4.13429
-4.1343
-4.13432
-4.13433
-4.13435
-4.13436
-4.13437
-4.13438
-4.1344
-4.13441
-4.13442
-4.13443
-4.13444
-4.13445
-4.13446
-4.13447
-4.13448
-4.13448
-4.13449
-4.13449
-4.1345
-4.1345
-4.1345
-4.13451
-4.13451
-4.13451
-4.13451
-4.13451
-4.13451
-4.1345
-4.1345
-4.1345
-4.13449
-4.13449
-4.13449
-4.13448
-4.13447
-4.13447
-4.13446
-4.13445
-4.13444
-4.13443
-4.13442
-4.13441
-4.13439
-4.13438
-4.13436
-4.13434
-4.13433
-4.13431
-4.13429
-4.13427
-4.13424
-4.13422
-4.1342
-4.13417
-4.13415
-4.13413
-4.1341
-4.13407
-4.13405
-4.13402
-4.134
-4.13398
-4.13396
-4.13395
-4.13394
-4.13394
-4.13395
-4.13395
-4.23252
-4.23252
-4.23252
-4.23252
-4.23252
-4.23251
-4.23251
-4.23251
-4.23251
-4.23251
-4.23251
-4.23251
-4.2325
-4.2325
-4.2325
-4.2325
-4.2325
-4.23251
-4.23252
-4.23254
-4.23255
-4.23257
-4.23258
-4.2326
-4.23262
-4.23263
-4.23265
-4.23267
-4.23268
-4.2327
-4.23271
-4.23273
-4.23274
-4.23276
-4.23277
-4.23279
-4.2328
-4.23281
-4.23282
-4.23284
-4.23285
-4.23286
-4.23287
-4.23288
-4.23289
-4.2329
-4.2329
-4.23291
-4.23292
-4.23292
-4.23293
-4.23293
-4.23293
-4.23293
-4.23293
-4.23293
-4.23293
-4.23293
-4.23293
-4.23293
-4.23292
-4.23292
-4.23292
-4.23291
-4.23291
-4.2329
-4.23289
-4.23289
-4.23288
-4.23287
-4.23286
-4.23285
-4.23284
-4.23282
-4.23281
-4.23279
-4.23278
-4.23276
-4.23274
-4.23272
-4.2327
-4.23268
-4.23265
-4.23263
-4.23261
-4.23258
-4.23256
-4.23253
-4.23251
-4.23248
-4.23246
-4.23244
-4.23241
-4.23239
-4.23237
-4.23236
-4.23236
-4.23236
-4.23236
-4.23236
-4.33094
-4.33095
-4.33095
-4.33095
-4.33094
-4.33093
-4.33093
-4.33093
-4.33093
-4.33093
-4.33093
-4.33093
-4.33092
-4.33092
-4.33091
-4.33091
-4.33092
-4.33092
-4.33094
-4.33095
-4.33097
-4.33098
-4.331
-4.33102
-4.33104
-4.33106
-4.33107
-4.33109
-4.33111
-4.33112
-4.33114
-4.33115
-4.33117
-4.33118
-4.3312
-4.33121
-4.33123
-4.33124
-4.33125
-4.33126
-4.33128
-4.33129
-4.3313
-4.33131
-4.33132
-4.33133
-4.33133
-4.33134
-4.33135
-4.33135
-4.33135
-4.33136
-4.33136
-4.33136
-4.33136
-4.33136
-4.33136
-4.33136
-4.33135
-4.33135
-4.33135
-4.33134
-4.33134
-4.33133
-4.33133
-4.33132
-4.33131
-4.33131
-4.3313
-4.33129
-4.33128
-4.33127
-4.33125
-4.33124
-4.33122
-4.33121
-4.33119
-4.33117
-4.33115
-4.33113
-4.33111
-4.33109
-4.33106
-4.33104
-4.33101
-4.33099
-4.33097
-4.33094
-4.33092
-4.3309
-4.33087
-4.33085
-4.33083
-4.33081
-4.3308
-4.33079
-4.33078
-4.33078
-4.33078
-4.33078
-4.42937
-4.42937
-4.42937
-4.42937
-4.42936
-4.42936
-4.42935
-4.42935
-4.42935
-4.42935
-4.42935
-4.42934
-4.42934
-4.42934
-4.42933
-4.42933
-4.42933
-4.42934
-4.42935
-4.42936
-4.42938
-4.4294
-4.42942
-4.42944
-4.42946
-4.42947
-4.42949
-4.42951
-4.42953
-4.42954
-4.42956
-4.42958
-4.42959
-4.42961
-4.42962
-4.42964
-4.42965
-4.42966
-4.42968
-4.42969
-4.4297
-4.42971
-4.42972
-4.42974
-4.42975
-4.42976
-4.42976
-4.42977
-4.42978
-4.42978
-4.42978
-4.42979
-4.42979
-4.42979
-4.42979
-4.42979
-4.42978
-4.42978
-4.42978
-4.42977
-4.42977
-4.42977
-4.42976
-4.42976
-4.42975
-4.42974
-4.42973
-4.42973
-4.42972
-4.42971
-4.4297
-4.42968
-4.42967
-4.42966
-4.42964
-4.42962
-4.4296
-4.42958
-4.42956
-4.42954
-4.42952
-4.42949
-4.42947
-4.42945
-4.42942
-4.4294
-4.42938
-4.42935
-4.42933
-4.42931
-4.42929
-4.42927
-4.42925
-4.42924
-4.42922
-4.42921
-4.42921
-4.4292
-4.4292
-4.42919
-4.52779
-4.5278
-4.5278
-4.52779
-4.52779
-4.52778
-4.52777
-4.52777
-4.52777
-4.52777
-4.52777
-4.52776
-4.52776
-4.52775
-4.52775
-4.52774
-4.52775
-4.52775
-4.52777
-4.52778
-4.5278
-4.52781
-4.52783
-4.52785
-4.52787
-4.52789
-4.52791
-4.52793
-4.52795
-4.52796
-4.52798
-4.528
-4.52801
-4.52803
-4.52804
-4.52806
-4.52807
-4.52809
-4.5281
-4.52811
-4.52813
-4.52814
-4.52815
-4.52816
-4.52817
-4.52818
-4.52819
-4.5282
-4.52821
-4.52821
-4.52821
-4.52822
-4.52822
-4.52822
-4.52821
-4.52821
-4.52821
-4.52821
-4.5282
-4.5282
-4.5282
-4.52819
-4.52818
-4.52818
-4.52817
-4.52816
-4.52816
-4.52815
-4.52814
-4.52813
-4.52811
-4.5281
-4.52809
-4.52807
-4.52806
-4.52804
-4.52802
-4.528
-4.52798
-4.52795
-4.52793
-4.52791
-4.52788
-4.52786
-4.52783
-4.52781
-4.52779
-4.52777
-4.52775
-4.52773
-4.52771
-4.5277
-4.52768
-4.52766
-4.52765
-4.52764
-4.52763
-4.52762
-4.52761
-4.5276
-4.62621
-4.62622
-4.62622
-4.62621
-4.62621
-4.6262
-4.62619
-4.62619
-4.62619
-4.62619
-4.62619
-4.62619
-4.62618
-4.62618
-4.62617
-4.62617
-4.62617
-4.62617
-4.62618
-4.6262
-4.62621
-4.62623
-4.62625
-4.62627
-4.62629
-4.62631
-4.62633
-4.62635
-4.62636
-4.62638
-4.6264
-4.62642
-4.62643
-4.62645
-4.62647
-4.62648
-4.6265
-4.62651
-4.62653
-4.62654
-4.62655
-4.62656
-4.62658
-4.62659
-4.6266
-4.62661
-4.62662
-4.62663
-4.62663
-4.62664
-4.62664
-4.62665
-4.62665
-4.62665
-4.62664
-4.62664
-4.62664
-4.62663
-4.62663
-4.62663
-4.62662
-4.62662
-4.62661
-4.6266
-4.62659
-4.62659
-4.62658
-4.62657
-4.62656
-4.62655
-4.62653
-4.62652
-4.62651
-4.62649
-4.62647
-4.62645
-4.62643
-4.62641
-4.62639
-4.62637
-4.62634
-4.62632
-4.62629
-4.62627
-4.62625
-4.62623
-4.6262
-4.62619
-4.62617
-4.62615
-4.62614
-4.62612
-4.62611
-4.62609
-4.62608
-4.62607
-4.62605
-4.62603
-4.62601
-4.626
-4.72463
-4.72464
-4.72464
-4.72464
-4.72463
-4.72462
-4.72461
-4.72461
-4.72461
-4.72461
-4.72461
-4.72461
-4.72461
-4.7246
-4.7246
-4.72459
-4.72459
-4.7246
-4.7246
-4.72462
-4.72463
-4.72465
-4.72466
-4.72468
-4.7247
-4.72472
-4.72474
-4.72476
-4.72478
-4.7248
-4.72482
-4.72484
-4.72486
-4.72487
-4.72489
-4.72491
-4.72492
-4.72494
-4.72495
-4.72497
-4.72498
-4.72499
-4.725
-4.72502
-4.72503
-4.72504
-4.72505
-4.72506
-4.72506
-4.72507
-4.72507
-4.72507
-4.72508
-4.72507
-4.72507
-4.72507
-4.72507
-4.72506
-4.72506
-4.72505
-4.72505
-4.72504
-4.72504
-4.72503
-4.72502
-4.72501
-4.725
-4.72499
-4.72498
-4.72497
-4.72496
-4.72494
-4.72493
-4.72491
-4.72489
-4.72488
-4.72485
-4.72483
-4.72481
-4.72479
-4.72476
-4.72474
-4.72471
-4.72469
-4.72467
-4.72464
-4.72463
-4.72461
-4.72459
-4.72458
-4.72456
-4.72455
-4.72453
-4.72452
-4.72451
-4.72449
-4.72447
-4.72444
-4.72441
-4.72439
-4.82306
-4.82307
-4.82307
-4.82306
-4.82305
-4.82304
-4.82304
-4.82304
-4.82304
-4.82304
-4.82304
-4.82304
-4.82304
-4.82303
-4.82303
-4.82303
-4.82302
-4.82303
-4.82303
-4.82304
-4.82305
-4.82307
-4.82308
-4.8231
-4.82312
-4.82314
-4.82316
-4.82318
-4.8232
-4.82322
-4.82324
-4.82326
-4.82328
-4.8233
-4.82332
-4.82333
-4.82335
-4.82336
-4.82338
-4.82339
-4.82341
-4.82342
-4.82343
-4.82345
-4.82346
-4.82347
-4.82348
-4.82348
-4.82349
-4.8235
-4.8235
-4.8235
-4.82351
-4.82351
-4.8235
-4.8235
-4.8235
-4.82349
-4.82349
-4.82348
-4.82348
-4.82347
-4.82347
-4.82346
-4.82345
-4.82344
-4.82343
-4.82342
-4.82341
-4.8234
-4.82338
-4.82337
-4.82335
-4.82334
-4.82332
-4.8233
-4.82328
-4.82326
-4.82323
-4.82321
-4.82319
-4.82316
-4.82314
-4.82311
-4.82309
-4.82307
-4.82305
-4.82303
-4.82302
-4.82301
-4.82299
-4.82298
-4.82296
-4.82295
-4.82293
-4.82291
-4.82289
-4.82285
-4.82281
-4.82279
)
;

boundaryField
{
    floor
    {
        type            calculated;
        value           nonuniform List<scalar> 
100
(
0.0491958
0.0491979
0.0492039
0.0492094
0.0492141
0.0492171
0.049218
0.0492138
0.049207
0.0491997
0.0491934
0.0491886
0.0491853
0.0491832
0.0491819
0.0491814
0.0491816
0.0491823
0.0491837
0.0491855
0.0491879
0.0491908
0.049194
0.0491974
0.0492009
0.0492042
0.0492071
0.0492095
0.0492112
0.049212
0.0492117
0.0492103
0.0492077
0.0492038
0.0491988
0.0491926
0.0491854
0.0491772
0.0491681
0.0491584
0.0491481
0.0491373
0.0491262
0.049115
0.0491036
0.0490922
0.0490809
0.0490697
0.0490588
0.049048
0.0490375
0.0490274
0.0490175
0.049008
0.0489989
0.0489902
0.0489819
0.048974
0.0489666
0.0489598
0.0489536
0.048948
0.048943
0.0489385
0.0489346
0.0489311
0.0489281
0.0489254
0.048923
0.0489207
0.0489187
0.0489166
0.0489146
0.0489125
0.0489103
0.0489079
0.0489053
0.0489026
0.0488996
0.0488966
0.0488933
0.04889
0.0488868
0.048884
0.0488827
0.048886
0.0489207
0.0489196
0.0489114
0.0489226
0.0489288
0.0489371
0.0489453
0.0489525
0.0489592
0.0489652
0.048969
0.0489685
0.0489611
0.0489536
)
;
    }
    ceiling
    {
        type            calculated;
        value           nonuniform List<scalar> 
100
(
-4.87228
-4.87229
-4.87229
-4.87228
-4.87226
-4.87226
-4.87225
-4.87225
-4.87225
-4.87225
-4.87226
-4.87226
-4.87226
-4.87225
-4.87225
-4.87225
-4.87224
-4.87224
-4.87224
-4.87225
-4.87226
-4.87228
-4.87229
-4.87231
-4.87233
-4.87235
-4.87237
-4.87239
-4.87241
-4.87244
-4.87245
-4.87247
-4.87249
-4.87251
-4.87253
-4.87255
-4.87256
-4.87258
-4.87259
-4.87261
-4.87262
-4.87264
-4.87265
-4.87266
-4.87267
-4.87268
-4.87269
-4.8727
-4.87271
-4.87271
-4.87272
-4.87272
-4.87272
-4.87272
-4.87272
-4.87272
-4.87271
-4.87271
-4.87271
-4.8727
-4.87269
-4.87269
-4.87268
-4.87267
-4.87267
-4.87266
-4.87265
-4.87264
-4.87263
-4.87261
-4.8726
-4.87259
-4.87257
-4.87255
-4.87254
-4.87252
-4.87249
-4.87247
-4.87245
-4.87243
-4.8724
-4.87238
-4.87235
-4.87233
-4.87231
-4.87229
-4.87227
-4.87225
-4.87224
-4.87222
-4.87221
-4.87219
-4.87218
-4.87216
-4.87215
-4.87213
-4.8721
-4.87206
-4.87202
-4.872
)
;
    }
    fixedWalls
    {
        type            calculated;
        value           nonuniform List<scalar> 
100
(
6.93889e-18
-0.0984133
-0.196845
-0.295279
-0.393713
-0.492147
-0.590581
-0.689015
-0.787449
-0.885884
-0.984319
-1.08276
-1.18119
-1.27963
-1.37807
-1.47651
-1.57495
-1.67339
-1.77182
-1.87025
-1.96867
-2.06708
-2.16548
-2.26389
-2.3623
-2.46074
-2.55919
-2.65763
-2.75606
-2.8545
-2.95293
-3.05136
-3.14979
-3.24822
-3.34665
-3.44508
-3.54351
-3.64194
-3.74037
-3.8388
-3.93723
-4.03566
-4.13409
-4.23252
-4.33094
-4.42937
-4.52779
-4.62621
-4.72463
-4.82306
-0.000244657
-0.0986518
-0.197055
-0.29546
-0.393876
-0.492292
-0.590694
-0.689085
-0.787476
-0.885874
-0.984283
-1.0827
-1.18113
-1.27957
-1.37802
-1.47647
-1.57492
-1.67336
-1.77181
-1.87025
-1.96869
-2.06713
-2.16557
-2.264
-2.36244
-2.46087
-2.5593
-2.65773
-2.75615
-2.85458
-2.953
-3.05142
-3.14983
-3.24825
-3.34666
-3.44507
-3.54348
-3.64189
-3.7403
-3.83871
-3.93712
-4.03553
-4.13395
-4.23236
-4.33078
-4.42919
-4.5276
-4.626
-4.72439
-4.82279
)
;
    }
    frontAndBack
    {
        type            empty;
    }
}


// ************************************************************************* //
