/*--------------------------------*- C++ -*----------------------------------*\
| =========                 |                                                 |
| \\      /  F ield         | OpenFOAM: The Open Source CFD Toolbox           |
|  \\    /   O peration     | Version:  4.1                                   |
|   \\  /    A nd           | Web:      www.OpenFOAM.org                      |
|    \\/     M anipulation  |                                                 |
\*---------------------------------------------------------------------------*/
FoamFile
{
    version     2.0;
    format      ascii;
    class       volScalarField;
    location    "360";
    object      p;
}
// * * * * * * * * * * * * * * * * * * * * * * * * * * * * * * * * * * * * * //

dimensions      [0 2 -2 0 0 0 0];

internalField   nonuniform List<scalar> 
5000
(
0
1.94204e-07
8.33257e-06
1.61252e-05
1.95123e-05
1.79158e-05
1.16501e-05
1.53051e-06
-8.69198e-06
-1.57305e-05
-1.79863e-05
-1.56315e-05
-9.52413e-06
-1.11502e-06
8.12088e-06
1.70681e-05
2.53358e-05
2.91488e-05
2.22838e-05
1.55463e-05
1.12195e-05
7.74285e-06
5.19956e-06
3.92449e-06
3.90548e-06
4.89458e-06
6.60116e-06
8.82619e-06
1.15037e-05
1.46566e-05
1.83356e-05
2.25901e-05
2.74677e-05
3.30074e-05
3.92191e-05
4.60693e-05
5.35078e-05
6.14539e-05
6.9809e-05
7.84642e-05
8.73013e-05
9.61948e-05
0.000105014
0.000113629
0.000121916
0.000129763
0.000137074
0.000143768
0.000149786
0.000155083
0.000159629
0.000163404
0.000166389
0.000168562
0.000169868
0.000170214
0.000169572
0.000168154
0.000165825
0.000161459
0.000154769
0.000146247
0.000136428
0.000125673
0.000114253
0.000102423
9.04463e-05
7.85858e-05
6.70872e-05
5.61697e-05
4.60197e-05
3.67883e-05
2.85899e-05
2.15028e-05
1.55714e-05
1.08084e-05
7.19906e-06
4.70412e-06
3.26223e-06
2.78973e-06
3.19457e-06
4.38221e-06
6.24528e-06
8.66803e-06
1.1534e-05
1.47299e-05
1.81516e-05
2.17122e-05
2.53526e-05
2.90485e-05
3.28143e-05
3.67003e-05
4.07821e-05
4.51361e-05
4.98217e-05
5.50678e-05
6.19539e-05
6.83037e-05
7.24106e-05
7.51145e-05
-0.0984845
-0.0984896
-0.0984857
-0.0984811
-0.0984794
-0.0984817
-0.0984882
-0.0984974
-0.0985059
-0.0985105
-0.0985099
-0.0985038
-0.0984933
-0.0984799
-0.0984651
-0.0984501
-0.0984349
-0.0984208
-0.0984194
-0.0984255
-0.098432
-0.0984377
-0.0984422
-0.0984457
-0.0984484
-0.0984503
-0.0984516
-0.0984522
-0.0984521
-0.0984514
-0.0984499
-0.0984477
-0.0984448
-0.098441
-0.0984364
-0.098431
-0.0984248
-0.098418
-0.0984107
-0.0984029
-0.0983949
-0.0983867
-0.0983786
-0.0983706
-0.0983628
-0.0983555
-0.0983487
-0.0983425
-0.0983369
-0.0983321
-0.0983281
-0.0983248
-0.0983224
-0.0983208
-0.0983201
-0.0983206
-0.0983219
-0.0983243
-0.0983281
-0.0983331
-0.0983397
-0.0983479
-0.0983572
-0.0983675
-0.0983785
-0.0983899
-0.0984015
-0.0984129
-0.0984239
-0.0984344
-0.098444
-0.0984527
-0.0984604
-0.0984669
-0.0984721
-0.0984762
-0.0984791
-0.0984807
-0.0984812
-0.0984806
-0.0984789
-0.0984763
-0.0984729
-0.0984687
-0.0984638
-0.0984583
-0.0984524
-0.0984461
-0.0984395
-0.0984327
-0.0984258
-0.0984187
-0.0984115
-0.0984041
-0.0983965
-0.098389
-0.0983835
-0.0983867
-0.0983884
-0.0983821
-0.196989
-0.196994
-0.196992
-0.196989
-0.196989
-0.196993
-0.197001
-0.197011
-0.197019
-0.197023
-0.197022
-0.197013
-0.197
-0.196982
-0.196963
-0.196945
-0.196923
-0.196908
-0.196907
-0.196914
-0.196922
-0.196929
-0.196934
-0.196939
-0.196943
-0.196947
-0.196949
-0.196951
-0.196953
-0.196953
-0.196952
-0.19695
-0.196948
-0.196944
-0.19694
-0.196934
-0.196928
-0.196921
-0.196914
-0.196906
-0.196898
-0.19689
-0.196882
-0.196874
-0.196866
-0.196859
-0.196852
-0.196846
-0.196841
-0.196836
-0.196832
-0.196829
-0.196827
-0.196825
-0.196825
-0.196826
-0.196827
-0.19683
-0.196834
-0.196839
-0.196846
-0.196854
-0.196863
-0.196873
-0.196884
-0.196896
-0.196907
-0.196918
-0.196929
-0.19694
-0.196949
-0.196958
-0.196965
-0.196972
-0.196977
-0.196981
-0.196983
-0.196985
-0.196985
-0.196984
-0.196982
-0.196979
-0.196975
-0.19697
-0.196964
-0.196958
-0.19695
-0.196943
-0.196934
-0.196925
-0.196916
-0.196907
-0.196897
-0.196888
-0.196878
-0.196869
-0.196861
-0.196857
-0.196852
-0.196847
-0.295495
-0.295499
-0.295497
-0.295496
-0.295499
-0.295505
-0.295516
-0.295527
-0.295537
-0.29554
-0.295537
-0.295527
-0.295511
-0.295492
-0.295471
-0.295449
-0.295427
-0.295414
-0.295412
-0.295419
-0.295426
-0.295432
-0.295438
-0.295443
-0.295447
-0.295451
-0.295453
-0.295456
-0.295457
-0.295457
-0.295456
-0.295455
-0.295452
-0.295449
-0.295444
-0.295439
-0.295432
-0.295426
-0.295418
-0.29541
-0.295402
-0.295394
-0.295386
-0.295378
-0.29537
-0.295363
-0.295356
-0.29535
-0.295345
-0.29534
-0.295337
-0.295334
-0.295332
-0.295331
-0.295331
-0.295332
-0.295334
-0.295337
-0.295341
-0.295347
-0.295353
-0.295361
-0.295371
-0.295381
-0.295392
-0.295403
-0.295414
-0.295425
-0.295436
-0.295446
-0.295456
-0.295464
-0.295471
-0.295478
-0.295482
-0.295486
-0.295488
-0.29549
-0.29549
-0.295489
-0.295486
-0.295483
-0.295479
-0.295474
-0.295468
-0.295461
-0.295453
-0.295445
-0.295435
-0.295426
-0.295416
-0.295405
-0.295395
-0.295384
-0.295374
-0.295363
-0.295352
-0.295342
-0.295332
-0.295322
-0.393998
-0.394002
-0.394
-0.394002
-0.394007
-0.394017
-0.394031
-0.394045
-0.394055
-0.394059
-0.394055
-0.394044
-0.394026
-0.394005
-0.393984
-0.39396
-0.393939
-0.393926
-0.393924
-0.393929
-0.393935
-0.39394
-0.393945
-0.39395
-0.393953
-0.393957
-0.393959
-0.393961
-0.393962
-0.393962
-0.393962
-0.39396
-0.393957
-0.393953
-0.393949
-0.393943
-0.393937
-0.39393
-0.393923
-0.393915
-0.393907
-0.393898
-0.39389
-0.393882
-0.393874
-0.393867
-0.39386
-0.393854
-0.393849
-0.393845
-0.393842
-0.393839
-0.393838
-0.393837
-0.393837
-0.393839
-0.393841
-0.393844
-0.393849
-0.393855
-0.393862
-0.39387
-0.393879
-0.39389
-0.3939
-0.393912
-0.393923
-0.393934
-0.393944
-0.393954
-0.393963
-0.393972
-0.393979
-0.393984
-0.393989
-0.393992
-0.393994
-0.393995
-0.393995
-0.393994
-0.393991
-0.393988
-0.393983
-0.393978
-0.393972
-0.393965
-0.393957
-0.393948
-0.393939
-0.393929
-0.393919
-0.393908
-0.393898
-0.393887
-0.393876
-0.393865
-0.393853
-0.39384
-0.393825
-0.393812
-0.492497
-0.492501
-0.4925
-0.492505
-0.492513
-0.492527
-0.492544
-0.492561
-0.492573
-0.492578
-0.492572
-0.49256
-0.492541
-0.49252
-0.492497
-0.492473
-0.492452
-0.492441
-0.492439
-0.492442
-0.492446
-0.49245
-0.492454
-0.492458
-0.492461
-0.492464
-0.492466
-0.492467
-0.492468
-0.492468
-0.492467
-0.492465
-0.492463
-0.492459
-0.492454
-0.492449
-0.492442
-0.492435
-0.492428
-0.49242
-0.492412
-0.492403
-0.492395
-0.492387
-0.492379
-0.492372
-0.492365
-0.492359
-0.492355
-0.49235
-0.492347
-0.492345
-0.492344
-0.492344
-0.492344
-0.492346
-0.492349
-0.492353
-0.492358
-0.492364
-0.492371
-0.49238
-0.492389
-0.4924
-0.49241
-0.492421
-0.492432
-0.492443
-0.492454
-0.492463
-0.492472
-0.49248
-0.492487
-0.492492
-0.492496
-0.492499
-0.492501
-0.492502
-0.492501
-0.492499
-0.492497
-0.492493
-0.492488
-0.492483
-0.492477
-0.49247
-0.492462
-0.492453
-0.492444
-0.492434
-0.492424
-0.492414
-0.492403
-0.492392
-0.492382
-0.492371
-0.492358
-0.492345
-0.49233
-0.492317
-0.590992
-0.590996
-0.590996
-0.591003
-0.591015
-0.591032
-0.591052
-0.59107
-0.591082
-0.591085
-0.591081
-0.591069
-0.591051
-0.591031
-0.591008
-0.590985
-0.590966
-0.590956
-0.590954
-0.590956
-0.590958
-0.590961
-0.590964
-0.590966
-0.590969
-0.590971
-0.590973
-0.590974
-0.590975
-0.590974
-0.590973
-0.590971
-0.590969
-0.590965
-0.59096
-0.590954
-0.590948
-0.590941
-0.590933
-0.590925
-0.590917
-0.590909
-0.5909
-0.590892
-0.590885
-0.590877
-0.590871
-0.590865
-0.590861
-0.590857
-0.590854
-0.590852
-0.590851
-0.590851
-0.590852
-0.590854
-0.590858
-0.590862
-0.590868
-0.590874
-0.590882
-0.590891
-0.5909
-0.590911
-0.590921
-0.590932
-0.590943
-0.590954
-0.590964
-0.590973
-0.590982
-0.590989
-0.590996
-0.591001
-0.591004
-0.591007
-0.591008
-0.591008
-0.591007
-0.591005
-0.591003
-0.590999
-0.590994
-0.590988
-0.590982
-0.590975
-0.590967
-0.590959
-0.59095
-0.59094
-0.59093
-0.59092
-0.59091
-0.590899
-0.590889
-0.590879
-0.590867
-0.590854
-0.590841
-0.590828
-0.689484
-0.689487
-0.689489
-0.689498
-0.689512
-0.689531
-0.68955
-0.689567
-0.689577
-0.68958
-0.689576
-0.689567
-0.689552
-0.689534
-0.689513
-0.689494
-0.689479
-0.689471
-0.689469
-0.689469
-0.68947
-0.689472
-0.689473
-0.689475
-0.689477
-0.689479
-0.68948
-0.689481
-0.689481
-0.689481
-0.68948
-0.689478
-0.689475
-0.689471
-0.689466
-0.689461
-0.689454
-0.689447
-0.68944
-0.689432
-0.689423
-0.689415
-0.689407
-0.689398
-0.689391
-0.689384
-0.689377
-0.689372
-0.689367
-0.689364
-0.689361
-0.68936
-0.689359
-0.689359
-0.689361
-0.689364
-0.689367
-0.689372
-0.689378
-0.689385
-0.689393
-0.689403
-0.689412
-0.689423
-0.689434
-0.689445
-0.689455
-0.689466
-0.689475
-0.689484
-0.689492
-0.689499
-0.689505
-0.68951
-0.689513
-0.689515
-0.689516
-0.689516
-0.689514
-0.689512
-0.689509
-0.689505
-0.6895
-0.689494
-0.689488
-0.68948
-0.689473
-0.689464
-0.689456
-0.689446
-0.689437
-0.689427
-0.689417
-0.689408
-0.689398
-0.689388
-0.689378
-0.689366
-0.689354
-0.689343
-0.787971
-0.787974
-0.787977
-0.787988
-0.788004
-0.788022
-0.788039
-0.788052
-0.78806
-0.788063
-0.788062
-0.788055
-0.788044
-0.78803
-0.788014
-0.788
-0.78799
-0.787985
-0.787983
-0.787982
-0.787982
-0.787982
-0.787982
-0.787983
-0.787985
-0.787986
-0.787987
-0.787988
-0.787988
-0.787988
-0.787987
-0.787985
-0.787982
-0.787978
-0.787973
-0.787968
-0.787961
-0.787954
-0.787947
-0.787939
-0.78793
-0.787922
-0.787914
-0.787906
-0.787898
-0.787891
-0.787885
-0.787879
-0.787875
-0.787872
-0.78787
-0.787868
-0.787868
-0.787868
-0.78787
-0.787873
-0.787878
-0.787883
-0.78789
-0.787897
-0.787906
-0.787915
-0.787925
-0.787936
-0.787947
-0.787958
-0.787968
-0.787978
-0.787988
-0.787996
-0.788004
-0.78801
-0.788016
-0.78802
-0.788022
-0.788024
-0.788024
-0.788024
-0.788022
-0.788019
-0.788016
-0.788011
-0.788006
-0.788
-0.787994
-0.787986
-0.787979
-0.787971
-0.787962
-0.787953
-0.787944
-0.787935
-0.787926
-0.787917
-0.787907
-0.787898
-0.787889
-0.787879
-0.787868
-0.787859
-0.886457
-0.886459
-0.886464
-0.886476
-0.88649
-0.886506
-0.88652
-0.886531
-0.886537
-0.886541
-0.886541
-0.886538
-0.886531
-0.886522
-0.886512
-0.886504
-0.886499
-0.886496
-0.886495
-0.886493
-0.886492
-0.886491
-0.886491
-0.886491
-0.886492
-0.886494
-0.886495
-0.886495
-0.886495
-0.886495
-0.886494
-0.886492
-0.886489
-0.886485
-0.886481
-0.886475
-0.886469
-0.886462
-0.886454
-0.886446
-0.886438
-0.88643
-0.886421
-0.886413
-0.886406
-0.886399
-0.886393
-0.886388
-0.886384
-0.886381
-0.886378
-0.886377
-0.886377
-0.886378
-0.88638
-0.886384
-0.886389
-0.886395
-0.886402
-0.88641
-0.886419
-0.886429
-0.886439
-0.88645
-0.886461
-0.886471
-0.886482
-0.886491
-0.8865
-0.886508
-0.886516
-0.886522
-0.886526
-0.88653
-0.886532
-0.886533
-0.886533
-0.886532
-0.88653
-0.886526
-0.886523
-0.886518
-0.886512
-0.886506
-0.8865
-0.886493
-0.886485
-0.886477
-0.886469
-0.886461
-0.886452
-0.886443
-0.886434
-0.886426
-0.886417
-0.886409
-0.886401
-0.886392
-0.886383
-0.886375
-0.984941
-0.984944
-0.984949
-0.98496
-0.984973
-0.984986
-0.984998
-0.985007
-0.985013
-0.985017
-0.985019
-0.985018
-0.985015
-0.985011
-0.985008
-0.985006
-0.985005
-0.985005
-0.985004
-0.985002
-0.985
-0.984999
-0.984998
-0.984999
-0.984999
-0.985
-0.985001
-0.985002
-0.985002
-0.985002
-0.985001
-0.984999
-0.984997
-0.984993
-0.984988
-0.984983
-0.984977
-0.98497
-0.984962
-0.984954
-0.984946
-0.984938
-0.98493
-0.984922
-0.984915
-0.984908
-0.984902
-0.984897
-0.984893
-0.98489
-0.984888
-0.984887
-0.984887
-0.984888
-0.984891
-0.984895
-0.984901
-0.984907
-0.984915
-0.984924
-0.984933
-0.984943
-0.984954
-0.984964
-0.984975
-0.984986
-0.984996
-0.985005
-0.985013
-0.985021
-0.985028
-0.985033
-0.985037
-0.98504
-0.985042
-0.985043
-0.985042
-0.98504
-0.985038
-0.985034
-0.98503
-0.985025
-0.985019
-0.985013
-0.985006
-0.984999
-0.984992
-0.984984
-0.984976
-0.984968
-0.98496
-0.984951
-0.984943
-0.984935
-0.984928
-0.98492
-0.984913
-0.984905
-0.984897
-0.984891
-1.08343
-1.08343
-1.08343
-1.08344
-1.08345
-1.08347
-1.08347
-1.08348
-1.08349
-1.08349
-1.0835
-1.0835
-1.0835
-1.0835
-1.0835
-1.08351
-1.08351
-1.08351
-1.08351
-1.08351
-1.08351
-1.08351
-1.0835
-1.0835
-1.08351
-1.08351
-1.08351
-1.08351
-1.08351
-1.08351
-1.08351
-1.08351
-1.0835
-1.0835
-1.0835
-1.08349
-1.08349
-1.08348
-1.08347
-1.08346
-1.08345
-1.08345
-1.08344
-1.08343
-1.08342
-1.08342
-1.08341
-1.08341
-1.0834
-1.0834
-1.0834
-1.0834
-1.0834
-1.0834
-1.0834
-1.08341
-1.08341
-1.08342
-1.08343
-1.08344
-1.08345
-1.08346
-1.08347
-1.08348
-1.08349
-1.0835
-1.08351
-1.08352
-1.08353
-1.08353
-1.08354
-1.08354
-1.08355
-1.08355
-1.08355
-1.08355
-1.08355
-1.08355
-1.08355
-1.08354
-1.08354
-1.08353
-1.08353
-1.08352
-1.08351
-1.08351
-1.0835
-1.08349
-1.08348
-1.08348
-1.08347
-1.08346
-1.08345
-1.08344
-1.08344
-1.08343
-1.08342
-1.08342
-1.08341
-1.08341
-1.18191
-1.18191
-1.18192
-1.18193
-1.18194
-1.18195
-1.18195
-1.18196
-1.18197
-1.18197
-1.18197
-1.18198
-1.18198
-1.18199
-1.182
-1.182
-1.18201
-1.18202
-1.18202
-1.18201
-1.18201
-1.18201
-1.18201
-1.18201
-1.18201
-1.18201
-1.18201
-1.18202
-1.18202
-1.18202
-1.18202
-1.18201
-1.18201
-1.18201
-1.182
-1.182
-1.18199
-1.18199
-1.18198
-1.18197
-1.18196
-1.18196
-1.18195
-1.18194
-1.18193
-1.18193
-1.18192
-1.18192
-1.18191
-1.18191
-1.18191
-1.18191
-1.18191
-1.18191
-1.18191
-1.18192
-1.18193
-1.18193
-1.18194
-1.18195
-1.18196
-1.18197
-1.18198
-1.18199
-1.182
-1.18201
-1.18202
-1.18203
-1.18204
-1.18205
-1.18205
-1.18206
-1.18206
-1.18206
-1.18206
-1.18206
-1.18206
-1.18206
-1.18205
-1.18205
-1.18204
-1.18204
-1.18203
-1.18203
-1.18202
-1.18201
-1.182
-1.182
-1.18199
-1.18198
-1.18198
-1.18197
-1.18196
-1.18195
-1.18195
-1.18194
-1.18194
-1.18193
-1.18192
-1.18192
-1.2804
-1.2804
-1.2804
-1.28041
-1.28042
-1.28043
-1.28043
-1.28044
-1.28044
-1.28045
-1.28046
-1.28046
-1.28047
-1.28048
-1.28049
-1.2805
-1.28051
-1.28052
-1.28052
-1.28052
-1.28051
-1.28051
-1.28051
-1.28051
-1.28052
-1.28052
-1.28052
-1.28052
-1.28052
-1.28052
-1.28052
-1.28052
-1.28052
-1.28052
-1.28051
-1.28051
-1.2805
-1.28049
-1.28049
-1.28048
-1.28047
-1.28046
-1.28046
-1.28045
-1.28044
-1.28044
-1.28043
-1.28043
-1.28042
-1.28042
-1.28042
-1.28042
-1.28042
-1.28042
-1.28043
-1.28043
-1.28044
-1.28045
-1.28046
-1.28047
-1.28048
-1.28049
-1.2805
-1.28051
-1.28052
-1.28053
-1.28054
-1.28055
-1.28055
-1.28056
-1.28056
-1.28057
-1.28057
-1.28057
-1.28057
-1.28057
-1.28057
-1.28057
-1.28056
-1.28056
-1.28055
-1.28055
-1.28054
-1.28053
-1.28053
-1.28052
-1.28051
-1.2805
-1.2805
-1.28049
-1.28048
-1.28048
-1.28047
-1.28046
-1.28046
-1.28045
-1.28045
-1.28044
-1.28044
-1.28043
-1.37889
-1.37889
-1.37889
-1.3789
-1.3789
-1.37891
-1.37892
-1.37892
-1.37893
-1.37893
-1.37894
-1.37895
-1.37896
-1.37897
-1.37898
-1.37899
-1.37901
-1.37901
-1.37902
-1.37902
-1.37902
-1.37902
-1.37902
-1.37902
-1.37902
-1.37902
-1.37902
-1.37903
-1.37903
-1.37903
-1.37903
-1.37903
-1.37903
-1.37902
-1.37902
-1.37901
-1.37901
-1.379
-1.379
-1.37899
-1.37898
-1.37897
-1.37897
-1.37896
-1.37895
-1.37895
-1.37894
-1.37894
-1.37893
-1.37893
-1.37893
-1.37893
-1.37893
-1.37893
-1.37894
-1.37895
-1.37895
-1.37896
-1.37897
-1.37898
-1.37899
-1.379
-1.37901
-1.37902
-1.37903
-1.37904
-1.37905
-1.37906
-1.37906
-1.37907
-1.37907
-1.37908
-1.37908
-1.37908
-1.37908
-1.37908
-1.37908
-1.37907
-1.37907
-1.37906
-1.37906
-1.37905
-1.37905
-1.37904
-1.37903
-1.37902
-1.37902
-1.37901
-1.379
-1.379
-1.37899
-1.37898
-1.37898
-1.37897
-1.37897
-1.37896
-1.37896
-1.37895
-1.37895
-1.37894
-1.47738
-1.47738
-1.47738
-1.47739
-1.47739
-1.4774
-1.4774
-1.47741
-1.47741
-1.47742
-1.47743
-1.47743
-1.47745
-1.47746
-1.47747
-1.47749
-1.4775
-1.47751
-1.47751
-1.47751
-1.47751
-1.47752
-1.47752
-1.47752
-1.47752
-1.47753
-1.47753
-1.47753
-1.47753
-1.47753
-1.47754
-1.47753
-1.47753
-1.47753
-1.47753
-1.47752
-1.47752
-1.47751
-1.4775
-1.4775
-1.47749
-1.47748
-1.47747
-1.47747
-1.47746
-1.47746
-1.47745
-1.47745
-1.47744
-1.47744
-1.47744
-1.47744
-1.47744
-1.47745
-1.47745
-1.47746
-1.47747
-1.47748
-1.47749
-1.4775
-1.47751
-1.47752
-1.47753
-1.47754
-1.47755
-1.47756
-1.47756
-1.47757
-1.47758
-1.47758
-1.47759
-1.47759
-1.47759
-1.47759
-1.47759
-1.47759
-1.47759
-1.47758
-1.47758
-1.47757
-1.47757
-1.47756
-1.47755
-1.47755
-1.47754
-1.47753
-1.47752
-1.47752
-1.47751
-1.4775
-1.4775
-1.47749
-1.47748
-1.47748
-1.47747
-1.47747
-1.47747
-1.47746
-1.47745
-1.47745
-1.57587
-1.57587
-1.57588
-1.57588
-1.57588
-1.57589
-1.57589
-1.5759
-1.5759
-1.57591
-1.57591
-1.57592
-1.57594
-1.57595
-1.57596
-1.57598
-1.57599
-1.576
-1.57601
-1.57601
-1.57601
-1.57601
-1.57602
-1.57602
-1.57603
-1.57603
-1.57603
-1.57604
-1.57604
-1.57604
-1.57604
-1.57604
-1.57604
-1.57604
-1.57603
-1.57603
-1.57602
-1.57602
-1.57601
-1.576
-1.576
-1.57599
-1.57598
-1.57598
-1.57597
-1.57596
-1.57596
-1.57596
-1.57595
-1.57595
-1.57595
-1.57595
-1.57595
-1.57596
-1.57596
-1.57597
-1.57598
-1.57599
-1.576
-1.57601
-1.57602
-1.57603
-1.57604
-1.57605
-1.57606
-1.57607
-1.57607
-1.57608
-1.57609
-1.57609
-1.5761
-1.5761
-1.5761
-1.5761
-1.5761
-1.5761
-1.57609
-1.57609
-1.57609
-1.57608
-1.57607
-1.57607
-1.57606
-1.57605
-1.57604
-1.57604
-1.57603
-1.57602
-1.57601
-1.57601
-1.576
-1.576
-1.57599
-1.57599
-1.57598
-1.57598
-1.57597
-1.57597
-1.57596
-1.57595
-1.67436
-1.67437
-1.67437
-1.67437
-1.67438
-1.67438
-1.67438
-1.67439
-1.67439
-1.6744
-1.6744
-1.67441
-1.67443
-1.67444
-1.67445
-1.67447
-1.67448
-1.67449
-1.6745
-1.67451
-1.67451
-1.67451
-1.67452
-1.67452
-1.67453
-1.67453
-1.67454
-1.67454
-1.67454
-1.67454
-1.67454
-1.67454
-1.67454
-1.67454
-1.67454
-1.67453
-1.67453
-1.67452
-1.67452
-1.67451
-1.6745
-1.6745
-1.67449
-1.67448
-1.67448
-1.67447
-1.67447
-1.67446
-1.67446
-1.67446
-1.67446
-1.67446
-1.67446
-1.67447
-1.67448
-1.67448
-1.67449
-1.6745
-1.67451
-1.67452
-1.67453
-1.67454
-1.67455
-1.67456
-1.67457
-1.67458
-1.67459
-1.67459
-1.6746
-1.6746
-1.6746
-1.67461
-1.67461
-1.67461
-1.67461
-1.67461
-1.6746
-1.6746
-1.67459
-1.67459
-1.67458
-1.67457
-1.67456
-1.67456
-1.67455
-1.67454
-1.67453
-1.67453
-1.67452
-1.67451
-1.67451
-1.6745
-1.6745
-1.67449
-1.67449
-1.67448
-1.67448
-1.67447
-1.67446
-1.67445
-1.77286
-1.77286
-1.77287
-1.77287
-1.77287
-1.77288
-1.77288
-1.77288
-1.77288
-1.77289
-1.7729
-1.77291
-1.77292
-1.77293
-1.77295
-1.77296
-1.77297
-1.77298
-1.77299
-1.773
-1.77301
-1.77301
-1.77302
-1.77302
-1.77303
-1.77303
-1.77304
-1.77304
-1.77304
-1.77305
-1.77305
-1.77305
-1.77305
-1.77304
-1.77304
-1.77304
-1.77303
-1.77303
-1.77302
-1.77301
-1.77301
-1.773
-1.77299
-1.77299
-1.77298
-1.77298
-1.77297
-1.77297
-1.77297
-1.77297
-1.77297
-1.77297
-1.77298
-1.77298
-1.77299
-1.773
-1.77301
-1.77302
-1.77303
-1.77304
-1.77305
-1.77306
-1.77306
-1.77307
-1.77308
-1.77309
-1.7731
-1.7731
-1.77311
-1.77311
-1.77311
-1.77312
-1.77312
-1.77312
-1.77312
-1.77311
-1.77311
-1.7731
-1.7731
-1.77309
-1.77308
-1.77308
-1.77307
-1.77306
-1.77305
-1.77304
-1.77304
-1.77303
-1.77302
-1.77302
-1.77301
-1.77301
-1.773
-1.773
-1.77299
-1.77299
-1.77298
-1.77297
-1.77296
-1.77295
-1.87136
-1.87136
-1.87137
-1.87137
-1.87137
-1.87137
-1.87138
-1.87138
-1.87138
-1.87139
-1.87139
-1.8714
-1.87141
-1.87142
-1.87144
-1.87145
-1.87147
-1.87148
-1.87149
-1.87149
-1.8715
-1.87151
-1.87152
-1.87152
-1.87153
-1.87153
-1.87154
-1.87154
-1.87155
-1.87155
-1.87155
-1.87155
-1.87155
-1.87155
-1.87154
-1.87154
-1.87153
-1.87153
-1.87152
-1.87152
-1.87151
-1.87151
-1.8715
-1.87149
-1.87149
-1.87148
-1.87148
-1.87148
-1.87148
-1.87148
-1.87148
-1.87148
-1.87148
-1.87149
-1.8715
-1.87151
-1.87152
-1.87153
-1.87154
-1.87155
-1.87156
-1.87157
-1.87157
-1.87158
-1.87159
-1.8716
-1.8716
-1.87161
-1.87161
-1.87162
-1.87162
-1.87162
-1.87162
-1.87162
-1.87162
-1.87162
-1.87162
-1.87161
-1.8716
-1.8716
-1.87159
-1.87158
-1.87157
-1.87156
-1.87156
-1.87155
-1.87154
-1.87153
-1.87153
-1.87152
-1.87151
-1.87151
-1.8715
-1.8715
-1.8715
-1.87149
-1.87148
-1.87146
-1.87145
-1.87145
-1.96986
-1.96986
-1.96987
-1.96987
-1.96987
-1.96987
-1.96988
-1.96988
-1.96988
-1.96988
-1.96989
-1.9699
-1.96991
-1.96992
-1.96993
-1.96995
-1.96996
-1.96997
-1.96998
-1.96999
-1.97
-1.97001
-1.97001
-1.97002
-1.97003
-1.97003
-1.97004
-1.97004
-1.97005
-1.97005
-1.97005
-1.97005
-1.97005
-1.97005
-1.97005
-1.97004
-1.97004
-1.97003
-1.97003
-1.97002
-1.97001
-1.97001
-1.97
-1.97
-1.96999
-1.96999
-1.96999
-1.96998
-1.96998
-1.96998
-1.96998
-1.96999
-1.96999
-1.97
-1.97001
-1.97002
-1.97003
-1.97004
-1.97005
-1.97006
-1.97007
-1.97007
-1.97008
-1.97009
-1.9701
-1.97011
-1.97011
-1.97012
-1.97012
-1.97013
-1.97013
-1.97013
-1.97013
-1.97013
-1.97013
-1.97013
-1.97012
-1.97012
-1.97011
-1.9701
-1.97009
-1.97008
-1.97008
-1.97007
-1.97006
-1.97005
-1.97004
-1.97004
-1.97003
-1.97002
-1.97002
-1.97001
-1.97001
-1.97
-1.97
-1.96999
-1.96997
-1.96996
-1.96994
-1.96994
-2.06836
-2.06837
-2.06837
-2.06837
-2.06837
-2.06838
-2.06838
-2.06838
-2.06838
-2.06838
-2.06839
-2.0684
-2.0684
-2.06841
-2.06843
-2.06844
-2.06845
-2.06846
-2.06848
-2.06849
-2.06849
-2.0685
-2.06851
-2.06852
-2.06853
-2.06853
-2.06854
-2.06854
-2.06855
-2.06855
-2.06855
-2.06855
-2.06855
-2.06855
-2.06855
-2.06854
-2.06854
-2.06853
-2.06853
-2.06852
-2.06852
-2.06851
-2.06851
-2.0685
-2.0685
-2.06849
-2.06849
-2.06849
-2.06849
-2.06849
-2.06849
-2.06849
-2.0685
-2.06851
-2.06852
-2.06853
-2.06854
-2.06854
-2.06855
-2.06856
-2.06857
-2.06858
-2.06859
-2.0686
-2.06861
-2.06861
-2.06862
-2.06863
-2.06863
-2.06863
-2.06864
-2.06864
-2.06864
-2.06864
-2.06864
-2.06863
-2.06863
-2.06862
-2.06861
-2.0686
-2.0686
-2.06859
-2.06858
-2.06857
-2.06856
-2.06855
-2.06854
-2.06854
-2.06853
-2.06852
-2.06852
-2.06851
-2.06851
-2.0685
-2.06849
-2.06848
-2.06846
-2.06844
-2.06843
-2.06843
-2.16687
-2.16687
-2.16687
-2.16687
-2.16688
-2.16688
-2.16688
-2.16688
-2.16688
-2.16689
-2.16689
-2.1669
-2.1669
-2.16691
-2.16692
-2.16694
-2.16695
-2.16696
-2.16697
-2.16698
-2.16699
-2.167
-2.16701
-2.16702
-2.16702
-2.16703
-2.16704
-2.16704
-2.16705
-2.16705
-2.16705
-2.16705
-2.16705
-2.16705
-2.16705
-2.16704
-2.16704
-2.16703
-2.16703
-2.16702
-2.16702
-2.16701
-2.16701
-2.167
-2.167
-2.167
-2.16699
-2.16699
-2.16699
-2.16699
-2.167
-2.167
-2.16701
-2.16701
-2.16702
-2.16703
-2.16704
-2.16705
-2.16706
-2.16707
-2.16708
-2.16709
-2.1671
-2.16711
-2.16711
-2.16712
-2.16713
-2.16713
-2.16714
-2.16714
-2.16714
-2.16715
-2.16714
-2.16714
-2.16714
-2.16714
-2.16713
-2.16712
-2.16712
-2.16711
-2.1671
-2.16709
-2.16708
-2.16707
-2.16706
-2.16705
-2.16705
-2.16704
-2.16703
-2.16702
-2.16702
-2.16701
-2.167
-2.167
-2.16698
-2.16697
-2.16695
-2.16693
-2.16692
-2.16691
-2.26537
-2.26537
-2.26538
-2.26538
-2.26538
-2.26538
-2.26538
-2.26539
-2.26539
-2.26539
-2.26539
-2.2654
-2.2654
-2.26541
-2.26542
-2.26543
-2.26544
-2.26546
-2.26547
-2.26548
-2.26549
-2.2655
-2.26551
-2.26551
-2.26552
-2.26553
-2.26554
-2.26554
-2.26554
-2.26555
-2.26555
-2.26555
-2.26555
-2.26555
-2.26554
-2.26554
-2.26554
-2.26553
-2.26553
-2.26552
-2.26552
-2.26551
-2.26551
-2.2655
-2.2655
-2.2655
-2.2655
-2.26549
-2.26549
-2.2655
-2.2655
-2.2655
-2.26551
-2.26552
-2.26553
-2.26554
-2.26555
-2.26556
-2.26557
-2.26558
-2.26558
-2.26559
-2.2656
-2.26561
-2.26562
-2.26563
-2.26563
-2.26564
-2.26564
-2.26565
-2.26565
-2.26565
-2.26565
-2.26565
-2.26564
-2.26564
-2.26563
-2.26563
-2.26562
-2.26561
-2.2656
-2.26559
-2.26558
-2.26557
-2.26556
-2.26555
-2.26555
-2.26554
-2.26553
-2.26552
-2.26551
-2.26551
-2.2655
-2.26549
-2.26547
-2.26545
-2.26543
-2.26541
-2.2654
-2.2654
-2.36388
-2.36388
-2.36388
-2.36388
-2.36389
-2.36389
-2.36389
-2.36389
-2.36389
-2.3639
-2.3639
-2.3639
-2.36391
-2.36391
-2.36392
-2.36393
-2.36394
-2.36395
-2.36396
-2.36397
-2.36398
-2.36399
-2.364
-2.36401
-2.36402
-2.36403
-2.36403
-2.36404
-2.36404
-2.36405
-2.36405
-2.36405
-2.36405
-2.36404
-2.36404
-2.36404
-2.36404
-2.36403
-2.36403
-2.36402
-2.36402
-2.36401
-2.36401
-2.364
-2.364
-2.364
-2.364
-2.364
-2.364
-2.364
-2.364
-2.36401
-2.36401
-2.36402
-2.36403
-2.36404
-2.36405
-2.36406
-2.36407
-2.36408
-2.36409
-2.3641
-2.36411
-2.36411
-2.36412
-2.36413
-2.36414
-2.36414
-2.36415
-2.36415
-2.36415
-2.36415
-2.36415
-2.36415
-2.36415
-2.36414
-2.36413
-2.36413
-2.36412
-2.36411
-2.3641
-2.36409
-2.36408
-2.36407
-2.36406
-2.36405
-2.36404
-2.36404
-2.36403
-2.36402
-2.36401
-2.364
-2.36399
-2.36397
-2.36395
-2.36393
-2.36391
-2.36389
-2.36388
-2.36389
-2.46238
-2.46239
-2.46239
-2.46239
-2.46239
-2.4624
-2.4624
-2.4624
-2.4624
-2.4624
-2.4624
-2.46241
-2.46241
-2.46242
-2.46242
-2.46243
-2.46244
-2.46245
-2.46246
-2.46247
-2.46248
-2.46249
-2.4625
-2.46251
-2.46252
-2.46252
-2.46253
-2.46253
-2.46254
-2.46254
-2.46254
-2.46254
-2.46254
-2.46254
-2.46254
-2.46254
-2.46253
-2.46253
-2.46252
-2.46252
-2.46251
-2.46251
-2.46251
-2.4625
-2.4625
-2.4625
-2.46249
-2.46249
-2.4625
-2.4625
-2.4625
-2.46251
-2.46251
-2.46252
-2.46253
-2.46254
-2.46255
-2.46256
-2.46257
-2.46258
-2.46259
-2.4626
-2.46261
-2.46262
-2.46263
-2.46263
-2.46264
-2.46265
-2.46265
-2.46265
-2.46266
-2.46266
-2.46265
-2.46265
-2.46265
-2.46264
-2.46263
-2.46262
-2.46262
-2.46261
-2.4626
-2.46259
-2.46258
-2.46257
-2.46256
-2.46255
-2.46254
-2.46253
-2.46252
-2.46251
-2.4625
-2.46249
-2.46248
-2.46246
-2.46244
-2.46241
-2.46239
-2.46238
-2.46237
-2.46237
-2.56089
-2.56089
-2.5609
-2.5609
-2.5609
-2.5609
-2.5609
-2.56091
-2.56091
-2.56091
-2.56091
-2.56091
-2.56091
-2.56092
-2.56092
-2.56093
-2.56094
-2.56095
-2.56096
-2.56097
-2.56098
-2.56099
-2.561
-2.561
-2.56101
-2.56102
-2.56102
-2.56103
-2.56103
-2.56104
-2.56104
-2.56104
-2.56104
-2.56104
-2.56103
-2.56103
-2.56103
-2.56102
-2.56102
-2.56101
-2.56101
-2.56101
-2.561
-2.561
-2.561
-2.56099
-2.56099
-2.56099
-2.56099
-2.561
-2.561
-2.56101
-2.56101
-2.56102
-2.56103
-2.56104
-2.56105
-2.56106
-2.56107
-2.56108
-2.56109
-2.5611
-2.56111
-2.56112
-2.56113
-2.56113
-2.56114
-2.56115
-2.56115
-2.56115
-2.56115
-2.56115
-2.56115
-2.56115
-2.56114
-2.56114
-2.56113
-2.56112
-2.56111
-2.5611
-2.5611
-2.56109
-2.56108
-2.56107
-2.56106
-2.56105
-2.56104
-2.56103
-2.56102
-2.56101
-2.56099
-2.56098
-2.56096
-2.56094
-2.56092
-2.5609
-2.56088
-2.56086
-2.56086
-2.56086
-2.6594
-2.6594
-2.6594
-2.65941
-2.65941
-2.65941
-2.65941
-2.65941
-2.65941
-2.65941
-2.65941
-2.65942
-2.65942
-2.65942
-2.65943
-2.65943
-2.65944
-2.65945
-2.65946
-2.65946
-2.65947
-2.65948
-2.65949
-2.6595
-2.65951
-2.65951
-2.65952
-2.65953
-2.65953
-2.65953
-2.65953
-2.65953
-2.65953
-2.65953
-2.65953
-2.65953
-2.65952
-2.65952
-2.65951
-2.65951
-2.65951
-2.6595
-2.6595
-2.65949
-2.65949
-2.65949
-2.65949
-2.65949
-2.65949
-2.65949
-2.6595
-2.6595
-2.65951
-2.65952
-2.65953
-2.65954
-2.65955
-2.65956
-2.65957
-2.65958
-2.65959
-2.6596
-2.65961
-2.65962
-2.65963
-2.65963
-2.65964
-2.65964
-2.65965
-2.65965
-2.65965
-2.65965
-2.65965
-2.65964
-2.65964
-2.65963
-2.65963
-2.65962
-2.65961
-2.6596
-2.65959
-2.65958
-2.65957
-2.65957
-2.65956
-2.65955
-2.65953
-2.65952
-2.65951
-2.6595
-2.65948
-2.65946
-2.65944
-2.65942
-2.6594
-2.65938
-2.65936
-2.65935
-2.65935
-2.65935
-2.75791
-2.75791
-2.75791
-2.75792
-2.75792
-2.75792
-2.75792
-2.75792
-2.75792
-2.75792
-2.75792
-2.75792
-2.75792
-2.75792
-2.75793
-2.75793
-2.75794
-2.75795
-2.75795
-2.75796
-2.75797
-2.75798
-2.75799
-2.758
-2.758
-2.75801
-2.75801
-2.75802
-2.75802
-2.75803
-2.75803
-2.75803
-2.75803
-2.75803
-2.75802
-2.75802
-2.75802
-2.75801
-2.75801
-2.758
-2.758
-2.758
-2.75799
-2.75799
-2.75799
-2.75798
-2.75798
-2.75798
-2.75798
-2.75799
-2.75799
-2.758
-2.75801
-2.75802
-2.75802
-2.75803
-2.75804
-2.75805
-2.75807
-2.75808
-2.75809
-2.7581
-2.75811
-2.75812
-2.75812
-2.75813
-2.75814
-2.75814
-2.75814
-2.75814
-2.75814
-2.75814
-2.75814
-2.75814
-2.75813
-2.75813
-2.75812
-2.75811
-2.75811
-2.7581
-2.75809
-2.75808
-2.75807
-2.75806
-2.75805
-2.75804
-2.75803
-2.75802
-2.758
-2.75799
-2.75797
-2.75795
-2.75793
-2.75791
-2.75789
-2.75787
-2.75786
-2.75785
-2.75785
-2.75785
-2.85643
-2.85642
-2.85643
-2.85643
-2.85643
-2.85643
-2.85643
-2.85643
-2.85643
-2.85643
-2.85643
-2.85643
-2.85643
-2.85643
-2.85643
-2.85643
-2.85644
-2.85644
-2.85645
-2.85646
-2.85647
-2.85648
-2.85648
-2.85649
-2.8565
-2.8565
-2.85651
-2.85651
-2.85652
-2.85652
-2.85652
-2.85652
-2.85652
-2.85652
-2.85652
-2.85651
-2.85651
-2.85651
-2.8565
-2.8565
-2.85649
-2.85649
-2.85648
-2.85648
-2.85648
-2.85648
-2.85648
-2.85647
-2.85648
-2.85648
-2.85649
-2.85649
-2.8565
-2.85651
-2.85652
-2.85653
-2.85654
-2.85655
-2.85656
-2.85657
-2.85658
-2.85659
-2.8566
-2.85661
-2.85662
-2.85663
-2.85663
-2.85663
-2.85664
-2.85664
-2.85664
-2.85663
-2.85663
-2.85663
-2.85663
-2.85662
-2.85661
-2.85661
-2.8566
-2.85659
-2.85658
-2.85658
-2.85657
-2.85656
-2.85655
-2.85653
-2.85652
-2.85651
-2.85649
-2.85647
-2.85645
-2.85643
-2.85641
-2.85639
-2.85638
-2.85636
-2.85635
-2.85635
-2.85635
-2.85635
-2.95494
-2.95494
-2.95494
-2.95494
-2.95494
-2.95494
-2.95494
-2.95494
-2.95494
-2.95494
-2.95493
-2.95493
-2.95493
-2.95493
-2.95493
-2.95493
-2.95494
-2.95494
-2.95495
-2.95496
-2.95496
-2.95497
-2.95498
-2.95499
-2.95499
-2.955
-2.955
-2.95501
-2.95501
-2.95501
-2.95501
-2.95501
-2.95501
-2.95501
-2.95501
-2.95501
-2.955
-2.955
-2.95499
-2.95499
-2.95499
-2.95498
-2.95498
-2.95497
-2.95497
-2.95497
-2.95497
-2.95497
-2.95497
-2.95497
-2.95498
-2.95498
-2.95499
-2.955
-2.95501
-2.95502
-2.95503
-2.95504
-2.95505
-2.95507
-2.95508
-2.95509
-2.9551
-2.95511
-2.95512
-2.95512
-2.95513
-2.95513
-2.95513
-2.95513
-2.95513
-2.95513
-2.95512
-2.95512
-2.95512
-2.95511
-2.95511
-2.9551
-2.9551
-2.95509
-2.95508
-2.95507
-2.95506
-2.95505
-2.95504
-2.95503
-2.95501
-2.955
-2.95498
-2.95496
-2.95494
-2.95492
-2.9549
-2.95488
-2.95487
-2.95486
-2.95485
-2.95485
-2.95485
-2.95485
-3.05346
-3.05346
-3.05346
-3.05346
-3.05346
-3.05346
-3.05345
-3.05345
-3.05345
-3.05344
-3.05344
-3.05344
-3.05343
-3.05343
-3.05343
-3.05344
-3.05344
-3.05344
-3.05345
-3.05345
-3.05346
-3.05347
-3.05348
-3.05348
-3.05349
-3.05349
-3.0535
-3.0535
-3.0535
-3.05351
-3.05351
-3.05351
-3.05351
-3.0535
-3.0535
-3.0535
-3.05349
-3.05349
-3.05349
-3.05348
-3.05348
-3.05347
-3.05347
-3.05346
-3.05346
-3.05346
-3.05346
-3.05346
-3.05346
-3.05346
-3.05347
-3.05347
-3.05348
-3.05349
-3.0535
-3.05351
-3.05352
-3.05353
-3.05355
-3.05356
-3.05357
-3.05358
-3.05359
-3.0536
-3.05361
-3.05362
-3.05362
-3.05362
-3.05362
-3.05362
-3.05362
-3.05362
-3.05362
-3.05361
-3.05361
-3.05361
-3.0536
-3.05359
-3.05359
-3.05358
-3.05357
-3.05356
-3.05355
-3.05354
-3.05353
-3.05352
-3.0535
-3.05349
-3.05347
-3.05345
-3.05343
-3.05341
-3.05339
-3.05337
-3.05336
-3.05336
-3.05336
-3.05336
-3.05336
-3.05336
-3.15197
-3.15198
-3.15198
-3.15197
-3.15197
-3.15197
-3.15197
-3.15196
-3.15196
-3.15195
-3.15195
-3.15194
-3.15194
-3.15194
-3.15194
-3.15194
-3.15194
-3.15194
-3.15195
-3.15195
-3.15196
-3.15196
-3.15197
-3.15198
-3.15198
-3.15199
-3.15199
-3.152
-3.152
-3.152
-3.152
-3.152
-3.152
-3.152
-3.15199
-3.15199
-3.15199
-3.15198
-3.15198
-3.15197
-3.15197
-3.15196
-3.15196
-3.15195
-3.15195
-3.15195
-3.15195
-3.15194
-3.15195
-3.15195
-3.15195
-3.15196
-3.15197
-3.15198
-3.15199
-3.152
-3.15201
-3.15202
-3.15204
-3.15205
-3.15206
-3.15208
-3.15209
-3.1521
-3.1521
-3.15211
-3.15211
-3.15211
-3.15211
-3.15211
-3.15211
-3.15211
-3.15211
-3.15211
-3.1521
-3.1521
-3.15209
-3.15209
-3.15208
-3.15207
-3.15207
-3.15206
-3.15205
-3.15204
-3.15202
-3.15201
-3.15199
-3.15198
-3.15196
-3.15194
-3.15192
-3.15189
-3.15188
-3.15186
-3.15186
-3.15186
-3.15187
-3.15187
-3.15187
-3.15187
-3.25047
-3.25048
-3.25049
-3.25049
-3.25048
-3.25048
-3.25048
-3.25047
-3.25047
-3.25046
-3.25045
-3.25045
-3.25044
-3.25044
-3.25044
-3.25044
-3.25044
-3.25044
-3.25045
-3.25045
-3.25046
-3.25046
-3.25047
-3.25047
-3.25048
-3.25048
-3.25049
-3.25049
-3.25049
-3.25049
-3.25049
-3.25049
-3.25049
-3.25049
-3.25048
-3.25048
-3.25048
-3.25047
-3.25047
-3.25046
-3.25046
-3.25045
-3.25045
-3.25044
-3.25044
-3.25043
-3.25043
-3.25043
-3.25043
-3.25044
-3.25044
-3.25045
-3.25045
-3.25046
-3.25047
-3.25049
-3.2505
-3.25051
-3.25052
-3.25054
-3.25055
-3.25057
-3.25058
-3.25059
-3.2506
-3.2506
-3.25061
-3.25061
-3.25061
-3.25061
-3.2506
-3.2506
-3.2506
-3.2506
-3.25059
-3.25059
-3.25058
-3.25058
-3.25057
-3.25056
-3.25056
-3.25055
-3.25054
-3.25053
-3.25051
-3.2505
-3.25049
-3.25047
-3.25045
-3.25043
-3.25041
-3.25039
-3.25037
-3.25036
-3.25036
-3.25037
-3.25038
-3.25038
-3.25038
-3.25038
-3.34896
-3.34897
-3.34899
-3.34899
-3.34899
-3.34899
-3.34898
-3.34898
-3.34897
-3.34896
-3.34896
-3.34895
-3.34895
-3.34894
-3.34894
-3.34894
-3.34894
-3.34894
-3.34894
-3.34895
-3.34895
-3.34896
-3.34897
-3.34897
-3.34898
-3.34898
-3.34898
-3.34898
-3.34899
-3.34899
-3.34899
-3.34898
-3.34898
-3.34898
-3.34898
-3.34897
-3.34897
-3.34896
-3.34896
-3.34895
-3.34895
-3.34894
-3.34894
-3.34893
-3.34893
-3.34892
-3.34892
-3.34892
-3.34892
-3.34892
-3.34893
-3.34893
-3.34894
-3.34895
-3.34896
-3.34897
-3.34898
-3.349
-3.34901
-3.34903
-3.34904
-3.34905
-3.34907
-3.34908
-3.34909
-3.34909
-3.3491
-3.3491
-3.3491
-3.3491
-3.3491
-3.34909
-3.34909
-3.34909
-3.34908
-3.34908
-3.34907
-3.34907
-3.34906
-3.34905
-3.34905
-3.34904
-3.34903
-3.34902
-3.34901
-3.34899
-3.34898
-3.34896
-3.34894
-3.34892
-3.3489
-3.34888
-3.34887
-3.34887
-3.34887
-3.34888
-3.34889
-3.34889
-3.34889
-3.34889
-3.44744
-3.44745
-3.44747
-3.44748
-3.44749
-3.44749
-3.44748
-3.44748
-3.44747
-3.44746
-3.44746
-3.44745
-3.44745
-3.44744
-3.44744
-3.44744
-3.44744
-3.44744
-3.44744
-3.44745
-3.44745
-3.44746
-3.44746
-3.44747
-3.44747
-3.44747
-3.44748
-3.44748
-3.44748
-3.44748
-3.44748
-3.44748
-3.44748
-3.44747
-3.44747
-3.44746
-3.44746
-3.44745
-3.44745
-3.44744
-3.44744
-3.44743
-3.44742
-3.44742
-3.44741
-3.44741
-3.4474
-3.4474
-3.4474
-3.44741
-3.44741
-3.44742
-3.44742
-3.44743
-3.44744
-3.44746
-3.44747
-3.44748
-3.4475
-3.44751
-3.44753
-3.44754
-3.44756
-3.44757
-3.44758
-3.44758
-3.44759
-3.44759
-3.44759
-3.44759
-3.44759
-3.44759
-3.44758
-3.44758
-3.44757
-3.44757
-3.44756
-3.44756
-3.44755
-3.44754
-3.44753
-3.44753
-3.44752
-3.44751
-3.4475
-3.44749
-3.44747
-3.44746
-3.44744
-3.44742
-3.44741
-3.44739
-3.44738
-3.44737
-3.44738
-3.44739
-3.4474
-3.4474
-3.4474
-3.4474
-3.54591
-3.54592
-3.54594
-3.54596
-3.54597
-3.54597
-3.54597
-3.54597
-3.54596
-3.54596
-3.54595
-3.54594
-3.54594
-3.54593
-3.54593
-3.54593
-3.54593
-3.54594
-3.54594
-3.54594
-3.54595
-3.54595
-3.54596
-3.54596
-3.54597
-3.54597
-3.54597
-3.54597
-3.54597
-3.54597
-3.54597
-3.54597
-3.54597
-3.54596
-3.54596
-3.54596
-3.54595
-3.54595
-3.54594
-3.54593
-3.54593
-3.54592
-3.54591
-3.5459
-3.5459
-3.54589
-3.54589
-3.54589
-3.54589
-3.54589
-3.54589
-3.5459
-3.54591
-3.54592
-3.54593
-3.54594
-3.54595
-3.54597
-3.54598
-3.546
-3.54601
-3.54603
-3.54604
-3.54605
-3.54606
-3.54607
-3.54608
-3.54608
-3.54608
-3.54608
-3.54608
-3.54608
-3.54607
-3.54607
-3.54606
-3.54606
-3.54605
-3.54604
-3.54604
-3.54603
-3.54602
-3.54601
-3.54601
-3.546
-3.54599
-3.54598
-3.54597
-3.54596
-3.54595
-3.54593
-3.54591
-3.5459
-3.54589
-3.54589
-3.54589
-3.5459
-3.54591
-3.54591
-3.54591
-3.5459
-3.64438
-3.64439
-3.64441
-3.64443
-3.64444
-3.64445
-3.64445
-3.64445
-3.64445
-3.64444
-3.64444
-3.64443
-3.64443
-3.64443
-3.64442
-3.64442
-3.64443
-3.64443
-3.64443
-3.64444
-3.64444
-3.64445
-3.64445
-3.64446
-3.64446
-3.64447
-3.64447
-3.64447
-3.64447
-3.64447
-3.64447
-3.64446
-3.64446
-3.64446
-3.64445
-3.64445
-3.64444
-3.64444
-3.64443
-3.64442
-3.64441
-3.6444
-3.6444
-3.64439
-3.64438
-3.64438
-3.64437
-3.64437
-3.64437
-3.64437
-3.64438
-3.64438
-3.64439
-3.6444
-3.64441
-3.64443
-3.64444
-3.64445
-3.64447
-3.64448
-3.6445
-3.64451
-3.64453
-3.64454
-3.64455
-3.64456
-3.64456
-3.64457
-3.64457
-3.64457
-3.64457
-3.64456
-3.64456
-3.64456
-3.64455
-3.64454
-3.64454
-3.64453
-3.64452
-3.64451
-3.64451
-3.6445
-3.64449
-3.64449
-3.64448
-3.64448
-3.64447
-3.64446
-3.64445
-3.64444
-3.64442
-3.64441
-3.6444
-3.6444
-3.6444
-3.6444
-3.64441
-3.64441
-3.64441
-3.6444
-3.74285
-3.74285
-3.74287
-3.74289
-3.74291
-3.74292
-3.74292
-3.74293
-3.74293
-3.74292
-3.74292
-3.74292
-3.74292
-3.74291
-3.74291
-3.74292
-3.74292
-3.74292
-3.74293
-3.74293
-3.74294
-3.74294
-3.74295
-3.74295
-3.74296
-3.74296
-3.74296
-3.74296
-3.74296
-3.74296
-3.74296
-3.74296
-3.74295
-3.74295
-3.74294
-3.74294
-3.74293
-3.74292
-3.74292
-3.74291
-3.7429
-3.74289
-3.74288
-3.74287
-3.74287
-3.74286
-3.74285
-3.74285
-3.74285
-3.74286
-3.74286
-3.74287
-3.74288
-3.74289
-3.7429
-3.74291
-3.74292
-3.74294
-3.74295
-3.74297
-3.74298
-3.743
-3.74301
-3.74302
-3.74303
-3.74304
-3.74305
-3.74305
-3.74306
-3.74306
-3.74305
-3.74305
-3.74305
-3.74304
-3.74303
-3.74303
-3.74302
-3.74301
-3.743
-3.743
-3.74299
-3.74299
-3.74298
-3.74298
-3.74298
-3.74298
-3.74297
-3.74297
-3.74296
-3.74295
-3.74294
-3.74293
-3.74292
-3.74291
-3.74291
-3.7429
-3.74291
-3.7429
-3.7429
-3.7429
-3.84132
-3.84132
-3.84134
-3.84136
-3.84137
-3.84138
-3.84139
-3.8414
-3.8414
-3.8414
-3.8414
-3.8414
-3.8414
-3.8414
-3.84141
-3.84141
-3.84141
-3.84142
-3.84142
-3.84143
-3.84143
-3.84144
-3.84144
-3.84145
-3.84145
-3.84145
-3.84145
-3.84145
-3.84145
-3.84145
-3.84145
-3.84145
-3.84144
-3.84144
-3.84143
-3.84143
-3.84142
-3.84141
-3.8414
-3.84139
-3.84138
-3.84138
-3.84137
-3.84136
-3.84135
-3.84134
-3.84134
-3.84133
-3.84134
-3.84134
-3.84135
-3.84135
-3.84136
-3.84137
-3.84138
-3.8414
-3.84141
-3.84142
-3.84144
-3.84145
-3.84147
-3.84148
-3.84149
-3.84151
-3.84152
-3.84153
-3.84153
-3.84154
-3.84154
-3.84154
-3.84154
-3.84153
-3.84153
-3.84152
-3.84152
-3.84151
-3.8415
-3.84149
-3.84149
-3.84148
-3.84147
-3.84147
-3.84147
-3.84147
-3.84147
-3.84147
-3.84147
-3.84147
-3.84147
-3.84146
-3.84145
-3.84144
-3.84143
-3.84142
-3.84141
-3.84141
-3.8414
-3.8414
-3.84139
-3.84139
-3.93979
-3.9398
-3.93981
-3.93983
-3.93984
-3.93985
-3.93986
-3.93987
-3.93987
-3.93988
-3.93988
-3.93988
-3.93989
-3.93989
-3.9399
-3.93991
-3.93991
-3.93992
-3.93992
-3.93993
-3.93993
-3.93993
-3.93994
-3.93994
-3.93994
-3.93994
-3.93994
-3.93994
-3.93994
-3.93994
-3.93994
-3.93994
-3.93993
-3.93993
-3.93992
-3.93992
-3.93991
-3.9399
-3.93989
-3.93988
-3.93987
-3.93986
-3.93985
-3.93984
-3.93983
-3.93983
-3.93982
-3.93982
-3.93982
-3.93983
-3.93983
-3.93984
-3.93985
-3.93986
-3.93987
-3.93988
-3.93989
-3.93991
-3.93992
-3.93993
-3.93995
-3.93996
-3.93998
-3.93999
-3.94
-3.94001
-3.94001
-3.94002
-3.94002
-3.94002
-3.94002
-3.94002
-3.94001
-3.94
-3.94
-3.93999
-3.93998
-3.93997
-3.93996
-3.93996
-3.93995
-3.93995
-3.93995
-3.93996
-3.93996
-3.93997
-3.93998
-3.93998
-3.93997
-3.93997
-3.93996
-3.93995
-3.93994
-3.93993
-3.93991
-3.9399
-3.9399
-3.93989
-3.93988
-3.93988
-4.03828
-4.03828
-4.03829
-4.0383
-4.03831
-4.03832
-4.03833
-4.03834
-4.03835
-4.03836
-4.03836
-4.03837
-4.03838
-4.03839
-4.0384
-4.03841
-4.03841
-4.03842
-4.03842
-4.03843
-4.03843
-4.03843
-4.03843
-4.03843
-4.03843
-4.03843
-4.03843
-4.03843
-4.03843
-4.03843
-4.03843
-4.03843
-4.03842
-4.03842
-4.03841
-4.0384
-4.03839
-4.03839
-4.03838
-4.03837
-4.03835
-4.03834
-4.03833
-4.03832
-4.03832
-4.03831
-4.03831
-4.0383
-4.03831
-4.03831
-4.03832
-4.03833
-4.03834
-4.03835
-4.03836
-4.03837
-4.03838
-4.03839
-4.0384
-4.03842
-4.03843
-4.03844
-4.03846
-4.03847
-4.03848
-4.03849
-4.03849
-4.0385
-4.0385
-4.0385
-4.0385
-4.03849
-4.03849
-4.03848
-4.03847
-4.03847
-4.03846
-4.03845
-4.03844
-4.03844
-4.03843
-4.03843
-4.03844
-4.03845
-4.03846
-4.03847
-4.03847
-4.03848
-4.03848
-4.03848
-4.03847
-4.03846
-4.03844
-4.03843
-4.03842
-4.0384
-4.03839
-4.03838
-4.03837
-4.03837
-4.13676
-4.13677
-4.13677
-4.13678
-4.13679
-4.1368
-4.13681
-4.13682
-4.13683
-4.13684
-4.13685
-4.13686
-4.13687
-4.13688
-4.1369
-4.13691
-4.13691
-4.13692
-4.13693
-4.13693
-4.13693
-4.13693
-4.13693
-4.13693
-4.13693
-4.13692
-4.13692
-4.13692
-4.13692
-4.13692
-4.13692
-4.13691
-4.13691
-4.1369
-4.1369
-4.13689
-4.13688
-4.13687
-4.13686
-4.13685
-4.13684
-4.13683
-4.13682
-4.13681
-4.1368
-4.1368
-4.13679
-4.13679
-4.1368
-4.1368
-4.13681
-4.13682
-4.13682
-4.13683
-4.13684
-4.13685
-4.13687
-4.13688
-4.13689
-4.1369
-4.13692
-4.13693
-4.13694
-4.13695
-4.13696
-4.13697
-4.13697
-4.13698
-4.13698
-4.13698
-4.13698
-4.13697
-4.13697
-4.13696
-4.13695
-4.13694
-4.13693
-4.13692
-4.13692
-4.13691
-4.13691
-4.13691
-4.13692
-4.13693
-4.13694
-4.13696
-4.13697
-4.13698
-4.13698
-4.13698
-4.13697
-4.13696
-4.13694
-4.13693
-4.13691
-4.1369
-4.13688
-4.13687
-4.13686
-4.13686
-4.23525
-4.23526
-4.23526
-4.23526
-4.23528
-4.23529
-4.2353
-4.23531
-4.23532
-4.23533
-4.23535
-4.23536
-4.23537
-4.23538
-4.23539
-4.23541
-4.23542
-4.23542
-4.23543
-4.23543
-4.23543
-4.23543
-4.23542
-4.23542
-4.23542
-4.23542
-4.23541
-4.23541
-4.23541
-4.23541
-4.23541
-4.2354
-4.2354
-4.23539
-4.23538
-4.23538
-4.23537
-4.23536
-4.23535
-4.23534
-4.23532
-4.23531
-4.23531
-4.2353
-4.23529
-4.23528
-4.23528
-4.23528
-4.23529
-4.23529
-4.2353
-4.23531
-4.23531
-4.23532
-4.23533
-4.23534
-4.23535
-4.23537
-4.23538
-4.23539
-4.2354
-4.23541
-4.23542
-4.23543
-4.23544
-4.23545
-4.23545
-4.23546
-4.23546
-4.23546
-4.23546
-4.23545
-4.23544
-4.23544
-4.23543
-4.23542
-4.23541
-4.2354
-4.23539
-4.23539
-4.23539
-4.23539
-4.2354
-4.23541
-4.23543
-4.23545
-4.23546
-4.23547
-4.23548
-4.23548
-4.23547
-4.23546
-4.23544
-4.23543
-4.23541
-4.23539
-4.23538
-4.23536
-4.23535
-4.23535
-4.33375
-4.33375
-4.33375
-4.33375
-4.33377
-4.33378
-4.33379
-4.3338
-4.33382
-4.33383
-4.33384
-4.33385
-4.33387
-4.33388
-4.33389
-4.33391
-4.33392
-4.33393
-4.33393
-4.33393
-4.33393
-4.33393
-4.33392
-4.33392
-4.33391
-4.33391
-4.33391
-4.3339
-4.3339
-4.3339
-4.3339
-4.33389
-4.33389
-4.33388
-4.33387
-4.33386
-4.33385
-4.33384
-4.33383
-4.33382
-4.33381
-4.3338
-4.33379
-4.33379
-4.33378
-4.33377
-4.33377
-4.33377
-4.33378
-4.33378
-4.33379
-4.3338
-4.33381
-4.33381
-4.33382
-4.33383
-4.33384
-4.33385
-4.33386
-4.33388
-4.33389
-4.3339
-4.33391
-4.33391
-4.33392
-4.33393
-4.33393
-4.33394
-4.33394
-4.33394
-4.33393
-4.33393
-4.33392
-4.33391
-4.3339
-4.33389
-4.33388
-4.33387
-4.33387
-4.33386
-4.33386
-4.33387
-4.33388
-4.33389
-4.33391
-4.33393
-4.33395
-4.33396
-4.33397
-4.33397
-4.33396
-4.33395
-4.33394
-4.33392
-4.3339
-4.33389
-4.33387
-4.33385
-4.33385
-4.33384
-4.43224
-4.43224
-4.43224
-4.43225
-4.43226
-4.43227
-4.43229
-4.4323
-4.43231
-4.43233
-4.43234
-4.43235
-4.43236
-4.43238
-4.43239
-4.43241
-4.43242
-4.43243
-4.43243
-4.43243
-4.43243
-4.43242
-4.43242
-4.43241
-4.43241
-4.4324
-4.4324
-4.43239
-4.43239
-4.43239
-4.43239
-4.43238
-4.43238
-4.43237
-4.43236
-4.43235
-4.43234
-4.43233
-4.43232
-4.43231
-4.4323
-4.43229
-4.43228
-4.43228
-4.43227
-4.43227
-4.43227
-4.43227
-4.43227
-4.43228
-4.43229
-4.43229
-4.4323
-4.43231
-4.43232
-4.43232
-4.43233
-4.43234
-4.43235
-4.43236
-4.43237
-4.43238
-4.43239
-4.4324
-4.43241
-4.43241
-4.43242
-4.43242
-4.43242
-4.43242
-4.43241
-4.43241
-4.4324
-4.43239
-4.43238
-4.43237
-4.43236
-4.43235
-4.43234
-4.43234
-4.43234
-4.43235
-4.43236
-4.43237
-4.43239
-4.43241
-4.43243
-4.43245
-4.43246
-4.43246
-4.43245
-4.43244
-4.43243
-4.43241
-4.43239
-4.43238
-4.43236
-4.43235
-4.43234
-4.43234
-4.53073
-4.53073
-4.53074
-4.53074
-4.53076
-4.53077
-4.53079
-4.5308
-4.53081
-4.53083
-4.53084
-4.53085
-4.53086
-4.53087
-4.53089
-4.5309
-4.53092
-4.53092
-4.53093
-4.53093
-4.53092
-4.53092
-4.53091
-4.5309
-4.5309
-4.53089
-4.53089
-4.53089
-4.53088
-4.53088
-4.53088
-4.53087
-4.53087
-4.53086
-4.53085
-4.53084
-4.53083
-4.53082
-4.53081
-4.5308
-4.53079
-4.53078
-4.53078
-4.53077
-4.53077
-4.53077
-4.53077
-4.53077
-4.53077
-4.53078
-4.53078
-4.53079
-4.53079
-4.5308
-4.53081
-4.53082
-4.53082
-4.53083
-4.53084
-4.53085
-4.53086
-4.53087
-4.53088
-4.53089
-4.53089
-4.5309
-4.5309
-4.5309
-4.5309
-4.5309
-4.5309
-4.53089
-4.53088
-4.53087
-4.53086
-4.53085
-4.53084
-4.53083
-4.53082
-4.53082
-4.53082
-4.53082
-4.53083
-4.53085
-4.53087
-4.53089
-4.53091
-4.53093
-4.53094
-4.53094
-4.53094
-4.53093
-4.53091
-4.5309
-4.53088
-4.53087
-4.53085
-4.53084
-4.53083
-4.53083
-4.62922
-4.62923
-4.62923
-4.62924
-4.62925
-4.62927
-4.62929
-4.6293
-4.62931
-4.62932
-4.62933
-4.62934
-4.62935
-4.62937
-4.62938
-4.6294
-4.62941
-4.62942
-4.62942
-4.62942
-4.62942
-4.62941
-4.62941
-4.6294
-4.62939
-4.62939
-4.62938
-4.62938
-4.62938
-4.62937
-4.62937
-4.62937
-4.62936
-4.62935
-4.62934
-4.62933
-4.62932
-4.62931
-4.6293
-4.62929
-4.62928
-4.62928
-4.62927
-4.62927
-4.62927
-4.62926
-4.62927
-4.62927
-4.62927
-4.62927
-4.62928
-4.62928
-4.62929
-4.62929
-4.6293
-4.62931
-4.62932
-4.62932
-4.62933
-4.62934
-4.62935
-4.62936
-4.62937
-4.62937
-4.62938
-4.62938
-4.62939
-4.62939
-4.62939
-4.62939
-4.62938
-4.62938
-4.62937
-4.62936
-4.62934
-4.62933
-4.62932
-4.62931
-4.6293
-4.6293
-4.6293
-4.6293
-4.62931
-4.62933
-4.62935
-4.62937
-4.62939
-4.62941
-4.62942
-4.62942
-4.62942
-4.62941
-4.6294
-4.62939
-4.62937
-4.62936
-4.62934
-4.62933
-4.62933
-4.62933
-4.72771
-4.72772
-4.72773
-4.72774
-4.72775
-4.72777
-4.72779
-4.7278
-4.72781
-4.72782
-4.72783
-4.72784
-4.72785
-4.72786
-4.72788
-4.72789
-4.72791
-4.72791
-4.72792
-4.72792
-4.72791
-4.72791
-4.7279
-4.72789
-4.72789
-4.72788
-4.72788
-4.72788
-4.72787
-4.72787
-4.72787
-4.72786
-4.72785
-4.72785
-4.72784
-4.72783
-4.72782
-4.72781
-4.7278
-4.72779
-4.72778
-4.72777
-4.72777
-4.72777
-4.72777
-4.72777
-4.72777
-4.72777
-4.72777
-4.72777
-4.72777
-4.72778
-4.72778
-4.72779
-4.72779
-4.7278
-4.72781
-4.72782
-4.72783
-4.72783
-4.72784
-4.72785
-4.72786
-4.72786
-4.72787
-4.72787
-4.72788
-4.72788
-4.72788
-4.72788
-4.72787
-4.72786
-4.72785
-4.72784
-4.72783
-4.72782
-4.72781
-4.72779
-4.72779
-4.72778
-4.72778
-4.72779
-4.7278
-4.72781
-4.72783
-4.72785
-4.72787
-4.72789
-4.7279
-4.72791
-4.72791
-4.7279
-4.72789
-4.72787
-4.72786
-4.72784
-4.72783
-4.72782
-4.72782
-4.72782
-4.82619
-4.8262
-4.82622
-4.82623
-4.82625
-4.82627
-4.82628
-4.8263
-4.82631
-4.82632
-4.82633
-4.82634
-4.82635
-4.82636
-4.82637
-4.82639
-4.8264
-4.82641
-4.82641
-4.82641
-4.82641
-4.8264
-4.8264
-4.82639
-4.82638
-4.82638
-4.82638
-4.82637
-4.82637
-4.82637
-4.82636
-4.82636
-4.82635
-4.82634
-4.82634
-4.82633
-4.82631
-4.8263
-4.82629
-4.82628
-4.82628
-4.82627
-4.82627
-4.82627
-4.82627
-4.82627
-4.82627
-4.82627
-4.82627
-4.82627
-4.82627
-4.82628
-4.82628
-4.82628
-4.82629
-4.8263
-4.8263
-4.82631
-4.82632
-4.82633
-4.82633
-4.82634
-4.82635
-4.82636
-4.82636
-4.82637
-4.82637
-4.82637
-4.82637
-4.82637
-4.82636
-4.82635
-4.82635
-4.82633
-4.82632
-4.82631
-4.8263
-4.82628
-4.82627
-4.82627
-4.82627
-4.82627
-4.82628
-4.8263
-4.82631
-4.82634
-4.82636
-4.82638
-4.82639
-4.8264
-4.8264
-4.82639
-4.82638
-4.82636
-4.82635
-4.82634
-4.82633
-4.82632
-4.82632
-4.82631
)
;

boundaryField
{
    floor
    {
        type            calculated;
        value           nonuniform List<scalar> 
100
(
0.0492284
0.0492341
0.0492471
0.049257
0.0492613
0.0492598
0.049253
0.049242
0.0492306
0.049222
0.0492177
0.049218
0.049222
0.0492283
0.0492353
0.0492418
0.0492475
0.0492405
0.0492256
0.0492183
0.0492146
0.049212
0.0492106
0.0492107
0.0492122
0.0492149
0.0492183
0.0492222
0.0492265
0.0492312
0.0492364
0.0492422
0.0492486
0.0492556
0.0492633
0.0492715
0.0492802
0.0492893
0.0492986
0.0493081
0.0493178
0.0493274
0.0493368
0.049346
0.0493548
0.0493631
0.0493709
0.049378
0.0493844
0.0493901
0.049395
0.0493992
0.0494026
0.0494051
0.0494069
0.0494077
0.0494076
0.049407
0.0494061
0.0494017
0.0493949
0.0493861
0.049376
0.049365
0.0493533
0.0493412
0.0493289
0.0493167
0.0493048
0.0492936
0.049283
0.0492734
0.0492648
0.0492572
0.0492508
0.0492454
0.0492412
0.049238
0.0492358
0.0492344
0.0492338
0.049234
0.0492347
0.049236
0.0492377
0.0492396
0.0492417
0.0492438
0.0492459
0.049248
0.0492501
0.0492523
0.0492547
0.0492573
0.0492603
0.0492639
0.0492703
0.0492886
0.0493041
0.0493005
)
;
    }
    ceiling
    {
        type            calculated;
        value           nonuniform List<scalar> 
100
(
-4.87544
-4.87545
-4.87547
-4.87549
-4.8755
-4.87552
-4.87553
-4.87555
-4.87556
-4.87557
-4.87558
-4.87559
-4.8756
-4.87561
-4.87562
-4.87564
-4.87565
-4.87566
-4.87566
-4.87566
-4.87566
-4.87565
-4.87565
-4.87564
-4.87563
-4.87563
-4.87563
-4.87562
-4.87562
-4.87562
-4.87561
-4.87561
-4.8756
-4.87559
-4.87558
-4.87558
-4.87556
-4.87555
-4.87554
-4.87553
-4.87553
-4.87552
-4.87552
-4.87552
-4.87552
-4.87552
-4.87552
-4.87552
-4.87552
-4.87552
-4.87552
-4.87553
-4.87553
-4.87553
-4.87554
-4.87554
-4.87555
-4.87556
-4.87557
-4.87557
-4.87558
-4.87559
-4.8756
-4.8756
-4.87561
-4.87561
-4.87562
-4.87562
-4.87562
-4.87561
-4.87561
-4.8756
-4.87559
-4.87558
-4.87557
-4.87556
-4.87554
-4.87553
-4.87552
-4.87551
-4.87551
-4.87552
-4.87553
-4.87554
-4.87556
-4.87558
-4.87561
-4.87563
-4.87564
-4.87564
-4.87564
-4.87564
-4.87562
-4.87561
-4.8756
-4.87559
-4.87557
-4.87557
-4.87556
-4.87556
)
;
    }
    fixedWalls
    {
        type            calculated;
        value           nonuniform List<scalar> 
100
(
6.93889e-18
-0.0984845
-0.196989
-0.295495
-0.393998
-0.492497
-0.590992
-0.689484
-0.787971
-0.886457
-0.984941
-1.08343
-1.18191
-1.2804
-1.37889
-1.47738
-1.57587
-1.67436
-1.77286
-1.87136
-1.96986
-2.06836
-2.16687
-2.26537
-2.36388
-2.46238
-2.56089
-2.6594
-2.75791
-2.85643
-2.95494
-3.05346
-3.15197
-3.25047
-3.34896
-3.44744
-3.54591
-3.64438
-3.74285
-3.84132
-3.93979
-4.03828
-4.13676
-4.23525
-4.33375
-4.43224
-4.53073
-4.62922
-4.72771
-4.82619
7.51145e-05
-0.0983821
-0.196847
-0.295322
-0.393812
-0.492317
-0.590828
-0.689343
-0.787859
-0.886375
-0.984891
-1.08341
-1.18192
-1.28043
-1.37894
-1.47745
-1.57595
-1.67445
-1.77295
-1.87145
-1.96994
-2.06843
-2.16691
-2.2654
-2.36389
-2.46237
-2.56086
-2.65935
-2.75785
-2.85635
-2.95485
-3.05336
-3.15187
-3.25038
-3.34889
-3.4474
-3.5459
-3.6444
-3.7429
-3.84139
-3.93988
-4.03837
-4.13686
-4.23535
-4.33384
-4.43234
-4.53083
-4.62933
-4.72782
-4.82631
)
;
    }
    frontAndBack
    {
        type            empty;
    }
}


// ************************************************************************* //
