/*--------------------------------*- C++ -*----------------------------------*\
| =========                 |                                                 |
| \\      /  F ield         | OpenFOAM: The Open Source CFD Toolbox           |
|  \\    /   O peration     | Version:  4.1                                   |
|   \\  /    A nd           | Web:      www.OpenFOAM.org                      |
|    \\/     M anipulation  |                                                 |
\*---------------------------------------------------------------------------*/
FoamFile
{
    version     2.0;
    format      ascii;
    class       volScalarField;
    location    "360";
    object      p_rgh;
}
// * * * * * * * * * * * * * * * * * * * * * * * * * * * * * * * * * * * * * //

dimensions      [0 2 -2 0 0 0 0];

internalField   nonuniform List<scalar> 
5000
(
0.0492284
0.0492341
0.0492471
0.049257
0.0492613
0.0492598
0.049253
0.049242
0.0492306
0.049222
0.0492177
0.049218
0.049222
0.0492283
0.0492353
0.0492418
0.0492475
0.0492405
0.0492256
0.0492183
0.0492146
0.049212
0.0492106
0.0492107
0.0492122
0.0492149
0.0492183
0.0492222
0.0492265
0.0492312
0.0492364
0.0492422
0.0492486
0.0492556
0.0492633
0.0492715
0.0492802
0.0492893
0.0492986
0.0493081
0.0493178
0.0493274
0.0493368
0.049346
0.0493548
0.0493631
0.0493709
0.049378
0.0493844
0.0493901
0.049395
0.0493992
0.0494026
0.0494051
0.0494069
0.0494077
0.0494076
0.049407
0.0494061
0.0494017
0.0493949
0.0493861
0.049376
0.049365
0.0493533
0.0493412
0.0493289
0.0493167
0.0493048
0.0492936
0.049283
0.0492734
0.0492648
0.0492572
0.0492508
0.0492454
0.0492412
0.049238
0.0492358
0.0492344
0.0492338
0.049234
0.0492347
0.049236
0.0492377
0.0492396
0.0492417
0.0492438
0.0492459
0.049248
0.0492501
0.0492523
0.0492547
0.0492573
0.0492603
0.0492639
0.0492703
0.0492886
0.0493041
0.0493005
0.0492209
0.0492536
0.0492682
0.0492736
0.0492757
0.0492736
0.0492669
0.0492576
0.0492489
0.0492441
0.0492447
0.0492491
0.0492558
0.0492633
0.0492698
0.0492736
0.049254
0.0492414
0.0492516
0.0492721
0.0492825
0.0492815
0.0492782
0.0492772
0.049279
0.0492824
0.049286
0.0492894
0.0492926
0.0492957
0.049299
0.0493026
0.0493066
0.049311
0.0493159
0.0493214
0.0493276
0.0493345
0.0493418
0.0493496
0.0493576
0.0493658
0.049374
0.049382
0.0493897
0.049397
0.0494038
0.04941
0.0494155
0.0494203
0.0494244
0.0494276
0.04943
0.0494316
0.0494322
0.0494317
0.0494303
0.0494279
0.0494241
0.0494191
0.0494125
0.0494044
0.049395
0.0493847
0.0493738
0.0493624
0.0493509
0.0493395
0.0493285
0.049318
0.0493084
0.0492997
0.0492921
0.0492856
0.0492803
0.0492762
0.0492734
0.0492717
0.0492712
0.0492717
0.0492731
0.049275
0.0492774
0.04928
0.0492827
0.0492854
0.049288
0.0492903
0.0492923
0.0492941
0.0492958
0.0492978
0.0493002
0.0493032
0.049305
0.0493002
0.0492868
0.0492854
0.0493003
0.0493254
0.0491986
0.0492512
0.0492637
0.0492685
0.0492692
0.0492652
0.0492565
0.0492457
0.0492365
0.0492321
0.0492341
0.0492421
0.0492546
0.0492687
0.0492803
0.0492683
0.0492349
0.0492315
0.049265
0.0492998
0.0493125
0.0493114
0.0493075
0.0493046
0.049303
0.0493021
0.0493016
0.0493012
0.0493012
0.0493017
0.0493028
0.0493047
0.0493074
0.049311
0.0493154
0.0493208
0.0493268
0.0493336
0.0493408
0.0493485
0.0493564
0.0493645
0.0493726
0.0493805
0.0493881
0.0493952
0.0494019
0.0494079
0.0494132
0.0494178
0.0494215
0.0494245
0.0494265
0.0494277
0.0494278
0.0494271
0.0494255
0.0494228
0.0494188
0.0494135
0.0494068
0.0493988
0.0493896
0.0493794
0.0493686
0.0493574
0.049346
0.0493348
0.0493239
0.0493137
0.0493042
0.0492957
0.0492883
0.0492821
0.049277
0.0492732
0.0492706
0.0492692
0.049269
0.0492699
0.0492718
0.0492748
0.0492786
0.0492832
0.0492883
0.0492938
0.0492995
0.049305
0.0493103
0.0493153
0.0493199
0.0493244
0.0493289
0.0493333
0.0493355
0.0493285
0.0493068
0.0492929
0.0493032
0.0493296
0.0491752
0.0492455
0.049259
0.0492637
0.0492622
0.0492546
0.0492419
0.0492276
0.0492161
0.0492114
0.049214
0.0492241
0.0492402
0.0492591
0.0492664
0.0492372
0.0492069
0.0492202
0.0492698
0.0493087
0.0493199
0.0493184
0.0493145
0.0493108
0.0493076
0.049305
0.0493029
0.0493013
0.0493004
0.0493003
0.049301
0.0493025
0.049305
0.0493085
0.0493129
0.0493181
0.0493241
0.0493308
0.049338
0.0493456
0.0493535
0.0493615
0.0493695
0.0493773
0.0493848
0.0493918
0.0493983
0.0494041
0.0494092
0.0494135
0.0494169
0.0494195
0.0494212
0.0494218
0.0494217
0.0494208
0.0494189
0.0494158
0.0494115
0.0494059
0.0493991
0.049391
0.0493817
0.0493716
0.0493608
0.0493497
0.0493384
0.0493273
0.0493166
0.0493066
0.0492974
0.0492892
0.049282
0.0492761
0.0492713
0.0492678
0.0492656
0.0492645
0.0492646
0.0492658
0.0492681
0.0492714
0.0492756
0.0492808
0.0492868
0.0492934
0.0493005
0.0493079
0.0493153
0.0493225
0.0493296
0.0493363
0.0493429
0.0493489
0.0493526
0.0493469
0.0493236
0.0493003
0.049302
0.0493291
0.0491545
0.04924
0.0492565
0.0492604
0.0492557
0.0492427
0.0492236
0.0492031
0.0491872
0.0491813
0.0491836
0.0491954
0.0492154
0.0492347
0.049229
0.0491976
0.0491807
0.0492118
0.0492699
0.0493073
0.049317
0.0493157
0.0493123
0.0493087
0.0493054
0.0493026
0.0493002
0.0492985
0.0492974
0.0492972
0.0492978
0.0492993
0.0493018
0.0493052
0.0493096
0.0493147
0.0493207
0.0493273
0.0493345
0.0493421
0.04935
0.0493579
0.0493659
0.0493736
0.049381
0.0493879
0.0493942
0.0493997
0.0494045
0.0494085
0.0494115
0.0494136
0.0494148
0.0494151
0.0494147
0.0494135
0.0494111
0.0494076
0.0494029
0.049397
0.0493899
0.0493816
0.0493722
0.049362
0.0493512
0.0493401
0.0493289
0.049318
0.0493075
0.0492977
0.0492887
0.0492808
0.049274
0.0492684
0.0492641
0.049261
0.0492591
0.0492585
0.049259
0.0492606
0.0492632
0.0492668
0.0492713
0.0492768
0.0492831
0.0492901
0.0492978
0.0493059
0.0493143
0.0493228
0.0493312
0.0493394
0.0493473
0.0493547
0.0493597
0.0493561
0.0493333
0.0493021
0.0492924
0.0493162
0.0491367
0.0492362
0.0492574
0.04926
0.0492508
0.0492306
0.0492023
0.0491726
0.0491497
0.0491392
0.0491415
0.0491564
0.049182
0.0491949
0.0491832
0.0491591
0.0491603
0.0492059
0.0492663
0.0493004
0.0493094
0.0493091
0.0493066
0.0493038
0.0493009
0.0492983
0.0492961
0.0492945
0.0492936
0.0492934
0.049294
0.0492955
0.049298
0.0493015
0.0493058
0.0493111
0.0493171
0.0493238
0.049331
0.0493386
0.0493464
0.0493544
0.0493623
0.0493699
0.0493771
0.0493839
0.0493899
0.0493952
0.0493996
0.0494031
0.0494056
0.0494072
0.0494079
0.049408
0.0494072
0.0494054
0.0494025
0.0493985
0.0493933
0.049387
0.0493794
0.0493708
0.0493612
0.0493508
0.0493399
0.0493288
0.0493177
0.0493068
0.0492965
0.049287
0.0492783
0.0492708
0.0492644
0.0492592
0.0492553
0.0492527
0.0492513
0.0492511
0.049252
0.049254
0.049257
0.049261
0.0492658
0.0492715
0.0492781
0.0492853
0.0492933
0.0493017
0.0493104
0.0493194
0.0493284
0.0493373
0.049346
0.0493541
0.0493601
0.049358
0.0493358
0.0492976
0.0492753
0.0492923
0.0491221
0.0492355
0.0492625
0.0492635
0.0492485
0.0492193
0.0491797
0.0491388
0.0491091
0.0490889
0.0490976
0.0491211
0.0491442
0.0491507
0.0491393
0.0491278
0.0491462
0.0492011
0.0492598
0.0492907
0.0492999
0.049301
0.0492998
0.0492978
0.0492955
0.0492934
0.0492915
0.0492901
0.0492893
0.0492892
0.0492899
0.0492915
0.0492941
0.0492977
0.0493022
0.0493075
0.0493136
0.0493204
0.0493277
0.0493353
0.0493432
0.0493511
0.0493589
0.0493664
0.0493735
0.0493799
0.0493856
0.0493905
0.0493945
0.0493975
0.0493994
0.0494004
0.0494008
0.0494004
0.0493991
0.0493967
0.0493932
0.0493886
0.0493828
0.0493758
0.0493678
0.0493587
0.0493487
0.0493381
0.049327
0.0493158
0.0493047
0.049294
0.049284
0.0492747
0.0492664
0.0492592
0.0492532
0.0492485
0.0492451
0.049243
0.0492422
0.0492425
0.049244
0.0492464
0.0492499
0.0492542
0.0492594
0.0492654
0.0492721
0.0492795
0.0492875
0.049296
0.0493048
0.0493139
0.049323
0.0493321
0.049341
0.0493494
0.0493559
0.0493547
0.0493326
0.0492882
0.0492534
0.0492623
0.0491112
0.0492393
0.0492716
0.0492706
0.049249
0.0492097
0.049158
0.0491058
0.0490698
0.0490591
0.0490714
0.049092
0.0491084
0.049111
0.049104
0.0491056
0.0491372
0.0491964
0.0492513
0.0492799
0.0492898
0.0492926
0.0492927
0.0492916
0.04929
0.0492882
0.0492867
0.0492855
0.0492849
0.049285
0.0492859
0.0492877
0.0492904
0.0492942
0.0492988
0.0493043
0.0493105
0.0493173
0.0493247
0.0493324
0.0493403
0.0493482
0.0493558
0.0493632
0.0493699
0.049376
0.0493813
0.0493857
0.0493891
0.0493914
0.0493927
0.0493933
0.0493933
0.0493923
0.0493903
0.0493873
0.0493831
0.0493778
0.0493713
0.0493636
0.0493549
0.0493452
0.0493348
0.0493238
0.0493126
0.0493013
0.0492902
0.0492797
0.0492698
0.0492608
0.0492529
0.0492462
0.0492407
0.0492365
0.0492337
0.0492322
0.049232
0.0492329
0.0492349
0.0492378
0.0492418
0.0492465
0.0492521
0.0492584
0.0492653
0.0492728
0.0492808
0.0492893
0.049298
0.049307
0.049316
0.049325
0.0493338
0.0493422
0.0493488
0.0493479
0.0493254
0.0492755
0.0492292
0.0492304
0.0491039
0.0492483
0.0492849
0.049281
0.0492519
0.0492019
0.0491405
0.0490857
0.0490512
0.0490431
0.0490528
0.0490677
0.0490781
0.0490795
0.0490786
0.0490912
0.0491314
0.049191
0.0492417
0.0492688
0.0492802
0.0492847
0.049286
0.0492857
0.0492846
0.0492833
0.0492821
0.0492811
0.0492807
0.049281
0.0492821
0.0492841
0.049287
0.0492909
0.0492957
0.0493013
0.0493077
0.0493146
0.049322
0.0493298
0.0493376
0.0493453
0.0493528
0.0493599
0.0493663
0.049372
0.0493767
0.0493805
0.0493832
0.0493848
0.0493855
0.0493857
0.0493851
0.0493836
0.0493809
0.0493771
0.0493722
0.049366
0.0493587
0.0493502
0.0493408
0.0493304
0.0493195
0.0493081
0.0492966
0.0492852
0.0492742
0.0492638
0.0492542
0.0492456
0.0492382
0.0492319
0.049227
0.0492234
0.0492212
0.0492203
0.0492207
0.0492223
0.0492249
0.0492284
0.0492329
0.0492381
0.049244
0.0492506
0.0492578
0.0492654
0.0492734
0.0492818
0.0492904
0.0492991
0.0493079
0.0493166
0.0493252
0.0493333
0.0493397
0.0493387
0.0493155
0.0492605
0.0492039
0.0491983
0.0490995
0.049261
0.0493007
0.0492932
0.0492577
0.0492003
0.0491333
0.049076
0.049042
0.0490323
0.0490374
0.0490472
0.0490539
0.0490563
0.0490613
0.0490821
0.0491268
0.0491845
0.0492317
0.0492584
0.0492715
0.0492776
0.0492801
0.0492805
0.0492799
0.0492789
0.0492779
0.0492771
0.049277
0.0492774
0.0492787
0.0492808
0.049284
0.049288
0.0492929
0.0492986
0.049305
0.049312
0.0493195
0.0493271
0.0493349
0.0493425
0.0493497
0.0493564
0.0493624
0.0493675
0.0493717
0.0493748
0.0493766
0.0493774
0.0493777
0.0493775
0.0493763
0.049374
0.0493706
0.0493661
0.0493603
0.0493532
0.049345
0.0493356
0.0493253
0.0493142
0.0493027
0.0492909
0.0492792
0.0492678
0.0492568
0.0492467
0.0492374
0.0492293
0.0492223
0.0492166
0.0492123
0.0492093
0.0492078
0.0492076
0.0492087
0.0492108
0.0492141
0.0492183
0.0492233
0.049229
0.0492354
0.0492423
0.0492497
0.0492574
0.0492655
0.0492737
0.0492821
0.0492905
0.049299
0.0493073
0.0493156
0.0493234
0.0493295
0.0493281
0.0493037
0.0492439
0.0491781
0.049167
0.0490973
0.0492764
0.0493179
0.0493077
0.0492677
0.0492055
0.0491349
0.0490745
0.0490382
0.0490241
0.0490244
0.04903
0.0490349
0.0490392
0.0490495
0.0490757
0.0491221
0.0491771
0.0492218
0.0492492
0.0492642
0.0492719
0.0492753
0.0492762
0.0492758
0.049275
0.0492742
0.0492737
0.0492736
0.0492742
0.0492756
0.0492779
0.0492811
0.0492852
0.0492902
0.0492959
0.0493024
0.0493094
0.0493168
0.0493244
0.0493319
0.0493393
0.0493463
0.0493526
0.0493581
0.0493626
0.049366
0.0493682
0.0493692
0.0493694
0.0493693
0.0493684
0.0493666
0.0493636
0.0493595
0.0493541
0.0493474
0.0493393
0.04933
0.0493197
0.0493085
0.0492967
0.0492846
0.0492724
0.0492605
0.0492491
0.0492383
0.0492285
0.0492197
0.049212
0.0492056
0.0492006
0.0491969
0.0491946
0.0491937
0.0491942
0.0491959
0.0491988
0.0492027
0.0492075
0.0492132
0.0492195
0.0492263
0.0492336
0.0492412
0.049249
0.0492571
0.0492652
0.0492733
0.0492815
0.0492896
0.0492976
0.0493054
0.0493129
0.0493186
0.0493166
0.0492906
0.049226
0.049152
0.0491368
0.0490968
0.049293
0.0493357
0.0493238
0.0492816
0.0492171
0.049144
0.0490805
0.0490385
0.0490184
0.0490135
0.0490157
0.0490198
0.0490262
0.0490405
0.0490701
0.0491165
0.0491691
0.0492127
0.0492416
0.0492586
0.0492677
0.0492717
0.0492729
0.0492727
0.049272
0.0492712
0.0492707
0.0492707
0.0492714
0.0492729
0.0492752
0.0492784
0.0492825
0.0492874
0.0492932
0.0492996
0.0493065
0.0493138
0.0493213
0.0493287
0.0493359
0.0493425
0.0493483
0.0493532
0.049357
0.0493596
0.0493609
0.0493611
0.0493607
0.0493601
0.0493585
0.049356
0.0493524
0.0493474
0.0493411
0.0493334
0.0493242
0.0493138
0.0493024
0.0492903
0.0492778
0.0492651
0.0492527
0.0492407
0.0492294
0.049219
0.0492096
0.0492014
0.0491943
0.0491886
0.0491842
0.0491811
0.0491795
0.0491793
0.0491805
0.0491829
0.0491864
0.049191
0.0491965
0.0492027
0.0492096
0.0492169
0.0492246
0.0492324
0.0492404
0.0492484
0.0492564
0.0492644
0.0492722
0.0492799
0.0492876
0.0492951
0.0493022
0.0493075
0.0493046
0.0492766
0.0492071
0.0491257
0.0491082
0.0490973
0.0493093
0.0493532
0.0493412
0.0492988
0.0492342
0.0491596
0.0490924
0.0490431
0.0490156
0.049005
0.0490039
0.0490074
0.0490156
0.0490328
0.0490643
0.0491102
0.0491612
0.049205
0.049236
0.049255
0.0492651
0.0492695
0.0492707
0.0492705
0.0492697
0.0492688
0.0492683
0.0492683
0.049269
0.0492704
0.0492726
0.0492758
0.0492798
0.0492846
0.0492903
0.0492966
0.0493035
0.0493107
0.049318
0.0493252
0.0493321
0.0493384
0.0493437
0.049348
0.049351
0.0493526
0.0493529
0.0493523
0.0493516
0.0493502
0.0493479
0.0493447
0.0493403
0.0493345
0.0493272
0.0493183
0.0493079
0.0492964
0.0492839
0.0492709
0.0492576
0.0492446
0.049232
0.0492202
0.0492092
0.0491993
0.0491905
0.049183
0.0491767
0.0491716
0.0491679
0.0491655
0.0491645
0.049165
0.0491667
0.0491697
0.0491739
0.0491791
0.0491853
0.0491922
0.0491996
0.0492074
0.0492154
0.0492235
0.0492316
0.0492397
0.0492476
0.0492553
0.0492629
0.0492703
0.0492776
0.0492848
0.0492916
0.0492964
0.0492924
0.049262
0.0491872
0.0490992
0.0490814
0.0490977
0.0493242
0.0493697
0.049359
0.0493186
0.0492561
0.0491819
0.04911
0.0490527
0.0490169
0.0489998
0.0489948
0.0489973
0.0490066
0.0490259
0.0490586
0.049104
0.0491546
0.0491997
0.0492329
0.0492536
0.0492642
0.0492686
0.0492697
0.0492692
0.0492682
0.0492672
0.0492665
0.0492663
0.0492669
0.0492681
0.0492702
0.0492732
0.049277
0.0492817
0.0492873
0.0492935
0.0493003
0.0493074
0.0493146
0.0493216
0.0493282
0.049334
0.0493389
0.0493424
0.0493445
0.0493451
0.0493444
0.0493433
0.0493418
0.0493396
0.0493366
0.0493327
0.0493275
0.0493207
0.0493123
0.0493021
0.0492905
0.0492777
0.0492641
0.0492503
0.0492365
0.0492233
0.0492108
0.0491993
0.0491889
0.0491797
0.0491717
0.049165
0.0491595
0.0491553
0.0491523
0.0491505
0.0491501
0.0491511
0.0491533
0.0491568
0.0491616
0.0491674
0.0491741
0.0491816
0.0491896
0.0491979
0.0492063
0.0492147
0.0492229
0.049231
0.0492388
0.0492464
0.0492537
0.0492609
0.0492679
0.0492749
0.0492813
0.0492856
0.0492803
0.0492467
0.0491664
0.0490727
0.0490569
0.0490973
0.0493369
0.0493847
0.0493765
0.0493397
0.0492813
0.0492091
0.0491334
0.0490688
0.0490241
0.0489994
0.0489897
0.0489903
0.0490001
0.0490205
0.049054
0.0490996
0.0491506
0.0491974
0.0492327
0.0492542
0.049265
0.049269
0.0492696
0.0492688
0.0492674
0.0492661
0.0492652
0.0492648
0.0492651
0.0492661
0.049268
0.0492707
0.0492743
0.0492789
0.0492843
0.0492904
0.0492971
0.0493041
0.0493111
0.0493179
0.0493242
0.0493297
0.0493339
0.0493366
0.0493377
0.0493372
0.0493357
0.0493339
0.0493315
0.0493285
0.0493248
0.0493202
0.0493141
0.0493062
0.0492965
0.0492849
0.0492719
0.0492578
0.0492433
0.0492288
0.0492147
0.0492015
0.0491894
0.0491786
0.049169
0.0491608
0.0491539
0.0491481
0.0491436
0.0491402
0.0491379
0.0491367
0.0491367
0.0491381
0.0491407
0.0491446
0.0491498
0.0491561
0.0491634
0.0491714
0.0491799
0.0491886
0.0491974
0.049206
0.0492144
0.0492225
0.0492303
0.0492378
0.0492449
0.0492519
0.0492588
0.0492655
0.0492717
0.0492752
0.0492682
0.0492309
0.0491442
0.0490461
0.0490353
0.0490953
0.0493469
0.0493977
0.0493929
0.049361
0.049308
0.0492395
0.0491626
0.0490921
0.0490389
0.049006
0.0489905
0.0489883
0.0489974
0.0490185
0.0490526
0.0490986
0.0491505
0.0491989
0.0492353
0.0492569
0.0492671
0.0492706
0.0492706
0.0492692
0.0492674
0.0492657
0.0492644
0.0492637
0.0492637
0.0492644
0.049266
0.0492684
0.0492718
0.0492762
0.0492816
0.0492876
0.0492942
0.0493011
0.0493079
0.0493145
0.0493204
0.0493254
0.049329
0.0493308
0.0493308
0.0493292
0.049327
0.0493242
0.0493209
0.0493171
0.0493127
0.0493073
0.0493002
0.0492911
0.0492798
0.0492667
0.0492522
0.049237
0.0492216
0.0492067
0.0491927
0.0491799
0.0491685
0.0491586
0.0491502
0.0491432
0.0491375
0.0491329
0.0491294
0.0491268
0.0491252
0.0491244
0.0491248
0.0491263
0.0491291
0.0491332
0.0491387
0.0491454
0.0491531
0.0491616
0.0491705
0.0491797
0.0491888
0.0491977
0.0492063
0.0492144
0.0492222
0.0492296
0.0492367
0.0492435
0.0492503
0.0492568
0.0492628
0.0492656
0.0492563
0.0492141
0.0491202
0.0490199
0.0490173
0.0490913
0.0493539
0.049408
0.0494074
0.0493813
0.0493357
0.0492717
0.0491967
0.0491231
0.0490627
0.0490216
0.0489995
0.0489934
0.049001
0.049022
0.0490565
0.0491029
0.0491555
0.0492046
0.0492406
0.0492614
0.0492706
0.0492731
0.0492724
0.0492704
0.0492681
0.049266
0.0492643
0.0492632
0.0492628
0.0492632
0.0492644
0.0492666
0.0492698
0.0492741
0.0492794
0.0492854
0.0492919
0.0492986
0.0493052
0.0493114
0.049317
0.0493214
0.0493242
0.049325
0.0493239
0.0493214
0.0493182
0.0493143
0.0493101
0.0493056
0.0493005
0.0492942
0.0492859
0.0492754
0.0492625
0.0492477
0.0492317
0.0492154
0.0491994
0.0491844
0.0491708
0.0491589
0.0491486
0.04914
0.0491331
0.0491275
0.0491232
0.0491199
0.0491174
0.0491157
0.0491145
0.0491142
0.0491146
0.0491162
0.0491189
0.049123
0.0491286
0.0491355
0.0491435
0.0491524
0.0491617
0.0491712
0.0491807
0.0491899
0.0491986
0.0492069
0.0492147
0.0492221
0.0492291
0.049236
0.0492427
0.0492492
0.0492549
0.0492567
0.0492442
0.0491955
0.0490927
0.0489961
0.0490039
0.0490852
0.0493581
0.0494161
0.0494197
0.0493996
0.049361
0.049304
0.049234
0.0491606
0.0490957
0.0490475
0.0490187
0.0490079
0.0490131
0.0490332
0.0490676
0.049114
0.0491663
0.0492142
0.0492484
0.0492672
0.049275
0.0492765
0.049275
0.0492723
0.0492695
0.0492669
0.0492648
0.0492633
0.0492625
0.0492625
0.0492634
0.0492654
0.0492685
0.0492727
0.049278
0.0492839
0.0492903
0.0492967
0.049303
0.0493089
0.0493141
0.0493178
0.0493197
0.0493194
0.0493173
0.0493138
0.0493093
0.0493044
0.0492994
0.0492942
0.0492884
0.0492811
0.0492715
0.0492592
0.0492444
0.0492279
0.0492105
0.0491934
0.0491772
0.0491626
0.0491498
0.0491391
0.0491303
0.0491234
0.0491181
0.0491142
0.0491114
0.0491094
0.0491079
0.0491069
0.0491062
0.0491059
0.0491063
0.0491076
0.0491101
0.049114
0.0491195
0.0491265
0.0491347
0.0491439
0.0491536
0.0491635
0.0491732
0.0491826
0.0491916
0.0492
0.0492079
0.0492154
0.0492225
0.0492294
0.0492362
0.0492428
0.0492482
0.0492484
0.0492312
0.0491716
0.0490628
0.048977
0.0489956
0.0490768
0.0493598
0.0494219
0.0494296
0.0494149
0.0493831
0.0493347
0.0492721
0.0492027
0.0491368
0.0490839
0.0490491
0.0490333
0.0490353
0.0490537
0.0490871
0.0491323
0.0491826
0.0492273
0.049258
0.0492742
0.0492802
0.0492806
0.0492782
0.0492749
0.0492716
0.0492685
0.049266
0.0492641
0.0492629
0.0492626
0.0492633
0.049265
0.049268
0.0492723
0.0492776
0.0492835
0.0492896
0.0492958
0.0493017
0.0493072
0.0493117
0.0493147
0.0493156
0.0493143
0.0493111
0.0493063
0.0493007
0.0492948
0.0492889
0.0492831
0.0492765
0.0492681
0.0492568
0.0492426
0.0492257
0.0492075
0.049189
0.0491713
0.0491554
0.0491417
0.0491303
0.0491213
0.0491144
0.0491094
0.0491059
0.0491037
0.0491024
0.0491016
0.0491011
0.0491006
0.0491001
0.0490997
0.0490998
0.0491007
0.0491027
0.0491062
0.0491115
0.0491185
0.0491268
0.0491362
0.0491462
0.0491565
0.0491665
0.0491762
0.0491853
0.0491939
0.049202
0.0492096
0.0492169
0.0492241
0.0492311
0.0492378
0.0492426
0.0492398
0.0492132
0.0491403
0.0490356
0.0489638
0.048993
0.0490663
0.0493588
0.0494251
0.0494364
0.0494263
0.0494014
0.0493618
0.0493085
0.0492461
0.0491832
0.0491288
0.04909
0.0490697
0.0490681
0.0490838
0.049115
0.0491573
0.0492034
0.0492429
0.0492689
0.0492818
0.049286
0.0492852
0.0492821
0.0492782
0.0492743
0.0492709
0.0492679
0.0492657
0.0492642
0.0492636
0.049264
0.0492657
0.0492687
0.049273
0.0492783
0.0492841
0.0492899
0.0492957
0.0493012
0.0493061
0.0493099
0.0493121
0.049312
0.0493097
0.0493052
0.0492992
0.0492924
0.0492855
0.0492789
0.0492725
0.0492651
0.0492553
0.0492422
0.0492256
0.0492066
0.0491867
0.0491674
0.0491498
0.0491347
0.0491224
0.0491129
0.049106
0.0491012
0.0490982
0.0490966
0.0490961
0.0490962
0.0490965
0.0490966
0.0490964
0.0490958
0.0490951
0.0490947
0.049095
0.0490964
0.0490994
0.0491044
0.0491113
0.0491198
0.0491295
0.0491398
0.0491503
0.0491607
0.0491706
0.04918
0.0491888
0.0491971
0.049205
0.0492126
0.0492202
0.0492276
0.0492343
0.0492373
0.0492271
0.0491859
0.0491082
0.0490127
0.0489572
0.048996
0.0490536
0.0493555
0.0494259
0.0494406
0.0494344
0.0494154
0.0493843
0.0493408
0.0492877
0.0492311
0.049179
0.0491389
0.0491154
0.0491101
0.0491223
0.0491497
0.0491872
0.049227
0.0492597
0.0492802
0.0492898
0.0492921
0.0492902
0.0492865
0.0492821
0.0492778
0.049274
0.0492707
0.0492682
0.0492664
0.0492656
0.0492659
0.0492675
0.0492706
0.049275
0.0492802
0.0492857
0.0492912
0.0492965
0.0493015
0.0493058
0.0493089
0.0493102
0.0493091
0.0493055
0.0492997
0.0492924
0.0492844
0.0492767
0.0492696
0.0492627
0.0492544
0.0492429
0.0492274
0.0492083
0.0491872
0.0491659
0.0491462
0.0491293
0.0491158
0.0491055
0.0490983
0.0490937
0.0490911
0.0490902
0.0490904
0.0490915
0.0490928
0.0490939
0.0490943
0.049094
0.0490931
0.0490918
0.0490906
0.04909
0.0490907
0.0490933
0.0490981
0.049105
0.0491137
0.0491236
0.0491343
0.0491451
0.0491558
0.049166
0.0491756
0.0491847
0.0491934
0.0492017
0.0492098
0.0492179
0.0492256
0.0492313
0.0492284
0.0492055
0.0491544
0.0490776
0.0489957
0.0489576
0.0490045
0.049039
0.0493501
0.0494247
0.0494424
0.0494394
0.0494253
0.0494015
0.0493676
0.0493247
0.0492766
0.0492299
0.0491915
0.0491667
0.0491583
0.0491665
0.0491886
0.0492196
0.0492515
0.0492767
0.0492917
0.049298
0.0492985
0.0492957
0.0492914
0.0492866
0.049282
0.0492779
0.0492744
0.0492716
0.0492697
0.0492687
0.049269
0.0492706
0.0492738
0.0492781
0.0492832
0.0492883
0.0492934
0.0492982
0.0493026
0.0493063
0.0493088
0.0493091
0.0493069
0.0493019
0.0492947
0.0492861
0.0492771
0.0492687
0.0492612
0.0492538
0.0492444
0.0492309
0.0492126
0.0491908
0.0491676
0.0491455
0.0491262
0.0491107
0.0490993
0.0490916
0.049087
0.0490848
0.0490844
0.0490854
0.0490873
0.0490897
0.0490919
0.0490933
0.0490936
0.0490927
0.049091
0.0490889
0.0490869
0.0490853
0.0490853
0.0490875
0.0490923
0.0490994
0.0491085
0.0491188
0.0491299
0.049141
0.049152
0.0491624
0.0491724
0.0491819
0.049191
0.0491999
0.0492087
0.0492172
0.0492242
0.0492249
0.0492114
0.0491772
0.0491216
0.0490513
0.0489862
0.0489655
0.0490179
0.0490226
0.0493429
0.049422
0.0494424
0.0494419
0.0494315
0.0494138
0.0493882
0.049355
0.0493165
0.0492773
0.049243
0.049219
0.0492085
0.0492124
0.0492285
0.0492518
0.0492753
0.0492931
0.049303
0.0493063
0.0493052
0.0493016
0.0492967
0.0492917
0.0492868
0.0492825
0.0492789
0.049276
0.049274
0.049273
0.0492732
0.049275
0.0492781
0.0492824
0.0492871
0.0492918
0.0492964
0.0493008
0.0493047
0.0493079
0.0493095
0.0493088
0.0493052
0.0492988
0.0492901
0.0492803
0.0492705
0.0492616
0.0492539
0.049246
0.0492351
0.0492191
0.0491977
0.0491731
0.0491483
0.049126
0.0491079
0.0490947
0.049086
0.0490811
0.0490791
0.0490793
0.049081
0.0490837
0.0490871
0.0490904
0.0490932
0.0490944
0.0490938
0.0490917
0.0490887
0.0490856
0.0490825
0.0490801
0.0490797
0.0490819
0.0490871
0.0490948
0.0491044
0.0491152
0.0491267
0.0491381
0.0491494
0.0491601
0.0491705
0.0491804
0.0491902
0.0491998
0.049209
0.0492167
0.0492192
0.0492108
0.0491865
0.0491453
0.0490909
0.0490317
0.0489855
0.0489815
0.0490351
0.0490047
0.0493343
0.0494179
0.0494409
0.0494423
0.0494347
0.0494215
0.0494027
0.0493781
0.0493488
0.0493178
0.0492892
0.0492676
0.0492562
0.0492563
0.0492662
0.0492817
0.0492972
0.0493083
0.0493137
0.0493145
0.049312
0.0493077
0.0493026
0.0492973
0.0492923
0.0492879
0.0492842
0.0492813
0.0492793
0.0492784
0.0492788
0.0492805
0.0492836
0.0492876
0.0492919
0.0492962
0.0493004
0.0493044
0.0493078
0.0493103
0.049311
0.0493091
0.0493042
0.0492962
0.0492862
0.0492752
0.0492647
0.0492556
0.0492479
0.0492394
0.0492267
0.0492076
0.0491828
0.0491555
0.0491297
0.0491081
0.0490922
0.0490819
0.0490763
0.0490744
0.0490749
0.0490773
0.0490807
0.0490849
0.0490894
0.0490935
0.0490961
0.0490962
0.0490936
0.0490895
0.0490851
0.0490809
0.0490767
0.0490739
0.0490736
0.0490766
0.0490827
0.0490913
0.0491017
0.0491131
0.0491249
0.0491367
0.0491482
0.0491593
0.0491701
0.0491807
0.0491911
0.0492009
0.049209
0.0492124
0.0492068
0.0491883
0.0491564
0.0491137
0.0490656
0.0490212
0.0489953
0.0490077
0.0490548
0.0489855
0.0493244
0.0494128
0.0494383
0.049441
0.0494353
0.0494255
0.0494119
0.0493943
0.049373
0.0493498
0.0493274
0.0493092
0.049298
0.049295
0.0492994
0.049308
0.0493166
0.0493223
0.049324
0.0493226
0.0493191
0.0493142
0.0493089
0.0493035
0.0492985
0.049294
0.0492903
0.0492875
0.0492856
0.0492849
0.0492854
0.0492873
0.0492902
0.0492938
0.0492977
0.0493016
0.0493054
0.0493089
0.0493119
0.0493136
0.0493133
0.0493101
0.0493036
0.0492941
0.0492827
0.0492709
0.04926
0.049251
0.0492434
0.0492341
0.049219
0.0491961
0.0491677
0.0491383
0.0491123
0.0490926
0.0490797
0.0490728
0.0490705
0.0490713
0.0490742
0.0490784
0.0490834
0.0490888
0.0490941
0.0490983
0.0490998
0.0490973
0.0490914
0.0490844
0.0490788
0.0490734
0.0490687
0.0490664
0.0490677
0.0490724
0.0490801
0.0490898
0.0491008
0.0491126
0.0491248
0.0491368
0.0491485
0.04916
0.0491713
0.0491823
0.0491926
0.0492009
0.0492046
0.0492005
0.0491857
0.0491599
0.0491252
0.0490861
0.0490488
0.0490218
0.0490176
0.0490479
0.0490751
0.0489653
0.0493136
0.049407
0.0494346
0.0494383
0.0494339
0.0494265
0.0494168
0.0494045
0.0493897
0.0493732
0.0493566
0.0493421
0.0493319
0.049327
0.0493271
0.0493301
0.0493334
0.0493348
0.0493338
0.0493307
0.0493263
0.0493211
0.0493155
0.0493101
0.0493051
0.0493008
0.0492972
0.0492944
0.0492928
0.0492923
0.049293
0.0492949
0.0492976
0.0493009
0.0493043
0.0493078
0.0493112
0.0493143
0.0493167
0.0493177
0.0493162
0.0493116
0.0493035
0.0492925
0.04928
0.0492675
0.0492565
0.0492478
0.0492404
0.04923
0.0492118
0.0491847
0.0491527
0.0491218
0.049097
0.0490802
0.049071
0.0490678
0.0490685
0.0490718
0.0490766
0.0490823
0.0490884
0.0490947
0.0491004
0.049104
0.049103
0.0490962
0.0490853
0.0490748
0.049069
0.0490613
0.0490587
0.0490601
0.0490642
0.049071
0.0490801
0.0490905
0.049102
0.0491141
0.0491263
0.0491384
0.0491504
0.0491622
0.0491736
0.0491841
0.0491922
0.0491959
0.0491925
0.0491801
0.0491585
0.0491297
0.0490972
0.0490663
0.0490431
0.0490357
0.0490542
0.0491079
0.0490947
0.0489438
0.0493018
0.0494004
0.0494301
0.0494344
0.0494308
0.0494252
0.0494183
0.04941
0.0494001
0.049389
0.0493773
0.0493664
0.0493576
0.0493518
0.049349
0.0493481
0.0493476
0.0493461
0.049343
0.0493387
0.0493337
0.0493282
0.0493226
0.0493172
0.0493123
0.0493081
0.0493047
0.0493022
0.0493007
0.0493005
0.0493013
0.0493031
0.0493056
0.0493086
0.0493117
0.0493148
0.0493179
0.0493206
0.0493224
0.0493224
0.0493197
0.0493134
0.0493037
0.0492913
0.0492778
0.049265
0.0492543
0.0492464
0.0492392
0.0492271
0.0492048
0.049173
0.0491379
0.0491069
0.0490845
0.0490717
0.0490665
0.0490666
0.0490701
0.0490753
0.0490816
0.0490884
0.0490954
0.0491023
0.0491077
0.0491095
0.0491044
0.0490916
0.0490748
0.0490612
0.0490532
0.0490527
0.0490546
0.0490588
0.0490649
0.0490731
0.0490829
0.0490938
0.0491053
0.0491173
0.0491295
0.0491416
0.0491536
0.049165
0.0491753
0.0491831
0.0491863
0.0491832
0.0491723
0.0491538
0.0491294
0.0491023
0.0490766
0.0490574
0.0490511
0.0490649
0.049106
0.0491877
0.0491126
0.0489208
0.0492888
0.0493928
0.0494243
0.0494292
0.0494263
0.049422
0.0494172
0.0494119
0.0494057
0.0493986
0.049391
0.0493832
0.0493761
0.0493703
0.049366
0.0493627
0.0493597
0.0493562
0.0493518
0.0493467
0.0493412
0.0493355
0.0493299
0.0493247
0.0493199
0.0493159
0.0493127
0.0493104
0.0493093
0.0493092
0.0493101
0.0493118
0.0493141
0.0493168
0.0493196
0.0493224
0.0493252
0.0493275
0.0493286
0.0493276
0.0493233
0.0493154
0.0493041
0.0492906
0.0492765
0.0492637
0.0492537
0.0492467
0.0492396
0.0492251
0.0491979
0.0491612
0.0491239
0.0490942
0.0490757
0.0490672
0.049066
0.049069
0.0490745
0.0490813
0.0490886
0.0490961
0.0491037
0.0491106
0.0491151
0.0491136
0.0491025
0.0490842
0.0490662
0.0490549
0.0490516
0.0490534
0.0490571
0.0490627
0.0490699
0.0490786
0.0490885
0.0490992
0.0491106
0.0491223
0.0491341
0.0491458
0.0491569
0.0491666
0.0491736
0.0491762
0.0491729
0.0491629
0.0491466
0.0491258
0.0491031
0.049082
0.0490667
0.0490621
0.0490745
0.0491108
0.0491767
0.0492702
0.0491302
0.0488949
0.0492735
0.0493834
0.0494168
0.0494223
0.0494204
0.0494174
0.0494143
0.0494112
0.0494078
0.0494038
0.0493993
0.0493942
0.0493889
0.0493837
0.0493788
0.0493743
0.04937
0.0493654
0.0493601
0.0493545
0.0493487
0.049343
0.0493375
0.0493323
0.0493278
0.049324
0.049321
0.0493191
0.0493182
0.0493182
0.0493192
0.0493208
0.0493229
0.0493253
0.0493279
0.0493306
0.0493331
0.0493349
0.0493352
0.0493329
0.0493271
0.0493175
0.0493047
0.0492903
0.049276
0.0492637
0.0492548
0.0492491
0.0492417
0.0492236
0.0491907
0.0491493
0.0491112
0.0490847
0.0490709
0.049067
0.049069
0.0490743
0.0490814
0.0490891
0.049097
0.049105
0.0491127
0.0491189
0.0491211
0.0491157
0.0491014
0.0490829
0.0490678
0.04906
0.0490588
0.0490609
0.0490651
0.0490711
0.0490784
0.049087
0.0490965
0.0491067
0.0491174
0.0491283
0.0491392
0.0491494
0.0491581
0.049164
0.0491657
0.049162
0.0491525
0.0491378
0.0491198
0.0491009
0.049084
0.0490726
0.0490705
0.0490823
0.0491134
0.0491699
0.0492697
0.0493324
0.0491474
0.0488642
0.0492541
0.0493706
0.0494062
0.049413
0.0494124
0.049411
0.0494097
0.0494086
0.0494074
0.0494059
0.0494038
0.0494009
0.0493973
0.0493931
0.0493884
0.0493837
0.0493789
0.0493737
0.049368
0.0493622
0.0493563
0.0493505
0.049345
0.0493401
0.0493358
0.0493322
0.0493296
0.0493279
0.0493272
0.0493274
0.0493284
0.0493299
0.0493319
0.0493342
0.0493367
0.0493392
0.0493414
0.0493427
0.0493419
0.0493382
0.0493306
0.0493194
0.0493055
0.0492906
0.0492765
0.0492652
0.0492578
0.0492534
0.0492451
0.0492223
0.0491828
0.0491377
0.0491008
0.049079
0.0490704
0.0490704
0.049075
0.049082
0.0490899
0.049098
0.0491061
0.0491139
0.0491209
0.0491259
0.0491262
0.0491192
0.0491051
0.0490889
0.049077
0.0490715
0.0490707
0.0490729
0.0490772
0.0490828
0.0490897
0.0490976
0.0491062
0.0491154
0.0491249
0.0491344
0.0491433
0.0491505
0.049155
0.0491554
0.049151
0.0491416
0.0491281
0.0491122
0.0490963
0.0490832
0.0490757
0.0490767
0.0490892
0.0491173
0.0491656
0.0492406
0.0493519
0.0493688
0.0491632
0.0488263
0.0492272
0.0493515
0.0493907
0.0493998
0.0494012
0.0494017
0.0494026
0.0494037
0.0494049
0.0494056
0.0494057
0.0494048
0.0494029
0.0493999
0.0493959
0.0493913
0.0493866
0.0493813
0.0493756
0.0493696
0.0493636
0.0493579
0.0493526
0.0493478
0.0493437
0.0493405
0.0493381
0.0493366
0.0493361
0.0493365
0.0493375
0.049339
0.049341
0.0493433
0.0493457
0.0493481
0.0493499
0.0493504
0.0493484
0.049343
0.0493338
0.0493211
0.0493064
0.0492915
0.0492782
0.0492683
0.0492627
0.0492597
0.0492496
0.0492206
0.0491743
0.049127
0.0490937
0.0490777
0.0490739
0.049077
0.0490832
0.0490909
0.049099
0.0491071
0.049115
0.0491224
0.0491287
0.0491327
0.0491323
0.0491256
0.0491135
0.0491001
0.0490905
0.0490862
0.0490857
0.0490878
0.0490917
0.0490967
0.0491026
0.0491093
0.0491166
0.0491242
0.0491318
0.0491388
0.0491442
0.049147
0.049146
0.0491407
0.0491311
0.0491182
0.0491037
0.0490901
0.0490801
0.0490761
0.0490806
0.0490954
0.0491223
0.0491637
0.0492213
0.0493272
0.0493822
0.0493852
0.049176
0.0487817
0.0491883
0.049323
0.0493678
0.0493802
0.049384
0.0493866
0.0493897
0.0493935
0.0493975
0.0494013
0.0494044
0.0494061
0.0494063
0.0494048
0.0494018
0.0493978
0.0493935
0.0493883
0.0493826
0.0493767
0.0493708
0.0493652
0.04936
0.0493554
0.0493515
0.0493485
0.0493464
0.0493452
0.0493449
0.0493454
0.0493465
0.0493481
0.0493501
0.0493524
0.0493549
0.049357
0.0493583
0.0493578
0.0493543
0.0493472
0.0493363
0.0493226
0.0493076
0.0492932
0.0492811
0.0492731
0.0492697
0.0492678
0.0492547
0.049218
0.0491652
0.0491182
0.0490906
0.0490807
0.0490806
0.0490853
0.0490922
0.0491002
0.0491083
0.0491162
0.0491237
0.0491305
0.0491362
0.0491397
0.0491395
0.0491344
0.049125
0.0491144
0.0491065
0.0491028
0.0491023
0.0491041
0.0491072
0.0491112
0.0491158
0.0491209
0.0491263
0.0491317
0.0491365
0.0491398
0.0491407
0.0491382
0.0491319
0.0491218
0.049109
0.0490954
0.0490832
0.0490752
0.0490738
0.0490814
0.0490991
0.0491277
0.0491668
0.049218
0.0492981
0.0493661
0.0493847
0.0493877
0.0491844
0.0487383
0.0491326
0.0492814
0.0493346
0.0493518
0.0493579
0.0493617
0.0493657
0.0493709
0.0493773
0.0493845
0.0493918
0.0493983
0.0494031
0.0494055
0.0494053
0.0494029
0.0493994
0.0493947
0.0493892
0.0493834
0.0493777
0.0493721
0.0493671
0.0493627
0.0493591
0.0493563
0.0493545
0.0493535
0.0493534
0.0493541
0.0493553
0.049357
0.0493592
0.0493616
0.0493639
0.0493657
0.0493662
0.0493643
0.0493591
0.0493502
0.0493381
0.0493238
0.0493091
0.0492958
0.0492855
0.0492797
0.0492788
0.0492776
0.0492597
0.049214
0.0491561
0.0491124
0.049092
0.0490868
0.0490888
0.0490944
0.0491018
0.0491097
0.0491175
0.049125
0.0491319
0.0491382
0.0491434
0.0491468
0.0491474
0.0491443
0.0491379
0.0491301
0.0491237
0.04912
0.0491193
0.0491204
0.0491225
0.0491251
0.049128
0.0491311
0.0491342
0.0491366
0.0491377
0.0491366
0.0491326
0.0491251
0.0491144
0.0491015
0.049088
0.0490764
0.0490694
0.0490696
0.0490792
0.0490996
0.0491309
0.0491723
0.0492211
0.0492748
0.0493593
0.0493682
0.0493755
0.0493812
0.049187
0.048705
0.0490695
0.0492234
0.0492888
0.0493128
0.0493217
0.0493256
0.0493286
0.0493322
0.0493374
0.0493445
0.0493536
0.049364
0.049375
0.0493858
0.0493938
0.049398
0.0493988
0.0493969
0.0493932
0.0493885
0.0493834
0.0493784
0.0493737
0.0493696
0.0493663
0.0493639
0.0493623
0.0493616
0.0493617
0.0493625
0.0493639
0.0493658
0.049368
0.0493704
0.0493724
0.0493735
0.0493728
0.0493693
0.0493624
0.0493521
0.0493392
0.049325
0.0493112
0.0492995
0.0492914
0.0492883
0.04929
0.0492886
0.0492638
0.0492082
0.0491478
0.0491109
0.0490972
0.0490946
0.0490978
0.0491039
0.0491113
0.049119
0.0491263
0.0491331
0.0491395
0.0491452
0.0491501
0.0491537
0.0491552
0.0491541
0.0491503
0.049145
0.0491401
0.0491367
0.0491355
0.0491356
0.0491363
0.0491372
0.0491381
0.0491388
0.0491389
0.0491379
0.0491349
0.0491294
0.049121
0.0491097
0.0490964
0.0490828
0.0490711
0.049064
0.0490644
0.0490748
0.0490965
0.0491302
0.0491746
0.0492263
0.0492806
0.0493396
0.0493503
0.0493533
0.0493601
0.0493699
0.0491843
0.0486844
0.0490115
0.0491593
0.0492306
0.049263
0.049276
0.0492806
0.0492819
0.0492825
0.0492837
0.0492867
0.0492926
0.0493011
0.0493124
0.0493261
0.0493413
0.0493562
0.0493684
0.049377
0.0493816
0.049383
0.0493821
0.0493799
0.0493772
0.0493744
0.0493721
0.0493703
0.0493693
0.0493691
0.0493695
0.0493705
0.049372
0.049374
0.0493761
0.0493782
0.0493797
0.0493797
0.0493776
0.0493724
0.049364
0.0493527
0.0493397
0.0493263
0.0493141
0.0493045
0.0492991
0.0492989
0.0493031
0.0493002
0.0492661
0.0492004
0.0491419
0.0491141
0.0491042
0.0491032
0.0491071
0.0491133
0.0491204
0.0491275
0.0491342
0.0491403
0.049146
0.0491513
0.049156
0.0491598
0.0491622
0.0491628
0.0491612
0.0491581
0.0491545
0.0491514
0.0491495
0.0491484
0.0491475
0.0491464
0.0491451
0.0491431
0.0491402
0.0491356
0.0491289
0.0491197
0.049108
0.0490944
0.0490805
0.0490683
0.0490604
0.0490598
0.0490692
0.0490905
0.0491246
0.0491703
0.0492244
0.04928
0.0493256
0.049336
0.0493337
0.0493348
0.0493435
0.0493573
0.0491784
0.048677
0.0489614
0.049099
0.0491699
0.0492057
0.0492223
0.0492286
0.0492294
0.0492277
0.0492258
0.0492249
0.0492262
0.0492301
0.0492371
0.0492472
0.0492609
0.0492777
0.0492964
0.0493152
0.0493324
0.0493464
0.0493568
0.0493638
0.0493679
0.0493702
0.0493714
0.0493723
0.0493731
0.049374
0.0493752
0.0493766
0.0493784
0.0493804
0.0493825
0.0493841
0.0493847
0.0493835
0.0493797
0.0493731
0.0493637
0.0493523
0.04934
0.0493281
0.049318
0.049311
0.0493085
0.0493115
0.0493179
0.0493117
0.0492654
0.0491915
0.0491413
0.0491197
0.049112
0.0491119
0.049116
0.049122
0.0491285
0.0491349
0.0491408
0.0491461
0.0491511
0.0491559
0.0491603
0.0491643
0.0491675
0.0491693
0.0491695
0.0491681
0.0491654
0.0491625
0.0491599
0.0491575
0.049155
0.0491521
0.0491485
0.0491441
0.0491383
0.0491308
0.0491211
0.0491093
0.0490958
0.0490817
0.0490689
0.0490597
0.0490571
0.049064
0.0490826
0.0491141
0.0491576
0.0492095
0.0492622
0.0493021
0.0493141
0.0493158
0.0493158
0.0493169
0.0493265
0.0493439
0.0491722
0.0486821
0.0489207
0.0490449
0.0491125
0.0491488
0.0491668
0.0491739
0.0491748
0.0491724
0.0491689
0.0491662
0.0491651
0.0491663
0.0491702
0.0491767
0.0491864
0.0491995
0.0492159
0.0492354
0.049257
0.0492791
0.0493001
0.0493186
0.049334
0.049346
0.0493551
0.0493621
0.0493674
0.0493719
0.0493753
0.0493782
0.0493809
0.0493834
0.0493854
0.0493866
0.0493863
0.0493839
0.0493789
0.0493715
0.049362
0.0493513
0.0493405
0.0493306
0.0493231
0.049319
0.0493197
0.049326
0.049334
0.0493217
0.0492606
0.0491848
0.0491443
0.0491262
0.0491199
0.0491202
0.049124
0.0491295
0.0491352
0.0491407
0.0491457
0.0491502
0.0491544
0.0491584
0.0491625
0.0491663
0.0491698
0.0491725
0.0491738
0.0491736
0.0491717
0.0491689
0.0491658
0.0491624
0.0491585
0.049154
0.0491487
0.0491423
0.0491344
0.0491248
0.0491133
0.0491003
0.0490864
0.0490733
0.0490628
0.0490578
0.0490609
0.0490747
0.0491006
0.049138
0.0491832
0.0492288
0.0492635
0.0492786
0.0492866
0.0492937
0.0492977
0.0493002
0.0493099
0.0493246
0.0491694
0.0486994
0.0488911
0.0489992
0.0490618
0.049097
0.0491152
0.0491227
0.0491238
0.0491215
0.0491184
0.0491161
0.0491157
0.0491177
0.0491217
0.0491276
0.0491353
0.049145
0.0491573
0.0491727
0.0491913
0.0492127
0.049236
0.0492597
0.0492825
0.0493031
0.0493208
0.0493357
0.0493478
0.0493579
0.0493659
0.0493721
0.049377
0.0493808
0.0493833
0.0493844
0.0493836
0.0493806
0.0493753
0.049368
0.0493593
0.0493502
0.0493415
0.0493342
0.0493295
0.0493286
0.0493326
0.0493421
0.0493508
0.0493286
0.0492516
0.0491832
0.0491489
0.0491329
0.0491272
0.0491274
0.0491307
0.0491353
0.0491401
0.0491446
0.0491485
0.0491521
0.0491554
0.0491586
0.0491619
0.0491653
0.0491686
0.0491715
0.0491734
0.0491739
0.0491727
0.0491702
0.049167
0.0491631
0.0491584
0.049153
0.0491466
0.049139
0.04913
0.0491194
0.0491074
0.0490944
0.0490815
0.0490702
0.0490628
0.0490617
0.0490695
0.0490877
0.0491163
0.0491522
0.0491888
0.0492177
0.0492333
0.0492415
0.0492562
0.0492703
0.0492803
0.0492857
0.0492933
0.049303
0.0491712
0.0487315
0.0488757
0.0489655
0.0490215
0.0490548
0.0490727
0.0490808
0.0490831
0.0490831
0.0490835
0.0490863
0.0490921
0.0491015
0.049112
0.0491207
0.0491278
0.0491343
0.0491413
0.0491497
0.0491608
0.0491754
0.0491934
0.0492144
0.049237
0.0492598
0.0492816
0.0493015
0.049319
0.049334
0.0493473
0.0493578
0.0493658
0.0493717
0.0493756
0.0493773
0.0493768
0.0493741
0.0493694
0.0493633
0.0493564
0.0493495
0.0493434
0.049339
0.0493374
0.0493397
0.0493473
0.0493598
0.0493673
0.0493301
0.0492431
0.0491842
0.0491538
0.049139
0.0491334
0.0491331
0.0491355
0.0491391
0.0491428
0.0491462
0.0491492
0.0491517
0.049154
0.0491563
0.0491587
0.0491614
0.0491641
0.0491666
0.0491686
0.0491695
0.049169
0.049167
0.0491641
0.0491603
0.0491556
0.04915
0.0491434
0.0491357
0.0491266
0.0491162
0.0491048
0.0490929
0.0490816
0.0490726
0.0490678
0.0490695
0.0490795
0.049098
0.049123
0.0491494
0.0491701
0.0491809
0.0491866
0.0492014
0.0492232
0.0492456
0.0492639
0.0492744
0.0492791
0.0492825
0.0491775
0.048785
0.04888
0.0489492
0.0489972
0.0490278
0.0490457
0.0490559
0.0490626
0.0490701
0.0490816
0.0490989
0.0491262
0.0491567
0.0491824
0.049198
0.049202
0.0491987
0.049193
0.049187
0.0491834
0.0491839
0.0491896
0.0492005
0.0492157
0.049234
0.0492537
0.0492734
0.0492923
0.0493094
0.049325
0.0493385
0.0493494
0.0493577
0.0493633
0.0493664
0.049367
0.0493657
0.0493627
0.0493586
0.0493541
0.0493499
0.0493466
0.0493452
0.0493467
0.0493524
0.0493634
0.0493785
0.0493819
0.0493243
0.0492383
0.0491863
0.0491583
0.0491441
0.0491381
0.0491368
0.0491381
0.0491405
0.0491431
0.0491455
0.0491474
0.049149
0.0491504
0.0491517
0.0491532
0.0491549
0.0491569
0.0491589
0.0491606
0.0491617
0.0491618
0.0491607
0.0491586
0.0491555
0.0491515
0.0491466
0.0491407
0.0491338
0.0491257
0.0491165
0.0491064
0.0490962
0.0490868
0.0490796
0.0490765
0.0490789
0.0490877
0.0491018
0.0491176
0.0491297
0.0491337
0.049133
0.0491386
0.0491599
0.0491884
0.0492194
0.0492474
0.0492662
0.0492717
0.0492675
0.0491879
0.0488678
0.0489099
0.0489569
0.0489956
0.0490233
0.0490428
0.0490587
0.049076
0.0490994
0.0491323
0.0491784
0.0492299
0.0492729
0.0493023
0.049318
0.0493209
0.0493104
0.0492914
0.0492692
0.0492482
0.0492316
0.0492214
0.0492184
0.0492221
0.0492313
0.0492444
0.0492598
0.049276
0.049292
0.0493068
0.049321
0.049333
0.0493425
0.0493496
0.0493542
0.0493566
0.0493572
0.0493564
0.0493549
0.0493531
0.0493516
0.0493512
0.0493528
0.0493575
0.0493665
0.0493808
0.0493977
0.049392
0.0493147
0.0492355
0.0491886
0.0491622
0.0491479
0.049141
0.0491385
0.0491385
0.0491396
0.049141
0.0491423
0.0491433
0.0491441
0.0491446
0.0491452
0.0491458
0.0491468
0.049148
0.0491495
0.049151
0.0491522
0.0491529
0.0491528
0.0491519
0.0491501
0.0491475
0.0491441
0.0491397
0.0491344
0.0491281
0.0491207
0.0491126
0.0491042
0.0490964
0.0490903
0.0490872
0.049088
0.0490926
0.0490988
0.0491027
0.0491002
0.0490918
0.0490862
0.0490948
0.0491197
0.049153
0.0491914
0.0492295
0.0492588
0.0492704
0.0492624
0.0492015
0.0489776
0.0489671
0.0489944
0.0490245
0.0490505
0.0490744
0.0491007
0.0491342
0.0491782
0.0492326
0.0492928
0.0493375
0.0493632
0.0493739
0.0493754
0.0493711
0.0493619
0.049346
0.0493251
0.0493019
0.0492798
0.0492619
0.0492498
0.0492443
0.049245
0.0492508
0.0492602
0.0492719
0.0492845
0.0492971
0.0493094
0.0493206
0.0493302
0.0493379
0.0493437
0.0493477
0.0493504
0.0493519
0.0493529
0.0493537
0.0493549
0.0493572
0.0493617
0.0493695
0.0493818
0.0493992
0.0494162
0.0493938
0.0493052
0.0492337
0.0491906
0.0491651
0.0491502
0.049142
0.0491381
0.0491366
0.0491363
0.0491366
0.0491369
0.0491371
0.0491371
0.049137
0.049137
0.0491371
0.0491375
0.0491383
0.0491395
0.0491409
0.0491424
0.0491438
0.0491448
0.0491454
0.0491453
0.0491447
0.0491433
0.0491411
0.0491381
0.049134
0.0491289
0.0491228
0.0491161
0.0491094
0.0491034
0.049099
0.0490964
0.0490949
0.0490922
0.0490849
0.0490714
0.0490559
0.0490492
0.0490603
0.0490849
0.0491193
0.0491624
0.0492094
0.0492499
0.049271
0.0492664
0.0492174
0.0490959
0.0490503
0.0490675
0.049091
0.0491165
0.0491463
0.0491838
0.0492311
0.0492869
0.0493455
0.0493883
0.0494072
0.049409
0.0494016
0.0493904
0.0493789
0.0493682
0.0493572
0.0493437
0.0493274
0.0493095
0.0492925
0.0492786
0.0492693
0.049265
0.0492655
0.0492698
0.0492769
0.0492857
0.0492952
0.0493047
0.0493142
0.0493228
0.0493304
0.0493368
0.0493421
0.0493464
0.0493499
0.049353
0.0493561
0.0493596
0.0493645
0.0493718
0.0493827
0.0493983
0.0494183
0.0494321
0.0493869
0.0492972
0.0492324
0.0491922
0.049167
0.0491511
0.0491414
0.0491357
0.0491326
0.0491309
0.04913
0.0491293
0.0491288
0.0491283
0.0491278
0.0491275
0.0491274
0.0491276
0.0491283
0.0491295
0.0491311
0.0491331
0.0491354
0.0491377
0.04914
0.0491419
0.0491435
0.0491446
0.049145
0.0491446
0.0491431
0.0491403
0.0491363
0.049131
0.0491248
0.0491181
0.0491114
0.0491047
0.0490971
0.0490869
0.049072
0.049053
0.049036
0.0490303
0.0490393
0.0490595
0.0490908
0.0491342
0.049187
0.0492381
0.049269
0.0492709
0.0492342
0.0492018
0.0491586
0.0491784
0.049195
0.0492179
0.0492498
0.0492914
0.0493406
0.0493909
0.0494308
0.0494452
0.0494408
0.0494257
0.0494067
0.0493883
0.0493728
0.0493609
0.049352
0.0493437
0.0493342
0.0493229
0.0493108
0.0492995
0.0492905
0.0492848
0.0492826
0.0492836
0.0492872
0.0492927
0.0492993
0.0493063
0.0493136
0.0493209
0.0493278
0.0493342
0.0493401
0.0493455
0.0493504
0.0493552
0.0493601
0.0493659
0.0493732
0.0493832
0.0493972
0.0494159
0.0494374
0.0494417
0.0493742
0.0492901
0.0492316
0.0491938
0.0491685
0.0491513
0.0491398
0.0491322
0.0491273
0.049124
0.0491217
0.0491201
0.0491188
0.0491178
0.049117
0.0491166
0.0491166
0.049117
0.0491179
0.0491194
0.0491216
0.0491244
0.0491278
0.0491316
0.0491357
0.0491398
0.0491438
0.0491476
0.0491507
0.0491531
0.0491543
0.0491539
0.0491518
0.0491476
0.0491415
0.0491337
0.0491245
0.049114
0.0491016
0.0490866
0.0490684
0.049049
0.0490344
0.0490292
0.0490324
0.0490461
0.049071
0.04911
0.049164
0.0492237
0.0492638
0.049269
0.0492485
0.0492877
0.0492846
0.0493134
0.0493198
0.049335
0.0493614
0.0493965
0.0494344
0.0494658
0.0494784
0.0494716
0.0494524
0.0494272
0.0494017
0.0493798
0.0493631
0.0493514
0.0493438
0.0493387
0.0493338
0.0493278
0.0493206
0.0493131
0.0493064
0.0493014
0.0492986
0.049298
0.0492994
0.0493024
0.0493066
0.0493115
0.049317
0.0493228
0.0493288
0.0493349
0.0493409
0.0493469
0.0493529
0.049359
0.0493657
0.0493735
0.0493833
0.0493961
0.0494132
0.0494347
0.0494553
0.0494399
0.0493606
0.0492847
0.0492321
0.0491963
0.0491706
0.0491519
0.0491383
0.0491286
0.0491216
0.0491165
0.0491127
0.0491098
0.0491076
0.049106
0.0491049
0.0491044
0.0491044
0.0491052
0.0491066
0.0491088
0.0491118
0.0491157
0.0491204
0.0491258
0.0491318
0.0491382
0.0491447
0.0491512
0.0491572
0.0491623
0.0491661
0.0491681
0.0491677
0.0491645
0.0491584
0.0491495
0.049138
0.0491245
0.049109
0.0490916
0.0490731
0.0490555
0.0490424
0.0490357
0.0490358
0.0490438
0.0490619
0.0490934
0.0491431
0.0492082
0.0492573
0.0492603
0.049252
0.049354
0.0494096
0.0494416
0.0494377
0.0494424
0.049458
0.0494793
0.0494986
0.0495075
0.0494999
0.0494806
0.0494534
0.0494226
0.0493938
0.0493709
0.0493551
0.049345
0.0493389
0.0493354
0.0493327
0.0493297
0.0493259
0.0493217
0.0493176
0.0493141
0.0493118
0.0493108
0.049311
0.0493125
0.0493149
0.0493181
0.049322
0.0493266
0.0493317
0.0493373
0.0493433
0.0493498
0.0493567
0.0493642
0.0493728
0.0493829
0.0493953
0.0494112
0.0494315
0.0494547
0.0494686
0.0494276
0.0493485
0.0492824
0.0492358
0.0492016
0.0491752
0.0491547
0.0491389
0.0491267
0.0491174
0.0491101
0.0491044
0.0490998
0.0490962
0.0490936
0.0490918
0.0490908
0.0490908
0.0490917
0.0490936
0.0490966
0.0491006
0.0491057
0.0491119
0.049119
0.049127
0.0491356
0.0491446
0.0491537
0.0491625
0.0491704
0.0491768
0.049181
0.0491823
0.04918
0.049174
0.0491641
0.049151
0.0491353
0.049118
0.0490994
0.04908
0.0490628
0.0490507
0.0490438
0.049043
0.0490487
0.0490626
0.049087
0.049128
0.049193
0.0492515
0.0492466
0.0492357
0.0494059
0.0495055
0.0495355
0.0495284
0.0495248
0.049528
0.049533
0.0495331
0.0495235
0.0495055
0.0494813
0.049451
0.0494173
0.0493867
0.0493642
0.0493502
0.049342
0.0493371
0.0493337
0.0493315
0.0493298
0.0493281
0.0493263
0.0493245
0.0493227
0.0493213
0.0493204
0.0493202
0.0493206
0.0493218
0.0493238
0.0493265
0.0493301
0.0493345
0.0493398
0.049346
0.0493532
0.0493615
0.0493711
0.0493821
0.049395
0.0494105
0.0494299
0.0494532
0.0494752
0.0494704
0.0494114
0.0493414
0.0492867
0.049246
0.0492132
0.0491859
0.0491632
0.0491447
0.0491297
0.0491176
0.0491077
0.0490994
0.0490926
0.049087
0.0490825
0.0490792
0.049077
0.0490761
0.0490765
0.0490783
0.0490815
0.0490862
0.0490924
0.0491
0.0491089
0.0491189
0.0491297
0.0491412
0.0491529
0.0491643
0.0491749
0.0491838
0.0491903
0.0491933
0.0491921
0.0491863
0.0491759
0.0491616
0.0491444
0.0491257
0.0491056
0.0490849
0.0490675
0.0490553
0.0490489
0.0490486
0.0490545
0.0490676
0.0490898
0.0491244
0.0491797
0.0492473
0.0492323
0.049206
0.0494511
0.049554
0.0495828
0.0495808
0.0495734
0.0495659
0.049556
0.0495412
0.049522
0.0495019
0.0494789
0.0494491
0.0494142
0.0493821
0.0493595
0.0493463
0.0493385
0.0493329
0.0493289
0.0493266
0.0493259
0.049326
0.0493262
0.0493264
0.0493263
0.0493259
0.0493254
0.049325
0.0493249
0.0493253
0.0493264
0.0493283
0.0493312
0.0493355
0.0493414
0.0493489
0.0493581
0.0493689
0.0493815
0.0493958
0.0494122
0.0494313
0.0494547
0.04948
0.049492
0.0494597
0.0494006
0.0493462
0.0493043
0.0492697
0.0492379
0.0492087
0.0491831
0.0491613
0.049143
0.0491275
0.0491144
0.0491032
0.0490934
0.0490849
0.0490776
0.0490716
0.0490668
0.0490636
0.049062
0.0490622
0.0490644
0.0490686
0.0490749
0.0490832
0.0490934
0.049105
0.0491177
0.0491314
0.0491455
0.0491595
0.0491726
0.049184
0.0491927
0.0491977
0.0491978
0.0491925
0.0491819
0.0491671
0.0491493
0.0491287
0.0491066
0.049085
0.0490671
0.0490552
0.0490497
0.0490511
0.0490592
0.0490739
0.0490963
0.0491289
0.0491792
0.0492431
0.0492204
0.0491806
0.0494951
0.0495632
0.0495835
0.0495841
0.0495757
0.0495616
0.0495435
0.0495237
0.0495067
0.0494923
0.0494755
0.0494492
0.049414
0.0493803
0.0493558
0.0493397
0.0493286
0.0493204
0.0493158
0.0493143
0.049315
0.0493169
0.0493193
0.0493213
0.0493227
0.0493234
0.0493234
0.0493231
0.0493229
0.049323
0.0493238
0.049326
0.0493303
0.0493368
0.0493456
0.0493566
0.0493696
0.0493843
0.0494007
0.0494186
0.0494385
0.049462
0.0494904
0.0495125
0.0494964
0.0494557
0.0494172
0.0493834
0.0493522
0.0493228
0.0492905
0.0492568
0.0492259
0.0491995
0.0491771
0.0491579
0.0491413
0.0491265
0.0491133
0.0491013
0.0490903
0.0490805
0.0490717
0.0490643
0.0490585
0.0490546
0.0490529
0.0490537
0.0490572
0.0490636
0.0490728
0.0490845
0.0490979
0.0491126
0.0491282
0.049144
0.0491592
0.0491728
0.0491837
0.0491907
0.0491925
0.0491882
0.0491781
0.0491637
0.049145
0.0491225
0.0490987
0.0490764
0.0490589
0.0490482
0.0490462
0.0490521
0.0490647
0.0490833
0.0491079
0.0491402
0.0491868
0.0492455
0.0492124
0.0491667
0.049547
0.0495694
0.0495704
0.0495634
0.0495522
0.0495373
0.0495207
0.0495059
0.0494949
0.0494872
0.0494763
0.0494526
0.0494172
0.0493843
0.0493609
0.049343
0.0493285
0.0493186
0.0493128
0.0493107
0.0493119
0.0493157
0.0493203
0.0493248
0.0493285
0.0493315
0.0493338
0.049336
0.0493385
0.0493419
0.0493468
0.0493532
0.0493612
0.049371
0.0493825
0.0493957
0.0494104
0.0494265
0.0494438
0.0494627
0.0494839
0.0495161
0.0495504
0.0495539
0.0495415
0.0495253
0.0495094
0.0494976
0.049485
0.0494574
0.0494152
0.0493691
0.0493268
0.0492916
0.0492632
0.0492397
0.0492196
0.0492017
0.0491855
0.0491704
0.0491564
0.0491434
0.0491314
0.0491206
0.049111
0.049103
0.0490967
0.0490925
0.0490906
0.0490912
0.0490945
0.0491004
0.0491089
0.0491198
0.0491324
0.049146
0.0491596
0.0491723
0.0491828
0.0491898
0.0491915
0.0491866
0.0491775
0.049164
0.0491453
0.049123
0.0491006
0.0490814
0.0490687
0.0490643
0.0490678
0.0490781
0.049094
0.0491142
0.0491384
0.0491676
0.0492077
0.0492586
0.0492209
0.0491893
)
;

boundaryField
{
    floor
    {
        type            fixedFluxPressure;
        gradient        uniform 0;
        value           nonuniform List<scalar> 
100
(
0.0492284
0.0492341
0.0492471
0.049257
0.0492613
0.0492598
0.049253
0.049242
0.0492306
0.049222
0.0492177
0.049218
0.049222
0.0492283
0.0492353
0.0492418
0.0492475
0.0492405
0.0492256
0.0492183
0.0492146
0.049212
0.0492106
0.0492107
0.0492122
0.0492149
0.0492183
0.0492222
0.0492265
0.0492312
0.0492364
0.0492422
0.0492486
0.0492556
0.0492633
0.0492715
0.0492802
0.0492893
0.0492986
0.0493081
0.0493178
0.0493274
0.0493368
0.049346
0.0493548
0.0493631
0.0493709
0.049378
0.0493844
0.0493901
0.049395
0.0493992
0.0494026
0.0494051
0.0494069
0.0494077
0.0494076
0.049407
0.0494061
0.0494017
0.0493949
0.0493861
0.049376
0.049365
0.0493533
0.0493412
0.0493289
0.0493167
0.0493048
0.0492936
0.049283
0.0492734
0.0492648
0.0492572
0.0492508
0.0492454
0.0492412
0.049238
0.0492358
0.0492344
0.0492338
0.049234
0.0492347
0.049236
0.0492377
0.0492396
0.0492417
0.0492438
0.0492459
0.049248
0.0492501
0.0492523
0.0492547
0.0492573
0.0492603
0.0492639
0.0492703
0.0492886
0.0493041
0.0493005
)
;
    }
    ceiling
    {
        type            fixedFluxPressure;
        gradient        nonuniform List<scalar> 
100
(
0.200725
0.194306
0.190894
0.188978
0.187975
0.187614
0.187654
0.187736
0.187556
0.187227
0.187825
0.190979
0.196094
0.200119
0.201861
0.202461
0.202804
0.203109
0.203444
0.203917
0.204471
0.204949
0.205414
0.205847
0.20623
0.206551
0.2068
0.206966
0.207036
0.206988
0.206796
0.206512
0.206162
0.205732
0.205196
0.204526
0.203676
0.202583
0.201149
0.199219
0.196522
0.191076
0.184593
0.184132
0.186867
0.190328
0.193519
0.195687
0.197925
0.20312
0.211172
0.219855
0.227603
0.233738
0.238347
0.241803
0.244459
0.246569
0.2483
0.249758
0.251013
0.252113
0.253092
0.253972
0.254768
0.255489
0.256139
0.256719
0.257228
0.257665
0.258026
0.258298
0.258448
0.258504
0.258489
0.258425
0.258327
0.258211
0.258085
0.257952
0.257812
0.257662
0.257454
0.257345
0.257297
0.257299
0.257339
0.257382
0.257344
0.257112
0.256675
0.255984
0.254964
0.253496
0.251368
0.2481
0.242272
0.233601
0.241903
0.248344
)
;
        value           nonuniform List<scalar> 
100
(
0.0505506
0.050541
0.0505248
0.0505083
0.050492
0.0504754
0.050459
0.0504446
0.0504327
0.0504233
0.0504154
0.0504075
0.0503976
0.0503849
0.0503702
0.0503553
0.0503426
0.0503341
0.05033
0.0503303
0.0503343
0.0503404
0.0503474
0.050354
0.0503597
0.0503642
0.0503678
0.0503708
0.0503736
0.0503768
0.0503808
0.0503857
0.050392
0.0503996
0.0504085
0.0504183
0.0504288
0.0504394
0.0504496
0.0504588
0.0504665
0.0504715
0.0504734
0.0504745
0.0504759
0.050477
0.050477
0.050476
0.0504746
0.050473
0.050471
0.0504684
0.0504648
0.0504603
0.0504549
0.0504487
0.0504419
0.0504346
0.050427
0.0504192
0.0504115
0.050404
0.0503969
0.0503904
0.0503848
0.0503804
0.0503774
0.0503761
0.0503767
0.0503795
0.0503846
0.0503919
0.0504012
0.0504123
0.0504248
0.0504381
0.0504513
0.0504633
0.0504733
0.0504796
0.0504805
0.0504749
0.0504647
0.0504507
0.0504318
0.0504095
0.0503873
0.0503683
0.0503554
0.0503498
0.0503512
0.0503581
0.0503688
0.0503817
0.0503952
0.0504081
0.0504191
0.0504266
0.0504304
0.050431
)
;
    }
    fixedWalls
    {
        type            fixedFluxPressure;
        gradient        uniform 0;
        value           nonuniform List<scalar> 
100
(
0.0492284
0.0492209
0.0491986
0.0491752
0.0491545
0.0491367
0.0491221
0.0491112
0.0491039
0.0490995
0.0490973
0.0490968
0.0490973
0.0490977
0.0490973
0.0490953
0.0490913
0.0490852
0.0490768
0.0490663
0.0490536
0.049039
0.0490226
0.0490047
0.0489855
0.0489653
0.0489438
0.0489208
0.0488949
0.0488642
0.0488263
0.0487817
0.0487383
0.048705
0.0486844
0.048677
0.0486821
0.0486994
0.0487315
0.048785
0.0488678
0.0489776
0.0490959
0.0492018
0.0492877
0.049354
0.0494059
0.0494511
0.0494951
0.049547
0.0493005
0.0493254
0.0493296
0.0493291
0.0493162
0.0492923
0.0492623
0.0492304
0.0491983
0.049167
0.0491368
0.0491082
0.0490814
0.0490569
0.0490353
0.0490173
0.0490039
0.0489956
0.048993
0.048996
0.0490045
0.0490179
0.0490351
0.0490548
0.0490751
0.0490947
0.0491126
0.0491302
0.0491474
0.0491632
0.049176
0.0491844
0.049187
0.0491843
0.0491784
0.0491722
0.0491694
0.0491712
0.0491775
0.0491879
0.0492015
0.0492174
0.0492342
0.0492485
0.049252
0.0492357
0.049206
0.0491806
0.0491667
0.0491893
)
;
    }
    frontAndBack
    {
        type            empty;
    }
}


// ************************************************************************* //
