/*--------------------------------*- C++ -*----------------------------------*\
| =========                 |                                                 |
| \\      /  F ield         | OpenFOAM: The Open Source CFD Toolbox           |
|  \\    /   O peration     | Version:  4.1                                   |
|   \\  /    A nd           | Web:      www.OpenFOAM.org                      |
|    \\/     M anipulation  |                                                 |
\*---------------------------------------------------------------------------*/
FoamFile
{
    version     2.0;
    format      ascii;
    class       volScalarField;
    location    "1060";
    object      p_rgh;
}
// * * * * * * * * * * * * * * * * * * * * * * * * * * * * * * * * * * * * * //

dimensions      [0 2 -2 0 0 0 0];

internalField   nonuniform List<scalar> 
5000
(
0.0492003
0.0491952
0.0491961
0.0491992
0.0492034
0.049208
0.0492129
0.0492175
0.0492211
0.0492235
0.0492245
0.0492247
0.0492245
0.0492237
0.0492213
0.0492174
0.0492124
0.0492063
0.0491994
0.0491917
0.0491835
0.0491749
0.049166
0.0491569
0.0491478
0.0491388
0.04913
0.0491214
0.049113
0.0491051
0.0490975
0.0490904
0.0490837
0.0490774
0.0490716
0.0490664
0.0490617
0.0490575
0.0490538
0.0490506
0.0490478
0.0490454
0.0490433
0.0490415
0.0490399
0.0490385
0.0490371
0.0490357
0.0490343
0.049033
0.0490319
0.0490312
0.0490312
0.0490327
0.0490365
0.049041
0.0490422
0.0490414
0.0490447
0.0490614
0.0490661
0.0490553
0.049045
0.0490353
0.0490259
0.0490166
0.0490074
0.0489984
0.0489899
0.0489827
0.0489774
0.048975
0.0489763
0.0489821
0.0489927
0.0490084
0.0490285
0.0490523
0.0490781
0.0491043
0.0491283
0.0491479
0.049161
0.0491673
0.0491695
0.0491704
0.0491686
0.0491646
0.0491598
0.0491548
0.0491503
0.0491464
0.0491432
0.0491405
0.0491383
0.0491363
0.0491342
0.049132
0.0491314
0.0491372
0.0491972
0.0492208
0.0492364
0.0492408
0.0492405
0.0492411
0.0492428
0.0492451
0.0492471
0.0492485
0.049249
0.049249
0.0492487
0.0492477
0.0492457
0.0492426
0.0492385
0.0492335
0.0492277
0.0492212
0.0492142
0.0492069
0.0491993
0.0491917
0.0491841
0.0491766
0.0491693
0.0491623
0.0491557
0.0491495
0.0491437
0.0491385
0.0491337
0.0491295
0.0491257
0.0491224
0.0491194
0.0491168
0.0491146
0.0491127
0.0491112
0.04911
0.0491091
0.0491083
0.0491077
0.0491071
0.0491064
0.0491056
0.0491046
0.0491034
0.0491026
0.0491026
0.0491049
0.04911
0.0491159
0.0491208
0.0491218
0.0491027
0.0490609
0.0490466
0.0490791
0.0490805
0.0490708
0.0490607
0.0490507
0.0490408
0.0490309
0.0490211
0.0490117
0.0490033
0.0489967
0.0489928
0.0489922
0.0489957
0.0490039
0.0490175
0.0490359
0.0490581
0.0490827
0.0491079
0.0491317
0.0491519
0.0491668
0.0491761
0.0491817
0.0491847
0.0491854
0.0491841
0.0491822
0.0491805
0.0491797
0.04918
0.0491814
0.0491836
0.0491857
0.0491873
0.0491873
0.0491818
0.0491628
0.0491342
0.0491736
0.0492241
0.0492409
0.049241
0.0492396
0.0492396
0.0492408
0.0492424
0.0492438
0.0492445
0.0492447
0.0492446
0.0492445
0.0492435
0.0492416
0.0492388
0.0492349
0.0492301
0.0492245
0.0492182
0.0492114
0.0492043
0.0491969
0.0491895
0.0491821
0.0491748
0.0491677
0.049161
0.0491545
0.0491485
0.0491429
0.0491378
0.0491332
0.0491291
0.0491257
0.0491228
0.0491206
0.0491189
0.0491178
0.0491172
0.0491172
0.0491176
0.0491184
0.0491196
0.0491211
0.0491227
0.0491245
0.0491262
0.0491278
0.0491293
0.0491307
0.0491324
0.0491349
0.0491385
0.0491424
0.0491449
0.0491431
0.0491219
0.0490588
0.0490101
0.0490382
0.0490855
0.04908
0.0490705
0.0490601
0.049049
0.0490372
0.049025
0.0490127
0.0490013
0.0489917
0.0489851
0.0489824
0.0489846
0.0489922
0.0490052
0.049023
0.0490447
0.0490689
0.049094
0.0491181
0.0491391
0.0491554
0.0491664
0.0491735
0.0491777
0.0491794
0.049179
0.0491778
0.0491767
0.0491764
0.0491773
0.0491794
0.0491825
0.0491864
0.0491905
0.0491939
0.049193
0.04917
0.0491077
0.0491458
0.0492214
0.0492397
0.0492388
0.0492372
0.0492368
0.0492375
0.0492384
0.0492388
0.0492388
0.0492386
0.0492386
0.0492385
0.0492376
0.0492359
0.0492333
0.0492296
0.049225
0.0492195
0.0492134
0.0492068
0.0491998
0.0491926
0.0491854
0.0491781
0.049171
0.0491641
0.0491574
0.0491511
0.0491452
0.0491397
0.0491347
0.0491302
0.0491263
0.049123
0.0491202
0.0491181
0.0491166
0.0491157
0.0491155
0.0491158
0.0491167
0.0491181
0.04912
0.0491223
0.0491249
0.0491278
0.0491308
0.0491339
0.0491369
0.0491398
0.0491426
0.0491456
0.0491486
0.0491516
0.0491534
0.0491503
0.049128
0.0490542
0.0489736
0.0489794
0.0490434
0.0490767
0.0490694
0.0490593
0.0490474
0.049034
0.0490197
0.0490051
0.0489914
0.0489798
0.0489716
0.0489678
0.0489692
0.0489763
0.0489888
0.0490061
0.0490272
0.0490512
0.0490766
0.0491014
0.0491238
0.0491419
0.0491548
0.0491636
0.0491693
0.0491721
0.0491726
0.049172
0.0491715
0.0491717
0.049173
0.0491756
0.0491795
0.0491843
0.0491896
0.0491944
0.0491957
0.0491704
0.0490761
0.0491202
0.0492175
0.049237
0.0492361
0.0492344
0.0492338
0.0492339
0.0492338
0.0492331
0.0492321
0.0492316
0.0492318
0.0492317
0.0492311
0.0492296
0.0492271
0.0492237
0.0492193
0.049214
0.0492081
0.0492016
0.0491948
0.0491878
0.0491807
0.0491736
0.0491666
0.0491598
0.0491532
0.049147
0.0491412
0.0491357
0.0491308
0.0491263
0.0491225
0.0491192
0.0491165
0.0491144
0.0491131
0.0491123
0.0491122
0.0491127
0.0491138
0.0491155
0.0491177
0.0491204
0.0491235
0.0491269
0.0491305
0.0491343
0.0491381
0.0491419
0.0491455
0.049149
0.0491523
0.0491552
0.0491569
0.0491536
0.0491315
0.0490542
0.0489499
0.0489244
0.0489746
0.0490403
0.0490618
0.049053
0.0490409
0.0490265
0.0490106
0.0489943
0.0489788
0.0489657
0.0489563
0.0489516
0.0489525
0.0489592
0.0489713
0.048988
0.0490085
0.0490321
0.0490576
0.0490834
0.0491073
0.0491273
0.0491423
0.049153
0.0491603
0.0491642
0.0491656
0.0491657
0.0491656
0.0491662
0.049168
0.0491711
0.0491755
0.0491811
0.0491872
0.0491931
0.0491956
0.0491695
0.049047
0.0490967
0.0492133
0.0492339
0.0492332
0.0492316
0.0492309
0.0492305
0.0492291
0.0492268
0.0492249
0.0492243
0.0492246
0.0492247
0.0492243
0.0492231
0.0492209
0.0492176
0.0492134
0.0492083
0.0492026
0.0491963
0.0491897
0.0491828
0.0491759
0.0491689
0.0491621
0.0491554
0.0491489
0.0491428
0.0491369
0.0491315
0.0491266
0.0491221
0.0491182
0.0491149
0.0491122
0.0491101
0.0491088
0.0491081
0.049108
0.0491087
0.0491099
0.0491118
0.0491142
0.0491172
0.0491205
0.0491243
0.0491283
0.0491326
0.0491369
0.0491412
0.0491455
0.0491495
0.0491533
0.0491565
0.0491584
0.0491557
0.0491354
0.0490603
0.0489419
0.0488852
0.0489098
0.0489719
0.0490286
0.0490445
0.049033
0.0490179
0.0490008
0.0489829
0.0489659
0.0489513
0.0489409
0.0489357
0.0489364
0.0489431
0.048955
0.048971
0.0489904
0.0490132
0.0490387
0.0490653
0.0490907
0.0491126
0.0491296
0.0491423
0.049151
0.0491559
0.0491581
0.0491589
0.0491593
0.0491602
0.0491623
0.0491658
0.0491707
0.049177
0.0491839
0.0491907
0.0491943
0.0491681
0.0490205
0.0490746
0.0492091
0.0492308
0.0492304
0.0492291
0.0492283
0.0492273
0.0492242
0.0492202
0.0492175
0.0492169
0.0492173
0.0492177
0.0492176
0.0492166
0.0492146
0.0492115
0.0492075
0.0492026
0.049197
0.049191
0.0491845
0.0491779
0.0491711
0.0491644
0.0491577
0.0491511
0.0491448
0.0491387
0.0491329
0.0491275
0.0491226
0.0491181
0.0491141
0.0491107
0.0491079
0.0491058
0.0491043
0.0491036
0.0491035
0.0491042
0.0491055
0.0491075
0.04911
0.0491132
0.0491168
0.0491208
0.0491251
0.0491297
0.0491344
0.0491392
0.0491439
0.0491485
0.0491527
0.0491564
0.0491588
0.0491571
0.0491404
0.0490728
0.0489496
0.0488665
0.0488609
0.0489058
0.0489669
0.049014
0.0490254
0.0490104
0.0489924
0.0489732
0.0489547
0.0489388
0.0489272
0.0489216
0.0489227
0.04893
0.048942
0.0489569
0.0489747
0.0489961
0.0490212
0.0490484
0.0490751
0.0490986
0.0491176
0.049132
0.0491418
0.0491476
0.0491505
0.0491518
0.0491526
0.0491538
0.0491561
0.0491598
0.0491652
0.049172
0.0491797
0.0491873
0.0491921
0.0491663
0.0489953
0.0490538
0.0492051
0.049228
0.049228
0.0492271
0.0492264
0.0492244
0.0492191
0.0492134
0.0492102
0.0492096
0.0492102
0.0492108
0.049211
0.0492101
0.0492083
0.0492053
0.0492014
0.0491966
0.0491912
0.0491854
0.0491791
0.0491727
0.0491662
0.0491596
0.0491532
0.0491468
0.0491406
0.0491347
0.049129
0.0491237
0.0491187
0.0491142
0.0491102
0.0491067
0.0491039
0.0491017
0.0491001
0.0490993
0.0490991
0.0490997
0.049101
0.049103
0.0491056
0.0491088
0.0491126
0.0491167
0.0491213
0.0491262
0.0491312
0.0491364
0.0491415
0.0491465
0.0491512
0.0491553
0.0491582
0.0491578
0.0491455
0.0490903
0.0489721
0.0488701
0.0488345
0.0488546
0.0489052
0.0489618
0.0489993
0.0490036
0.0489875
0.0489671
0.0489473
0.0489299
0.0489167
0.04891
0.0489116
0.0489209
0.0489333
0.0489468
0.0489624
0.0489818
0.049006
0.0490336
0.0490612
0.0490864
0.0491069
0.0491223
0.0491329
0.0491393
0.0491428
0.0491445
0.0491456
0.0491469
0.0491493
0.0491532
0.049159
0.0491663
0.0491748
0.0491833
0.0491892
0.0491642
0.0489711
0.0490341
0.0492015
0.0492258
0.0492262
0.0492257
0.0492253
0.0492213
0.0492137
0.0492066
0.0492031
0.0492025
0.0492033
0.0492042
0.0492045
0.0492037
0.0492018
0.0491988
0.0491949
0.0491902
0.0491849
0.0491792
0.0491732
0.0491671
0.0491608
0.0491545
0.0491483
0.0491421
0.0491361
0.0491303
0.0491248
0.0491196
0.0491147
0.0491102
0.0491062
0.0491028
0.0490999
0.0490976
0.049096
0.0490951
0.0490949
0.0490954
0.0490967
0.0490986
0.0491012
0.0491044
0.0491082
0.0491125
0.0491172
0.0491223
0.0491276
0.049133
0.0491384
0.0491437
0.0491488
0.0491533
0.0491568
0.0491577
0.0491497
0.0491089
0.0490061
0.0488948
0.048833
0.0488256
0.0488568
0.0489074
0.0489561
0.0489829
0.0489823
0.0489661
0.0489462
0.0489272
0.048912
0.048902
0.0489013
0.048917
0.0489291
0.0489403
0.0489533
0.0489706
0.0489937
0.0490214
0.0490499
0.049076
0.0490976
0.0491137
0.0491247
0.0491314
0.0491352
0.0491371
0.0491383
0.0491397
0.0491421
0.0491461
0.0491521
0.0491599
0.0491691
0.0491786
0.0491857
0.0491616
0.0489478
0.0490157
0.0491985
0.0492242
0.0492251
0.049225
0.0492247
0.0492176
0.0492079
0.0491999
0.0491961
0.0491958
0.0491969
0.0491979
0.049198
0.0491971
0.049195
0.0491918
0.0491879
0.0491832
0.049178
0.0491724
0.0491666
0.0491607
0.0491547
0.0491487
0.0491427
0.0491368
0.049131
0.0491254
0.04912
0.0491149
0.0491101
0.0491057
0.0491017
0.0490983
0.0490954
0.0490932
0.0490916
0.0490907
0.0490905
0.049091
0.0490923
0.0490942
0.0490968
0.0491
0.0491038
0.0491082
0.049113
0.0491182
0.0491236
0.0491292
0.0491349
0.0491405
0.0491458
0.0491507
0.0491546
0.0491566
0.0491522
0.049125
0.0490449
0.0489365
0.0488557
0.0488216
0.0488287
0.0488639
0.0489101
0.0489488
0.0489665
0.0489634
0.0489488
0.0489315
0.0489166
0.048907
0.0489084
0.0489188
0.0489282
0.0489363
0.0489465
0.0489622
0.0489846
0.0490122
0.0490415
0.0490684
0.0490903
0.0491065
0.0491173
0.049124
0.0491277
0.0491295
0.0491307
0.049132
0.0491344
0.0491384
0.0491446
0.0491529
0.0491628
0.0491732
0.0491816
0.0491587
0.0489253
0.0489985
0.0491961
0.0492233
0.0492248
0.0492248
0.0492233
0.0492134
0.0492019
0.049193
0.0491894
0.0491897
0.049191
0.0491918
0.0491916
0.0491903
0.0491878
0.0491844
0.0491803
0.0491755
0.0491704
0.0491649
0.0491593
0.0491536
0.0491478
0.0491421
0.0491363
0.0491306
0.0491251
0.0491196
0.0491144
0.0491094
0.0491046
0.0491003
0.0490964
0.049093
0.0490901
0.0490879
0.0490864
0.0490856
0.0490855
0.0490862
0.0490875
0.0490895
0.0490922
0.0490955
0.0490994
0.0491038
0.0491087
0.0491139
0.0491195
0.0491252
0.0491311
0.0491368
0.0491424
0.0491475
0.0491519
0.0491547
0.049153
0.0491364
0.0490806
0.048987
0.0488978
0.0488417
0.048824
0.0488385
0.048873
0.0489118
0.0489404
0.0489518
0.0489484
0.0489374
0.0489259
0.0489189
0.0489212
0.0489256
0.0489291
0.0489334
0.0489414
0.0489561
0.0489785
0.0490068
0.0490367
0.0490638
0.0490854
0.0491009
0.049111
0.0491171
0.0491203
0.0491219
0.0491228
0.049124
0.0491262
0.0491302
0.0491365
0.0491452
0.0491559
0.0491673
0.049177
0.0491555
0.0489033
0.0489823
0.0491944
0.049223
0.049225
0.0492256
0.0492205
0.0492087
0.0491952
0.049186
0.0491833
0.0491841
0.0491854
0.0491858
0.0491851
0.0491832
0.0491803
0.0491766
0.0491722
0.0491673
0.0491622
0.0491568
0.0491514
0.0491459
0.0491403
0.0491348
0.0491293
0.0491238
0.0491184
0.0491131
0.049108
0.049103
0.0490984
0.0490941
0.0490902
0.0490868
0.0490839
0.0490818
0.0490803
0.0490796
0.0490796
0.0490804
0.0490819
0.0490841
0.049087
0.0490905
0.0490945
0.0490991
0.0491041
0.0491095
0.0491152
0.0491211
0.0491271
0.049133
0.0491387
0.049144
0.0491487
0.0491521
0.0491524
0.0491432
0.0491079
0.0490364
0.048951
0.0488811
0.0488416
0.0488339
0.0488512
0.0488816
0.0489118
0.0489322
0.0489398
0.0489378
0.0489321
0.0489281
0.0489292
0.0489297
0.0489289
0.0489306
0.0489376
0.0489524
0.0489759
0.0490054
0.0490359
0.0490627
0.0490831
0.0490971
0.0491058
0.0491107
0.049113
0.0491141
0.0491147
0.0491156
0.0491176
0.0491215
0.049128
0.0491371
0.0491485
0.049161
0.049172
0.0491519
0.0488819
0.048967
0.0491931
0.0492231
0.0492254
0.0492268
0.0492175
0.0492026
0.0491876
0.0491792
0.049178
0.0491792
0.0491801
0.0491798
0.0491784
0.0491758
0.0491724
0.0491683
0.0491637
0.0491588
0.0491536
0.0491483
0.049143
0.0491377
0.0491324
0.0491271
0.0491218
0.0491166
0.0491113
0.0491062
0.0491012
0.0490963
0.0490917
0.0490873
0.0490834
0.04908
0.0490771
0.0490748
0.0490733
0.0490726
0.0490728
0.0490737
0.0490755
0.0490779
0.049081
0.0490848
0.0490891
0.049094
0.0490992
0.0491049
0.0491107
0.0491168
0.0491229
0.049129
0.0491349
0.0491404
0.0491453
0.0491492
0.0491508
0.0491465
0.049126
0.0490771
0.0490052
0.048932
0.0488769
0.0488489
0.0488472
0.0488642
0.0488888
0.0489111
0.0489252
0.0489309
0.0489311
0.04893
0.0489297
0.0489284
0.0489264
0.0489276
0.0489353
0.0489518
0.0489775
0.0490087
0.0490395
0.049065
0.0490834
0.049095
0.0491016
0.0491048
0.049106
0.0491063
0.0491064
0.049107
0.0491088
0.0491126
0.0491191
0.0491286
0.0491408
0.0491544
0.0491667
0.049148
0.0488609
0.0489523
0.049192
0.0492234
0.0492257
0.0492276
0.0492132
0.0491947
0.0491794
0.0491732
0.0491734
0.0491747
0.0491748
0.0491737
0.0491714
0.0491682
0.0491643
0.0491598
0.049155
0.04915
0.0491449
0.0491397
0.0491346
0.0491295
0.0491244
0.0491194
0.0491143
0.0491093
0.0491043
0.0490993
0.0490944
0.0490896
0.049085
0.0490806
0.0490766
0.0490731
0.0490701
0.0490677
0.0490661
0.0490653
0.0490654
0.0490664
0.0490683
0.049071
0.0490744
0.0490785
0.0490831
0.0490883
0.049094
0.0490999
0.0491061
0.0491124
0.0491187
0.049125
0.0491311
0.0491368
0.049142
0.0491462
0.0491488
0.0491476
0.0491367
0.0491063
0.0490523
0.0489851
0.0489228
0.0488793
0.04886
0.0488617
0.0488765
0.0488951
0.0489108
0.0489205
0.048925
0.0489262
0.0489256
0.0489243
0.0489233
0.048926
0.0489359
0.0489556
0.0489843
0.0490172
0.0490475
0.0490708
0.049086
0.0490944
0.0490982
0.0490994
0.0490992
0.0490985
0.049098
0.0490983
0.0490998
0.0491035
0.0491101
0.04912
0.0491329
0.0491476
0.0491613
0.0491439
0.0488404
0.0489382
0.049191
0.0492237
0.049226
0.0492269
0.0492066
0.0491853
0.0491715
0.0491682
0.0491695
0.0491702
0.0491694
0.0491673
0.0491642
0.0491604
0.049156
0.0491513
0.0491464
0.0491413
0.0491362
0.0491312
0.0491263
0.0491214
0.0491167
0.0491119
0.0491072
0.0491025
0.0490977
0.0490929
0.0490882
0.0490835
0.0490789
0.0490745
0.0490704
0.0490667
0.0490635
0.0490609
0.0490591
0.049058
0.049058
0.0490589
0.0490608
0.0490636
0.0490672
0.0490716
0.0490767
0.0490823
0.0490883
0.0490946
0.0491012
0.0491079
0.0491145
0.0491211
0.0491275
0.0491334
0.0491389
0.0491435
0.0491469
0.0491477
0.0491426
0.0491252
0.0490884
0.0490331
0.0489716
0.0489191
0.0488857
0.048873
0.0488764
0.0488883
0.0489016
0.0489122
0.0489186
0.0489214
0.0489215
0.0489213
0.0489224
0.0489279
0.0489413
0.0489652
0.0489974
0.0490314
0.04906
0.0490796
0.0490905
0.0490949
0.0490956
0.0490945
0.0490927
0.0490909
0.0490897
0.0490895
0.0490908
0.0490943
0.049101
0.0491114
0.0491251
0.049141
0.0491559
0.0491397
0.0488202
0.0489244
0.0491901
0.049224
0.0492267
0.0492239
0.0491976
0.0491751
0.0491648
0.0491644
0.0491658
0.0491655
0.0491636
0.0491606
0.0491568
0.0491525
0.0491478
0.0491429
0.0491379
0.0491328
0.0491278
0.049123
0.0491184
0.0491139
0.0491094
0.0491051
0.0491007
0.0490963
0.0490919
0.0490874
0.0490828
0.0490783
0.0490737
0.0490693
0.0490652
0.0490613
0.0490579
0.049055
0.0490529
0.0490515
0.0490511
0.0490518
0.0490536
0.0490564
0.0490601
0.0490647
0.04907
0.049076
0.0490824
0.0490892
0.0490962
0.0491033
0.0491104
0.0491173
0.049124
0.0491304
0.0491362
0.0491413
0.0491453
0.0491475
0.049146
0.0491368
0.0491135
0.0490719
0.049017
0.0489619
0.0489192
0.0488948
0.0488873
0.0488913
0.0489002
0.0489093
0.048916
0.0489196
0.0489208
0.0489217
0.0489256
0.0489348
0.0489529
0.0489819
0.0490174
0.0490511
0.0490761
0.0490905
0.0490962
0.0490961
0.0490934
0.04909
0.0490866
0.0490836
0.0490816
0.0490809
0.0490819
0.0490854
0.0490923
0.0491031
0.0491177
0.0491346
0.0491508
0.0491357
0.0488006
0.048911
0.0491893
0.0492246
0.0492281
0.0492192
0.0491868
0.0491659
0.0491603
0.0491613
0.0491618
0.0491602
0.0491573
0.0491535
0.0491492
0.0491446
0.0491397
0.0491347
0.0491297
0.0491248
0.04912
0.0491154
0.0491111
0.0491069
0.0491029
0.049099
0.049095
0.049091
0.049087
0.0490828
0.0490784
0.049074
0.0490696
0.0490652
0.049061
0.049057
0.0490534
0.0490503
0.0490478
0.0490461
0.0490454
0.0490456
0.0490471
0.0490497
0.0490533
0.049058
0.0490635
0.0490697
0.0490765
0.0490837
0.0490912
0.0490988
0.0491063
0.0491137
0.0491209
0.0491277
0.0491339
0.0491395
0.0491442
0.0491474
0.0491482
0.0491441
0.0491303
0.0491008
0.0490552
0.0490024
0.0489554
0.0489226
0.0489061
0.0489025
0.0489064
0.0489128
0.0489187
0.0489226
0.048925
0.0489275
0.0489343
0.048948
0.048972
0.0490065
0.0490441
0.0490752
0.0490946
0.0491025
0.0491022
0.0490976
0.0490916
0.049086
0.0490811
0.0490768
0.0490739
0.0490727
0.0490735
0.0490769
0.0490841
0.0490954
0.0491109
0.0491289
0.0491462
0.0491318
0.0487814
0.048898
0.0491887
0.0492253
0.0492305
0.0492127
0.0491757
0.0491592
0.0491572
0.0491581
0.0491572
0.0491544
0.0491506
0.0491463
0.0491416
0.0491368
0.0491319
0.0491269
0.049122
0.0491172
0.0491126
0.0491084
0.0491044
0.0491006
0.0490971
0.0490936
0.0490901
0.0490865
0.0490828
0.049079
0.0490749
0.0490707
0.0490664
0.0490621
0.0490578
0.0490538
0.04905
0.0490467
0.049044
0.049042
0.0490408
0.0490406
0.0490416
0.0490439
0.0490473
0.0490518
0.0490574
0.0490638
0.0490709
0.0490785
0.0490864
0.0490945
0.0491025
0.0491105
0.0491181
0.0491254
0.0491322
0.0491383
0.0491436
0.0491477
0.0491501
0.0491492
0.0491416
0.0491215
0.0490852
0.0490376
0.0489899
0.0489523
0.0489291
0.0489191
0.0489181
0.0489217
0.0489263
0.0489304
0.0489342
0.0489393
0.0489494
0.0489684
0.0489993
0.0490387
0.049076
0.0491018
0.0491135
0.0491141
0.0491079
0.049099
0.0490902
0.0490827
0.0490764
0.0490708
0.0490668
0.049065
0.0490656
0.0490692
0.0490766
0.0490886
0.049105
0.049124
0.0491423
0.0491285
0.0487628
0.0488853
0.049188
0.0492261
0.0492335
0.0492033
0.0491662
0.0491546
0.0491543
0.0491542
0.0491518
0.0491481
0.0491436
0.0491389
0.049134
0.0491291
0.0491242
0.0491194
0.0491147
0.0491101
0.0491058
0.0491019
0.0490983
0.0490949
0.0490918
0.0490888
0.0490857
0.0490826
0.0490793
0.0490758
0.0490721
0.0490681
0.049064
0.0490597
0.0490555
0.0490514
0.0490476
0.0490441
0.0490412
0.0490389
0.0490374
0.0490368
0.0490374
0.0490392
0.0490423
0.0490466
0.0490521
0.0490585
0.0490658
0.0490737
0.049082
0.0490906
0.0490991
0.0491076
0.0491158
0.0491236
0.0491309
0.0491376
0.0491436
0.0491485
0.049152
0.0491533
0.0491496
0.0491362
0.049108
0.0490663
0.0490204
0.0489805
0.0489529
0.0489381
0.0489331
0.048934
0.0489376
0.0489421
0.0489477
0.0489562
0.0489705
0.0489962
0.0490347
0.0490773
0.0491106
0.049128
0.0491309
0.0491242
0.0491128
0.0491002
0.049089
0.0490801
0.0490726
0.0490656
0.0490604
0.0490581
0.0490586
0.0490624
0.0490703
0.049083
0.0491002
0.0491201
0.0491393
0.0491257
0.0487449
0.0488726
0.0491871
0.0492269
0.0492362
0.0491916
0.0491584
0.049151
0.0491507
0.0491491
0.0491455
0.049141
0.0491361
0.0491312
0.0491263
0.0491215
0.0491168
0.0491122
0.0491077
0.0491035
0.0490994
0.0490958
0.0490926
0.0490896
0.0490869
0.0490843
0.0490817
0.049079
0.0490762
0.049073
0.0490696
0.0490659
0.0490619
0.0490578
0.0490537
0.0490496
0.0490458
0.0490423
0.0490393
0.0490368
0.0490351
0.0490342
0.0490343
0.0490357
0.0490384
0.0490424
0.0490477
0.0490541
0.0490615
0.0490696
0.0490782
0.0490872
0.0490962
0.0491052
0.0491139
0.0491223
0.0491302
0.0491375
0.0491441
0.0491497
0.0491542
0.0491569
0.0491559
0.049147
0.049125
0.049089
0.0490458
0.0490056
0.0489754
0.0489571
0.0489491
0.048948
0.048951
0.0489566
0.0489649
0.0489776
0.0489973
0.0490316
0.0490774
0.0491189
0.049144
0.049151
0.0491452
0.0491323
0.0491167
0.0491012
0.0490881
0.0490783
0.0490701
0.0490616
0.0490549
0.049052
0.0490526
0.0490569
0.0490654
0.0490787
0.0490968
0.0491176
0.0491374
0.0491236
0.0487277
0.0488598
0.049186
0.0492275
0.0492346
0.0491791
0.0491518
0.0491471
0.0491459
0.0491428
0.0491383
0.0491332
0.0491281
0.0491232
0.0491184
0.0491138
0.0491094
0.0491051
0.049101
0.0490971
0.0490934
0.04909
0.049087
0.0490845
0.0490821
0.04908
0.0490778
0.0490756
0.0490731
0.0490704
0.0490673
0.0490638
0.0490601
0.0490562
0.0490521
0.0490482
0.0490444
0.049041
0.049038
0.0490355
0.0490337
0.0490325
0.0490324
0.0490334
0.0490356
0.0490393
0.0490443
0.0490506
0.049058
0.0490662
0.0490751
0.0490844
0.0490939
0.0491033
0.0491126
0.0491215
0.04913
0.0491378
0.049145
0.0491514
0.0491566
0.0491604
0.0491612
0.0491554
0.049138
0.0491066
0.0490665
0.0490268
0.0489953
0.0489749
0.0489648
0.0489626
0.0489657
0.0489731
0.048985
0.0490028
0.0490302
0.0490752
0.0491249
0.0491592
0.0491724
0.0491688
0.0491557
0.0491382
0.0491195
0.0491018
0.0490874
0.0490774
0.0490689
0.0490589
0.0490506
0.0490472
0.0490482
0.049053
0.0490621
0.0490762
0.049095
0.0491164
0.0491366
0.0491223
0.0487112
0.0488469
0.0491844
0.0492274
0.0492254
0.0491669
0.0491455
0.0491421
0.0491395
0.0491351
0.0491299
0.0491246
0.0491194
0.0491146
0.0491101
0.0491058
0.0491018
0.049098
0.0490943
0.0490907
0.0490874
0.0490844
0.0490816
0.0490792
0.0490772
0.0490755
0.0490738
0.049072
0.04907
0.0490676
0.0490649
0.0490619
0.0490584
0.0490547
0.0490508
0.049047
0.0490434
0.0490401
0.0490373
0.049035
0.0490331
0.0490319
0.0490314
0.049032
0.0490339
0.0490372
0.0490419
0.0490481
0.0490554
0.0490637
0.0490728
0.0490824
0.0490922
0.0491021
0.0491118
0.0491212
0.0491302
0.0491386
0.0491463
0.0491533
0.0491592
0.0491638
0.0491659
0.0491623
0.0491481
0.0491206
0.0490832
0.0490447
0.0490127
0.048991
0.0489797
0.048977
0.048981
0.0489911
0.0490073
0.0490312
0.0490705
0.0491267
0.049172
0.0491929
0.049193
0.0491809
0.0491628
0.0491424
0.0491215
0.049102
0.0490867
0.049077
0.0490691
0.0490581
0.0490478
0.0490441
0.0490455
0.0490509
0.0490606
0.0490753
0.0490948
0.0491166
0.049137
0.0491218
0.0486954
0.0488336
0.0491822
0.0492258
0.0492096
0.049155
0.0491389
0.0491354
0.0491314
0.049126
0.0491203
0.0491148
0.0491097
0.0491051
0.0491009
0.0490972
0.0490937
0.0490904
0.0490872
0.0490842
0.0490812
0.0490785
0.049076
0.0490739
0.0490722
0.0490706
0.0490694
0.049068
0.0490666
0.0490647
0.0490625
0.0490599
0.0490568
0.0490533
0.0490497
0.0490461
0.0490426
0.0490396
0.0490371
0.049035
0.0490334
0.0490321
0.0490314
0.0490317
0.0490332
0.0490361
0.0490406
0.0490465
0.0490538
0.0490622
0.0490714
0.0490812
0.0490913
0.0491016
0.0491117
0.0491215
0.0491309
0.0491398
0.049148
0.0491554
0.0491619
0.0491671
0.0491701
0.049168
0.0491563
0.0491317
0.0490969
0.0490596
0.0490276
0.0490053
0.0489933
0.0489908
0.0489965
0.0490099
0.0490314
0.0490656
0.0491235
0.0491816
0.0492116
0.0492161
0.0492056
0.0491881
0.0491674
0.0491451
0.0491225
0.0491017
0.0490858
0.0490769
0.0490706
0.0490594
0.0490473
0.0490432
0.049045
0.0490507
0.0490609
0.0490762
0.0490961
0.0491181
0.0491384
0.0491221
0.0486803
0.0488199
0.0491793
0.0492217
0.0491909
0.0491434
0.049131
0.0491267
0.0491213
0.0491151
0.0491091
0.0491036
0.0490987
0.0490944
0.0490907
0.0490875
0.0490847
0.0490821
0.0490796
0.0490771
0.0490746
0.0490722
0.04907
0.0490682
0.0490667
0.0490656
0.0490646
0.0490637
0.0490628
0.0490616
0.04906
0.0490578
0.0490552
0.0490521
0.0490488
0.0490454
0.0490422
0.0490394
0.0490373
0.0490357
0.0490344
0.0490332
0.0490322
0.0490322
0.0490333
0.0490359
0.0490401
0.0490459
0.0490531
0.0490615
0.0490708
0.0490808
0.0490912
0.0491017
0.0491121
0.0491223
0.049132
0.0491413
0.0491498
0.0491576
0.0491645
0.0491702
0.0491739
0.0491728
0.0491629
0.0491407
0.0491082
0.0490722
0.0490404
0.0490176
0.0490054
0.0490034
0.0490112
0.049029
0.0490605
0.0491171
0.0491888
0.0492283
0.0492367
0.0492284
0.0492122
0.0491923
0.0491701
0.0491465
0.0491226
0.0491006
0.0490842
0.0490765
0.0490729
0.0490626
0.0490495
0.0490448
0.0490463
0.0490522
0.0490628
0.0490786
0.0490987
0.0491208
0.0491407
0.049123
0.0486659
0.0488057
0.0491755
0.0492142
0.0491693
0.0491316
0.0491213
0.0491158
0.0491091
0.0491024
0.0490961
0.0490906
0.0490858
0.0490819
0.0490788
0.0490763
0.0490744
0.0490727
0.049071
0.0490692
0.0490672
0.0490652
0.0490633
0.0490618
0.0490607
0.0490599
0.0490595
0.0490591
0.0490587
0.0490581
0.0490571
0.0490557
0.0490537
0.0490511
0.0490482
0.049045
0.049042
0.0490395
0.0490378
0.0490369
0.0490363
0.0490352
0.049034
0.0490334
0.0490342
0.0490365
0.0490406
0.0490462
0.0490534
0.0490618
0.0490712
0.0490813
0.0490919
0.0491026
0.0491132
0.0491236
0.0491336
0.049143
0.0491519
0.0491599
0.049167
0.0491731
0.0491771
0.0491768
0.0491682
0.0491479
0.0491172
0.0490823
0.0490506
0.0490273
0.0490149
0.0490141
0.0490249
0.0490505
0.0491082
0.0491874
0.0492414
0.0492534
0.0492475
0.0492336
0.0492155
0.0491947
0.0491717
0.0491468
0.0491216
0.0490985
0.0490816
0.0490751
0.0490752
0.0490673
0.0490539
0.0490482
0.0490493
0.0490553
0.0490662
0.049082
0.0491023
0.0491243
0.0491438
0.0491244
0.048652
0.0487909
0.0491705
0.0492029
0.0491498
0.0491183
0.0491094
0.0491024
0.0490947
0.0490873
0.0490808
0.0490753
0.0490708
0.0490673
0.0490648
0.0490632
0.0490623
0.0490617
0.0490611
0.0490602
0.049059
0.0490575
0.049056
0.0490547
0.049054
0.0490537
0.0490538
0.0490541
0.0490544
0.0490545
0.0490543
0.0490535
0.0490522
0.0490502
0.0490477
0.049045
0.0490423
0.04904
0.0490385
0.0490382
0.0490386
0.049038
0.0490361
0.0490351
0.0490356
0.0490378
0.0490418
0.0490474
0.0490546
0.0490631
0.0490725
0.0490827
0.0490934
0.0491042
0.0491149
0.0491254
0.0491355
0.0491451
0.049154
0.0491621
0.0491694
0.0491756
0.0491798
0.0491799
0.0491719
0.0491526
0.049123
0.0490884
0.0490563
0.0490329
0.0490218
0.0490242
0.0490416
0.0490817
0.0491769
0.0492429
0.0492638
0.0492616
0.0492513
0.0492362
0.0492177
0.0491964
0.0491724
0.0491462
0.0491195
0.0490952
0.0490777
0.0490719
0.0490762
0.0490727
0.0490596
0.0490529
0.0490536
0.0490595
0.0490704
0.0490863
0.0491064
0.0491283
0.0491473
0.0491262
0.0486385
0.0487752
0.0491638
0.049188
0.0491316
0.0491043
0.0490949
0.0490864
0.0490777
0.0490698
0.0490629
0.0490573
0.0490529
0.0490499
0.0490482
0.0490477
0.049048
0.0490489
0.0490497
0.04905
0.0490497
0.0490489
0.0490478
0.0490469
0.0490465
0.0490467
0.0490475
0.0490485
0.0490497
0.0490507
0.0490514
0.0490516
0.049051
0.0490497
0.0490477
0.0490453
0.0490428
0.0490407
0.0490393
0.0490391
0.0490399
0.0490402
0.0490377
0.0490366
0.0490372
0.0490396
0.0490437
0.0490495
0.0490568
0.0490653
0.0490748
0.049085
0.0490957
0.0491065
0.0491172
0.0491277
0.0491378
0.0491473
0.0491561
0.0491642
0.0491715
0.0491775
0.0491815
0.0491812
0.0491728
0.0491531
0.0491231
0.0490882
0.0490568
0.0490356
0.0490289
0.0490391
0.0490702
0.0491332
0.0492313
0.049266
0.0492703
0.0492645
0.0492535
0.0492384
0.0492198
0.0491979
0.0491726
0.0491447
0.0491162
0.0490905
0.0490721
0.0490665
0.0490747
0.049078
0.049066
0.0490585
0.0490586
0.0490642
0.0490751
0.0490909
0.0491108
0.0491324
0.0491511
0.0491282
0.0486253
0.0487584
0.049155
0.04917
0.0491129
0.0490882
0.0490773
0.0490676
0.0490579
0.0490493
0.049042
0.0490362
0.049032
0.0490294
0.0490285
0.0490292
0.0490311
0.0490337
0.0490363
0.0490383
0.0490393
0.0490394
0.0490389
0.0490384
0.0490385
0.0490392
0.0490406
0.0490424
0.0490445
0.0490466
0.0490484
0.0490496
0.04905
0.0490496
0.0490483
0.0490464
0.0490441
0.049042
0.0490405
0.0490396
0.0490394
0.0490392
0.0490386
0.0490384
0.0490396
0.0490423
0.0490467
0.0490526
0.04906
0.0490685
0.049078
0.0490881
0.0490987
0.0491094
0.04912
0.0491303
0.0491402
0.0491495
0.0491582
0.0491661
0.0491731
0.0491788
0.0491822
0.0491805
0.04917
0.0491479
0.0491161
0.0490817
0.0490534
0.0490381
0.0490403
0.0490636
0.0491128
0.0491913
0.04926
0.0492731
0.0492734
0.049267
0.0492564
0.0492416
0.0492227
0.0491995
0.0491723
0.0491422
0.0491116
0.0490843
0.0490648
0.0490587
0.0490695
0.0490815
0.0490721
0.049064
0.0490636
0.0490691
0.04908
0.0490957
0.0491153
0.0491366
0.0491551
0.0491304
0.0486123
0.0487403
0.049144
0.0491496
0.0490931
0.0490698
0.0490574
0.0490459
0.0490352
0.0490257
0.0490178
0.0490117
0.0490075
0.0490054
0.0490054
0.0490075
0.0490112
0.0490159
0.0490207
0.0490249
0.0490277
0.049029
0.0490294
0.0490294
0.0490298
0.0490311
0.0490331
0.0490358
0.049039
0.0490422
0.0490452
0.0490476
0.0490492
0.0490498
0.0490494
0.0490481
0.0490462
0.0490442
0.0490424
0.0490411
0.0490404
0.0490401
0.0490404
0.0490411
0.049043
0.0490461
0.0490508
0.0490569
0.0490642
0.0490727
0.0490821
0.0490921
0.0491024
0.0491129
0.0491232
0.0491332
0.0491428
0.0491518
0.0491601
0.0491677
0.0491742
0.0491792
0.049181
0.0491764
0.0491616
0.0491357
0.049103
0.0490717
0.0490503
0.0490452
0.0490606
0.0490994
0.049162
0.0492357
0.0492722
0.0492778
0.0492775
0.0492716
0.0492612
0.0492464
0.0492264
0.0492013
0.0491714
0.0491384
0.0491053
0.0490762
0.0490555
0.0490485
0.0490599
0.0490818
0.0490778
0.0490691
0.0490683
0.0490738
0.0490848
0.0491005
0.0491199
0.0491407
0.0491591
0.0491325
0.0485995
0.048721
0.0491306
0.0491273
0.0490717
0.0490487
0.0490346
0.0490213
0.0490095
0.0489989
0.0489902
0.0489836
0.0489794
0.0489778
0.0489787
0.0489822
0.0489879
0.0489951
0.0490027
0.0490097
0.0490149
0.049018
0.0490194
0.04902
0.0490209
0.0490226
0.0490252
0.0490288
0.0490329
0.0490373
0.0490416
0.0490454
0.0490484
0.0490503
0.049051
0.0490505
0.0490493
0.0490475
0.0490458
0.0490443
0.0490434
0.0490432
0.0490438
0.0490452
0.0490475
0.0490511
0.049056
0.0490622
0.0490695
0.0490779
0.0490871
0.0490968
0.0491067
0.0491168
0.0491267
0.0491363
0.0491454
0.049154
0.0491618
0.0491687
0.0491744
0.0491777
0.0491763
0.0491667
0.0491467
0.0491181
0.0490875
0.0490632
0.0490526
0.049061
0.049091
0.0491422
0.049207
0.0492612
0.0492794
0.0492843
0.049284
0.0492788
0.0492686
0.0492527
0.0492308
0.0492028
0.0491693
0.0491326
0.0490968
0.0490658
0.049044
0.0490362
0.0490465
0.0490771
0.0490821
0.0490736
0.0490727
0.0490783
0.0490894
0.0491051
0.0491243
0.0491447
0.049163
0.0491347
0.0485868
0.0487003
0.0491149
0.0491036
0.0490487
0.0490253
0.0490093
0.0489943
0.0489806
0.048969
0.0489593
0.0489521
0.0489478
0.0489466
0.0489486
0.0489536
0.0489613
0.0489712
0.0489821
0.0489925
0.0490008
0.0490064
0.0490093
0.0490107
0.0490119
0.049014
0.0490171
0.0490214
0.0490265
0.049032
0.0490376
0.0490429
0.0490473
0.0490507
0.0490527
0.0490535
0.0490531
0.049052
0.0490505
0.0490492
0.0490484
0.0490482
0.049049
0.0490507
0.0490534
0.0490572
0.0490623
0.0490685
0.0490757
0.0490839
0.0490927
0.049102
0.0491116
0.0491211
0.0491305
0.0491395
0.049148
0.0491559
0.0491629
0.0491687
0.0491725
0.0491725
0.0491661
0.0491507
0.0491268
0.0490989
0.0490745
0.0490608
0.0490637
0.0490863
0.0491286
0.0491849
0.0492408
0.0492754
0.0492868
0.0492935
0.0492939
0.049289
0.049278
0.0492601
0.0492351
0.0492029
0.0491648
0.0491241
0.0490852
0.0490526
0.04903
0.0490217
0.0490306
0.0490662
0.0490844
0.0490773
0.0490765
0.0490824
0.0490938
0.0491096
0.0491286
0.0491486
0.0491668
0.0491367
0.0485742
0.0486784
0.0490973
0.0490789
0.0490244
0.0489998
0.0489818
0.0489648
0.0489495
0.0489365
0.0489255
0.0489176
0.0489132
0.0489125
0.0489154
0.0489218
0.0489316
0.0489443
0.0489587
0.0489731
0.0489855
0.0489943
0.0489993
0.0490017
0.0490034
0.0490056
0.0490091
0.0490138
0.0490197
0.0490262
0.049033
0.0490396
0.0490457
0.0490506
0.0490543
0.0490565
0.0490573
0.0490571
0.0490564
0.0490555
0.0490548
0.0490548
0.0490557
0.0490576
0.0490605
0.0490645
0.0490695
0.0490756
0.0490827
0.0490905
0.0490989
0.0491077
0.0491167
0.0491256
0.0491343
0.0491426
0.0491502
0.0491571
0.0491627
0.0491665
0.0491669
0.0491621
0.04915
0.0491302
0.0491059
0.0490829
0.0490681
0.0490673
0.0490841
0.049119
0.0491681
0.0492214
0.0492638
0.0492863
0.049297
0.049306
0.049307
0.0493015
0.0492885
0.0492673
0.049238
0.0492005
0.0491568
0.0491116
0.04907
0.0490362
0.0490134
0.0490051
0.0490134
0.049048
0.0490834
0.0490802
0.04908
0.0490863
0.049098
0.0491139
0.0491328
0.0491525
0.0491705
0.0491388
0.0485616
0.0486557
0.0490785
0.0490542
0.0489992
0.0489731
0.0489528
0.0489338
0.0489166
0.0489017
0.0488896
0.0488808
0.0488763
0.0488762
0.0488801
0.048888
0.0488995
0.0489147
0.0489327
0.0489516
0.0489688
0.0489818
0.0489897
0.0489937
0.0489957
0.048998
0.0490014
0.0490064
0.0490127
0.0490199
0.0490277
0.0490356
0.0490431
0.0490497
0.049055
0.0490589
0.0490614
0.0490625
0.0490627
0.0490625
0.0490623
0.0490626
0.0490636
0.0490656
0.0490685
0.0490725
0.0490775
0.0490834
0.0490901
0.0490976
0.0491055
0.0491137
0.0491219
0.0491301
0.0491379
0.0491451
0.0491516
0.0491568
0.0491601
0.0491604
0.0491563
0.0491462
0.0491298
0.049109
0.0490883
0.0490736
0.0490705
0.0490828
0.0491117
0.0491547
0.0492045
0.0492499
0.0492813
0.0492998
0.0493147
0.0493222
0.0493226
0.0493153
0.0492988
0.0492731
0.0492382
0.049194
0.0491441
0.0490943
0.0490504
0.0490164
0.0489942
0.0489868
0.0489956
0.0490268
0.0490788
0.0490823
0.0490831
0.0490901
0.0491021
0.0491182
0.0491369
0.0491562
0.0491742
0.0491409
0.0485492
0.0486325
0.0490595
0.0490301
0.0489742
0.048946
0.0489233
0.048902
0.0488826
0.0488657
0.0488524
0.0488425
0.048838
0.0488388
0.0488441
0.0488534
0.0488663
0.0488833
0.0489043
0.0489278
0.0489505
0.0489689
0.0489808
0.0489869
0.0489896
0.0489916
0.0489948
0.0489996
0.0490059
0.0490135
0.0490219
0.0490306
0.0490392
0.0490473
0.0490544
0.0490601
0.0490643
0.0490671
0.0490688
0.0490696
0.0490702
0.0490709
0.0490721
0.0490742
0.0490771
0.049081
0.0490858
0.0490915
0.0490978
0.0491047
0.049112
0.0491195
0.0491269
0.049134
0.0491406
0.0491464
0.0491509
0.0491536
0.0491534
0.0491494
0.0491406
0.0491266
0.0491089
0.0490908
0.0490771
0.0490727
0.0490816
0.0491056
0.0491433
0.0491894
0.0492354
0.0492725
0.0492979
0.0493167
0.049334
0.0493408
0.0493395
0.0493289
0.0493075
0.0492763
0.0492343
0.0491822
0.0491254
0.0490715
0.0490265
0.0489934
0.048973
0.0489673
0.0489778
0.0490086
0.04907
0.0490837
0.0490862
0.0490938
0.0491063
0.0491225
0.049141
0.04916
0.0491778
0.049143
0.0485369
0.0486095
0.0490414
0.0490081
0.0489504
0.04892
0.0488947
0.0488709
0.048849
0.04883
0.0488148
0.0488037
0.0487992
0.0488014
0.0488089
0.0488199
0.0488338
0.0488516
0.0488746
0.048902
0.0489305
0.0489553
0.0489726
0.0489819
0.0489856
0.0489873
0.0489898
0.0489939
0.0489998
0.0490072
0.0490156
0.0490247
0.0490341
0.0490432
0.0490517
0.0490591
0.0490652
0.0490699
0.0490733
0.0490756
0.0490773
0.0490787
0.0490804
0.0490826
0.0490856
0.0490894
0.049094
0.0490993
0.0491051
0.0491114
0.049118
0.0491245
0.0491308
0.0491366
0.0491415
0.0491452
0.0491469
0.0491462
0.049142
0.0491339
0.0491218
0.0491067
0.0490911
0.0490787
0.0490739
0.0490802
0.0491001
0.049133
0.0491755
0.0492209
0.0492615
0.0492929
0.0493173
0.0493402
0.0493556
0.0493607
0.049356
0.0493408
0.0493135
0.0492757
0.049225
0.0491638
0.0491002
0.0490434
0.0489989
0.0489683
0.0489509
0.0489478
0.0489606
0.0489967
0.0490578
0.0490838
0.0490894
0.0490979
0.0491108
0.049127
0.0491453
0.0491639
0.0491814
0.0491452
0.0485247
0.0485876
0.0490255
0.0489893
0.0489293
0.0488964
0.0488686
0.048842
0.0488172
0.0487952
0.0487772
0.048765
0.0487605
0.0487649
0.0487758
0.0487896
0.0488045
0.0488219
0.0488448
0.0488746
0.0489085
0.0489406
0.0489649
0.0489788
0.0489843
0.0489858
0.0489872
0.0489902
0.048995
0.0490015
0.0490094
0.0490183
0.0490277
0.0490373
0.0490466
0.0490553
0.0490631
0.0490696
0.0490749
0.0490791
0.0490822
0.0490848
0.0490872
0.0490898
0.0490929
0.0490967
0.049101
0.0491059
0.0491113
0.0491168
0.0491224
0.0491277
0.0491326
0.0491365
0.0491392
0.0491401
0.0491386
0.0491343
0.0491267
0.049116
0.0491031
0.0490898
0.049079
0.0490742
0.0490788
0.0490952
0.0491238
0.0491625
0.0492063
0.0492489
0.049285
0.0493143
0.0493404
0.0493656
0.0493783
0.0493802
0.0493708
0.0493498
0.049316
0.0492703
0.0492092
0.049138
0.0490685
0.0490107
0.0489691
0.0489431
0.04893
0.048931
0.0489505
0.0489868
0.0490453
0.0490824
0.0490928
0.0491023
0.0491155
0.0491317
0.0491497
0.0491679
0.0491852
0.0491475
0.0485127
0.0485674
0.0490129
0.0489754
0.0489124
0.048877
0.0488467
0.0488173
0.0487892
0.0487633
0.0487416
0.0487272
0.0487219
0.0487291
0.0487451
0.0487638
0.0487809
0.048797
0.0488174
0.0488467
0.0488844
0.048924
0.0489568
0.0489774
0.0489861
0.0489878
0.0489879
0.0489892
0.0489924
0.0489974
0.049004
0.0490119
0.0490206
0.0490298
0.0490392
0.0490485
0.0490572
0.0490653
0.0490723
0.0490783
0.0490832
0.0490873
0.0490908
0.0490941
0.0490976
0.0491014
0.0491056
0.0491101
0.0491148
0.0491194
0.0491239
0.0491277
0.0491307
0.0491325
0.0491325
0.0491306
0.0491261
0.0491192
0.0491098
0.0490988
0.0490876
0.0490785
0.0490743
0.0490777
0.0490912
0.0491159
0.0491507
0.0491922
0.0492353
0.0492748
0.0493085
0.0493386
0.0493686
0.0493913
0.0494007
0.0493976
0.0493825
0.049355
0.0493145
0.0492594
0.0491858
0.0491045
0.0490312
0.0489756
0.0489398
0.0489204
0.0489132
0.0489202
0.0489419
0.0489793
0.0490349
0.0490798
0.0490964
0.0491072
0.0491207
0.0491368
0.0491544
0.0491721
0.049189
0.04915
0.0485009
0.0485497
0.0490047
0.0489675
0.048901
0.0488633
0.0488309
0.0487992
0.0487679
0.0487375
0.0487103
0.0486915
0.0486839
0.0486936
0.0487161
0.0487425
0.0487646
0.04878
0.0487953
0.0488202
0.0488585
0.0489045
0.0489473
0.0489771
0.0489911
0.0489939
0.0489926
0.0489918
0.0489928
0.0489957
0.0490003
0.0490063
0.0490135
0.0490215
0.04903
0.0490389
0.0490478
0.0490564
0.0490646
0.049072
0.0490786
0.0490843
0.0490892
0.0490936
0.0490976
0.0491018
0.0491059
0.0491101
0.0491141
0.0491178
0.0491209
0.0491232
0.0491243
0.049124
0.0491218
0.0491176
0.0491114
0.0491035
0.0490944
0.0490853
0.049078
0.0490745
0.0490774
0.0490888
0.04911
0.0491409
0.0491794
0.0492217
0.0492631
0.0493003
0.0493337
0.0493659
0.0493977
0.0494162
0.0494206
0.0494115
0.0493903
0.0493561
0.0493089
0.0492419
0.0491541
0.049064
0.0489901
0.048941
0.0489146
0.0489037
0.0489031
0.0489134
0.0489364
0.0489746
0.0490279
0.0490767
0.0491
0.0491126
0.0491264
0.0491422
0.0491594
0.0491765
0.0491931
0.0491527
0.0484893
0.0485351
0.0490015
0.0489665
0.0488961
0.0488565
0.0488228
0.0487896
0.0487567
0.0487231
0.0486892
0.0486622
0.0486511
0.0486607
0.0486882
0.0487237
0.0487551
0.0487727
0.048782
0.0487981
0.0488318
0.0488814
0.0489344
0.0489762
0.0489986
0.0490044
0.0490023
0.048999
0.0489973
0.0489974
0.0489993
0.0490028
0.0490075
0.0490134
0.0490202
0.0490277
0.0490356
0.0490439
0.0490521
0.0490602
0.0490678
0.0490747
0.049081
0.0490866
0.0490915
0.0490961
0.0491004
0.0491044
0.049108
0.0491109
0.049113
0.049114
0.0491138
0.049112
0.0491086
0.0491037
0.0490974
0.0490903
0.0490834
0.0490779
0.0490756
0.0490785
0.0490884
0.0491067
0.0491339
0.049169
0.0492094
0.0492512
0.0492907
0.0493269
0.0493612
0.0493961
0.049425
0.0494383
0.0494364
0.0494208
0.0493938
0.0493537
0.049299
0.0492167
0.0491139
0.0490178
0.0489489
0.0489114
0.0488975
0.0488954
0.0488991
0.0489107
0.0489347
0.0489732
0.0490245
0.0490743
0.0491033
0.0491185
0.0491325
0.0491481
0.0491646
0.0491812
0.0491972
0.0491555
0.0484778
0.0485235
0.0490029
0.0489705
0.0488989
0.048857
0.0488221
0.0487882
0.0487549
0.0487217
0.0486886
0.0486577
0.0486386
0.0486403
0.0486646
0.0487052
0.0487491
0.0487749
0.0487804
0.0487841
0.0488066
0.0488543
0.048916
0.0489722
0.0490074
0.0490193
0.0490173
0.0490117
0.0490068
0.0490036
0.0490021
0.0490023
0.049004
0.0490069
0.0490111
0.0490162
0.0490223
0.0490291
0.0490364
0.049044
0.0490517
0.0490593
0.0490664
0.0490731
0.0490788
0.0490841
0.0490888
0.049093
0.0490965
0.0490992
0.049101
0.0491016
0.049101
0.0490991
0.0490959
0.0490918
0.049087
0.0490825
0.0490791
0.0490782
0.0490815
0.0490905
0.0491066
0.0491306
0.0491622
0.0491999
0.0492407
0.0492812
0.0493193
0.0493551
0.0493906
0.049426
0.0494487
0.0494551
0.0494464
0.0494251
0.0493934
0.0493486
0.0492842
0.0491831
0.0490659
0.0489692
0.0489124
0.0488919
0.0488912
0.0488947
0.0489003
0.0489128
0.0489373
0.0489755
0.0490245
0.0490735
0.0491065
0.0491247
0.0491391
0.0491543
0.0491702
0.0491861
0.0492015
0.0491586
0.0484666
0.0485152
0.0490077
0.0489796
0.0489088
0.0488648
0.0488287
0.0487945
0.0487614
0.0487297
0.0486996
0.0486733
0.0486542
0.0486473
0.048657
0.0486894
0.048742
0.048782
0.0487912
0.0487823
0.0487871
0.0488246
0.0488902
0.0489618
0.0490147
0.0490374
0.049038
0.0490303
0.0490221
0.0490152
0.0490099
0.0490061
0.049004
0.0490034
0.0490042
0.0490063
0.0490096
0.0490141
0.0490196
0.0490259
0.0490329
0.0490401
0.0490474
0.0490546
0.0490611
0.0490671
0.0490726
0.0490775
0.0490816
0.0490848
0.0490872
0.0490885
0.0490888
0.0490881
0.0490866
0.0490846
0.0490828
0.0490818
0.0490827
0.0490868
0.0490955
0.04911
0.0491313
0.0491597
0.0491943
0.0492331
0.0492734
0.0493125
0.0493492
0.0493846
0.04942
0.0494512
0.049466
0.0494649
0.0494504
0.0494249
0.0493901
0.0493417
0.0492635
0.0491402
0.049012
0.0489232
0.0488867
0.0488855
0.0488937
0.0489002
0.0489068
0.0489199
0.0489445
0.0489815
0.0490279
0.0490749
0.0491099
0.0491309
0.0491461
0.0491608
0.0491759
0.0491911
0.0492057
0.0491619
0.0484555
0.0485107
0.0490127
0.0489928
0.048925
0.0488793
0.0488419
0.0488074
0.0487747
0.0487442
0.0487167
0.0486937
0.0486772
0.0486695
0.0486739
0.0486944
0.0487342
0.0487863
0.0488103
0.0487957
0.0487787
0.048796
0.0488564
0.048941
0.0490161
0.0490567
0.0490638
0.0490553
0.0490438
0.049033
0.0490234
0.0490154
0.0490089
0.0490042
0.049001
0.0489995
0.0489996
0.0490012
0.0490042
0.0490085
0.049014
0.0490202
0.0490271
0.0490343
0.0490414
0.0490483
0.0490547
0.0490607
0.0490661
0.0490707
0.0490746
0.0490777
0.04908
0.0490817
0.049083
0.0490842
0.049086
0.0490891
0.0490946
0.0491035
0.049117
0.0491362
0.0491616
0.0491931
0.0492294
0.0492685
0.0493077
0.0493449
0.0493799
0.0494138
0.0494469
0.0494686
0.0494743
0.049467
0.0494489
0.0494214
0.0493854
0.0493333
0.0492355
0.0490882
0.0489564
0.0488876
0.0488761
0.0488888
0.048903
0.0489116
0.048919
0.0489324
0.0489564
0.0489916
0.0490347
0.0490786
0.0491139
0.0491371
0.0491531
0.0491674
0.0491818
0.0491961
0.0492098
0.0491652
0.0484443
0.0485101
0.0490162
0.0490092
0.0489464
0.0488999
0.0488613
0.0488261
0.0487935
0.0487638
0.048738
0.0487174
0.0487031
0.0486965
0.0486994
0.0487149
0.0487456
0.0487892
0.0488274
0.048822
0.0487876
0.0487759
0.0488173
0.0489064
0.049006
0.0490729
0.0490936
0.0490865
0.0490722
0.0490575
0.0490435
0.0490309
0.0490198
0.0490105
0.0490031
0.0489976
0.048994
0.0489922
0.0489924
0.0489943
0.0489978
0.0490026
0.0490086
0.0490155
0.049023
0.0490306
0.0490382
0.0490457
0.0490528
0.0490595
0.0490657
0.0490713
0.0490765
0.0490814
0.0490861
0.049091
0.0490968
0.049104
0.0491137
0.0491268
0.0491444
0.0491672
0.0491955
0.0492289
0.049266
0.0493045
0.049342
0.0493767
0.0494088
0.0494388
0.0494642
0.0494747
0.049473
0.0494624
0.0494433
0.049416
0.0493809
0.049323
0.0491983
0.0490285
0.0489088
0.0488677
0.0488757
0.048899
0.0489181
0.0489289
0.048937
0.0489504
0.0489732
0.0490056
0.0490449
0.049085
0.0491189
0.0491431
0.04916
0.0491741
0.0491877
0.0492011
0.0492139
0.0491681
0.0484327
0.0485144
0.0490153
0.0490267
0.0489716
0.0489257
0.0488863
0.0488505
0.0488177
0.0487885
0.048764
0.0487452
0.0487327
0.0487275
0.0487307
0.048744
0.0487691
0.0488041
0.0488379
0.048849
0.048815
0.0487743
0.048781
0.0488578
0.0489773
0.0490793
0.0491241
0.0491231
0.0491069
0.0490886
0.0490705
0.0490533
0.0490376
0.0490237
0.0490118
0.049002
0.0489945
0.0489892
0.0489861
0.0489852
0.0489865
0.0489896
0.0489945
0.0490008
0.0490084
0.0490167
0.0490254
0.0490344
0.0490436
0.0490526
0.0490616
0.0490703
0.0490788
0.0490871
0.0490955
0.0491042
0.0491136
0.0491245
0.0491376
0.0491539
0.0491743
0.0491993
0.0492291
0.049263
0.0492996
0.0493366
0.0493716
0.049403
0.0494308
0.0494549
0.0494674
0.049468
0.0494629
0.0494522
0.0494348
0.0494106
0.0493782
0.0493087
0.0491497
0.0489721
0.0488748
0.0488579
0.0488815
0.0489136
0.0489379
0.0489517
0.0489611
0.0489741
0.0489949
0.0490239
0.0490585
0.049094
0.0491253
0.0491492
0.0491667
0.0491806
0.0491934
0.0492057
0.0492173
0.04916
0.0484232
0.0485263
0.0490054
0.0490419
0.0489991
0.0489559
0.0489168
0.0488808
0.0488482
0.0488197
0.0487964
0.0487793
0.0487684
0.0487648
0.048769
0.0487815
0.0488024
0.0488292
0.0488533
0.0488617
0.0488437
0.0487977
0.0487625
0.0488022
0.0489246
0.049066
0.0491499
0.0491635
0.0491472
0.0491259
0.0491041
0.0490829
0.0490629
0.0490447
0.0490285
0.0490146
0.0490031
0.048994
0.0489875
0.0489835
0.0489821
0.0489831
0.0489864
0.0489918
0.048999
0.0490077
0.0490173
0.0490278
0.0490389
0.0490504
0.0490621
0.0490739
0.0490856
0.0490974
0.0491091
0.049121
0.0491335
0.049147
0.0491622
0.0491801
0.0492014
0.0492265
0.0492555
0.0492878
0.0493218
0.0493556
0.0493872
0.0494149
0.0494381
0.0494491
0.0494498
0.0494486
0.049445
0.0494377
0.0494253
0.0494069
0.0493785
0.0492885
0.0490965
0.0489234
0.0488506
0.0488537
0.0488891
0.0489289
0.0489597
0.0489787
0.0489907
0.0490033
0.0490216
0.0490464
0.0490757
0.0491059
0.0491334
0.0491558
0.049173
0.0491867
0.0491987
0.0492096
0.0492157
0.0491292
0.0484203
0.0485508
0.0489823
0.0490453
0.0490241
0.0489888
0.0489526
0.0489183
0.048887
0.0488602
0.048839
0.0488243
0.0488164
0.0488143
0.0488189
0.0488295
0.0488445
0.0488604
0.0488714
0.0488703
0.0488528
0.0488194
0.048776
0.0487597
0.048849
0.0490203
0.0491605
0.0492045
0.0491918
0.0491682
0.0491435
0.0491192
0.0490959
0.0490743
0.0490547
0.0490372
0.0490221
0.0490094
0.0489993
0.0489919
0.0489873
0.0489855
0.0489865
0.0489901
0.0489963
0.0490046
0.0490145
0.0490259
0.0490384
0.0490518
0.0490658
0.0490802
0.0490947
0.0491092
0.0491236
0.0491378
0.049152
0.0491666
0.0491822
0.0491995
0.049219
0.0492414
0.0492665
0.0492939
0.0493232
0.0493533
0.0493773
0.0493959
0.0494092
0.0494122
0.0494154
0.0494185
0.0494206
0.0494203
0.049416
0.0494063
0.0493823
0.0492628
0.049043
0.0488825
0.0488322
0.0488489
0.0488912
0.0489373
0.0489767
0.0490054
0.0490242
0.0490382
0.0490539
0.0490741
0.0490974
0.0491215
0.0491439
0.049163
0.0491784
0.0491907
0.0492003
0.0492053
0.04919
0.0490673
0.0484316
0.0485962
0.0489461
0.0490197
0.049023
0.0490056
0.0489809
0.0489541
0.0489284
0.0489061
0.0488887
0.0488771
0.0488718
0.0488709
0.0488729
0.0488767
0.0488801
0.0488809
0.0488762
0.0488644
0.048845
0.0488189
0.0487878
0.0487561
0.0487702
0.0489296
0.0491374
0.0492392
0.0492392
0.0492141
0.0491872
0.0491608
0.0491356
0.0491122
0.0490906
0.049071
0.0490535
0.0490382
0.0490252
0.0490146
0.0490066
0.0490013
0.048999
0.0489997
0.0490034
0.0490099
0.0490187
0.0490296
0.0490423
0.0490564
0.0490716
0.0490875
0.0491037
0.0491198
0.0491356
0.0491507
0.0491652
0.0491791
0.0491929
0.0492072
0.0492225
0.0492394
0.0492609
0.0492818
0.0493011
0.0493185
0.0493324
0.0493436
0.049351
0.0493593
0.0493693
0.0493803
0.0493913
0.049401
0.0494079
0.0494099
0.0493891
0.0492315
0.0489916
0.0488475
0.048813
0.0488339
0.0488752
0.0489222
0.0489682
0.0490091
0.0490422
0.0490664
0.0490832
0.0490984
0.0491143
0.0491297
0.0491432
0.0491539
0.0491612
0.0491645
0.0491621
0.0491491
0.0491092
0.0489778
0.0484689
0.0486711
0.0489044
0.0489527
0.0489569
0.0489509
0.0489402
0.0489264
0.0489113
0.0488972
0.0488856
0.0488774
0.0488725
0.0488679
0.0488635
0.0488583
0.0488515
0.0488424
0.0488311
0.048818
0.0488037
0.0487887
0.0487728
0.0487558
0.0487436
0.0487993
0.0490478
0.0492494
0.0492871
0.0492627
0.0492339
0.0492063
0.0491805
0.0491569
0.0491352
0.0491156
0.0490977
0.0490817
0.0490675
0.0490551
0.0490448
0.0490367
0.0490311
0.0490281
0.049028
0.049031
0.0490368
0.0490451
0.0490558
0.0490684
0.0490827
0.049098
0.0491139
0.0491298
0.0491451
0.0491594
0.0491722
0.0491836
0.0491937
0.0492031
0.0492161
0.0492277
0.0492393
0.0492492
0.049258
0.0492661
0.0492739
0.0492822
0.0492914
0.0493047
0.0493213
0.0493406
0.0493614
0.0493825
0.0494023
0.0494181
0.0493961
0.0491933
0.0489415
0.0488122
0.0487825
0.0487949
0.048822
0.0488552
0.0488914
0.048928
0.0489624
0.0489922
0.0490155
0.049029
0.0490335
0.0490346
0.0490339
0.0490318
0.0490286
0.0490233
0.0490143
0.048999
0.0489693
0.0488804
0.0485446
0.0487762
0.0488681
0.0488474
0.048815
0.048793
0.0487768
0.048762
0.0487476
0.0487343
0.0487228
0.0487132
0.0487047
0.048699
0.0486951
0.0486927
0.0486919
0.0486928
0.0486955
0.0487
0.048706
0.0487129
0.0487193
0.048724
0.0487268
0.0487429
0.0488669
0.0491806
0.0493259
0.0493152
0.049286
0.0492583
0.0492327
0.0492095
0.0491885
0.0491697
0.0491527
0.0491376
0.049124
0.049112
0.0491015
0.0490927
0.0490856
0.0490804
0.0490775
0.0490771
0.0490793
0.049084
0.049091
0.0491001
0.049111
0.0491232
0.0491361
0.0491492
0.0491617
0.0491728
0.0491819
0.049189
0.0491946
0.0492023
0.0492081
0.0492113
0.0492133
0.0492147
0.0492163
0.0492192
0.0492241
0.0492318
0.0492445
0.0492623
0.0492845
0.0493105
0.0493395
0.0493703
0.0494012
0.0494294
0.0493952
0.0491433
0.0488881
0.0487677
0.0487289
0.0487176
0.048714
0.0487138
0.0487162
0.0487207
0.0487269
0.0487342
0.0487416
0.0487486
0.0487549
0.0487582
0.0487596
0.0487612
0.0487634
0.0487657
0.0487688
0.0487771
0.0487957
0.0487993
0.0486616
0.0489059
0.0488788
0.0487736
0.0486851
0.0486314
0.0485976
0.048572
0.0485508
0.0485336
0.0485202
0.0485104
0.0485044
0.0485024
0.0485042
0.0485096
0.0485186
0.0485315
0.0485483
0.0485689
0.0485928
0.0486187
0.0486452
0.0486702
0.0486924
0.048715
0.0487725
0.0489806
0.049299
0.0493851
0.0493661
0.0493464
0.0493271
0.0493086
0.0492914
0.0492756
0.0492613
0.0492485
0.0492372
0.0492275
0.0492192
0.0492122
0.0492067
0.0492024
0.0491994
0.0491975
0.0491972
0.0491986
0.0492019
0.0492069
0.0492133
0.0492207
0.0492286
0.0492365
0.0492434
0.0492482
0.0492503
0.0492531
0.0492564
0.0492573
0.0492557
0.0492521
0.0492477
0.0492441
0.0492422
0.0492433
0.0492482
0.0492572
0.0492702
0.049287
0.0493077
0.0493318
0.0493591
0.0493889
0.0494199
0.0494497
0.049381
0.0490821
0.0488335
0.0487184
0.0486659
0.0486316
0.0486029
0.048578
0.0485571
0.0485406
0.0485284
0.0485202
0.0485152
0.0485129
0.0485127
0.0485139
0.0485168
0.0485219
0.0485295
0.048541
0.0485609
0.0486026
0.0486852
0.0487926
0.0488145
)
;

boundaryField
{
    floor
    {
        type            fixedFluxPressure;
        gradient        uniform 0;
        value           nonuniform List<scalar> 
100
(
0.0492003
0.0491952
0.0491961
0.0491992
0.0492034
0.049208
0.0492129
0.0492175
0.0492211
0.0492235
0.0492245
0.0492247
0.0492245
0.0492237
0.0492213
0.0492174
0.0492124
0.0492063
0.0491994
0.0491917
0.0491835
0.0491749
0.049166
0.0491569
0.0491478
0.0491388
0.04913
0.0491214
0.049113
0.0491051
0.0490975
0.0490904
0.0490837
0.0490774
0.0490716
0.0490664
0.0490617
0.0490575
0.0490538
0.0490506
0.0490478
0.0490454
0.0490433
0.0490415
0.0490399
0.0490385
0.0490371
0.0490357
0.0490343
0.049033
0.0490319
0.0490312
0.0490312
0.0490327
0.0490365
0.049041
0.0490422
0.0490414
0.0490447
0.0490614
0.0490661
0.0490553
0.049045
0.0490353
0.0490259
0.0490166
0.0490074
0.0489984
0.0489899
0.0489827
0.0489774
0.048975
0.0489763
0.0489821
0.0489927
0.0490084
0.0490285
0.0490523
0.0490781
0.0491043
0.0491283
0.0491479
0.049161
0.0491673
0.0491695
0.0491704
0.0491686
0.0491646
0.0491598
0.0491548
0.0491503
0.0491464
0.0491432
0.0491405
0.0491383
0.0491363
0.0491342
0.049132
0.0491314
0.0491372
)
;
    }
    ceiling
    {
        type            fixedFluxPressure;
        gradient        nonuniform List<scalar> 
100
(
0.764516
0.752669
0.746777
0.743413
0.741344
0.740048
0.739244
0.738781
0.738583
0.738616
0.73887
0.739194
0.739523
0.739859
0.740201
0.740551
0.740909
0.741277
0.741658
0.742051
0.742458
0.742869
0.743248
0.743445
0.742468
0.733091
0.691855
0.626797
0.606287
0.606343
0.606426
0.606485
0.606509
0.606501
0.60647
0.60643
0.606399
0.606402
0.606464
0.60661
0.606866
0.607256
0.607801
0.608521
0.609436
0.610426
0.611406
0.612342
0.613205
0.613967
0.614606
0.615107
0.615457
0.615651
0.61568
0.615461
0.614364
0.612559
0.610619
0.608589
0.606484
0.604315
0.602117
0.599919
0.597738
0.595584
0.593474
0.591484
0.589614
0.587877
0.586291
0.584883
0.583696
0.582803
0.582371
0.600578
0.662211
0.711482
0.732478
0.740059
0.74359
0.745938
0.74781
0.749409
0.75082
0.752093
0.753261
0.754346
0.755362
0.75632
0.757228
0.758089
0.759
0.760045
0.761331
0.763116
0.765824
0.770201
0.777941
0.793762
)
;
        value           nonuniform List<scalar> 
100
(
0.0527285
0.0526422
0.0525075
0.0524022
0.0523381
0.0522979
0.0522682
0.0522447
0.0522265
0.0522133
0.0522047
0.0522003
0.0522
0.0522035
0.0522106
0.0522214
0.0522361
0.0522547
0.0522772
0.052303
0.052331
0.0523596
0.0523865
0.0524097
0.0524273
0.0524379
0.0524398
0.052433
0.0524165
0.0523978
0.0523786
0.0523595
0.0523412
0.0523239
0.0523079
0.0522934
0.0522805
0.0522693
0.0522598
0.0522522
0.0522466
0.0522429
0.0522414
0.052242
0.0522447
0.0522493
0.0522557
0.0522636
0.0522729
0.0522831
0.0522937
0.0523042
0.0523137
0.0523216
0.0523266
0.0523276
0.0523249
0.0523192
0.0523104
0.0522986
0.0522845
0.0522693
0.0522546
0.0522418
0.052232
0.0522261
0.0522246
0.0522276
0.0522351
0.052247
0.0522633
0.0522835
0.0523074
0.0523339
0.0523615
0.0523839
0.0523932
0.0523909
0.0523808
0.0523662
0.0523495
0.0523326
0.0523171
0.0523042
0.0522947
0.0522888
0.0522865
0.0522869
0.0522897
0.0522943
0.0523
0.0523073
0.0523169
0.0523297
0.0523477
0.0523764
0.0524317
0.0525362
0.0526823
0.0527833
)
;
    }
    fixedWalls
    {
        type            fixedFluxPressure;
        gradient        uniform 0;
        value           nonuniform List<scalar> 
100
(
0.0492003
0.0491972
0.0491736
0.0491458
0.0491202
0.0490967
0.0490746
0.0490538
0.0490341
0.0490157
0.0489985
0.0489823
0.048967
0.0489523
0.0489382
0.0489244
0.048911
0.048898
0.0488853
0.0488726
0.0488598
0.0488469
0.0488336
0.0488199
0.0488057
0.0487909
0.0487752
0.0487584
0.0487403
0.048721
0.0487003
0.0486784
0.0486557
0.0486325
0.0486095
0.0485876
0.0485674
0.0485497
0.0485351
0.0485235
0.0485152
0.0485107
0.0485101
0.0485144
0.0485263
0.0485508
0.0485962
0.0486711
0.0487762
0.0489059
0.0491372
0.0491342
0.0491077
0.0490761
0.049047
0.0490205
0.0489953
0.0489711
0.0489478
0.0489253
0.0489033
0.0488819
0.0488609
0.0488404
0.0488202
0.0488006
0.0487814
0.0487628
0.0487449
0.0487277
0.0487112
0.0486954
0.0486803
0.0486659
0.048652
0.0486385
0.0486253
0.0486123
0.0485995
0.0485868
0.0485742
0.0485616
0.0485492
0.0485369
0.0485247
0.0485127
0.0485009
0.0484893
0.0484778
0.0484666
0.0484555
0.0484443
0.0484327
0.0484232
0.0484203
0.0484316
0.0484689
0.0485446
0.0486616
0.0488145
)
;
    }
    frontAndBack
    {
        type            empty;
    }
}


// ************************************************************************* //
