/*--------------------------------*- C++ -*----------------------------------*\
| =========                 |                                                 |
| \\      /  F ield         | OpenFOAM: The Open Source CFD Toolbox           |
|  \\    /   O peration     | Version:  4.1                                   |
|   \\  /    A nd           | Web:      www.OpenFOAM.org                      |
|    \\/     M anipulation  |                                                 |
\*---------------------------------------------------------------------------*/
FoamFile
{
    version     2.0;
    format      ascii;
    class       volScalarField;
    location    "640";
    object      mag(U);
}
// * * * * * * * * * * * * * * * * * * * * * * * * * * * * * * * * * * * * * //

dimensions      [0 1 -1 0 0 0 0];

internalField   nonuniform List<scalar> 
5000
(
0.00234863
0.00388044
0.00649372
0.0081814
0.00921498
0.00996179
0.0105807
0.0111284
0.0116022
0.011962
0.012135
0.01203
0.011588
0.0107599
0.00955232
0.00802047
0.00626527
0.00440799
0.00260844
0.0013378
0.00215011
0.00361307
0.00505016
0.00633522
0.00745394
0.00841092
0.00921253
0.00986667
0.0103827
0.0107708
0.0110418
0.0112069
0.0112779
0.0112709
0.0111973
0.0110671
0.0108903
0.0106769
0.0104365
0.0101791
0.00991447
0.00965212
0.00940058
0.00916587
0.00894778
0.00872856
0.00842869
0.00779643
0.00678565
0.00310876
0.00286548
0.00323149
0.0037567
0.00417098
0.00454961
0.00490731
0.00524661
0.00556831
0.00586997
0.00614715
0.00639608
0.00661298
0.00679361
0.0069341
0.00703141
0.00708338
0.00708849
0.00704336
0.00694169
0.0067829
0.00656671
0.00629384
0.0059656
0.00558369
0.00514996
0.00466634
0.00413475
0.00355719
0.0029358
0.00227301
0.00157547
0.000883976
0.000479157
0.00105424
0.00187503
0.00272722
0.00357491
0.00438782
0.00513503
0.0057887
0.00632645
0.00673441
0.00701101
0.00717009
0.00723962
0.00725176
0.00720352
0.00696711
0.0060694
0.00545215
0.00375322
0.00374121
0.00526777
0.0064137
0.00739454
0.00818903
0.00882483
0.00935942
0.00979813
0.0101098
0.0102264
0.0100409
0.00956577
0.00878069
0.00771877
0.00644744
0.00511952
0.00391517
0.00316265
0.00323451
0.00400359
0.00513995
0.00634065
0.00747286
0.00849242
0.00938587
0.0101504
0.0107884
0.0113054
0.0117085
0.0120059
0.0122063
0.0123194
0.0123512
0.0123091
0.0122008
0.0120343
0.011818
0.0115604
0.0112696
0.0109541
0.0106208
0.0102749
0.00991587
0.00953119
0.00907986
0.00844916
0.00745664
0.00733171
0.00645205
0.00390177
0.0038911
0.00450363
0.00503763
0.00551484
0.00595283
0.0063582
0.00673212
0.00707281
0.00737717
0.00764196
0.00786354
0.00803804
0.00816215
0.00823341
0.00825053
0.00821343
0.00811996
0.00797094
0.00776419
0.00750018
0.00718026
0.00680637
0.00638077
0.00590603
0.00538498
0.00482086
0.00421773
0.00358141
0.00292193
0.00226234
0.00166989
0.00132301
0.00144756
0.00198872
0.00268665
0.00343886
0.00418648
0.00488414
0.00549412
0.00598553
0.0063354
0.00653113
0.00657506
0.00647517
0.00625334
0.005936
0.00551563
0.00508348
0.00735455
0.00494359
0.00408925
0.00494545
0.00467832
0.00464624
0.00517609
0.00570236
0.00614986
0.00652028
0.00680142
0.00692691
0.00680968
0.00650849
0.00608733
0.0056209
0.00519283
0.00493929
0.00489722
0.00507309
0.00548434
0.00614346
0.00697138
0.00785576
0.00871755
0.00951344
0.0102218
0.0108326
0.0113423
0.0117515
0.0120635
0.0122829
0.0124149
0.0124641
0.0124352
0.012333
0.0121634
0.0119327
0.0116471
0.0113131
0.0109366
0.0105236
0.0100786
0.00960428
0.00909767
0.00854526
0.00791467
0.00718957
0.00681443
0.00943795
0.00975022
0.00466038
0.00369214
0.00416332
0.0047448
0.00529899
0.00581812
0.00630266
0.00675185
0.00716253
0.00753076
0.00785311
0.00812613
0.00834602
0.00850931
0.00861289
0.00865459
0.00863363
0.00854876
0.00840262
0.0081983
0.00793812
0.00762451
0.00726018
0.00684826
0.00639224
0.00589616
0.00536492
0.00480493
0.00422547
0.00364161
0.00308076
0.00259605
0.00227867
0.00220627
0.00240739
0.00281958
0.00336244
0.00395759
0.00454248
0.00506871
0.00549839
0.00580184
0.00595749
0.00595534
0.00576391
0.0053808
0.00481346
0.00423804
0.00491725
0.00999179
0.00551386
0.00370249
0.00487496
0.00522926
0.00381312
0.00265464
0.00269378
0.00286321
0.00295423
0.00301672
0.0030872
0.00314228
0.00336136
0.00392709
0.00467021
0.00549979
0.00620776
0.00676057
0.00723582
0.00771404
0.00824565
0.0088304
0.00943885
0.0100367
0.0105966
0.0111
0.0115348
0.0118942
0.0121752
0.0123773
0.0125019
0.0125516
0.0125288
0.0124353
0.0122734
0.0120464
0.0117579
0.0114116
0.0110108
0.0105591
0.01006
0.00951661
0.00893118
0.00830464
0.00763712
0.0069434
0.00639832
0.00723267
0.0122568
0.0120684
0.00545625
0.00395972
0.00416833
0.00471415
0.00530872
0.00589064
0.0064404
0.00694923
0.00741086
0.00782045
0.00817469
0.00847081
0.00870626
0.00887911
0.00898805
0.00903302
0.00901544
0.00893568
0.00879641
0.00860064
0.00835131
0.00805159
0.007705
0.00731547
0.00688745
0.0064261
0.00593764
0.00542994
0.00491377
0.00440479
0.00392688
0.00351633
0.00322211
0.0030873
0.00310928
0.00328244
0.00357646
0.00395173
0.00435482
0.00473754
0.00506091
0.00529268
0.00540712
0.00537847
0.00518604
0.00482338
0.00431846
0.00393539
0.00542075
0.0121867
0.0055488
0.00313152
0.00405682
0.00584339
0.0057451
0.00482232
0.00363373
0.00247176
0.00163784
0.00114147
0.000763239
0.00159214
0.00302152
0.00453816
0.00597697
0.00722667
0.00820525
0.00892733
0.00945807
0.00987796
0.0102521
0.0106152
0.010976
0.0113282
0.0116597
0.0119584
0.0122138
0.0124179
0.0125651
0.0126521
0.0126776
0.0126415
0.0125437
0.0123837
0.0121627
0.0118824
0.0115448
0.0111513
0.0107033
0.010202
0.009649
0.00904635
0.00839791
0.00771192
0.00701072
0.00637702
0.00621592
0.00837751
0.0150404
0.0133994
0.00611035
0.00456061
0.00459399
0.00505834
0.00563227
0.00622039
0.00678459
0.00730758
0.0077798
0.0081957
0.00855242
0.00884816
0.00908162
0.00925219
0.00935963
0.00940495
0.00939029
0.00931627
0.00918542
0.00900083
0.00876576
0.00848391
0.00815939
0.0077968
0.00740137
0.0069791
0.00653698
0.00608353
0.00562945
0.00518874
0.00477998
0.00442687
0.00415642
0.00399171
0.00393408
0.00395652
0.00404352
0.00418511
0.00435806
0.0045345
0.00469189
0.00481075
0.00487088
0.00484408
0.0047106
0.00447526
0.00419013
0.00413709
0.00600996
0.0138649
0.00483819
0.00346377
0.00441591
0.00622359
0.0073184
0.00746659
0.00688019
0.0059311
0.00500189
0.00436359
0.00429338
0.0048075
0.00568003
0.00688668
0.00822967
0.00946467
0.0104406
0.011131
0.011585
0.0118773
0.0120769
0.0122326
0.0123713
0.0125025
0.0126255
0.0127342
0.0128203
0.0128761
0.0128947
0.012871
0.0128011
0.012683
0.0125134
0.0122905
0.0120148
0.0116872
0.0113088
0.0108803
0.010402
0.00987447
0.00929853
0.00867695
0.0080168
0.00733619
0.00668325
0.0062163
0.00656274
0.00996981
0.0175933
0.0140165
0.00670332
0.00532803
0.00528531
0.00566259
0.00617449
0.00672144
0.00725665
0.0077571
0.00821038
0.00860984
0.00895225
0.0092359
0.00945977
0.00962357
0.00972736
0.00977242
0.00976102
0.00969378
0.00957303
0.00940189
0.00918379
0.00892272
0.00862317
0.00829025
0.0079297
0.00754804
0.00715265
0.00675205
0.00635619
0.00597677
0.00562743
0.00532313
0.00507817
0.00490252
0.00479674
0.00473784
0.00468573
0.00462872
0.00456574
0.00449383
0.00442197
0.00436907
0.00434676
0.00434063
0.00432073
0.00429141
0.00429909
0.00457252
0.0065994
0.0152243
0.00339138
0.00438882
0.00610757
0.00743264
0.00859844
0.0091934
0.00909762
0.00852289
0.0078029
0.00724397
0.00713466
0.00742655
0.00816959
0.00929055
0.0105519
0.0116962
0.0125728
0.0131507
0.0134739
0.0136143
0.0136422
0.0136119
0.0135585
0.0135003
0.0134432
0.0133857
0.0133222
0.0132454
0.0131481
0.0130239
0.012868
0.0126754
0.0124404
0.0121621
0.0118403
0.0114753
0.0110678
0.0106183
0.0101274
0.00959601
0.00902608
0.00842249
0.00779695
0.00717793
0.00663709
0.00639751
0.00727856
0.011968
0.0198062
0.0141943
0.00733686
0.0061921
0.00611992
0.0064163
0.00684761
0.00732604
0.00780506
0.00825957
0.00867526
0.00904414
0.00936201
0.0096265
0.00983616
0.00999046
0.0100893
0.0101338
0.0101259
0.0100664
0.00995723
0.00980143
0.00960248
0.00936444
0.00909198
0.0087904
0.00846573
0.00812468
0.00777476
0.00742421
0.00708201
0.00675773
0.0064611
0.006201
0.00598372
0.00581061
0.00567566
0.00556173
0.00543022
0.00523198
0.00496582
0.00464166
0.00429431
0.00399727
0.00383833
0.00385487
0.00399408
0.00422434
0.00454395
0.00510113
0.00718445
0.0163843
0.00333395
0.00468671
0.00602893
0.0074221
0.00861916
0.00941025
0.00964723
0.00942008
0.00899751
0.0086842
0.00871975
0.00912146
0.0100231
0.0112729
0.0125605
0.0136396
0.0144013
0.0148442
0.0150248
0.0150178
0.014894
0.0147087
0.0144995
0.0142885
0.0140854
0.0138917
0.0137037
0.0135153
0.0133196
0.0131098
0.0128803
0.0126233
0.0123345
0.0120122
0.0116559
0.0112658
0.0108425
0.0103871
0.00990143
0.00938773
0.00885021
0.0082967
0.00774359
0.00722769
0.00683712
0.00683954
0.0082462
0.0145318
0.0213994
0.0141403
0.00804906
0.00711455
0.00702582
0.0072464
0.00759131
0.00798877
0.0083972
0.00879219
0.00915871
0.00948768
0.00977379
0.0100137
0.0102052
0.0103473
0.0104394
0.0104824
0.0104778
0.0104263
0.0103297
0.0101908
0.010013
0.00980011
0.00955672
0.00928799
0.00899988
0.00869907
0.00839295
0.00808945
0.0077967
0.0075226
0.007274
0.00705555
0.00686813
0.00670698
0.00656022
0.00640773
0.00621875
0.00594038
0.00552315
0.00498001
0.00434934
0.00374273
0.00336133
0.00337712
0.00370955
0.00422928
0.00484972
0.00564698
0.00775221
0.0173947
0.00466419
0.0044877
0.00450191
0.00558962
0.00693784
0.00796833
0.00853092
0.00865477
0.00859425
0.0086673
0.00908404
0.0100144
0.0113914
0.012893
0.0142191
0.0152127
0.0158403
0.0161417
0.0161881
0.016056
0.0158126
0.0155105
0.015186
0.0148615
0.0145485
0.0142502
0.0139649
0.013688
0.0134133
0.0131349
0.0128461
0.0125375
0.012207
0.0118532
0.0114753
0.0110737
0.0106494
0.0102045
0.00974206
0.00926656
0.00878464
0.00830698
0.00785333
0.00746514
0.00724049
0.0074851
0.00947119
0.0173296
0.02243
0.0140001
0.00883055
0.00806371
0.00795865
0.00810713
0.00836584
0.00867827
0.00900947
0.00933731
0.00964707
0.00992914
0.0101773
0.0103873
0.0105563
0.0106826
0.0107653
0.0108049
0.0108025
0.0107588
0.0106756
0.0105554
0.0104011
0.0102161
0.0100044
0.00977067
0.00952042
0.00926001
0.00899656
0.00873771
0.00849103
0.00826332
0.00805952
0.00788139
0.00772597
0.00758404
0.00743888
0.00726571
0.00703197
0.00669721
0.00619499
0.00548493
0.00460572
0.0036631
0.00295144
0.00290043
0.00344763
0.00426807
0.00516679
0.00617012
0.00829158
0.0182829
0.00577009
0.00482704
0.00352541
0.0027087
0.00414871
0.00540686
0.00626965
0.00669863
0.00705529
0.00771532
0.00899325
0.010785
0.0126466
0.0142757
0.0155302
0.016378
0.0168535
0.0170226
0.0169606
0.0167381
0.0164147
0.0160367
0.0156369
0.0152365
0.0148473
0.0144742
0.0141175
0.0137741
0.0134394
0.0131085
0.0127729
0.0124272
0.0120693
0.0116982
0.011313
0.0109144
0.0105044
0.0100859
0.00966378
0.00924438
0.00883643
0.00845231
0.00811275
0.00785912
0.00779179
0.00826447
0.0112661
0.0199801
0.023008
0.0138873
0.00965584
0.00901355
0.00888911
0.00896884
0.0091441
0.00937144
0.0096227
0.00987876
0.010126
0.010355
0.0105589
0.010733
0.0108739
0.0109796
0.0110489
0.0110822
0.01108
0.0110438
0.010975
0.0108757
0.0107482
0.0105949
0.0104189
0.0102236
0.0100138
0.0097952
0.00957445
0.00935897
0.00915614
0.00897223
0.0088111
0.0086727
0.00855144
0.00843475
0.008302
0.00812409
0.00786408
0.00747917
0.00692398
0.00612163
0.00505126
0.00380417
0.00267297
0.00241868
0.00318882
0.00431013
0.00546489
0.00665142
0.00879731
0.0190693
0.00565861
0.00473933
0.00355745
0.00249654
0.00125176
0.00263096
0.0036335
0.00421472
0.00521778
0.00716582
0.00966007
0.0119735
0.0138978
0.0153854
0.0164438
0.0171115
0.0174468
0.0175161
0.017385
0.0171127
0.0167487
0.0163317
0.0158908
0.0154455
0.0150082
0.0145853
0.014179
0.0137885
0.0134112
0.013043
0.0126751
0.0123064
0.0119353
0.0115606
0.0111821
0.010801
0.0104199
0.0100428
0.00967579
0.00932671
0.00900526
0.00872394
0.00850197
0.00837778
0.00845062
0.009156
0.0137126
0.0221896
0.0232308
0.0138793
0.010501
0.00994589
0.00979779
0.00981151
0.00990652
0.01005
0.01022
0.0104007
0.0105801
0.0107492
0.0109017
0.0110324
0.011138
0.0112167
0.0112673
0.0112904
0.0112864
0.0112572
0.0112043
0.0111293
0.0110331
0.0109168
0.0107819
0.0106303
0.0104653
0.0102915
0.010115
0.00994309
0.00978322
0.0096417
0.00952209
0.00942342
0.00933845
0.0092522
0.00914094
0.00897188
0.00870381
0.00828924
0.00767862
0.00682811
0.00565711
0.00417562
0.00261544
0.00193412
0.00291398
0.00433284
0.00572707
0.00708269
0.00926689
0.0197696
0.00458322
0.004493
0.00457721
0.00434046
0.00314693
0.00144583
0.00166879
0.00235159
0.00549607
0.00856323
0.01114
0.013223
0.0148557
0.0160787
0.016929
0.0174497
0.0176906
0.0177049
0.0175443
0.017256
0.0168806
0.0164509
0.0159926
0.0155245
0.0150594
0.0146054
0.0141668
0.0137451
0.0133401
0.0129472
0.0125615
0.0121838
0.0118132
0.011449
0.0110913
0.0107419
0.0104036
0.0100813
0.00978153
0.00951281
0.00928458
0.00910806
0.00899946
0.00899436
0.00919451
0.0102101
0.0165035
0.0239456
0.0231945
0.014012
0.0113478
0.0108489
0.0106719
0.0106211
0.0106382
0.0106987
0.010786
0.0108873
0.0109928
0.0110945
0.0111866
0.0112649
0.0113264
0.0113701
0.0113956
0.011404
0.0113957
0.0113736
0.0113392
0.0112927
0.0112336
0.0111612
0.0110745
0.0109734
0.0108592
0.010735
0.0106061
0.0104797
0.0103633
0.0102641
0.0101857
0.0101273
0.0100808
0.0100296
0.00994771
0.00979933
0.0095394
0.00911586
0.00847374
0.00756242
0.00634891
0.00475583
0.00285316
0.00149833
0.00260903
0.00432073
0.00594453
0.00746064
0.00969805
0.020395
0.00326609
0.00442542
0.00542526
0.00557787
0.00473457
0.00286606
0.00105683
0.00526534
0.00791676
0.010292
0.0123378
0.0140302
0.0153758
0.0163902
0.017096
0.0175241
0.0177122
0.0177015
0.0175334
0.017246
0.0168733
0.016444
0.0159812
0.0155031
0.0150232
0.0145512
0.0140934
0.0136534
0.0132331
0.0128274
0.0124383
0.0120659
0.0117097
0.0113697
0.0110467
0.0107422
0.0104594
0.010203
0.0099795
0.00979687
0.00966338
0.00958814
0.00958348
0.00968207
0.00999097
0.0117196
0.0192753
0.0252909
0.0229801
0.0142848
0.0121823
0.0117145
0.0115023
0.011387
0.0113271
0.0113043
0.0113064
0.0113235
0.0113478
0.0113729
0.0113945
0.0114096
0.0114168
0.0114163
0.0114095
0.0113985
0.0113839
0.0113698
0.011357
0.0113443
0.0113293
0.0113085
0.0112784
0.011236
0.0111801
0.011112
0.0110357
0.0109582
0.0108875
0.0108316
0.0107953
0.0107781
0.0107721
0.0107601
0.0107146
0.0105974
0.0103603
0.0099468
0.00929664
0.00835263
0.00707172
0.00544501
0.00339584
0.00125702
0.00225125
0.00426104
0.00611265
0.00778332
0.0100876
0.0209536
0.00211311
0.00365638
0.00475286
0.00508964
0.00494183
0.00475329
0.00600845
0.00770355
0.00960743
0.0114659
0.0131351
0.0145478
0.0156815
0.0165374
0.0171305
0.0174844
0.0176291
0.0175977
0.0174233
0.0171378
0.0167695
0.0163435
0.0158807
0.0153988
0.0149119
0.0144309
0.0139641
0.0135178
0.0130944
0.0126892
0.0123093
0.0119555
0.0116277
0.0113259
0.0110509
0.010804
0.0105875
0.0104057
0.0102641
0.0101695
0.0101283
0.0101474
0.0102352
0.0104227
0.0108352
0.0138099
0.0217716
0.0262682
0.022665
0.0146766
0.0129936
0.0125362
0.0122821
0.0121007
0.011963
0.0118553
0.0117685
0.0116954
0.0116302
0.0115686
0.0115082
0.0114484
0.01139
0.0113358
0.0112893
0.0112545
0.0112323
0.0112278
0.0112407
0.0112676
0.0113037
0.0113426
0.0113776
0.0114026
0.0114135
0.0114091
0.0113919
0.0113683
0.0113468
0.0113365
0.0113438
0.0113695
0.0114064
0.0114372
0.0114342
0.0113575
0.0111564
0.0107708
0.0101348
0.00918436
0.00786823
0.00616265
0.00409817
0.00157621
0.00184339
0.00415704
0.00623031
0.00804774
0.0104308
0.0214506
0.0025248
0.00199672
0.00318562
0.00416574
0.00548364
0.00675185
0.0079771
0.00946216
0.0110401
0.012551
0.0139044
0.0150519
0.0159727
0.0166643
0.0171365
0.0174071
0.0174989
0.0174373
0.0172486
0.016958
0.0165891
0.0161634
0.0157001
0.0152162
0.0147264
0.0142428
0.0137752
0.0133325
0.0129138
0.0125252
0.0121703
0.0118505
0.0115661
0.0113169
0.0111033
0.0109254
0.0107846
0.0106837
0.0106268
0.0106192
0.0106654
0.0107704
0.0109402
0.0112077
0.0117743
0.0162726
0.0239318
0.0269335
0.022315
0.015157
0.0137732
0.0133083
0.0130052
0.012755
0.0125375
0.012342
0.0121618
0.0119917
0.0118281
0.0116691
0.0115151
0.0113683
0.0112333
0.0111163
0.0110239
0.0109619
0.0109317
0.0109394
0.010982
0.0110539
0.0111474
0.011253
0.0113607
0.0114613
0.0115472
0.0116145
0.0116637
0.0117
0.0117325
0.0117713
0.0118248
0.0118954
0.0119773
0.0120544
0.0120989
0.0120709
0.0119179
0.0115765
0.0109759
0.0100446
0.00872213
0.0069736
0.0048088
0.00231476
0.00112901
0.00401458
0.00629328
0.0082481
0.0107203
0.0218891
0.00325369
0.00153338
0.00214001
0.00455189
0.00711789
0.00867827
0.00997012
0.0112381
0.0124839
0.0136504
0.0146887
0.0155669
0.0162677
0.0167868
0.0171293
0.0173069
0.0173354
0.017233
0.017019
0.0167133
0.0163351
0.0159031
0.0154352
0.0149481
0.0144572
0.013976
0.0135159
0.0130874
0.0126882
0.0123303
0.0120161
0.0117465
0.0115214
0.0113398
0.0112006
0.0111024
0.0110448
0.0110288
0.0110572
0.0111334
0.0112608
0.0114431
0.0116846
0.0120185
0.013002
0.0188391
0.0257569
0.0273366
0.0219795
0.015692
0.0145122
0.0140249
0.0136659
0.0133437
0.0130435
0.0127567
0.0124782
0.0122046
0.0119342
0.0116679
0.0114094
0.0111652
0.0109443
0.0107573
0.0106145
0.0105238
0.0104868
0.0105097
0.0105854
0.0107058
0.0108604
0.011037
0.0112226
0.0114047
0.0115725
0.0117189
0.0118416
0.0119445
0.0120365
0.0121288
0.0122316
0.0123496
0.012479
0.0126051
0.0127015
0.0127288
0.0126343
0.0123523
0.0118072
0.0109201
0.00962003
0.00785947
0.00563437
0.00300155
0.000154245
0.00383852
0.00628906
0.00837606
0.010948
0.0222707
0.00374805
0.00163926
0.00157398
0.005893
0.00856889
0.0103414
0.0116698
0.0127832
0.0137726
0.0146531
0.0154151
0.0160467
0.0165393
0.0168903
0.0171022
0.0171816
0.0171379
0.0169832
0.0167314
0.0163975
0.015998
0.0155497
0.0150702
0.0145764
0.0140848
0.0136104
0.0131672
0.0127655
0.0124017
0.0120914
0.0118363
0.0116356
0.0114875
0.0113893
0.0113375
0.0113286
0.01136
0.0114313
0.0115436
0.0116992
0.0119011
0.0121521
0.0124564
0.0128454
0.0146562
0.0212985
0.0272605
0.0275302
0.0216924
0.0162492
0.0152014
0.0146798
0.0142589
0.0138613
0.0134757
0.0130944
0.0127135
0.0123308
0.0119468
0.0115653
0.0111943
0.0108452
0.0105325
0.0102721
0.0100779
0.00995972
0.00991857
0.00995931
0.0100696
0.010239
0.0104545
0.0107018
0.010966
0.0112318
0.0114854
0.0117161
0.0119186
0.0120943
0.0122515
0.0124022
0.0125582
0.0127266
0.0129057
0.0130832
0.0132347
0.0133225
0.0132948
0.0130852
0.0126143
0.011796
0.0105475
0.00880616
0.0065509
0.0038293
0.000859077
0.00325774
0.00622614
0.00842498
0.011108
0.0225966
0.0040171
0.00177929
0.00198325
0.00714772
0.00995193
0.0118293
0.0131378
0.0141151
0.0148938
0.0155334
0.0160559
0.0164677
0.01677
0.0169625
0.0170459
0.0170226
0.0168972
0.0166767
0.0163712
0.0159931
0.0155573
0.0150804
0.01458
0.0140743
0.0135815
0.0131181
0.0127016
0.0123334
0.0120275
0.0117887
0.0116165
0.0115076
0.011457
0.0114591
0.0115075
0.0115963
0.0117211
0.0118802
0.0120739
0.012304
0.0125738
0.0128856
0.0132471
0.0137115
0.016653
0.0235627
0.028469
0.0275623
0.0214722
0.0168011
0.0158322
0.0152668
0.0147794
0.0143039
0.0138307
0.0133529
0.0128669
0.0123718
0.0118703
0.0113697
0.0108824
0.0104257
0.0100206
0.00968838
0.00944656
0.00930523
0.00926399
0.00932417
0.00946778
0.00968212
0.0099528
0.0102649
0.0106024
0.0109488
0.0112875
0.0116044
0.0118905
0.0121441
0.0123718
0.0125856
0.0127989
0.0130207
0.013252
0.0134828
0.0136914
0.013843
0.0138883
0.0137616
0.0133816
0.0126554
0.0114884
0.00980041
0.00754989
0.00476863
0.00166
0.0025176
0.00606472
0.00838871
0.0111988
0.022869
0.00414744
0.00173943
0.00383065
0.00835452
0.011279
0.0131613
0.0143992
0.0152409
0.0158375
0.0162731
0.0165911
0.016812
0.016944
0.016989
0.0169461
0.0168144
0.0165951
0.0162926
0.0159152
0.0154747
0.014986
0.0144666
0.0139353
0.0134121
0.0129173
0.0124699
0.0120912
0.0117783
0.0115507
0.0114083
0.0113456
0.0113539
0.011423
0.0115426
0.0117033
0.0118969
0.012118
0.0123642
0.012636
0.0129355
0.013267
0.0136326
0.0140438
0.0147395
0.0188201
0.0255934
0.0294067
0.0274724
0.0213225
0.0173253
0.0163966
0.0157808
0.0152237
0.0146688
0.0141074
0.0135326
0.0129414
0.0123339
0.011715
0.0110956
0.0104935
0.00993243
0.00943993
0.00904304
0.00876113
0.00860233
0.00857013
0.00864955
0.00882232
0.00907339
0.00938825
0.0097528
0.0101521
0.0105694
0.0109867
0.0113869
0.0117569
0.0120911
0.0123931
0.0126742
0.0129484
0.0132268
0.0135124
0.013798
0.0140647
0.0142817
0.0144034
0.0143671
0.0140915
0.0134791
0.0124237
0.0108267
0.0086216
0.00581151
0.00255982
0.00198903
0.00565567
0.0082619
0.0112249
0.0230914
0.00420077
0.00138299
0.0052966
0.00964322
0.0125218
0.0143383
0.0154707
0.0161743
0.0166086
0.0168698
0.0170137
0.0170693
0.0170489
0.0169547
0.0167845
0.0165354
0.0162074
0.0158045
0.015336
0.0148149
0.0142578
0.0136834
0.013112
0.0125656
0.0120674
0.0116406
0.0113127
0.0110765
0.0109541
0.0109386
0.0110161
0.0111693
0.0113806
0.0116344
0.0119178
0.0122216
0.0125402
0.0128718
0.0132178
0.0135817
0.0139693
0.0143833
0.0148367
0.0160265
0.0210189
0.0273752
0.0301027
0.0272937
0.0212354
0.0178046
0.0168883
0.0162174
0.0155892
0.0149549
0.0143064
0.0136367
0.0129429
0.0122264
0.0114943
0.0107616
0.0100514
0.00939417
0.0088246
0.00837476
0.00806545
0.00790082
0.00788209
0.00798016
0.00817616
0.00845324
0.00879775
0.00919788
0.00964141
0.0101137
0.0105969
0.0110719
0.0115215
0.0119354
0.0123134
0.0126643
0.0130024
0.0133399
0.0136819
0.0140232
0.0143483
0.0146303
0.0148288
0.0148865
0.0147252
0.0142452
0.013331
0.0118654
0.00975383
0.00696188
0.00360045
0.00161598
0.00509354
0.00799574
0.0111956
0.0232666
0.00419311
0.000632787
0.00654323
0.0108837
0.0136524
0.0153549
0.016362
0.0169285
0.0172167
0.0173275
0.0173221
0.0172328
0.0170724
0.0168424
0.0165394
0.0161606
0.0157074
0.0151867
0.0146107
0.0139955
0.0133595
0.0127223
0.0121045
0.0115295
0.0110246
0.0106197
0.0103531
0.0102161
0.0102296
0.0103757
0.0106269
0.0109535
0.0113285
0.0117306
0.0121448
0.0125617
0.0129773
0.0133915
0.0138075
0.0142312
0.0146699
0.0151285
0.0156409
0.0175711
0.0231552
0.0289076
0.0305854
0.0270525
0.0211964
0.0182264
0.0173027
0.0165738
0.0158745
0.0151626
0.01443
0.0136697
0.012879
0.0120604
0.0112233
0.0103863
0.00957841
0.00883695
0.00820373
0.00771564
0.00739302
0.00723337
0.0072301
0.00734669
0.00756087
0.0078542
0.00821411
0.00863188
0.00909948
0.00960632
0.0101371
0.0106724
0.0111919
0.0116805
0.0121326
0.0125539
0.0129573
0.0133556
0.0137553
0.0141532
0.014536
0.014881
0.015154
0.0153051
0.0152625
0.0149289
0.0141831
0.0128914
0.0109297
0.00822096
0.00481415
0.00168196
0.00439973
0.00759839
0.011115
0.0233926
0.00416689
0.000738081
0.00776119
0.0120409
0.0146588
0.0162145
0.0170854
0.0175191
0.017675
0.0176541
0.0175176
0.0172966
0.0170019
0.0166334
0.0161881
0.0156663
0.015074
0.0144237
0.0137327
0.0130206
0.0123066
0.0116083
0.0109438
0.0103355
0.00981528
0.009425
0.00922157
0.00920459
0.00938531
0.00972876
0.010187
0.0107131
0.0112693
0.0118296
0.0123785
0.0129087
0.0134189
0.013912
0.0143939
0.0148731
0.0153588
0.0158591
0.0165394
0.019288
0.025167
0.0301932
0.0308794
0.0267675
0.021187
0.0185816
0.0176365
0.0168483
0.0160793
0.0152932
0.0144814
0.013637
0.0127577
0.0118465
0.0109149
0.00998508
0.00909102
0.00827702
0.00759189
0.007077
0.00675108
0.00660374
0.00662023
0.0067574
0.00698821
0.00729231
0.00765783
0.00807887
0.008552
0.00907213
0.00962888
0.0102052
0.0107796
0.0113328
0.0118535
0.0123426
0.0128105
0.0132698
0.0137278
0.0141823
0.0146218
0.0150268
0.0153693
0.0156084
0.0156827
0.0155026
0.0149471
0.0138706
0.0121219
0.00957865
0.00621796
0.0024896
0.00356332
0.00708072
0.0109636
0.0234608
0.00419591
0.002337
0.00905151
0.0131289
0.0155494
0.0169347
0.0176618
0.0179661
0.0179997
0.0178595
0.0176025
0.0172551
0.0168243
0.0163097
0.0157116
0.015037
0.0143003
0.0135221
0.012726
0.0119334
0.0111606
0.0104176
0.00971372
0.00906666
0.00851304
0.00811391
0.00795885
0.00807414
0.00844991
0.00902396
0.00971756
0.0104621
0.0112096
0.0119314
0.0126143
0.0132545
0.0138551
0.0144226
0.0149661
0.015497
0.0160264
0.0165699
0.0175804
0.0211128
0.0270146
0.0312412
0.0310071
0.0264511
0.021188
0.0188639
0.0178877
0.0170401
0.0162042
0.0153483
0.0144639
0.0135438
0.0125857
0.0115931
0.0105787
0.00956725
0.00859685
0.00771807
0.006987
0.00645041
0.00612635
0.00599653
0.00603868
0.00620085
0.00645046
0.00676505
0.00713283
0.00754968
0.0080158
0.00853162
0.00909324
0.00968885
0.010299
0.0109019
0.0114812
0.0120319
0.0125609
0.0130793
0.0135947
0.0141052
0.0146
0.0150615
0.0154666
0.015784
0.0159656
0.0159359
0.0155825
0.0147561
0.0132841
0.0110036
0.0078234
0.00391342
0.00265128
0.00641565
0.0108949
0.0233615
0.00429297
0.00392847
0.0103939
0.0141718
0.0163477
0.0175417
0.0181165
0.018291
0.0182069
0.0179529
0.0175782
0.0171018
0.0165277
0.015858
0.0151009
0.0142746
0.0134055
0.0125242
0.011659
0.0108286
0.0100386
0.00928182
0.00855135
0.0078549
0.00723411
0.00677971
0.00663374
0.00687746
0.00747153
0.00830333
0.0092504
0.0102207
0.0111589
0.0120375
0.0128477
0.0135913
0.0142762
0.0149129
0.0155139
0.0160934
0.0166646
0.0172974
0.0187714
0.0229714
0.0286737
0.0320625
0.030988
0.02611
0.0211807
0.0190688
0.0180551
0.0171492
0.01625
0.01533
0.0143804
0.0133939
0.0123679
0.0113056
0.0102199
0.00913621
0.0080955
0.00715378
0.00637551
0.00581608
0.00549571
0.00538809
0.00546325
0.00565614
0.00592866
0.00625673
0.00662861
0.00704089
0.00749552
0.00799676
0.00854689
0.00914135
0.00976605
0.0104001
0.0110235
0.0116259
0.012209
0.012782
0.0133518
0.0139167
0.0144651
0.0149796
0.0154398
0.0158222
0.0160937
0.0161985
0.0160428
0.0154856
0.0143441
0.0124214
0.00956655
0.00578638
0.00238958
0.00562697
0.0108626
0.0229722
0.00440869
0.00551261
0.0117052
0.0151647
0.0170684
0.0180551
0.0184694
0.0185109
0.0183087
0.0179402
0.0174434
0.01683
0.0161038
0.0152748
0.0143645
0.0134078
0.0124452
0.0115165
0.0106485
0.00984698
0.00909494
0.00835879
0.00760972
0.00684147
0.00609907
0.00551114
0.00531229
0.00567413
0.00650867
0.00761795
0.00882268
0.0100112
0.011127
0.0121488
0.0130743
0.0139115
0.0146732
0.0153736
0.0160285
0.0166538
0.0172759
0.0180671
0.0201108
0.0247999
0.0301281
0.0326689
0.030839
0.0257468
0.0211489
0.0191932
0.0181381
0.0171757
0.0162177
0.0152398
0.0142331
0.01319
0.0121072
0.0109866
0.00983981
0.00869118
0.00758225
0.00657358
0.00574019
0.00515185
0.00483572
0.00475621
0.00487345
0.00510322
0.00540277
0.00574775
0.00612753
0.00653916
0.00698458
0.00746917
0.0079992
0.00857701
0.00919629
0.00984101
0.0104909
0.011131
0.0117579
0.0123778
0.0129965
0.013612
0.0142119
0.0147764
0.0152849
0.0157182
0.0160559
0.016265
0.0162802
0.0159847
0.0152023
0.0137148
0.0113135
0.0078986
0.00400645
0.00488577
0.0107198
0.0221255
0.00453704
0.00699228
0.0129352
0.016084
0.0177081
0.0184809
0.0187294
0.0186345
0.0183112
0.0178229
0.0171953
0.0164352
0.0155531
0.0145728
0.0135368
0.0124999
0.0115149
0.0106233
0.00983623
0.00913157
0.00846069
0.00776132
0.00698565
0.00611224
0.0051817
0.00435537
0.00401285
0.00449561
0.00561694
0.00702084
0.0084709
0.00985305
0.0111213
0.0122646
0.0132887
0.0142074
0.0150374
0.0157962
0.0165009
0.0171746
0.0178738
0.0189063
0.0215714
0.0265462
0.0313691
0.033072
0.0305742
0.0253605
0.0210784
0.0192346
0.0181362
0.0171202
0.0161083
0.0150793
0.0140236
0.0129336
0.0118045
0.0106365
0.0094382
0.00823069
0.00705347
0.00596987
0.00506741
0.00443852
0.00412593
0.00408338
0.00425515
0.00452873
0.00485872
0.00522268
0.00561325
0.00602874
0.00647037
0.00694236
0.00745163
0.00800483
0.00860345
0.00923943
0.00989623
0.010557
0.011214
0.0118696
0.0125285
0.0131885
0.013836
0.0144481
0.0150004
0.0154728
0.0158516
0.0161238
0.0162584
0.0161793
0.015741
0.0147269
0.0128869
0.0100188
0.0062749
0.00476958
0.0102435
0.020637
0.00438166
0.00818812
0.0140437
0.0168949
0.0182484
0.0188121
0.0188954
0.0186627
0.0182146
0.0175989
0.0168311
0.0159196
0.0148896
0.0137879
0.0126834
0.0116462
0.0107327
0.00996832
0.00932857
0.00875477
0.00817082
0.0074973
0.0066762
0.00567159
0.00450287
0.00332052
0.00269052
0.00336341
0.0048654
0.0065666
0.0082252
0.00975876
0.0111436
0.0123812
0.0134846
0.0144713
0.0153605
0.0161717
0.01693
0.017664
0.0184621
0.0198476
0.0231114
0.0281692
0.0323923
0.0332834
0.0302057
0.0249479
0.0209576
0.0191917
0.0180497
0.0169834
0.0159231
0.0148495
0.0137531
0.0126254
0.0114604
0.0102556
0.00901555
0.00775632
0.00651216
0.00534508
0.00435368
0.00366247
0.00334881
0.00335846
0.00360266
0.00392918
0.00429293
0.00467634
0.00507821
0.00549994
0.00594258
0.0064081
0.00690128
0.00742925
0.0079988
0.00861051
0.00925517
0.00991787
0.010588
0.0112651
0.0119521
0.0126468
0.0133357
0.0139924
0.0145868
0.0150921
0.0154926
0.0157856
0.0159699
0.0160202
0.0158492
0.0152795
0.0140572
0.011913
0.00871563
0.00580711
0.00929571
0.0183646
0.00392572
0.00921593
0.0149917
0.0175609
0.0186655
0.019035
0.0189598
0.0185912
0.0180151
0.0172654
0.0163522
0.015296
0.0141484
0.0129811
0.0118914
0.0109499
0.0101971
0.00961454
0.00913699
0.00868129
0.00816127
0.00749606
0.00662359
0.00549683
0.00410185
0.00249711
0.00127314
0.00241684
0.00437775
0.00631287
0.00810631
0.00973216
0.0111905
0.0124925
0.0136548
0.0146959
0.0156388
0.0165078
0.0173148
0.0181119
0.0190716
0.0209089
0.0246806
0.0296366
0.0331968
0.0333145
0.0297432
0.0245041
0.0207772
0.0190633
0.0178789
0.0167665
0.0156635
0.0145522
0.013423
0.0122667
0.0110758
0.00984516
0.00857506
0.00727517
0.00597147
0.00471797
0.00361361
0.00281712
0.00248138
0.00258243
0.00292435
0.00331685
0.00371803
0.00412007
0.00453137
0.00495856
0.00540377
0.00586695
0.00634947
0.00685569
0.00739396
0.0079714
0.00858757
0.00923316
0.00989745
0.0105788
0.0112782
0.0119941
0.0127142
0.0134103
0.014046
0.014585
0.0150009
0.0152865
0.0154537
0.0155201
0.015472
0.0152147
0.014547
0.0131868
0.0108432
0.00775545
0.00799426
0.0152477
0.0031895
0.0101586
0.0157585
0.018056
0.0189404
0.0191364
0.0189138
0.0184144
0.0177089
0.016822
0.0157699
0.0145941
0.0133806
0.0122298
0.0112521
0.0104825
0.00993327
0.00953086
0.00918832
0.00882006
0.00834446
0.00768764
0.00678749
0.00559702
0.00409131
0.0022785
0.000316791
0.00207239
0.00425207
0.0062744
0.00810865
0.00976503
0.0112561
0.0125952
0.0137981
0.0148825
0.0158705
0.0167852
0.017647
0.0185353
0.0197396
0.0220873
0.026227
0.0309231
0.0337836
0.0331761
0.0291947
0.0240231
0.0205295
0.0188486
0.0176243
0.0164709
0.0153313
0.0141895
0.0130355
0.0118598
0.0106535
0.00940932
0.00812369
0.00680049
0.00545582
0.00412915
0.00289699
0.00192385
0.00152859
0.00178576
0.00226289
0.00273515
0.00317503
0.00359283
0.00400945
0.00443804
0.00488278
0.00534238
0.00581567
0.00630241
0.00680945
0.00734671
0.00792122
0.00853166
0.00916962
0.00983485
0.010528
0.0112471
0.0119834
0.0127091
0.0133835
0.013961
0.0144
0.0146767
0.0147933
0.0147806
0.0146817
0.014504
0.0141604
0.0134294
0.0119442
0.00935408
0.0071069
0.0113517
0.00223178
0.0110132
0.0163381
0.0183694
0.0190631
0.0191079
0.0187516
0.0181283
0.0172955
0.0162772
0.0151054
0.0138558
0.0126549
0.011608
0.0108203
0.0102702
0.0099038
0.00964418
0.00940721
0.00911081
0.00867886
0.0080443
0.00715356
0.00597473
0.00451894
0.00291068
0.00179451
0.00263624
0.00449043
0.00640582
0.00819113
0.00982603
0.011316
0.0126696
0.0138982
0.0150168
0.016046
0.0170076
0.0179363
0.0189622
0.020501
0.0233586
0.0277004
0.0320094
0.0341554
0.0328784
0.0285661
0.0234983
0.0202083
0.0185471
0.0172868
0.0160982
0.014929
0.0137644
0.0125943
0.0114091
0.0101989
0.0089554
0.00767322
0.00635422
0.00500423
0.00364102
0.00230915
0.00111407
0.000527141
0.00110554
0.00174953
0.00229256
0.00275705
0.00317954
0.00359245
0.00401395
0.00444942
0.00489714
0.00535507
0.00581748
0.00628916
0.00677944
0.00729961
0.00785732
0.00844688
0.00907233
0.00973657
0.0104366
0.0111679
0.0119071
0.0126116
0.0132304
0.0137073
0.0139981
0.0140805
0.0139655
0.0137038
0.0133672
0.0130017
0.0125498
0.0117417
0.0100368
0.00727033
0.0074953
0.00115227
0.0117757
0.0167331
0.0185032
0.0190339
0.0189481
0.018472
0.0177341
0.0167807
0.0156445
0.0143957
0.0131368
0.0120462
0.0111936
0.0106001
0.0102316
0.0100217
0.00988759
0.00974641
0.00952178
0.00914536
0.0085593
0.00772252
0.00662506
0.00532152
0.00401257
0.0032277
0.00363532
0.00501211
0.00668175
0.00834272
0.00991144
0.0113705
0.0127175
0.0139575
0.0151014
0.0161675
0.0171806
0.0182012
0.0194298
0.0213767
0.0246811
0.0290551
0.0328803
0.0343159
0.0324311
0.0278616
0.022923
0.0198082
0.0181584
0.0168675
0.0156508
0.01446
0.0132813
0.0121047
0.0109211
0.00972081
0.0084984
0.00724511
0.00595135
0.00461881
0.00330798
0.00206428
0.000992929
0.000546734
0.00108371
0.00168
0.00218829
0.00262341
0.00302125
0.00341163
0.00381102
0.00422232
0.00464353
0.00507025
0.00549193
0.0059137
0.006343
0.00679178
0.00727575
0.00779292
0.00835048
0.00895823
0.0096121
0.0103104
0.0110391
0.0117562
0.0124102
0.0129357
0.0132701
0.0133676
0.0132061
0.0128062
0.0122321
0.0115779
0.0109099
0.010149
0.00894597
0.00682239
0.0038286
0.000525138
0.012437
0.0169509
0.0184695
0.0188613
0.0186621
0.0180803
0.017237
0.0161774
0.0149527
0.0136922
0.0125394
0.0115984
0.010927
0.0105215
0.010324
0.0102554
0.0102333
0.0101814
0.0100307
0.00972095
0.00920297
0.00844703
0.00745982
0.00631825
0.00522644
0.00456806
0.00472391
0.00568955
0.00706098
0.00854607
0.0100129
0.0114154
0.0127374
0.0139759
0.0151377
0.01624
0.0173179
0.0184713
0.0199772
0.0223646
0.0260012
0.03025
0.0335244
0.0342699
0.0318433
0.0270842
0.02229
0.019325
0.0176824
0.0163679
0.0151316
0.0139287
0.012746
0.0115743
0.0104075
0.00923608
0.00803819
0.00681159
0.00559938
0.00440474
0.00328773
0.00233926
0.00172304
0.00160404
0.00184829
0.00221074
0.00257701
0.00292594
0.00326879
0.00361934
0.00398246
0.00435408
0.00472601
0.00509131
0.00544681
0.00579411
0.0061394
0.0064934
0.00687666
0.00729544
0.00775313
0.00826886
0.00884437
0.00947527
0.0101611
0.0108628
0.0115328
0.0121045
0.0125006
0.0126595
0.0125308
0.0121038
0.0114127
0.0105402
0.00958497
0.00857088
0.00737656
0.00591826
0.00479842
0.00151457
0.012995
0.017005
0.0182877
0.01856
0.0182612
0.0175857
0.0166505
0.0155075
0.0142773
0.0130767
0.0120416
0.0112707
0.0107906
0.0105649
0.0105209
0.0105773
0.010657
0.010691
0.0106179
0.0103841
0.00994737
0.00928557
0.00841301
0.00740903
0.00645276
0.00582938
0.00580047
0.00643707
0.00750907
0.00878809
0.0101248
0.0114489
0.0127296
0.0139558
0.0151309
0.0162754
0.0174444
0.0187865
0.0206332
0.0234366
0.0272596
0.0312494
0.0339331
0.034023
0.0311236
0.0262352
0.0215928
0.0187553
0.0171191
0.0157901
0.0145448
0.0133412
0.0121671
0.0110165
0.00987581
0.00871386
0.00758201
0.00647012
0.00540178
0.00441231
0.00357198
0.00297219
0.00268183
0.00268519
0.00285228
0.00309123
0.00335628
0.00363687
0.0039353
0.00425213
0.00458071
0.00490937
0.00522614
0.00552242
0.00579475
0.006046
0.00628428
0.0065217
0.00677351
0.00705476
0.00737912
0.00776277
0.00822401
0.00874892
0.00934887
0.00999838
0.0106513
0.0112508
0.0117072
0.0119507
0.0119101
0.0115489
0.0108761
0.00995578
0.0089067
0.00786281
0.00693684
0.0063513
0.006587
0.00260652
0.0134449
0.0169131
0.0179799
0.0181469
0.0177595
0.0170032
0.0160062
0.0148479
0.0136399
0.0125298
0.0116476
0.011062
0.0107675
0.0107058
0.0107979
0.0109658
0.0111398
0.0112581
0.0112656
0.0111144
0.0107671
0.0102049
0.00944258
0.00855057
0.00767735
0.00704421
0.00685676
0.00722213
0.00801161
0.0090684
0.0102519
0.0114776
0.012702
0.0139074
0.0150964
0.0162991
0.0175984
0.0191878
0.021403
0.0245408
0.0283961
0.0320223
0.0341008
0.033582
0.0302805
0.0253156
0.0208255
0.0180965
0.0164699
0.0151376
0.0138963
0.0127061
0.011557
0.0104178
0.00930412
0.00823353
0.00721309
0.00625293
0.00538244
0.00464768
0.00410545
0.00379479
0.00370136
0.00377618
0.00393139
0.00413375
0.00436952
0.0046361
0.00493035
0.00524266
0.00555746
0.00585746
0.00612806
0.00635995
0.00655015
0.00670203
0.00682457
0.00693148
0.00704012
0.00716899
0.0073363
0.00755954
0.00785371
0.0082283
0.00869454
0.00924947
0.00983899
0.0104302
0.0109263
0.0112531
0.011325
0.0110829
0.0105157
0.00966443
0.00864503
0.00764798
0.00693421
0.00690588
0.00787275
0.00354419
0.0137655
0.0166877
0.0175651
0.0176382
0.0171732
0.016376
0.0153518
0.014197
0.0130526
0.0120698
0.0113598
0.0109603
0.0108384
0.0109231
0.0111354
0.0114039
0.0116662
0.0118675
0.0119581
0.0118943
0.0116418
0.0111825
0.0105269
0.00973171
0.00891548
0.00825355
0.00792098
0.0080515
0.00857721
0.00940267
0.0104129
0.0115209
0.0126754
0.0138548
0.0150652
0.0163515
0.0178255
0.0197017
0.0222594
0.0256081
0.0293525
0.0325425
0.034024
0.0329544
0.0293219
0.0243257
0.0199835
0.0173478
0.0157371
0.0144158
0.0131945
0.0120335
0.010887
0.00979936
0.00878095
0.00783271
0.00696551
0.00619946
0.00556594
0.00509815
0.00481663
0.00471225
0.00474134
0.00487072
0.0050463
0.00526455
0.00552527
0.00582471
0.00615134
0.00648646
0.00680835
0.00709708
0.00733763
0.0075212
0.00764531
0.00771332
0.00773379
0.00771988
0.00768872
0.00766055
0.00765777
0.00770376
0.00781997
0.00802115
0.00831695
0.00870863
0.00918184
0.00971475
0.0102112
0.0105941
0.0107737
0.0106677
0.0102469
0.0095297
0.00861673
0.00770777
0.00711088
0.00731216
0.00863281
0.00432303
0.0139139
0.0163335
0.0170564
0.0170491
0.0165445
0.0157224
0.014694
0.0135798
0.0125345
0.0117035
0.0111734
0.0109517
0.0109858
0.0111991
0.0115175
0.0118771
0.0122228
0.0125056
0.0126807
0.0127078
0.0125545
0.0122021
0.0116549
0.0109543
0.010192
0.00950432
0.00904314
0.00896041
0.00923963
0.00982799
0.0106468
0.0116181
0.0126901
0.0138415
0.0150857
0.0164835
0.0181633
0.0203238
0.0231431
0.0265607
0.0300753
0.032788
0.0337017
0.0321488
0.0282562
0.0232665
0.0190639
0.0165101
0.0149255
0.0136329
0.0124471
0.0112865
0.010211
0.0092295
0.00834258
0.007555
0.00688207
0.00634267
0.00595443
0.00572456
0.00564178
0.00567637
0.00578604
0.00596718
0.00618896
0.00646129
0.00678449
0.00714617
0.0075246
0.00789429
0.0082312
0.0085162
0.00873635
0.00888479
0.00896005
0.00896537
0.00890815
0.00879965
0.00865487
0.00849254
0.00833494
0.00820723
0.00813561
0.00814424
0.00825269
0.00847046
0.00879037
0.00919118
0.00962489
0.0100167
0.0102706
0.0102856
0.0100118
0.00944379
0.00865803
0.0078366
0.00728187
0.00751984
0.00899747
0.00493347
0.0138586
0.0158556
0.0164626
0.0164071
0.0158822
0.0150574
0.0140559
0.0130159
0.0120977
0.0114328
0.0110804
0.0110224
0.0111937
0.0115188
0.0119304
0.0123724
0.0127965
0.0131588
0.0134185
0.0135386
0.0134883
0.0132478
0.0128153
0.0122173
0.0115215
0.0108331
0.0102839
0.0100009
0.0100541
0.010405
0.0110175
0.0118339
0.0128105
0.0139314
0.0152182
0.0167406
0.0186222
0.0210105
0.0239711
0.0273201
0.0305179
0.0327418
0.0331356
0.0311755
0.0270927
0.0221408
0.0180676
0.0155879
0.0140435
0.0127966
0.0116129
0.0105388
0.00958517
0.00874992
0.00803469
0.00744731
0.00699679
0.00668883
0.00652062
0.00647768
0.00653536
0.00666251
0.00684108
0.00708083
0.00737492
0.00773054
0.0081366
0.00856818
0.00899574
0.00939186
0.00973493
0.0100101
0.0102086
0.0103266
0.0103643
0.0103247
0.0102137
0.0100401
0.00981554
0.00955513
0.00927807
0.00900761
0.00877047
0.00859511
0.00850862
0.00853187
0.00867338
0.00892423
0.00924801
0.00958262
0.00984295
0.00993587
0.00977961
0.00934255
0.00867096
0.00791933
0.00736786
0.00754639
0.00905819
0.00538093
0.0135771
0.0152569
0.0157935
0.0157222
0.0151992
0.0143993
0.0134564
0.0125205
0.0117495
0.0112554
0.011071
0.0111586
0.011448
0.0118685
0.012361
0.0128769
0.0133738
0.0138123
0.0141552
0.0143686
0.0144235
0.0142995
0.0139899
0.0135088
0.0129012
0.0122454
0.0116493
0.01122
0.0110785
0.011206
0.0116068
0.0122526
0.0131175
0.0141959
0.015515
0.0171411
0.0191702
0.0216832
0.0246496
0.0278137
0.0306408
0.0323916
0.0323301
0.030046
0.0258423
0.0209546
0.0170001
0.0145914
0.0131025
0.0118631
0.0107767
0.00984432
0.00905643
0.00840996
0.00790552
0.00754241
0.00731604
0.00721537
0.00722251
0.00731502
0.00747045
0.00766458
0.0079291
0.00824941
0.00864037
0.00909186
0.00957628
0.0100595
0.0105109
0.0109072
0.0112335
0.0114815
0.0116478
0.0117321
0.0117363
0.0116633
0.0115173
0.0113043
0.0110318
0.0107108
0.0103556
0.00998518
0.00962326
0.00929775
0.00903886
0.00887532
0.00882838
0.00890392
0.00908355
0.00931973
0.0095358
0.00963794
0.00953952
0.00919041
0.00860687
0.00790479
0.00733149
0.00740973
0.00888179
0.00566232
0.0130675
0.0145166
0.0150616
0.0150006
0.0145087
0.013765
0.0129119
0.0121051
0.0114934
0.0111668
0.0111347
0.0113473
0.0117352
0.012235
0.0127961
0.0133768
0.0139399
0.0144499
0.0148729
0.0151775
0.0153369
0.0153311
0.0151507
0.0148013
0.0143099
0.0137303
0.013141
0.0126331
0.0123443
0.0122829
0.0124824
0.0129485
0.0136799
0.0146851
0.0159934
0.017657
0.0197341
0.0222428
0.0250869
0.0279791
0.0304133
0.0317296
0.0312913
0.0287733
0.0245179
0.0197187
0.0158743
0.0135393
0.0120617
0.0109225
0.00999873
0.00925534
0.00867826
0.00825874
0.0079861
0.00784584
0.00781946
0.00788582
0.0080236
0.00821431
0.00844291
0.00871037
0.00907359
0.00950873
0.0100096
0.0105461
0.0110791
0.0115749
0.0120099
0.0123702
0.0126499
0.0128482
0.0129669
0.013009
0.0129777
0.0128759
0.0127063
0.0124719
0.0121767
0.0118269
0.0114314
0.0110038
0.0105628
0.0101326
0.00974206
0.00942265
0.00920344
0.00910319
0.00912015
0.00922325
0.00934878
0.00940838
0.00931085
0.0089925
0.00844692
0.00775737
0.00713923
0.00710315
0.00852703
0.00575961
0.0123112
0.0136758
0.0142692
0.0142535
0.0138258
0.0131708
0.0124367
0.0117782
0.0113299
0.01116
0.0112604
0.011576
0.0120425
0.0126054
0.0132223
0.0138576
0.0144789
0.0150541
0.0155522
0.0159439
0.0162042
0.016314
0.016263
0.0160521
0.015697
0.0152342
0.0147125
0.0142025
0.0138238
0.0136264
0.0136532
0.0139406
0.0145128
0.0153943
0.0166164
0.0182155
0.0202153
0.022589
0.0252037
0.0277674
0.0298129
0.0307518
0.0300266
0.0273703
0.023134
0.0184488
0.014721
0.0123967
0.0110154
0.0100521
0.00933957
0.0088319
0.00850286
0.00832852
0.00828356
0.00834206
0.00847968
0.00867586
0.00891546
0.00918934
0.00949199
0.00989743
0.0103808
0.0109331
0.0115172
0.0120903
0.0126159
0.0130707
0.0134431
0.0137305
0.0139352
0.0140625
0.014118
0.0141068
0.014033
0.0138994
0.013708
0.0134597
0.0131557
0.0127978
0.0123902
0.0119405
0.0114614
0.0109716
0.0104959
0.0100641
0.00970763
0.0094531
0.00931149
0.00926713
0.00927065
0.00924298
0.00909404
0.00875237
0.00819568
0.00748177
0.0067974
0.00663938
0.0080174
0.00569658
0.0113333
0.0127521
0.0134319
0.0134964
0.013166
0.0126316
0.012042
0.0115445
0.0112567
0.0112273
0.0114375
0.0118331
0.0123579
0.0129669
0.0136254
0.014304
0.0149741
0.0156069
0.0161737
0.0166469
0.017003
0.0172236
0.0172977
0.0172236
0.0170105
0.016682
0.0162739
0.0158347
0.015424
0.0151503
0.0150449
0.0151651
0.0155549
0.0162543
0.0172995
0.0187184
0.0205143
0.0226367
0.0249398
0.0271446
0.0288259
0.0294578
0.0285432
0.0258488
0.0217069
0.0171892
0.0134909
0.0112893
0.010082
0.00933356
0.00887663
0.00863999
0.00857431
0.00863859
0.00879786
0.00902409
0.00929703
0.00960428
0.00994042
0.0103033
0.0107514
0.0113041
0.0119161
0.0125453
0.0131481
0.0136876
0.0141431
0.0145065
0.014779
0.0149667
0.0150776
0.0151199
0.0151006
0.0150255
0.0148989
0.0147239
0.0145023
0.0142349
0.0139214
0.0135612
0.0131546
0.012704
0.0122163
0.0117036
0.0111849
0.0106856
0.0102353
0.00986284
0.00958641
0.0094017
0.00927213
0.00912928
0.00888862
0.00847719
0.00786377
0.00708864
0.00631563
0.00602951
0.00737487
0.00535399
0.0102142
0.0117695
0.0125685
0.0127452
0.0125433
0.0121586
0.0117345
0.011405
0.0112691
0.0113605
0.0116563
0.0121085
0.0126707
0.0133076
0.0139921
0.0147004
0.0154082
0.0160893
0.0167171
0.0172656
0.0177116
0.0180371
0.0182302
0.0182871
0.0182122
0.01802
0.0177349
0.0173896
0.0170229
0.0167214
0.0165258
0.0164969
0.0166899
0.0171562
0.0179402
0.0190719
0.0205518
0.0223268
0.0242584
0.0260924
0.0274477
0.027851
0.0268497
0.0242227
0.0202833
0.0158253
0.0123928
0.0104193
0.00939579
0.00889451
0.00872087
0.00876374
0.00894987
0.0092285
0.00956513
0.00993849
0.0103377
0.0107598
0.0112057
0.0117193
0.0123552
0.0130303
0.0136969
0.014314
0.0148479
0.0152829
0.0156163
0.015854
0.0160055
0.0160814
0.0160913
0.0160431
0.0159429
0.0157956
0.0156051
0.015375
0.015108
0.0148059
0.0144694
0.0140976
0.0136889
0.0132426
0.0127602
0.0122477
0.0117176
0.011189
0.010687
0.0102384
0.00986283
0.00956185
0.00930754
0.00904086
0.0086849
0.00817036
0.00746368
0.00659499
0.00571125
0.00528938
0.006622
0.00464501
0.00902523
0.0107518
0.011696
0.012011
0.011965
0.0117558
0.0115146
0.0113563
0.0113608
0.0115522
0.0119097
0.0123948
0.0129728
0.0136179
0.0143108
0.0150333
0.0157653
0.0164836
0.0171635
0.0177799
0.0183099
0.0187346
0.0190407
0.0192216
0.0192777
0.0192171
0.0190553
0.0188131
0.018514
0.018217
0.0179623
0.017803
0.0177947
0.0179938
0.0184525
0.0192112
0.020283
0.0216322
0.0231463
0.0246079
0.025682
0.0259407
0.02496
0.0225204
0.0186566
0.0146527
0.0116918
0.00999101
0.00919338
0.00895812
0.00905841
0.00935276
0.00975594
0.0102182
0.0107125
0.0112268
0.0117578
0.0123071
0.0129107
0.013634
0.0143619
0.0150448
0.015649
0.0161481
0.0165348
0.0168128
0.0169932
0.0170891
0.0171134
0.0170763
0.0169855
0.016846
0.0166617
0.0164355
0.0161708
0.0158717
0.0155425
0.0151873
0.0148087
0.0144078
0.0139835
0.0135337
0.0130568
0.0125539
0.0120311
0.0115008
0.0109821
0.0104964
0.0100608
0.00967686
0.00932003
0.0089376
0.00846039
0.00782621
0.00700444
0.00602061
0.00500898
0.00444187
0.00578728
0.00363068
0.00779858
0.00971781
0.0108217
0.0112929
0.0114255
0.0114156
0.0113738
0.0113896
0.0115244
0.0117972
0.0121941
0.0126896
0.0132613
0.0138937
0.0145753
0.0152941
0.0160344
0.0167766
0.0174978
0.018174
0.0187818
0.0193008
0.019715
0.0200141
0.0201941
0.0202569
0.0202108
0.0200671
0.0198384
0.0195593
0.0192632
0.0189884
0.0187823
0.0186979
0.0187911
0.0191145
0.0197046
0.0205601
0.021614
0.0227019
0.0235418
0.023745
0.0228865
0.0205232
0.0171219
0.0138776
0.0115767
0.0103047
0.00982325
0.00985259
0.0101785
0.0106647
0.011233
0.011842
0.012472
0.013115
0.0137682
0.0144647
0.0152506
0.0159939
0.0166503
0.0171986
0.0176227
0.0179248
0.0181156
0.0182109
0.0182272
0.0181786
0.0180761
0.0179267
0.0177341
0.0175002
0.0172261
0.0169133
0.0165651
0.0161859
0.0157818
0.015359
0.0149231
0.0144777
0.0140235
0.0135591
0.0130817
0.0125893
0.012083
0.0115692
0.01106
0.0105701
0.0101105
0.009678
0.00924672
0.00876696
0.00817707
0.00742457
0.00648551
0.00538404
0.00424167
0.00352045
0.00490875
0.00239265
0.00656189
0.00866805
0.00993059
0.0105678
0.0108991
0.0111137
0.0112914
0.0114897
0.0117511
0.0120926
0.0125113
0.0129971
0.0135413
0.0141395
0.0147887
0.0154837
0.0162143
0.0169646
0.0177143
0.0184406
0.0191194
0.0197284
0.0202477
0.020662
0.0209614
0.0211412
0.0212029
0.0211502
0.0209871
0.0207258
0.0203959
0.0200162
0.0196207
0.0192516
0.0189611
0.0188095
0.0188585
0.0191537
0.0196953
0.0203969
0.021045
0.021275
0.0204989
0.0184166
0.0158394
0.0136407
0.012238
0.0116042
0.0115362
0.0118293
0.0123319
0.0129486
0.0136241
0.0143282
0.0150445
0.0157611
0.0165062
0.0172847
0.017973
0.0185392
0.018976
0.0192781
0.0194557
0.0195248
0.0195043
0.0194122
0.0192635
0.0190691
0.0188356
0.018566
0.0182611
0.0179204
0.0175441
0.0171334
0.0166918
0.0162248
0.0157396
0.0152443
0.0147464
0.0142517
0.013763
0.01328
0.0128
0.0123197
0.0118371
0.0113538
0.010875
0.0104077
0.00995352
0.00950129
0.00902071
0.00846394
0.00777829
0.00692462
0.00588928
0.00469681
0.003452
0.00257577
0.00403447
0.00113925
0.00529538
0.00755441
0.00896581
0.00977731
0.010331
0.0108022
0.011229
0.0116302
0.0120274
0.0124368
0.0128683
0.0133295
0.0138279
0.0143717
0.0149677
0.0156184
0.0163197
0.0170606
0.017824
0.0185883
0.0193295
0.0200228
0.0206446
0.0211736
0.021592
0.0218875
0.0220526
0.022085
0.0219814
0.0217393
0.0213789
0.0209041
0.0203322
0.01969
0.0190179
0.0183736
0.0178355
0.0174978
0.0174494
0.0177222
0.0182067
0.0185041
0.0178235
0.0163855
0.0149745
0.0140591
0.0137235
0.0138314
0.0142251
0.0147888
0.0154472
0.0161537
0.0168791
0.0176043
0.0183113
0.0190177
0.0196938
0.020247
0.0206593
0.0209344
0.0210753
0.0210965
0.0210162
0.0208537
0.0206262
0.0203482
0.02003
0.0196778
0.0192949
0.0188822
0.0184401
0.0179687
0.0174692
0.0169443
0.0163987
0.0158386
0.0152722
0.0147083
0.0141555
0.0136208
0.0131081
0.0126179
0.0121478
0.0116936
0.0112514
0.0108181
0.0103916
0.00996868
0.00953964
0.00908372
0.0085669
0.00794592
0.00718229
0.00625649
0.0051706
0.00395345
0.00269258
0.00168844
0.00321926
0.0010233
0.00384132
0.00624971
0.0078115
0.00881735
0.00962695
0.0103987
0.0111183
0.0117594
0.012321
0.0128167
0.0132689
0.0137035
0.0141465
0.0146216
0.0151473
0.0157352
0.0163883
0.0171013
0.0178607
0.0186474
0.0194379
0.0202059
0.0209243
0.0215659
0.0221053
0.0225205
0.0227941
0.0229143
0.0228706
0.022653
0.0222676
0.0217096
0.0209804
0.0200896
0.0190591
0.0179313
0.0167815
0.0157354
0.014978
0.0147167
0.0150189
0.0154057
0.0150336
0.0146564
0.0146903
0.0151413
0.0158415
0.0166425
0.0174658
0.0182776
0.0190623
0.0198105
0.0205139
0.02116
0.0217556
0.0222672
0.0226388
0.0228654
0.0229569
0.0229213
0.0227743
0.0225328
0.0222139
0.0218325
0.0214004
0.0209268
0.0204177
0.0198774
0.0193088
0.0187145
0.0180979
0.0174628
0.016814
0.0161572
0.0154987
0.0148457
0.0142059
0.0135877
0.0129991
0.0124473
0.0119369
0.0114693
0.0110424
0.0106505
0.0102846
0.00993346
0.00958297
0.00921625
0.00881236
0.0083453
0.0077841
0.0070972
0.0062687
0.00530706
0.00424086
0.00311443
0.00201636
0.000996729
0.00251177
0.0019396
0.0018406
0.00455972
0.00629271
0.0075313
0.00864467
0.00976933
0.0108307
0.0117588
0.012533
0.0131623
0.0136746
0.0141091
0.014509
0.0149154
0.0153623
0.0158732
0.0164608
0.0171265
0.0178624
0.0186525
0.019475
0.0203034
0.0211079
0.0218568
0.0225175
0.0230587
0.0234521
0.0236742
0.0237051
0.0235267
0.0231338
0.0225158
0.021661
0.0205631
0.0192238
0.0176597
0.0159175
0.0141097
0.0124807
0.0114601
0.011433
0.0120416
0.0124409
0.0135335
0.0150974
0.0167522
0.0182801
0.019613
0.0207553
0.021732
0.0225668
0.0232754
0.0238647
0.0243432
0.0246973
0.0248986
0.0249536
0.0248762
0.0246772
0.0243709
0.0239718
0.0234929
0.0229458
0.0223397
0.0216822
0.0209795
0.0202371
0.0194611
0.0186581
0.0178362
0.0170043
0.0161727
0.0153515
0.0145507
0.0137794
0.0130456
0.0123564
0.0117184
0.0111382
0.0106219
0.0101738
0.00979422
0.00947608
0.00920431
0.00895655
0.00870583
0.00842354
0.00808255
0.0076599
0.00713768
0.00650053
0.00573672
0.00485821
0.00390148
0.00295153
0.00208044
0.00139916
0.000693266
0.00193579
0.00187273
0.000581912
0.00223697
0.00415889
0.00572082
0.00719722
0.00868509
0.0100792
0.0112975
0.0123154
0.0131364
0.0137833
0.0142932
0.0147126
0.0150915
0.0154769
0.0159082
0.0164136
0.0170087
0.0176962
0.0184676
0.0193047
0.0201817
0.0210671
0.0219252
0.0227182
0.0234067
0.0239523
0.0243186
0.0244722
0.0243805
0.0240184
0.0233807
0.0224486
0.0212045
0.0196331
0.017724
0.0154791
0.012942
0.010301
0.00810847
0.00733676
0.00852837
0.0104124
0.0131887
0.0160477
0.0185632
0.020633
0.0222888
0.0235962
0.0246182
0.0254046
0.0259901
0.0263972
0.0266327
0.0266974
0.0266089
0.0263837
0.0260355
0.0255774
0.0250211
0.0243766
0.0236523
0.0228554
0.0219924
0.0210695
0.0200941
0.0190747
0.0180216
0.0169474
0.0158668
0.014796
0.0137527
0.0127546
0.0118188
0.01096
0.0101899
0.00951651
0.00894379
0.00847261
0.00810011
0.00781928
0.00761424
0.0074594
0.0073215
0.00716404
0.00695196
0.00665533
0.00625275
0.00573447
0.00510336
0.00437056
0.00355581
0.00269954
0.00181092
0.00114118
0.000807596
0.00117031
0.000700553
0.00142688
0.00166186
0.00151982
0.0011015
0.000792834
0.00315857
0.00496989
0.0065262
0.00793922
0.00917146
0.0102054
0.0110444
0.0117091
0.0122343
0.0126646
0.0130496
0.0134385
0.0138747
0.0143916
0.0150099
0.0157362
0.0165639
0.0174756
0.0184455
0.0194424
0.0204318
0.0213771
0.0222403
0.0229828
0.0235661
0.0239511
0.0240973
0.0239645
0.0235143
0.0227161
0.0215443
0.0199759
0.0179873
0.0155522
0.0126517
0.00935352
0.00599276
0.00368617
0.00622093
0.00978478
0.0136705
0.0171543
0.0199853
0.0221732
0.0238127
0.0250027
0.0258281
0.0263554
0.0266358
0.0267077
0.0266003
0.0263389
0.0259456
0.0254361
0.0248223
0.0241136
0.0233175
0.0224393
0.021484
0.0204557
0.0193593
0.0182009
0.0169884
0.0157325
0.0144464
0.0131467
0.0118522
0.0105844
0.00936632
0.00822264
0.00717836
0.00625705
0.0054777
0.00485092
0.00437589
0.00403868
0.00381385
0.00366788
0.00356904
0.00348986
0.00340172
0.00327731
0.00309129
0.00282117
0.00245044
0.00197336
0.00140042
0.000767222
0.000232926
0.000465143
0.000786035
0.00105072
0.000827131
0.000751813
0.000904869
0.00103868
)
;

boundaryField
{
    floor
    {
        type            calculated;
        value           uniform 0;
    }
    ceiling
    {
        type            calculated;
        value           uniform 0;
    }
    fixedWalls
    {
        type            calculated;
        value           uniform 0;
    }
    frontAndBack
    {
        type            empty;
    }
}


// ************************************************************************* //
