/*--------------------------------*- C++ -*----------------------------------*\
| =========                 |                                                 |
| \\      /  F ield         | OpenFOAM: The Open Source CFD Toolbox           |
|  \\    /   O peration     | Version:  4.1                                   |
|   \\  /    A nd           | Web:      www.OpenFOAM.org                      |
|    \\/     M anipulation  |                                                 |
\*---------------------------------------------------------------------------*/
FoamFile
{
    version     2.0;
    format      ascii;
    class       volScalarField;
    location    "640";
    object      p;
}
// * * * * * * * * * * * * * * * * * * * * * * * * * * * * * * * * * * * * * //

dimensions      [0 2 -2 0 0 0 0];

internalField   nonuniform List<scalar> 
5000
(
0
-3.5113e-06
-7.75577e-06
-1.16211e-05
-1.47319e-05
-1.78475e-05
-2.13735e-05
-2.52219e-05
-2.89147e-05
-3.14912e-05
-3.14785e-05
-2.73608e-05
-1.7676e-05
-2.43476e-06
1.69476e-05
3.80948e-05
5.82811e-05
7.53902e-05
8.83356e-05
9.7834e-05
0.000104414
0.00010743
0.000107297
0.000105106
0.000101685
9.7644e-05
9.34709e-05
8.95454e-05
8.61362e-05
8.34147e-05
8.14709e-05
8.03274e-05
7.99479e-05
8.02633e-05
8.11854e-05
8.26002e-05
8.43771e-05
8.6383e-05
8.84879e-05
9.05651e-05
9.24923e-05
9.41531e-05
9.5439e-05
9.62513e-05
9.65062e-05
9.61525e-05
9.52599e-05
9.44287e-05
9.59351e-05
9.56472e-05
9.58446e-05
9.15332e-05
8.87008e-05
8.6295e-05
8.40259e-05
8.17741e-05
7.94911e-05
7.71694e-05
7.48253e-05
7.24982e-05
7.02396e-05
6.80958e-05
6.61084e-05
6.43225e-05
6.27831e-05
6.1523e-05
6.05576e-05
5.98847e-05
5.94949e-05
5.93797e-05
5.95146e-05
5.98606e-05
6.03662e-05
6.0971e-05
6.16091e-05
6.22102e-05
6.27003e-05
6.30008e-05
6.30291e-05
6.26989e-05
6.19088e-05
6.05339e-05
5.85901e-05
5.62326e-05
5.33111e-05
4.95419e-05
4.49284e-05
3.96015e-05
3.38046e-05
2.78601e-05
2.21297e-05
1.69614e-05
1.26226e-05
9.23521e-06
6.73629e-06
4.91059e-06
3.47517e-06
2.39686e-06
3.17018e-06
1.12574e-05
-0.0984497
-0.0984542
-0.0984623
-0.0984709
-0.0984775
-0.0984833
-0.0984892
-0.0984955
-0.0985016
-0.0985068
-0.0985096
-0.0985078
-0.0985
-0.0984863
-0.098468
-0.0984476
-0.0984278
-0.0984104
-0.0983964
-0.0983855
-0.098378
-0.0983742
-0.0983734
-0.0983746
-0.098377
-0.09838
-0.0983832
-0.098386
-0.0983882
-0.0983897
-0.0983904
-0.0983901
-0.098389
-0.0983871
-0.0983845
-0.0983812
-0.0983775
-0.0983735
-0.0983692
-0.0983649
-0.0983606
-0.0983565
-0.0983526
-0.0983491
-0.098346
-0.0983432
-0.0983404
-0.0983366
-0.0983277
-0.0983212
-0.0983234
-0.0983297
-0.0983349
-0.0983397
-0.0983444
-0.0983491
-0.0983538
-0.0983585
-0.0983631
-0.0983677
-0.098372
-0.0983762
-0.0983801
-0.0983837
-0.098387
-0.0983899
-0.0983923
-0.0983944
-0.0983961
-0.0983974
-0.0983983
-0.0983989
-0.0983993
-0.0983995
-0.0983996
-0.0983997
-0.0983998
-0.0984001
-0.0984006
-0.0984015
-0.0984027
-0.0984046
-0.0984071
-0.09841
-0.0984133
-0.0984173
-0.0984218
-0.0984269
-0.0984323
-0.0984376
-0.0984425
-0.0984465
-0.0984493
-0.0984509
-0.0984513
-0.0984506
-0.0984493
-0.0984473
-0.0984436
-0.0984317
-0.196917
-0.196921
-0.19693
-0.196944
-0.196955
-0.196962
-0.19697
-0.196978
-0.196985
-0.196992
-0.196997
-0.196997
-0.196991
-0.196978
-0.196961
-0.196941
-0.196922
-0.196904
-0.196889
-0.196878
-0.19687
-0.196866
-0.196865
-0.196866
-0.196868
-0.196871
-0.196873
-0.196876
-0.196878
-0.196879
-0.19688
-0.196879
-0.196878
-0.196875
-0.196872
-0.196869
-0.196864
-0.196859
-0.196854
-0.196848
-0.196843
-0.196837
-0.196832
-0.196826
-0.196821
-0.196817
-0.196811
-0.196804
-0.19679
-0.19678
-0.196787
-0.196794
-0.196801
-0.196807
-0.196814
-0.19682
-0.196827
-0.196833
-0.196839
-0.196845
-0.196851
-0.196856
-0.196861
-0.196865
-0.196869
-0.196872
-0.196874
-0.196877
-0.196878
-0.19688
-0.196881
-0.196881
-0.196882
-0.196882
-0.196882
-0.196882
-0.196882
-0.196883
-0.196883
-0.196884
-0.196885
-0.196887
-0.19689
-0.196893
-0.196896
-0.1969
-0.196905
-0.19691
-0.196915
-0.196921
-0.196926
-0.19693
-0.196933
-0.196934
-0.196934
-0.196933
-0.19693
-0.196927
-0.196921
-0.19691
-0.295389
-0.295393
-0.2954
-0.295416
-0.295431
-0.295442
-0.295451
-0.295459
-0.295467
-0.295475
-0.295481
-0.295483
-0.295478
-0.295467
-0.295452
-0.295434
-0.295415
-0.295397
-0.295383
-0.295372
-0.295364
-0.29536
-0.295358
-0.295359
-0.29536
-0.295362
-0.295365
-0.295367
-0.295369
-0.29537
-0.29537
-0.295369
-0.295367
-0.295365
-0.295361
-0.295357
-0.295352
-0.295347
-0.295341
-0.295335
-0.295329
-0.295323
-0.295316
-0.29531
-0.295304
-0.295298
-0.295292
-0.295284
-0.29527
-0.295258
-0.295266
-0.295272
-0.295279
-0.295286
-0.295293
-0.2953
-0.295307
-0.295314
-0.295321
-0.295327
-0.295333
-0.295339
-0.295343
-0.295348
-0.295352
-0.295355
-0.295357
-0.29536
-0.295361
-0.295363
-0.295363
-0.295364
-0.295364
-0.295365
-0.295365
-0.295365
-0.295365
-0.295366
-0.295366
-0.295367
-0.295369
-0.295371
-0.295373
-0.295376
-0.29538
-0.295384
-0.295389
-0.295394
-0.295399
-0.295405
-0.29541
-0.295414
-0.295417
-0.295418
-0.295418
-0.295417
-0.295414
-0.29541
-0.295406
-0.295397
-0.39386
-0.393866
-0.39387
-0.393884
-0.393903
-0.393918
-0.393929
-0.393938
-0.393946
-0.393953
-0.393959
-0.393962
-0.39396
-0.393952
-0.393939
-0.393923
-0.393906
-0.39389
-0.393876
-0.393865
-0.393858
-0.393854
-0.393852
-0.393852
-0.393854
-0.393856
-0.393857
-0.393859
-0.39386
-0.393861
-0.393861
-0.393859
-0.393857
-0.393855
-0.393851
-0.393846
-0.393841
-0.393836
-0.39383
-0.393823
-0.393816
-0.39381
-0.393803
-0.393796
-0.39379
-0.393784
-0.393777
-0.393769
-0.393756
-0.393744
-0.39375
-0.393755
-0.393762
-0.393769
-0.393776
-0.393783
-0.393791
-0.393798
-0.393804
-0.393811
-0.393817
-0.393822
-0.393827
-0.393831
-0.393835
-0.393838
-0.393841
-0.393843
-0.393845
-0.393846
-0.393847
-0.393847
-0.393848
-0.393848
-0.393848
-0.393849
-0.393849
-0.393849
-0.39385
-0.393851
-0.393852
-0.393854
-0.393857
-0.39386
-0.393864
-0.393868
-0.393873
-0.393878
-0.393884
-0.39389
-0.393895
-0.393899
-0.393902
-0.393903
-0.393903
-0.393902
-0.393899
-0.393896
-0.393893
-0.393886
-0.492328
-0.492335
-0.492341
-0.492353
-0.49237
-0.492388
-0.492401
-0.492412
-0.49242
-0.492427
-0.492433
-0.492436
-0.492436
-0.492431
-0.492421
-0.492408
-0.492394
-0.49238
-0.492368
-0.492359
-0.492353
-0.492349
-0.492347
-0.492347
-0.492348
-0.49235
-0.492351
-0.492352
-0.492353
-0.492353
-0.492352
-0.492351
-0.492348
-0.492345
-0.492341
-0.492336
-0.492331
-0.492325
-0.492318
-0.492311
-0.492305
-0.492298
-0.492291
-0.492284
-0.492277
-0.492271
-0.492264
-0.492257
-0.492243
-0.492231
-0.492237
-0.492241
-0.492247
-0.492254
-0.492261
-0.492268
-0.492275
-0.492282
-0.492289
-0.492295
-0.492301
-0.492307
-0.492311
-0.492316
-0.49232
-0.492323
-0.492325
-0.492327
-0.492329
-0.49233
-0.492331
-0.492332
-0.492332
-0.492332
-0.492332
-0.492333
-0.492333
-0.492333
-0.492334
-0.492335
-0.492337
-0.492339
-0.492342
-0.492345
-0.492349
-0.492353
-0.492358
-0.492364
-0.492369
-0.492375
-0.49238
-0.492384
-0.492387
-0.492389
-0.492389
-0.492387
-0.492385
-0.492382
-0.49238
-0.492374
-0.590793
-0.590802
-0.590814
-0.590826
-0.590842
-0.590857
-0.59087
-0.59088
-0.590889
-0.590896
-0.590902
-0.590906
-0.590907
-0.590905
-0.590899
-0.59089
-0.590879
-0.590869
-0.59086
-0.590852
-0.590847
-0.590844
-0.590843
-0.590843
-0.590844
-0.590845
-0.590846
-0.590846
-0.590846
-0.590846
-0.590845
-0.590842
-0.59084
-0.590836
-0.590831
-0.590826
-0.59082
-0.590814
-0.590807
-0.5908
-0.590793
-0.590786
-0.590779
-0.590772
-0.590766
-0.590759
-0.590753
-0.590748
-0.590731
-0.59072
-0.590725
-0.590729
-0.590734
-0.59074
-0.590747
-0.590754
-0.590761
-0.590768
-0.590775
-0.590781
-0.590787
-0.590792
-0.590797
-0.590801
-0.590805
-0.590808
-0.59081
-0.590812
-0.590814
-0.590815
-0.590816
-0.590817
-0.590817
-0.590817
-0.590817
-0.590818
-0.590818
-0.590818
-0.590819
-0.59082
-0.590822
-0.590824
-0.590827
-0.59083
-0.590834
-0.590838
-0.590844
-0.590849
-0.590855
-0.590861
-0.590866
-0.59087
-0.590874
-0.590875
-0.590875
-0.590874
-0.590872
-0.590869
-0.590867
-0.590863
-0.689276
-0.689285
-0.6893
-0.689313
-0.689323
-0.689333
-0.68934
-0.689347
-0.689354
-0.689361
-0.689367
-0.689372
-0.689376
-0.689377
-0.689375
-0.68937
-0.689364
-0.689357
-0.68935
-0.689346
-0.689342
-0.68934
-0.689339
-0.689339
-0.68934
-0.68934
-0.689341
-0.689341
-0.689341
-0.689339
-0.689338
-0.689335
-0.689331
-0.689327
-0.689322
-0.689317
-0.689311
-0.689304
-0.689297
-0.68929
-0.689282
-0.689275
-0.689268
-0.689261
-0.689255
-0.689249
-0.689243
-0.689239
-0.68922
-0.68921
-0.689214
-0.689218
-0.689223
-0.689228
-0.689235
-0.689241
-0.689248
-0.689255
-0.689261
-0.689267
-0.689273
-0.689279
-0.689283
-0.689288
-0.689291
-0.689294
-0.689297
-0.689299
-0.6893
-0.689301
-0.689302
-0.689302
-0.689303
-0.689303
-0.689303
-0.689303
-0.689303
-0.689304
-0.689305
-0.689306
-0.689307
-0.689309
-0.689312
-0.689315
-0.689319
-0.689324
-0.689329
-0.689335
-0.689341
-0.689347
-0.689352
-0.689357
-0.68936
-0.689362
-0.689362
-0.689361
-0.689359
-0.689357
-0.689355
-0.689351
-0.787771
-0.78778
-0.787793
-0.787804
-0.78781
-0.787811
-0.787812
-0.787813
-0.787817
-0.787823
-0.78783
-0.787837
-0.787844
-0.787848
-0.78785
-0.78785
-0.787848
-0.787845
-0.787841
-0.787839
-0.787837
-0.787836
-0.787836
-0.787836
-0.787836
-0.787837
-0.787837
-0.787836
-0.787835
-0.787834
-0.787831
-0.787828
-0.787824
-0.787819
-0.787814
-0.787808
-0.787801
-0.787794
-0.787787
-0.78778
-0.787772
-0.787765
-0.787758
-0.787751
-0.787745
-0.787739
-0.787733
-0.787728
-0.78771
-0.787702
-0.787705
-0.787708
-0.787712
-0.787718
-0.787724
-0.78773
-0.787736
-0.787743
-0.787749
-0.787755
-0.787761
-0.787766
-0.787771
-0.787775
-0.787779
-0.787782
-0.787784
-0.787786
-0.787787
-0.787788
-0.787789
-0.787789
-0.787789
-0.787789
-0.787789
-0.78779
-0.78779
-0.78779
-0.787791
-0.787792
-0.787794
-0.787796
-0.787798
-0.787801
-0.787805
-0.78781
-0.787815
-0.787821
-0.787827
-0.787833
-0.787839
-0.787843
-0.787847
-0.787849
-0.787849
-0.787848
-0.787847
-0.787845
-0.787843
-0.78784
-0.88626
-0.886268
-0.886278
-0.886288
-0.886292
-0.886288
-0.886283
-0.886279
-0.88628
-0.886285
-0.886293
-0.886304
-0.886314
-0.886322
-0.886328
-0.886331
-0.886333
-0.886333
-0.886333
-0.886333
-0.886333
-0.886333
-0.886333
-0.886333
-0.886333
-0.886333
-0.886333
-0.886332
-0.886331
-0.886328
-0.886325
-0.886321
-0.886317
-0.886312
-0.886306
-0.886299
-0.886293
-0.886285
-0.886278
-0.88627
-0.886263
-0.886255
-0.886248
-0.886242
-0.886236
-0.88623
-0.886226
-0.886217
-0.8862
-0.886194
-0.886197
-0.886199
-0.886203
-0.886208
-0.886214
-0.88622
-0.886226
-0.886232
-0.886239
-0.886245
-0.88625
-0.886255
-0.88626
-0.886264
-0.886267
-0.88627
-0.886273
-0.886274
-0.886276
-0.886276
-0.886277
-0.886277
-0.886277
-0.886277
-0.886277
-0.886277
-0.886277
-0.886277
-0.886278
-0.886279
-0.88628
-0.886282
-0.886285
-0.886288
-0.886292
-0.886296
-0.886302
-0.886307
-0.886313
-0.88632
-0.886325
-0.88633
-0.886334
-0.886336
-0.886337
-0.886336
-0.886334
-0.886332
-0.886332
-0.886329
-0.98474
-0.984748
-0.984756
-0.984764
-0.984765
-0.984759
-0.984751
-0.984744
-0.984743
-0.984749
-0.984761
-0.984775
-0.984787
-0.984799
-0.984808
-0.984815
-0.98482
-0.984823
-0.984826
-0.984827
-0.984828
-0.984829
-0.98483
-0.984831
-0.984831
-0.984831
-0.98483
-0.984828
-0.984826
-0.984823
-0.98482
-0.984816
-0.98481
-0.984805
-0.984798
-0.984792
-0.984784
-0.984777
-0.984769
-0.984761
-0.984754
-0.984746
-0.984739
-0.984733
-0.984727
-0.984721
-0.984718
-0.984707
-0.984692
-0.984687
-0.984689
-0.984691
-0.984695
-0.9847
-0.984705
-0.984711
-0.984717
-0.984723
-0.984729
-0.984735
-0.984741
-0.984746
-0.98475
-0.984754
-0.984758
-0.98476
-0.984762
-0.984764
-0.984765
-0.984766
-0.984766
-0.984766
-0.984766
-0.984765
-0.984765
-0.984765
-0.984765
-0.984765
-0.984765
-0.984766
-0.984767
-0.984769
-0.984771
-0.984775
-0.984778
-0.984783
-0.984788
-0.984794
-0.9848
-0.984806
-0.984812
-0.984817
-0.984821
-0.984823
-0.984824
-0.984823
-0.984822
-0.98482
-0.98482
-0.984817
-1.08322
-1.08322
-1.08323
-1.08323
-1.08323
-1.08322
-1.08322
-1.08321
-1.08321
-1.08322
-1.08324
-1.08325
-1.08327
-1.08328
-1.08329
-1.0833
-1.08331
-1.08331
-1.08332
-1.08332
-1.08332
-1.08333
-1.08333
-1.08333
-1.08333
-1.08333
-1.08333
-1.08333
-1.08332
-1.08332
-1.08332
-1.08331
-1.0833
-1.0833
-1.08329
-1.08328
-1.08328
-1.08327
-1.08326
-1.08325
-1.08325
-1.08324
-1.08323
-1.08322
-1.08322
-1.08321
-1.08321
-1.0832
-1.08318
-1.08318
-1.08318
-1.08318
-1.08319
-1.08319
-1.0832
-1.0832
-1.08321
-1.08322
-1.08322
-1.08323
-1.08323
-1.08324
-1.08324
-1.08325
-1.08325
-1.08325
-1.08325
-1.08325
-1.08326
-1.08326
-1.08326
-1.08326
-1.08326
-1.08325
-1.08325
-1.08325
-1.08325
-1.08325
-1.08325
-1.08325
-1.08325
-1.08326
-1.08326
-1.08326
-1.08327
-1.08327
-1.08327
-1.08328
-1.08329
-1.08329
-1.0833
-1.0833
-1.08331
-1.08331
-1.08331
-1.08331
-1.08331
-1.08331
-1.08331
-1.08331
-1.1817
-1.1817
-1.18171
-1.18171
-1.1817
-1.18169
-1.18169
-1.18169
-1.18169
-1.1817
-1.18172
-1.18174
-1.18175
-1.18177
-1.18178
-1.18179
-1.1818
-1.18181
-1.18181
-1.18182
-1.18182
-1.18182
-1.18183
-1.18183
-1.18183
-1.18183
-1.18182
-1.18182
-1.18182
-1.18182
-1.18181
-1.18181
-1.1818
-1.18179
-1.18179
-1.18178
-1.18177
-1.18176
-1.18175
-1.18175
-1.18174
-1.18173
-1.18172
-1.18172
-1.18171
-1.18171
-1.1817
-1.18169
-1.18168
-1.18168
-1.18168
-1.18168
-1.18168
-1.18169
-1.18169
-1.1817
-1.1817
-1.18171
-1.18171
-1.18172
-1.18173
-1.18173
-1.18173
-1.18174
-1.18174
-1.18174
-1.18175
-1.18175
-1.18175
-1.18175
-1.18175
-1.18175
-1.18175
-1.18174
-1.18174
-1.18174
-1.18174
-1.18174
-1.18174
-1.18174
-1.18174
-1.18174
-1.18175
-1.18175
-1.18175
-1.18176
-1.18176
-1.18177
-1.18177
-1.18178
-1.18178
-1.18179
-1.18179
-1.1818
-1.1818
-1.1818
-1.1818
-1.1818
-1.1818
-1.18179
-1.28019
-1.28019
-1.2802
-1.28019
-1.28018
-1.28018
-1.28017
-1.28017
-1.28018
-1.2802
-1.28021
-1.28023
-1.28024
-1.28026
-1.28027
-1.28028
-1.28029
-1.2803
-1.28031
-1.28031
-1.28032
-1.28032
-1.28032
-1.28032
-1.28033
-1.28032
-1.28032
-1.28032
-1.28032
-1.28031
-1.28031
-1.2803
-1.28029
-1.28029
-1.28028
-1.28027
-1.28026
-1.28025
-1.28025
-1.28024
-1.28023
-1.28022
-1.28022
-1.28021
-1.2802
-1.2802
-1.28019
-1.28018
-1.28017
-1.28017
-1.28017
-1.28017
-1.28018
-1.28018
-1.28019
-1.28019
-1.2802
-1.2802
-1.28021
-1.28021
-1.28022
-1.28022
-1.28023
-1.28023
-1.28023
-1.28024
-1.28024
-1.28024
-1.28024
-1.28024
-1.28024
-1.28024
-1.28024
-1.28023
-1.28023
-1.28023
-1.28023
-1.28023
-1.28023
-1.28023
-1.28023
-1.28023
-1.28023
-1.28024
-1.28024
-1.28024
-1.28025
-1.28025
-1.28026
-1.28027
-1.28027
-1.28028
-1.28028
-1.28028
-1.28029
-1.28029
-1.28028
-1.28028
-1.28028
-1.28028
-1.37868
-1.37869
-1.37869
-1.37869
-1.37868
-1.37867
-1.37867
-1.37867
-1.37868
-1.37869
-1.3787
-1.37872
-1.37873
-1.37875
-1.37876
-1.37877
-1.37879
-1.37879
-1.3788
-1.37881
-1.37881
-1.37882
-1.37882
-1.37882
-1.37882
-1.37882
-1.37882
-1.37882
-1.37881
-1.37881
-1.3788
-1.3788
-1.37879
-1.37878
-1.37877
-1.37877
-1.37876
-1.37875
-1.37874
-1.37873
-1.37872
-1.37872
-1.37871
-1.3787
-1.3787
-1.37869
-1.37868
-1.37867
-1.37867
-1.37867
-1.37867
-1.37867
-1.37867
-1.37868
-1.37868
-1.37869
-1.37869
-1.3787
-1.3787
-1.37871
-1.37871
-1.37872
-1.37872
-1.37873
-1.37873
-1.37873
-1.37873
-1.37873
-1.37873
-1.37873
-1.37873
-1.37873
-1.37873
-1.37873
-1.37872
-1.37872
-1.37872
-1.37872
-1.37872
-1.37872
-1.37872
-1.37872
-1.37872
-1.37872
-1.37873
-1.37873
-1.37873
-1.37874
-1.37874
-1.37875
-1.37876
-1.37876
-1.37877
-1.37877
-1.37877
-1.37877
-1.37877
-1.37877
-1.37877
-1.37877
-1.47718
-1.47718
-1.47718
-1.47718
-1.47717
-1.47717
-1.47716
-1.47717
-1.47717
-1.47718
-1.4772
-1.47721
-1.47723
-1.47724
-1.47725
-1.47727
-1.47728
-1.47729
-1.4773
-1.47731
-1.47731
-1.47732
-1.47732
-1.47732
-1.47732
-1.47732
-1.47732
-1.47732
-1.47731
-1.47731
-1.4773
-1.47729
-1.47729
-1.47728
-1.47727
-1.47726
-1.47725
-1.47724
-1.47723
-1.47722
-1.47722
-1.47721
-1.4772
-1.4772
-1.47719
-1.47719
-1.47718
-1.47717
-1.47716
-1.47716
-1.47716
-1.47716
-1.47717
-1.47717
-1.47718
-1.47718
-1.47719
-1.47719
-1.4772
-1.4772
-1.47721
-1.47721
-1.47722
-1.47722
-1.47722
-1.47723
-1.47723
-1.47723
-1.47723
-1.47722
-1.47722
-1.47722
-1.47722
-1.47722
-1.47721
-1.47721
-1.47721
-1.47721
-1.47721
-1.47721
-1.47721
-1.47721
-1.47721
-1.47721
-1.47721
-1.47722
-1.47722
-1.47722
-1.47723
-1.47724
-1.47724
-1.47725
-1.47725
-1.47726
-1.47726
-1.47726
-1.47726
-1.47726
-1.47726
-1.47725
-1.57567
-1.57567
-1.57567
-1.57567
-1.57566
-1.57566
-1.57566
-1.57566
-1.57567
-1.57568
-1.57569
-1.57571
-1.57572
-1.57573
-1.57575
-1.57576
-1.57577
-1.57578
-1.57579
-1.5758
-1.57581
-1.57581
-1.57582
-1.57582
-1.57582
-1.57582
-1.57582
-1.57582
-1.57581
-1.57581
-1.5758
-1.57579
-1.57578
-1.57577
-1.57577
-1.57576
-1.57575
-1.57574
-1.57573
-1.57572
-1.57571
-1.5757
-1.5757
-1.57569
-1.57568
-1.57568
-1.57567
-1.57566
-1.57566
-1.57566
-1.57566
-1.57566
-1.57566
-1.57567
-1.57567
-1.57568
-1.57568
-1.57569
-1.57569
-1.5757
-1.57571
-1.57571
-1.57571
-1.57572
-1.57572
-1.57572
-1.57572
-1.57572
-1.57572
-1.57572
-1.57572
-1.57571
-1.57571
-1.57571
-1.57571
-1.5757
-1.5757
-1.5757
-1.5757
-1.5757
-1.5757
-1.5757
-1.5757
-1.5757
-1.5757
-1.5757
-1.57571
-1.57571
-1.57571
-1.57572
-1.57573
-1.57573
-1.57574
-1.57574
-1.57574
-1.57574
-1.57574
-1.57574
-1.57574
-1.57574
-1.67416
-1.67416
-1.67416
-1.67416
-1.67416
-1.67415
-1.67415
-1.67416
-1.67417
-1.67418
-1.67419
-1.6742
-1.67422
-1.67423
-1.67424
-1.67426
-1.67427
-1.67428
-1.67429
-1.6743
-1.67431
-1.67431
-1.67432
-1.67432
-1.67432
-1.67432
-1.67432
-1.67432
-1.67431
-1.67431
-1.6743
-1.67429
-1.67428
-1.67427
-1.67426
-1.67425
-1.67424
-1.67423
-1.67422
-1.67421
-1.6742
-1.6742
-1.67419
-1.67418
-1.67418
-1.67417
-1.67416
-1.67416
-1.67415
-1.67415
-1.67415
-1.67416
-1.67416
-1.67416
-1.67417
-1.67417
-1.67418
-1.67419
-1.67419
-1.6742
-1.6742
-1.67421
-1.67421
-1.67421
-1.67421
-1.67421
-1.67421
-1.67421
-1.67421
-1.67421
-1.67421
-1.67421
-1.6742
-1.6742
-1.6742
-1.67419
-1.67419
-1.67419
-1.67419
-1.67418
-1.67418
-1.67418
-1.67418
-1.67418
-1.67418
-1.67419
-1.67419
-1.67419
-1.6742
-1.6742
-1.67421
-1.67422
-1.67422
-1.67423
-1.67423
-1.67423
-1.67423
-1.67423
-1.67423
-1.67423
-1.77264
-1.77265
-1.77265
-1.77265
-1.77265
-1.77265
-1.77265
-1.77265
-1.77266
-1.77267
-1.77268
-1.7727
-1.77271
-1.77272
-1.77274
-1.77275
-1.77276
-1.77278
-1.77279
-1.7728
-1.7728
-1.77281
-1.77282
-1.77282
-1.77282
-1.77282
-1.77282
-1.77282
-1.77281
-1.77281
-1.7728
-1.77279
-1.77278
-1.77277
-1.77276
-1.77275
-1.77274
-1.77273
-1.77272
-1.77271
-1.7727
-1.77269
-1.77268
-1.77268
-1.77267
-1.77267
-1.77266
-1.77265
-1.77265
-1.77265
-1.77265
-1.77265
-1.77266
-1.77266
-1.77267
-1.77267
-1.77268
-1.77268
-1.77269
-1.77269
-1.7727
-1.7727
-1.7727
-1.77271
-1.77271
-1.77271
-1.77271
-1.77271
-1.7727
-1.7727
-1.7727
-1.7727
-1.77269
-1.77269
-1.77269
-1.77268
-1.77268
-1.77268
-1.77268
-1.77267
-1.77267
-1.77267
-1.77267
-1.77267
-1.77267
-1.77267
-1.77267
-1.77268
-1.77268
-1.77269
-1.77269
-1.7727
-1.77271
-1.77271
-1.77271
-1.77271
-1.77271
-1.77271
-1.77271
-1.77271
-1.87113
-1.87113
-1.87113
-1.87113
-1.87113
-1.87114
-1.87114
-1.87115
-1.87115
-1.87116
-1.87118
-1.87119
-1.8712
-1.87122
-1.87123
-1.87125
-1.87126
-1.87127
-1.87128
-1.87129
-1.8713
-1.87131
-1.87131
-1.87132
-1.87132
-1.87132
-1.87132
-1.87132
-1.87131
-1.8713
-1.8713
-1.87129
-1.87128
-1.87127
-1.87125
-1.87124
-1.87123
-1.87122
-1.87121
-1.8712
-1.87119
-1.87119
-1.87118
-1.87117
-1.87117
-1.87116
-1.87115
-1.87115
-1.87114
-1.87114
-1.87115
-1.87115
-1.87115
-1.87116
-1.87116
-1.87117
-1.87117
-1.87118
-1.87118
-1.87119
-1.87119
-1.87119
-1.8712
-1.8712
-1.8712
-1.8712
-1.8712
-1.8712
-1.8712
-1.87119
-1.87119
-1.87119
-1.87118
-1.87118
-1.87118
-1.87117
-1.87117
-1.87117
-1.87116
-1.87116
-1.87116
-1.87116
-1.87116
-1.87116
-1.87116
-1.87116
-1.87116
-1.87116
-1.87117
-1.87117
-1.87118
-1.87118
-1.87119
-1.87119
-1.8712
-1.8712
-1.8712
-1.87119
-1.87119
-1.87119
-1.96962
-1.96962
-1.96962
-1.96962
-1.96962
-1.96962
-1.96963
-1.96964
-1.96965
-1.96966
-1.96967
-1.96968
-1.9697
-1.96971
-1.96973
-1.96974
-1.96975
-1.96976
-1.96978
-1.96979
-1.9698
-1.9698
-1.96981
-1.96982
-1.96982
-1.96982
-1.96982
-1.96982
-1.96981
-1.9698
-1.9698
-1.96979
-1.96977
-1.96976
-1.96975
-1.96974
-1.96973
-1.96972
-1.96971
-1.9697
-1.96969
-1.96968
-1.96967
-1.96967
-1.96966
-1.96965
-1.96965
-1.96964
-1.96964
-1.96964
-1.96964
-1.96964
-1.96965
-1.96965
-1.96966
-1.96966
-1.96967
-1.96967
-1.96968
-1.96968
-1.96969
-1.96969
-1.96969
-1.96969
-1.96969
-1.96969
-1.96969
-1.96969
-1.96969
-1.96968
-1.96968
-1.96968
-1.96967
-1.96967
-1.96967
-1.96966
-1.96966
-1.96966
-1.96965
-1.96965
-1.96965
-1.96964
-1.96964
-1.96964
-1.96964
-1.96964
-1.96964
-1.96964
-1.96965
-1.96965
-1.96966
-1.96966
-1.96967
-1.96967
-1.96968
-1.96968
-1.96968
-1.96968
-1.96968
-1.96968
-2.0681
-2.0681
-2.0681
-2.0681
-2.06811
-2.06811
-2.06812
-2.06813
-2.06814
-2.06815
-2.06816
-2.06818
-2.06819
-2.0682
-2.06822
-2.06823
-2.06824
-2.06826
-2.06827
-2.06828
-2.06829
-2.0683
-2.06831
-2.06831
-2.06832
-2.06832
-2.06832
-2.06831
-2.06831
-2.0683
-2.06829
-2.06828
-2.06827
-2.06826
-2.06825
-2.06824
-2.06822
-2.06821
-2.0682
-2.06819
-2.06818
-2.06817
-2.06817
-2.06816
-2.06815
-2.06815
-2.06814
-2.06814
-2.06813
-2.06813
-2.06814
-2.06814
-2.06814
-2.06815
-2.06815
-2.06816
-2.06816
-2.06817
-2.06817
-2.06818
-2.06818
-2.06818
-2.06818
-2.06818
-2.06818
-2.06818
-2.06818
-2.06818
-2.06818
-2.06817
-2.06817
-2.06817
-2.06816
-2.06816
-2.06816
-2.06815
-2.06815
-2.06814
-2.06814
-2.06814
-2.06813
-2.06813
-2.06813
-2.06813
-2.06812
-2.06812
-2.06812
-2.06813
-2.06813
-2.06813
-2.06814
-2.06814
-2.06815
-2.06815
-2.06816
-2.06816
-2.06816
-2.06816
-2.06816
-2.06816
-2.16658
-2.16658
-2.16658
-2.16659
-2.16659
-2.1666
-2.16661
-2.16662
-2.16663
-2.16664
-2.16665
-2.16667
-2.16668
-2.1667
-2.16671
-2.16672
-2.16674
-2.16675
-2.16676
-2.16677
-2.16678
-2.16679
-2.1668
-2.1668
-2.16681
-2.16681
-2.16681
-2.16681
-2.16681
-2.1668
-2.16679
-2.16678
-2.16677
-2.16675
-2.16674
-2.16673
-2.16672
-2.16671
-2.1667
-2.16669
-2.16668
-2.16667
-2.16666
-2.16666
-2.16665
-2.16664
-2.16663
-2.16663
-2.16663
-2.16663
-2.16663
-2.16663
-2.16664
-2.16664
-2.16665
-2.16665
-2.16666
-2.16666
-2.16667
-2.16667
-2.16667
-2.16667
-2.16668
-2.16668
-2.16668
-2.16667
-2.16667
-2.16667
-2.16667
-2.16666
-2.16666
-2.16666
-2.16665
-2.16665
-2.16665
-2.16664
-2.16664
-2.16663
-2.16663
-2.16662
-2.16662
-2.16662
-2.16661
-2.16661
-2.16661
-2.16661
-2.16661
-2.16661
-2.16661
-2.16661
-2.16661
-2.16662
-2.16663
-2.16663
-2.16664
-2.16664
-2.16664
-2.16664
-2.16664
-2.16664
-2.26507
-2.26507
-2.26507
-2.26507
-2.26508
-2.26509
-2.2651
-2.26511
-2.26512
-2.26513
-2.26514
-2.26516
-2.26517
-2.26519
-2.2652
-2.26521
-2.26523
-2.26524
-2.26525
-2.26526
-2.26527
-2.26528
-2.26529
-2.26529
-2.2653
-2.2653
-2.26531
-2.2653
-2.2653
-2.26529
-2.26528
-2.26527
-2.26526
-2.26525
-2.26524
-2.26522
-2.26521
-2.2652
-2.26519
-2.26518
-2.26517
-2.26516
-2.26515
-2.26515
-2.26514
-2.26513
-2.26513
-2.26512
-2.26512
-2.26512
-2.26512
-2.26513
-2.26513
-2.26514
-2.26514
-2.26515
-2.26515
-2.26515
-2.26516
-2.26516
-2.26517
-2.26517
-2.26517
-2.26517
-2.26517
-2.26516
-2.26516
-2.26516
-2.26516
-2.26515
-2.26515
-2.26515
-2.26514
-2.26514
-2.26513
-2.26513
-2.26512
-2.26512
-2.26511
-2.26511
-2.26511
-2.2651
-2.2651
-2.26509
-2.26509
-2.26509
-2.26509
-2.26509
-2.26509
-2.26509
-2.26509
-2.2651
-2.2651
-2.26511
-2.26511
-2.26512
-2.26512
-2.26512
-2.26512
-2.26511
-2.36356
-2.36355
-2.36355
-2.36356
-2.36356
-2.36357
-2.36358
-2.36359
-2.36361
-2.36362
-2.36363
-2.36365
-2.36366
-2.36367
-2.36369
-2.3637
-2.36371
-2.36372
-2.36373
-2.36375
-2.36376
-2.36377
-2.36377
-2.36378
-2.36379
-2.36379
-2.3638
-2.3638
-2.36379
-2.36379
-2.36378
-2.36377
-2.36376
-2.36374
-2.36373
-2.36372
-2.3637
-2.36369
-2.36368
-2.36367
-2.36366
-2.36365
-2.36365
-2.36364
-2.36363
-2.36362
-2.36362
-2.36361
-2.36361
-2.36361
-2.36362
-2.36362
-2.36362
-2.36363
-2.36363
-2.36364
-2.36364
-2.36365
-2.36365
-2.36365
-2.36366
-2.36366
-2.36366
-2.36366
-2.36366
-2.36366
-2.36365
-2.36365
-2.36365
-2.36364
-2.36364
-2.36363
-2.36363
-2.36363
-2.36362
-2.36362
-2.36361
-2.36361
-2.3636
-2.3636
-2.36359
-2.36359
-2.36358
-2.36358
-2.36357
-2.36357
-2.36357
-2.36357
-2.36357
-2.36356
-2.36357
-2.36357
-2.36357
-2.36358
-2.36359
-2.36359
-2.36359
-2.36359
-2.36359
-2.36358
-2.46204
-2.46204
-2.46204
-2.46204
-2.46205
-2.46206
-2.46207
-2.46208
-2.46209
-2.4621
-2.46212
-2.46213
-2.46215
-2.46216
-2.46217
-2.46218
-2.4622
-2.46221
-2.46222
-2.46223
-2.46224
-2.46225
-2.46226
-2.46227
-2.46228
-2.46228
-2.46229
-2.46229
-2.46228
-2.46228
-2.46227
-2.46226
-2.46225
-2.46223
-2.46222
-2.46221
-2.46219
-2.46218
-2.46217
-2.46216
-2.46215
-2.46215
-2.46214
-2.46213
-2.46212
-2.46211
-2.46211
-2.46211
-2.46211
-2.46211
-2.46211
-2.46211
-2.46211
-2.46212
-2.46212
-2.46213
-2.46213
-2.46214
-2.46214
-2.46215
-2.46215
-2.46215
-2.46215
-2.46215
-2.46215
-2.46214
-2.46214
-2.46214
-2.46213
-2.46213
-2.46213
-2.46212
-2.46212
-2.46211
-2.46211
-2.4621
-2.4621
-2.46209
-2.46209
-2.46208
-2.46208
-2.46207
-2.46207
-2.46206
-2.46206
-2.46205
-2.46205
-2.46204
-2.46204
-2.46204
-2.46204
-2.46204
-2.46204
-2.46205
-2.46205
-2.46206
-2.46206
-2.46206
-2.46205
-2.46203
-2.56052
-2.56053
-2.56052
-2.56053
-2.56053
-2.56054
-2.56055
-2.56056
-2.56058
-2.56059
-2.5606
-2.56062
-2.56063
-2.56064
-2.56065
-2.56067
-2.56068
-2.56069
-2.5607
-2.56071
-2.56072
-2.56073
-2.56074
-2.56075
-2.56076
-2.56077
-2.56077
-2.56077
-2.56077
-2.56077
-2.56076
-2.56075
-2.56074
-2.56072
-2.56071
-2.5607
-2.56068
-2.56067
-2.56066
-2.56065
-2.56064
-2.56064
-2.56063
-2.56062
-2.56061
-2.5606
-2.5606
-2.56059
-2.56059
-2.5606
-2.5606
-2.5606
-2.56061
-2.56061
-2.56061
-2.56062
-2.56062
-2.56063
-2.56063
-2.56064
-2.56064
-2.56064
-2.56064
-2.56064
-2.56064
-2.56063
-2.56063
-2.56063
-2.56062
-2.56062
-2.56061
-2.56061
-2.56061
-2.5606
-2.5606
-2.56059
-2.56058
-2.56058
-2.56057
-2.56057
-2.56056
-2.56056
-2.56055
-2.56054
-2.56054
-2.56053
-2.56053
-2.56052
-2.56052
-2.56051
-2.56051
-2.56051
-2.56051
-2.56051
-2.56051
-2.56051
-2.56051
-2.56051
-2.5605
-2.56048
-2.65901
-2.65901
-2.65901
-2.65901
-2.65902
-2.65903
-2.65904
-2.65905
-2.65906
-2.65907
-2.65909
-2.6591
-2.65911
-2.65912
-2.65913
-2.65915
-2.65916
-2.65917
-2.65918
-2.65919
-2.6592
-2.65921
-2.65923
-2.65924
-2.65925
-2.65926
-2.65926
-2.65926
-2.65926
-2.65925
-2.65924
-2.65923
-2.65922
-2.65921
-2.6592
-2.65918
-2.65917
-2.65916
-2.65915
-2.65914
-2.65913
-2.65912
-2.65912
-2.65911
-2.6591
-2.65909
-2.65909
-2.65908
-2.65908
-2.65908
-2.65909
-2.65909
-2.65909
-2.6591
-2.6591
-2.65911
-2.65911
-2.65912
-2.65912
-2.65913
-2.65913
-2.65913
-2.65913
-2.65913
-2.65913
-2.65912
-2.65912
-2.65912
-2.65911
-2.65911
-2.6591
-2.6591
-2.65909
-2.65909
-2.65908
-2.65908
-2.65907
-2.65906
-2.65906
-2.65905
-2.65905
-2.65904
-2.65903
-2.65903
-2.65902
-2.65901
-2.65901
-2.659
-2.65899
-2.65899
-2.65898
-2.65898
-2.65897
-2.65897
-2.65897
-2.65896
-2.65896
-2.65895
-2.65893
-2.65891
-2.75748
-2.75749
-2.75749
-2.75749
-2.7575
-2.75751
-2.75752
-2.75753
-2.75754
-2.75755
-2.75757
-2.75758
-2.75759
-2.7576
-2.75761
-2.75762
-2.75763
-2.75765
-2.75766
-2.75767
-2.75768
-2.7577
-2.75771
-2.75772
-2.75773
-2.75774
-2.75774
-2.75774
-2.75774
-2.75774
-2.75773
-2.75772
-2.75771
-2.75769
-2.75768
-2.75767
-2.75766
-2.75765
-2.75764
-2.75763
-2.75762
-2.75761
-2.7576
-2.75759
-2.75759
-2.75758
-2.75757
-2.75757
-2.75757
-2.75757
-2.75757
-2.75758
-2.75758
-2.75759
-2.75759
-2.7576
-2.7576
-2.75761
-2.75761
-2.75761
-2.75762
-2.75762
-2.75762
-2.75762
-2.75761
-2.75761
-2.75761
-2.7576
-2.7576
-2.75759
-2.75759
-2.75758
-2.75758
-2.75757
-2.75757
-2.75756
-2.75756
-2.75755
-2.75754
-2.75754
-2.75753
-2.75752
-2.75752
-2.75751
-2.7575
-2.75749
-2.75749
-2.75748
-2.75747
-2.75746
-2.75745
-2.75745
-2.75744
-2.75743
-2.75742
-2.75741
-2.7574
-2.75738
-2.75736
-2.75734
-2.85596
-2.85596
-2.85596
-2.85597
-2.85598
-2.85598
-2.856
-2.85601
-2.85602
-2.85603
-2.85604
-2.85606
-2.85607
-2.85608
-2.85609
-2.8561
-2.85611
-2.85612
-2.85613
-2.85615
-2.85616
-2.85617
-2.85619
-2.8562
-2.85621
-2.85622
-2.85622
-2.85622
-2.85622
-2.85622
-2.85621
-2.8562
-2.85619
-2.85618
-2.85616
-2.85615
-2.85614
-2.85613
-2.85612
-2.85611
-2.85611
-2.8561
-2.85609
-2.85608
-2.85607
-2.85606
-2.85606
-2.85606
-2.85606
-2.85606
-2.85606
-2.85606
-2.85607
-2.85607
-2.85608
-2.85608
-2.85609
-2.85609
-2.8561
-2.8561
-2.8561
-2.85611
-2.85611
-2.8561
-2.8561
-2.8561
-2.85609
-2.85609
-2.85608
-2.85608
-2.85607
-2.85607
-2.85606
-2.85606
-2.85605
-2.85605
-2.85604
-2.85603
-2.85603
-2.85602
-2.85601
-2.856
-2.856
-2.85599
-2.85598
-2.85597
-2.85596
-2.85595
-2.85595
-2.85594
-2.85593
-2.85592
-2.8559
-2.85589
-2.85588
-2.85587
-2.85585
-2.85582
-2.85579
-2.85577
-2.95443
-2.95444
-2.95444
-2.95444
-2.95445
-2.95446
-2.95447
-2.95448
-2.9545
-2.95451
-2.95452
-2.95453
-2.95454
-2.95455
-2.95456
-2.95457
-2.95459
-2.9546
-2.95461
-2.95462
-2.95464
-2.95465
-2.95466
-2.95468
-2.95469
-2.9547
-2.9547
-2.9547
-2.9547
-2.95469
-2.95469
-2.95468
-2.95467
-2.95466
-2.95465
-2.95463
-2.95462
-2.95461
-2.9546
-2.9546
-2.95459
-2.95458
-2.95457
-2.95456
-2.95455
-2.95455
-2.95454
-2.95454
-2.95454
-2.95454
-2.95455
-2.95455
-2.95455
-2.95456
-2.95456
-2.95457
-2.95457
-2.95458
-2.95458
-2.95459
-2.95459
-2.95459
-2.95459
-2.95459
-2.95459
-2.95458
-2.95458
-2.95458
-2.95457
-2.95457
-2.95456
-2.95455
-2.95455
-2.95454
-2.95454
-2.95453
-2.95452
-2.95452
-2.95451
-2.9545
-2.95449
-2.95449
-2.95448
-2.95447
-2.95446
-2.95445
-2.95444
-2.95443
-2.95442
-2.95441
-2.9544
-2.95439
-2.95438
-2.95436
-2.95435
-2.95433
-2.95431
-2.95429
-2.95426
-2.95424
-3.0529
-3.05291
-3.05291
-3.05292
-3.05293
-3.05294
-3.05295
-3.05296
-3.05297
-3.05298
-3.053
-3.05301
-3.05302
-3.05303
-3.05304
-3.05305
-3.05306
-3.05307
-3.05308
-3.0531
-3.05311
-3.05313
-3.05314
-3.05315
-3.05316
-3.05317
-3.05318
-3.05318
-3.05317
-3.05317
-3.05316
-3.05315
-3.05314
-3.05313
-3.05312
-3.05311
-3.0531
-3.05309
-3.05309
-3.05308
-3.05307
-3.05306
-3.05305
-3.05304
-3.05303
-3.05303
-3.05302
-3.05302
-3.05302
-3.05303
-3.05303
-3.05303
-3.05304
-3.05304
-3.05305
-3.05305
-3.05306
-3.05306
-3.05307
-3.05307
-3.05308
-3.05308
-3.05308
-3.05308
-3.05307
-3.05307
-3.05307
-3.05306
-3.05306
-3.05305
-3.05304
-3.05304
-3.05303
-3.05303
-3.05302
-3.05301
-3.05301
-3.053
-3.05299
-3.05298
-3.05298
-3.05297
-3.05296
-3.05295
-3.05294
-3.05293
-3.05292
-3.05291
-3.0529
-3.05289
-3.05287
-3.05286
-3.05285
-3.05283
-3.05282
-3.05281
-3.05279
-3.05277
-3.05275
-3.05274
-3.15137
-3.15138
-3.15138
-3.15139
-3.1514
-3.15141
-3.15142
-3.15143
-3.15145
-3.15146
-3.15147
-3.15148
-3.15149
-3.1515
-3.15151
-3.15152
-3.15153
-3.15154
-3.15156
-3.15157
-3.15159
-3.1516
-3.15161
-3.15163
-3.15164
-3.15165
-3.15165
-3.15165
-3.15165
-3.15164
-3.15164
-3.15163
-3.15162
-3.15161
-3.1516
-3.15159
-3.15158
-3.15157
-3.15156
-3.15156
-3.15155
-3.15154
-3.15153
-3.15152
-3.15151
-3.15151
-3.1515
-3.1515
-3.15151
-3.15151
-3.15151
-3.15152
-3.15152
-3.15153
-3.15153
-3.15154
-3.15154
-3.15155
-3.15155
-3.15156
-3.15156
-3.15156
-3.15156
-3.15156
-3.15156
-3.15155
-3.15155
-3.15155
-3.15154
-3.15153
-3.15153
-3.15152
-3.15152
-3.15151
-3.1515
-3.15149
-3.15149
-3.15148
-3.15147
-3.15146
-3.15145
-3.15145
-3.15144
-3.15143
-3.15142
-3.15141
-3.1514
-3.15139
-3.15138
-3.15136
-3.15135
-3.15134
-3.15132
-3.15131
-3.1513
-3.15128
-3.15127
-3.15126
-3.15125
-3.15124
-3.24985
-3.24985
-3.24986
-3.24986
-3.24987
-3.24988
-3.2499
-3.24991
-3.24992
-3.24993
-3.24994
-3.24995
-3.24996
-3.24997
-3.24998
-3.24999
-3.25
-3.25002
-3.25003
-3.25004
-3.25006
-3.25007
-3.25009
-3.2501
-3.25011
-3.25012
-3.25012
-3.25012
-3.25012
-3.25012
-3.25011
-3.2501
-3.2501
-3.25009
-3.25008
-3.25007
-3.25006
-3.25005
-3.25004
-3.25003
-3.25002
-3.25002
-3.25
-3.25
-3.24999
-3.24998
-3.24998
-3.24998
-3.24999
-3.24999
-3.24999
-3.25
-3.25
-3.25001
-3.25001
-3.25002
-3.25003
-3.25003
-3.25004
-3.25004
-3.25004
-3.25004
-3.25004
-3.25004
-3.25004
-3.25004
-3.25003
-3.25003
-3.25002
-3.25002
-3.25001
-3.25001
-3.25
-3.24999
-3.24998
-3.24998
-3.24997
-3.24996
-3.24995
-3.24994
-3.24993
-3.24992
-3.24992
-3.24991
-3.2499
-3.24989
-3.24988
-3.24987
-3.24985
-3.24984
-3.24983
-3.24981
-3.2498
-3.24979
-3.24978
-3.24976
-3.24975
-3.24974
-3.24974
-3.24973
-3.34832
-3.34832
-3.34833
-3.34833
-3.34834
-3.34836
-3.34837
-3.34838
-3.34839
-3.3484
-3.34841
-3.34842
-3.34843
-3.34844
-3.34845
-3.34846
-3.34847
-3.34849
-3.3485
-3.34851
-3.34853
-3.34854
-3.34856
-3.34857
-3.34858
-3.34859
-3.34859
-3.3486
-3.34859
-3.34859
-3.34858
-3.34858
-3.34857
-3.34856
-3.34855
-3.34854
-3.34853
-3.34852
-3.34852
-3.34851
-3.3485
-3.34849
-3.34848
-3.34847
-3.34846
-3.34846
-3.34846
-3.34846
-3.34846
-3.34847
-3.34847
-3.34848
-3.34848
-3.34849
-3.3485
-3.3485
-3.34851
-3.34851
-3.34852
-3.34852
-3.34853
-3.34853
-3.34853
-3.34853
-3.34852
-3.34852
-3.34852
-3.34851
-3.34851
-3.3485
-3.34849
-3.34849
-3.34848
-3.34847
-3.34846
-3.34845
-3.34845
-3.34844
-3.34843
-3.34842
-3.34841
-3.3484
-3.34839
-3.34838
-3.34837
-3.34836
-3.34835
-3.34834
-3.34833
-3.34832
-3.34831
-3.34829
-3.34828
-3.34827
-3.34826
-3.34824
-3.34824
-3.34823
-3.34822
-3.34822
-3.44679
-3.44679
-3.4468
-3.4468
-3.44681
-3.44683
-3.44684
-3.44685
-3.44686
-3.44687
-3.44688
-3.44689
-3.4469
-3.44691
-3.44692
-3.44693
-3.44694
-3.44696
-3.44697
-3.44698
-3.447
-3.44701
-3.44703
-3.44704
-3.44705
-3.44706
-3.44706
-3.44707
-3.44706
-3.44706
-3.44706
-3.44705
-3.44704
-3.44703
-3.44702
-3.44701
-3.447
-3.447
-3.44699
-3.44698
-3.44697
-3.44695
-3.44695
-3.44694
-3.44693
-3.44693
-3.44694
-3.44694
-3.44694
-3.44695
-3.44695
-3.44696
-3.44696
-3.44697
-3.44698
-3.44698
-3.44699
-3.447
-3.447
-3.447
-3.44701
-3.44701
-3.44701
-3.44701
-3.44701
-3.447
-3.447
-3.44699
-3.44699
-3.44698
-3.44697
-3.44697
-3.44696
-3.44695
-3.44694
-3.44693
-3.44692
-3.44692
-3.44691
-3.4469
-3.44689
-3.44688
-3.44687
-3.44686
-3.44685
-3.44684
-3.44683
-3.44682
-3.44681
-3.4468
-3.44678
-3.44677
-3.44676
-3.44675
-3.44674
-3.44673
-3.44672
-3.44671
-3.44671
-3.44671
-3.54526
-3.54526
-3.54527
-3.54527
-3.54528
-3.54529
-3.54531
-3.54532
-3.54533
-3.54534
-3.54535
-3.54536
-3.54537
-3.54538
-3.54539
-3.5454
-3.54541
-3.54542
-3.54544
-3.54545
-3.54547
-3.54548
-3.54549
-3.54551
-3.54552
-3.54553
-3.54553
-3.54554
-3.54553
-3.54553
-3.54553
-3.54552
-3.54551
-3.5455
-3.54549
-3.54548
-3.54547
-3.54546
-3.54545
-3.54544
-3.54543
-3.54542
-3.54541
-3.5454
-3.5454
-3.54541
-3.54541
-3.54541
-3.54542
-3.54542
-3.54543
-3.54544
-3.54544
-3.54545
-3.54546
-3.54546
-3.54547
-3.54548
-3.54548
-3.54549
-3.54549
-3.54549
-3.54549
-3.54549
-3.54549
-3.54548
-3.54548
-3.54547
-3.54547
-3.54546
-3.54545
-3.54545
-3.54544
-3.54543
-3.54542
-3.54541
-3.5454
-3.54539
-3.54538
-3.54537
-3.54536
-3.54535
-3.54535
-3.54534
-3.54533
-3.54532
-3.54531
-3.5453
-3.54528
-3.54527
-3.54526
-3.54525
-3.54524
-3.54522
-3.54521
-3.54521
-3.5452
-3.54519
-3.54519
-3.54519
-3.64373
-3.64373
-3.64373
-3.64374
-3.64375
-3.64376
-3.64378
-3.64379
-3.6438
-3.64381
-3.64382
-3.64383
-3.64384
-3.64385
-3.64386
-3.64387
-3.64388
-3.64389
-3.6439
-3.64392
-3.64393
-3.64395
-3.64396
-3.64397
-3.64399
-3.64399
-3.644
-3.644
-3.644
-3.644
-3.644
-3.64399
-3.64398
-3.64397
-3.64396
-3.64395
-3.64394
-3.64393
-3.64391
-3.6439
-3.64389
-3.64388
-3.64387
-3.64387
-3.64387
-3.64388
-3.64388
-3.64389
-3.64389
-3.6439
-3.64391
-3.64391
-3.64392
-3.64393
-3.64394
-3.64394
-3.64395
-3.64396
-3.64396
-3.64397
-3.64397
-3.64397
-3.64397
-3.64397
-3.64397
-3.64396
-3.64396
-3.64395
-3.64395
-3.64394
-3.64393
-3.64392
-3.64391
-3.64391
-3.6439
-3.64389
-3.64388
-3.64387
-3.64386
-3.64385
-3.64384
-3.64383
-3.64382
-3.64381
-3.6438
-3.64379
-3.64378
-3.64377
-3.64376
-3.64375
-3.64374
-3.64373
-3.64371
-3.6437
-3.64369
-3.64369
-3.64368
-3.64368
-3.64367
-3.64367
-3.74219
-3.7422
-3.7422
-3.74221
-3.74222
-3.74223
-3.74224
-3.74225
-3.74227
-3.74228
-3.74229
-3.7423
-3.7423
-3.74231
-3.74232
-3.74234
-3.74235
-3.74236
-3.74237
-3.74239
-3.7424
-3.74241
-3.74243
-3.74244
-3.74245
-3.74246
-3.74247
-3.74247
-3.74247
-3.74247
-3.74246
-3.74245
-3.74245
-3.74244
-3.74242
-3.74241
-3.7424
-3.74238
-3.74237
-3.74235
-3.74234
-3.74233
-3.74233
-3.74233
-3.74234
-3.74234
-3.74235
-3.74236
-3.74237
-3.74237
-3.74238
-3.74239
-3.7424
-3.74241
-3.74241
-3.74242
-3.74243
-3.74244
-3.74244
-3.74245
-3.74245
-3.74245
-3.74245
-3.74245
-3.74245
-3.74244
-3.74244
-3.74243
-3.74242
-3.74242
-3.74241
-3.7424
-3.74239
-3.74238
-3.74237
-3.74236
-3.74235
-3.74234
-3.74233
-3.74232
-3.74231
-3.7423
-3.74229
-3.74229
-3.74228
-3.74227
-3.74226
-3.74225
-3.74224
-3.74223
-3.74221
-3.7422
-3.74219
-3.74218
-3.74217
-3.74216
-3.74216
-3.74215
-3.74215
-3.74215
-3.84066
-3.84066
-3.84067
-3.84068
-3.84069
-3.8407
-3.84071
-3.84072
-3.84073
-3.84074
-3.84075
-3.84076
-3.84077
-3.84078
-3.84079
-3.8408
-3.84081
-3.84083
-3.84084
-3.84085
-3.84087
-3.84088
-3.84089
-3.8409
-3.84092
-3.84092
-3.84093
-3.84093
-3.84093
-3.84093
-3.84093
-3.84092
-3.84091
-3.8409
-3.84088
-3.84087
-3.84085
-3.84084
-3.84082
-3.8408
-3.84079
-3.84078
-3.84078
-3.84079
-3.8408
-3.84081
-3.84082
-3.84083
-3.84084
-3.84085
-3.84086
-3.84087
-3.84088
-3.84088
-3.84089
-3.8409
-3.84091
-3.84092
-3.84092
-3.84093
-3.84093
-3.84093
-3.84093
-3.84093
-3.84093
-3.84092
-3.84092
-3.84091
-3.8409
-3.84089
-3.84088
-3.84087
-3.84086
-3.84085
-3.84085
-3.84084
-3.84083
-3.84082
-3.84081
-3.8408
-3.84079
-3.84078
-3.84077
-3.84076
-3.84075
-3.84074
-3.84073
-3.84072
-3.84071
-3.8407
-3.84069
-3.84068
-3.84067
-3.84066
-3.84065
-3.84064
-3.84064
-3.84063
-3.84063
-3.84063
-3.93913
-3.93913
-3.93914
-3.93915
-3.93916
-3.93917
-3.93918
-3.93919
-3.9392
-3.93921
-3.93922
-3.93923
-3.93924
-3.93925
-3.93926
-3.93927
-3.93928
-3.93929
-3.9393
-3.93932
-3.93933
-3.93934
-3.93936
-3.93937
-3.93938
-3.93939
-3.93939
-3.9394
-3.9394
-3.93939
-3.93939
-3.93938
-3.93937
-3.93935
-3.93934
-3.93932
-3.9393
-3.93928
-3.93926
-3.93924
-3.93923
-3.93922
-3.93923
-3.93924
-3.93925
-3.93927
-3.93929
-3.9393
-3.93931
-3.93932
-3.93933
-3.93934
-3.93935
-3.93936
-3.93937
-3.93938
-3.93939
-3.93939
-3.9394
-3.9394
-3.93941
-3.93941
-3.93941
-3.93941
-3.9394
-3.9394
-3.93939
-3.93938
-3.93938
-3.93937
-3.93936
-3.93935
-3.93934
-3.93933
-3.93932
-3.93931
-3.9393
-3.93929
-3.93928
-3.93927
-3.93926
-3.93925
-3.93924
-3.93923
-3.93922
-3.93922
-3.93921
-3.9392
-3.93919
-3.93918
-3.93917
-3.93916
-3.93915
-3.93914
-3.93913
-3.93912
-3.93912
-3.93911
-3.93911
-3.93911
-4.0376
-4.0376
-4.03761
-4.03761
-4.03762
-4.03764
-4.03765
-4.03766
-4.03767
-4.03768
-4.03769
-4.0377
-4.03771
-4.03772
-4.03773
-4.03774
-4.03775
-4.03776
-4.03777
-4.03778
-4.03779
-4.03781
-4.03782
-4.03783
-4.03784
-4.03785
-4.03785
-4.03786
-4.03786
-4.03785
-4.03785
-4.03783
-4.03782
-4.03781
-4.03779
-4.03777
-4.03774
-4.03772
-4.0377
-4.03768
-4.03767
-4.03766
-4.03767
-4.03768
-4.03771
-4.03773
-4.03775
-4.03777
-4.03778
-4.03779
-4.03781
-4.03782
-4.03783
-4.03784
-4.03785
-4.03786
-4.03787
-4.03787
-4.03788
-4.03788
-4.03789
-4.03789
-4.03789
-4.03788
-4.03788
-4.03787
-4.03787
-4.03786
-4.03785
-4.03784
-4.03783
-4.03782
-4.03781
-4.0378
-4.03779
-4.03778
-4.03777
-4.03776
-4.03775
-4.03775
-4.03774
-4.03773
-4.03772
-4.03771
-4.0377
-4.03769
-4.03768
-4.03767
-4.03766
-4.03765
-4.03764
-4.03763
-4.03762
-4.03761
-4.03761
-4.0376
-4.03759
-4.03759
-4.03759
-4.03759
-4.13607
-4.13607
-4.13608
-4.13608
-4.13609
-4.1361
-4.13611
-4.13613
-4.13614
-4.13615
-4.13616
-4.13617
-4.13618
-4.13619
-4.1362
-4.13621
-4.13622
-4.13623
-4.13624
-4.13625
-4.13626
-4.13627
-4.13628
-4.13629
-4.1363
-4.13631
-4.13631
-4.13631
-4.13631
-4.13631
-4.1363
-4.13629
-4.13627
-4.13625
-4.13623
-4.13621
-4.13618
-4.13615
-4.13613
-4.13611
-4.1361
-4.1361
-4.13611
-4.13613
-4.13615
-4.13618
-4.13621
-4.13623
-4.13625
-4.13627
-4.13628
-4.13629
-4.1363
-4.13632
-4.13633
-4.13634
-4.13634
-4.13635
-4.13636
-4.13636
-4.13636
-4.13636
-4.13636
-4.13636
-4.13635
-4.13635
-4.13634
-4.13633
-4.13632
-4.13631
-4.1363
-4.13629
-4.13628
-4.13627
-4.13627
-4.13626
-4.13625
-4.13624
-4.13623
-4.13622
-4.13621
-4.1362
-4.13619
-4.13618
-4.13617
-4.13616
-4.13616
-4.13615
-4.13614
-4.13613
-4.13612
-4.13611
-4.1361
-4.13609
-4.13608
-4.13608
-4.13607
-4.13607
-4.13607
-4.13606
-4.23454
-4.23454
-4.23455
-4.23455
-4.23456
-4.23457
-4.23458
-4.23459
-4.23461
-4.23462
-4.23463
-4.23464
-4.23465
-4.23466
-4.23466
-4.23467
-4.23468
-4.23469
-4.2347
-4.23471
-4.23472
-4.23473
-4.23474
-4.23475
-4.23476
-4.23477
-4.23477
-4.23477
-4.23477
-4.23476
-4.23475
-4.23474
-4.23472
-4.2347
-4.23467
-4.23465
-4.23462
-4.23459
-4.23456
-4.23454
-4.23452
-4.23452
-4.23454
-4.23456
-4.2346
-4.23463
-4.23467
-4.23469
-4.23472
-4.23473
-4.23475
-4.23477
-4.23478
-4.23479
-4.2348
-4.23481
-4.23482
-4.23483
-4.23483
-4.23484
-4.23484
-4.23484
-4.23483
-4.23483
-4.23482
-4.23482
-4.23481
-4.2348
-4.23479
-4.23478
-4.23477
-4.23477
-4.23476
-4.23475
-4.23474
-4.23473
-4.23472
-4.23471
-4.2347
-4.2347
-4.23469
-4.23468
-4.23467
-4.23466
-4.23465
-4.23464
-4.23463
-4.23462
-4.23461
-4.2346
-4.23459
-4.23459
-4.23458
-4.23457
-4.23456
-4.23456
-4.23455
-4.23455
-4.23455
-4.23454
-4.33301
-4.33302
-4.33302
-4.33303
-4.33303
-4.33304
-4.33305
-4.33306
-4.33307
-4.33309
-4.3331
-4.33311
-4.33312
-4.33313
-4.33313
-4.33314
-4.33315
-4.33316
-4.33317
-4.33318
-4.33319
-4.3332
-4.33321
-4.33322
-4.33322
-4.33323
-4.33323
-4.33323
-4.33323
-4.33322
-4.33321
-4.33319
-4.33317
-4.33315
-4.33312
-4.33308
-4.33305
-4.33302
-4.33299
-4.33296
-4.33295
-4.33295
-4.33297
-4.33299
-4.33303
-4.33307
-4.33312
-4.33315
-4.33318
-4.3332
-4.33322
-4.33324
-4.33325
-4.33327
-4.33328
-4.33329
-4.3333
-4.3333
-4.33331
-4.33331
-4.33331
-4.33331
-4.33331
-4.3333
-4.33329
-4.33329
-4.33328
-4.33327
-4.33326
-4.33325
-4.33325
-4.33324
-4.33323
-4.33322
-4.33321
-4.33321
-4.3332
-4.33319
-4.33318
-4.33317
-4.33316
-4.33316
-4.33315
-4.33314
-4.33313
-4.33312
-4.33311
-4.3331
-4.33309
-4.33308
-4.33307
-4.33306
-4.33306
-4.33305
-4.33304
-4.33304
-4.33303
-4.33303
-4.33303
-4.33303
-4.43149
-4.43149
-4.4315
-4.4315
-4.4315
-4.43151
-4.43152
-4.43153
-4.43154
-4.43156
-4.43157
-4.43158
-4.43159
-4.4316
-4.4316
-4.43161
-4.43162
-4.43163
-4.43164
-4.43165
-4.43166
-4.43166
-4.43167
-4.43168
-4.43168
-4.43169
-4.43169
-4.43169
-4.43168
-4.43167
-4.43166
-4.43164
-4.43162
-4.43159
-4.43156
-4.43152
-4.43148
-4.43145
-4.43141
-4.43139
-4.43137
-4.43137
-4.43139
-4.43142
-4.43146
-4.43151
-4.43156
-4.4316
-4.43163
-4.43166
-4.43169
-4.43171
-4.43172
-4.43174
-4.43175
-4.43176
-4.43177
-4.43178
-4.43178
-4.43178
-4.43178
-4.43178
-4.43177
-4.43177
-4.43176
-4.43176
-4.43175
-4.43174
-4.43173
-4.43172
-4.43172
-4.43171
-4.4317
-4.4317
-4.43169
-4.43168
-4.43167
-4.43167
-4.43166
-4.43165
-4.43164
-4.43163
-4.43162
-4.43161
-4.43161
-4.4316
-4.43159
-4.43158
-4.43157
-4.43156
-4.43155
-4.43154
-4.43154
-4.43153
-4.43152
-4.43152
-4.43151
-4.43151
-4.43151
-4.43151
-4.52997
-4.52997
-4.52997
-4.52997
-4.52998
-4.52998
-4.52999
-4.53
-4.53001
-4.53003
-4.53004
-4.53005
-4.53006
-4.53007
-4.53008
-4.53009
-4.53009
-4.5301
-4.53011
-4.53012
-4.53012
-4.53013
-4.53014
-4.53014
-4.53015
-4.53015
-4.53015
-4.53015
-4.53014
-4.53013
-4.53012
-4.5301
-4.53007
-4.53004
-4.53
-4.52996
-4.52992
-4.52988
-4.52984
-4.52981
-4.5298
-4.5298
-4.52981
-4.52984
-4.52989
-4.52994
-4.52999
-4.53004
-4.53008
-4.53012
-4.53015
-4.53017
-4.53019
-4.53021
-4.53022
-4.53023
-4.53024
-4.53025
-4.53025
-4.53025
-4.53025
-4.53025
-4.53024
-4.53024
-4.53023
-4.53023
-4.53022
-4.53021
-4.5302
-4.5302
-4.53019
-4.53018
-4.53018
-4.53017
-4.53016
-4.53016
-4.53015
-4.53015
-4.53014
-4.53013
-4.53012
-4.53011
-4.5301
-4.53009
-4.53008
-4.53007
-4.53007
-4.53006
-4.53005
-4.53004
-4.53003
-4.53002
-4.53002
-4.53001
-4.53001
-4.53
-4.53
-4.52999
-4.52999
-4.52999
-4.62846
-4.62846
-4.62845
-4.62845
-4.62845
-4.62846
-4.62846
-4.62847
-4.62849
-4.6285
-4.62851
-4.62852
-4.62853
-4.62854
-4.62855
-4.62856
-4.62857
-4.62857
-4.62858
-4.62859
-4.6286
-4.6286
-4.62861
-4.62861
-4.62861
-4.62862
-4.62861
-4.62861
-4.6286
-4.62859
-4.62858
-4.62855
-4.62853
-4.62849
-4.62845
-4.62841
-4.62837
-4.62832
-4.62828
-4.62825
-4.62823
-4.62823
-4.62824
-4.62827
-4.62831
-4.62837
-4.62843
-4.62849
-4.62853
-4.62857
-4.62861
-4.62863
-4.62866
-4.62867
-4.62869
-4.6287
-4.62871
-4.62871
-4.62872
-4.62872
-4.62872
-4.62872
-4.62871
-4.62871
-4.6287
-4.6287
-4.62869
-4.62868
-4.62868
-4.62867
-4.62866
-4.62866
-4.62865
-4.62865
-4.62864
-4.62864
-4.62863
-4.62863
-4.62862
-4.62861
-4.6286
-4.62859
-4.62858
-4.62857
-4.62856
-4.62856
-4.62855
-4.62854
-4.62853
-4.62852
-4.62851
-4.6285
-4.6285
-4.62849
-4.62849
-4.62848
-4.62848
-4.62848
-4.62848
-4.62848
-4.72694
-4.72694
-4.72693
-4.72693
-4.72693
-4.72693
-4.72694
-4.72695
-4.72696
-4.72697
-4.72698
-4.727
-4.72701
-4.72702
-4.72703
-4.72703
-4.72704
-4.72705
-4.72706
-4.72706
-4.72707
-4.72707
-4.72708
-4.72708
-4.72708
-4.72708
-4.72708
-4.72708
-4.72707
-4.72706
-4.72704
-4.72702
-4.72699
-4.72695
-4.72691
-4.72686
-4.72682
-4.72677
-4.72672
-4.72669
-4.72666
-4.72666
-4.72667
-4.7267
-4.72675
-4.72681
-4.72687
-4.72693
-4.72699
-4.72703
-4.72707
-4.7271
-4.72712
-4.72714
-4.72716
-4.72717
-4.72718
-4.72718
-4.72719
-4.72719
-4.72719
-4.72719
-4.72718
-4.72718
-4.72717
-4.72717
-4.72716
-4.72716
-4.72715
-4.72714
-4.72714
-4.72713
-4.72713
-4.72713
-4.72712
-4.72712
-4.72711
-4.72711
-4.7271
-4.72709
-4.72708
-4.72707
-4.72707
-4.72706
-4.72705
-4.72704
-4.72703
-4.72702
-4.72701
-4.727
-4.72699
-4.72698
-4.72698
-4.72697
-4.72697
-4.72697
-4.72697
-4.72696
-4.72696
-4.72696
-4.82542
-4.82542
-4.82541
-4.82541
-4.82541
-4.82541
-4.82542
-4.82543
-4.82544
-4.82545
-4.82546
-4.82547
-4.82548
-4.82549
-4.8255
-4.82551
-4.82552
-4.82553
-4.82554
-4.82554
-4.82555
-4.82555
-4.82555
-4.82556
-4.82556
-4.82556
-4.82556
-4.82555
-4.82554
-4.82553
-4.82551
-4.82548
-4.82545
-4.82542
-4.82537
-4.82533
-4.82527
-4.82522
-4.82517
-4.82513
-4.82511
-4.8251
-4.82511
-4.82514
-4.82519
-4.82525
-4.82532
-4.82539
-4.82544
-4.82549
-4.82553
-4.82556
-4.82559
-4.82561
-4.82563
-4.82564
-4.82565
-4.82566
-4.82566
-4.82566
-4.82566
-4.82566
-4.82566
-4.82565
-4.82565
-4.82564
-4.82564
-4.82563
-4.82563
-4.82562
-4.82562
-4.82561
-4.82561
-4.82561
-4.8256
-4.8256
-4.82559
-4.82559
-4.82558
-4.82557
-4.82556
-4.82556
-4.82555
-4.82554
-4.82553
-4.82552
-4.82551
-4.8255
-4.82549
-4.82548
-4.82547
-4.82547
-4.82546
-4.82546
-4.82546
-4.82545
-4.82545
-4.82545
-4.82545
-4.82545
)
;

boundaryField
{
    floor
    {
        type            calculated;
        value           nonuniform List<scalar> 
100
(
0.0492165
0.049215
0.0492134
0.0492118
0.0492104
0.0492087
0.0492064
0.0492037
0.0492011
0.0491995
0.0492005
0.0492057
0.0492162
0.0492321
0.049252
0.0492734
0.0492938
0.049311
0.0493239
0.049333
0.0493391
0.0493416
0.049341
0.0493382
0.0493342
0.0493294
0.0493245
0.0493198
0.0493154
0.0493117
0.0493086
0.0493063
0.0493045
0.0493035
0.0493031
0.0493032
0.0493037
0.0493044
0.0493052
0.0493059
0.0493064
0.0493066
0.0493064
0.0493057
0.0493044
0.0493023
0.0492997
0.0492968
0.0492954
0.0492886
0.0492879
0.0492852
0.0492837
0.0492827
0.0492817
0.0492806
0.0492796
0.0492784
0.0492772
0.049276
0.0492749
0.0492739
0.0492731
0.0492725
0.0492722
0.0492722
0.0492726
0.0492733
0.0492741
0.0492751
0.0492763
0.0492775
0.0492789
0.0492802
0.0492816
0.0492828
0.0492839
0.0492847
0.0492852
0.0492854
0.049285
0.0492841
0.0492826
0.0492807
0.0492781
0.0492745
0.0492698
0.0492642
0.049258
0.0492515
0.0492449
0.0492387
0.049233
0.049228
0.0492237
0.0492198
0.0492163
0.049213
0.0492114
0.0492163
)
;
    }
    ceiling
    {
        type            calculated;
        value           nonuniform List<scalar> 
100
(
-4.87466
-4.87466
-4.87465
-4.87465
-4.87465
-4.87465
-4.87466
-4.87467
-4.87468
-4.87469
-4.8747
-4.87472
-4.87473
-4.87474
-4.87474
-4.87475
-4.87476
-4.87477
-4.87478
-4.87478
-4.87479
-4.87479
-4.87479
-4.8748
-4.8748
-4.8748
-4.87479
-4.87479
-4.87478
-4.87477
-4.87475
-4.87472
-4.87469
-4.87465
-4.87461
-4.87456
-4.87451
-4.87446
-4.87441
-4.87437
-4.87435
-4.87434
-4.87435
-4.87437
-4.87442
-4.87449
-4.87456
-4.87462
-4.87468
-4.87473
-4.87477
-4.8748
-4.87483
-4.87485
-4.87486
-4.87488
-4.87489
-4.87489
-4.8749
-4.8749
-4.8749
-4.8749
-4.8749
-4.87489
-4.87489
-4.87488
-4.87488
-4.87487
-4.87487
-4.87486
-4.87486
-4.87486
-4.87485
-4.87485
-4.87484
-4.87484
-4.87483
-4.87483
-4.87482
-4.87481
-4.87481
-4.8748
-4.87479
-4.87478
-4.87477
-4.87476
-4.87475
-4.87474
-4.87473
-4.87472
-4.87471
-4.87471
-4.8747
-4.8747
-4.8747
-4.8747
-4.87469
-4.87469
-4.87469
-4.87469
)
;
    }
    fixedWalls
    {
        type            calculated;
        value           nonuniform List<scalar> 
100
(
6.93889e-18
-0.0984497
-0.196917
-0.295389
-0.39386
-0.492328
-0.590793
-0.689276
-0.787771
-0.88626
-0.98474
-1.08322
-1.1817
-1.28019
-1.37868
-1.47718
-1.57567
-1.67416
-1.77264
-1.87113
-1.96962
-2.0681
-2.16658
-2.26507
-2.36356
-2.46204
-2.56052
-2.65901
-2.75748
-2.85596
-2.95443
-3.0529
-3.15137
-3.24985
-3.34832
-3.44679
-3.54526
-3.64373
-3.74219
-3.84066
-3.93913
-4.0376
-4.13607
-4.23454
-4.33301
-4.43149
-4.52997
-4.62846
-4.72694
-4.82542
1.12574e-05
-0.0984317
-0.19691
-0.295397
-0.393886
-0.492374
-0.590863
-0.689351
-0.78784
-0.886329
-0.984817
-1.08331
-1.18179
-1.28028
-1.37877
-1.47725
-1.57574
-1.67423
-1.77271
-1.87119
-1.96968
-2.06816
-2.16664
-2.26511
-2.36358
-2.46203
-2.56048
-2.65891
-2.75734
-2.85577
-2.95424
-3.05274
-3.15124
-3.24973
-3.34822
-3.44671
-3.54519
-3.64367
-3.74215
-3.84063
-3.93911
-4.03759
-4.13606
-4.23454
-4.33303
-4.43151
-4.52999
-4.62848
-4.72696
-4.82545
)
;
    }
    frontAndBack
    {
        type            empty;
    }
}


// ************************************************************************* //
