/*--------------------------------*- C++ -*----------------------------------*\
| =========                 |                                                 |
| \\      /  F ield         | OpenFOAM: The Open Source CFD Toolbox           |
|  \\    /   O peration     | Version:  4.1                                   |
|   \\  /    A nd           | Web:      www.OpenFOAM.org                      |
|    \\/     M anipulation  |                                                 |
\*---------------------------------------------------------------------------*/
FoamFile
{
    version     2.0;
    format      ascii;
    class       volScalarField;
    location    "640";
    object      p_rgh;
}
// * * * * * * * * * * * * * * * * * * * * * * * * * * * * * * * * * * * * * //

dimensions      [0 2 -2 0 0 0 0];

internalField   nonuniform List<scalar> 
5000
(
0.0492165
0.049215
0.0492134
0.0492118
0.0492104
0.0492087
0.0492064
0.0492037
0.0492011
0.0491995
0.0492005
0.0492057
0.0492162
0.0492321
0.049252
0.0492734
0.0492938
0.049311
0.0493239
0.049333
0.0493391
0.0493416
0.049341
0.0493382
0.0493342
0.0493294
0.0493245
0.0493198
0.0493154
0.0493117
0.0493086
0.0493063
0.0493045
0.0493035
0.0493031
0.0493032
0.0493037
0.0493044
0.0493052
0.0493059
0.0493064
0.0493066
0.0493064
0.0493057
0.0493044
0.0493023
0.0492997
0.0492968
0.0492954
0.0492886
0.0492879
0.0492852
0.0492837
0.0492827
0.0492817
0.0492806
0.0492796
0.0492784
0.0492772
0.049276
0.0492749
0.0492739
0.0492731
0.0492725
0.0492722
0.0492722
0.0492726
0.0492733
0.0492741
0.0492751
0.0492763
0.0492775
0.0492789
0.0492802
0.0492816
0.0492828
0.0492839
0.0492847
0.0492852
0.0492854
0.049285
0.0492841
0.0492826
0.0492807
0.0492781
0.0492745
0.0492698
0.0492642
0.049258
0.0492515
0.0492449
0.0492387
0.049233
0.049228
0.0492237
0.0492198
0.0492163
0.049213
0.0492114
0.0492163
0.0492245
0.0492266
0.0492226
0.0492286
0.0492325
0.0492325
0.04923
0.0492262
0.0492218
0.0492178
0.0492156
0.049217
0.0492247
0.0492386
0.0492573
0.0492784
0.0492989
0.049317
0.0493317
0.0493431
0.049351
0.049355
0.0493561
0.0493551
0.0493528
0.04935
0.049347
0.0493443
0.0493421
0.0493407
0.0493401
0.0493404
0.0493416
0.0493432
0.0493451
0.0493472
0.0493495
0.0493518
0.049354
0.049356
0.0493578
0.0493592
0.0493601
0.0493605
0.04936
0.0493582
0.0493529
0.0493387
0.049311
0.0492939
0.0493322
0.0493469
0.0493489
0.0493485
0.0493477
0.0493468
0.0493458
0.0493447
0.0493434
0.049342
0.0493404
0.0493388
0.0493371
0.0493353
0.0493334
0.0493314
0.0493293
0.0493272
0.0493255
0.0493243
0.0493233
0.0493227
0.0493223
0.0493221
0.0493219
0.0493218
0.0493217
0.0493213
0.0493208
0.0493199
0.0493186
0.0493168
0.0493143
0.0493113
0.049308
0.0493041
0.0492995
0.0492945
0.0492892
0.0492839
0.0492791
0.0492752
0.0492724
0.0492708
0.0492705
0.0492708
0.0492696
0.0492631
0.0492435
0.049214
0.0492276
0.0492341
0.04922
0.0492286
0.0492381
0.0492388
0.0492341
0.049227
0.0492188
0.0492109
0.0492052
0.0492043
0.0492105
0.0492239
0.0492427
0.0492644
0.049286
0.0493055
0.0493219
0.0493344
0.049343
0.0493478
0.0493497
0.0493494
0.0493477
0.0493454
0.0493429
0.0493406
0.0493389
0.0493378
0.0493376
0.0493382
0.0493398
0.0493422
0.0493454
0.0493492
0.0493535
0.0493581
0.0493628
0.0493673
0.0493717
0.0493755
0.0493788
0.0493812
0.0493824
0.0493816
0.0493754
0.0493529
0.049297
0.0492803
0.0493566
0.0493783
0.0493807
0.0493792
0.0493767
0.0493735
0.0493698
0.0493657
0.0493614
0.0493568
0.0493522
0.0493476
0.0493432
0.049339
0.0493353
0.049332
0.0493292
0.0493269
0.0493251
0.0493236
0.0493226
0.0493218
0.0493213
0.049321
0.0493207
0.0493205
0.0493202
0.0493197
0.049319
0.049318
0.0493166
0.0493146
0.0493121
0.0493089
0.0493054
0.0493015
0.049297
0.049292
0.0492867
0.0492816
0.0492769
0.0492732
0.0492707
0.0492696
0.0492699
0.0492713
0.049273
0.049272
0.049251
0.0491891
0.0492307
0.0492468
0.0492253
0.049217
0.0492291
0.0492396
0.0492345
0.0492247
0.0492132
0.0492015
0.049192
0.0491891
0.0491945
0.0492078
0.0492268
0.0492494
0.0492723
0.0492931
0.0493105
0.049324
0.0493333
0.0493388
0.0493414
0.0493418
0.0493407
0.0493389
0.0493369
0.0493351
0.0493338
0.0493331
0.0493333
0.0493343
0.0493362
0.049339
0.0493426
0.0493469
0.0493518
0.0493573
0.049363
0.0493689
0.0493747
0.0493802
0.0493851
0.0493892
0.0493919
0.0493919
0.0493846
0.0493523
0.0492639
0.0492643
0.0493697
0.0493931
0.0493948
0.049392
0.0493876
0.0493824
0.0493767
0.0493707
0.0493646
0.0493585
0.0493527
0.0493472
0.0493421
0.0493375
0.0493335
0.0493301
0.0493272
0.0493249
0.049323
0.0493215
0.0493204
0.0493196
0.049319
0.0493185
0.0493182
0.0493178
0.0493174
0.0493168
0.049316
0.0493149
0.0493133
0.0493113
0.0493087
0.0493054
0.0493017
0.0492977
0.0492932
0.0492882
0.049283
0.0492778
0.0492732
0.0492696
0.0492673
0.0492665
0.0492672
0.0492692
0.0492719
0.0492728
0.0492517
0.0491597
0.0492335
0.0492539
0.0492438
0.0492191
0.049216
0.0492223
0.0492268
0.0492257
0.0492152
0.0491989
0.0491823
0.0491792
0.0491841
0.0491963
0.0492147
0.0492369
0.04926
0.0492815
0.0492996
0.0493135
0.0493232
0.0493292
0.0493322
0.049333
0.0493325
0.0493312
0.0493297
0.0493284
0.0493275
0.0493273
0.0493278
0.0493293
0.0493316
0.0493347
0.0493387
0.0493434
0.0493488
0.0493548
0.0493611
0.0493677
0.0493743
0.0493808
0.0493868
0.0493921
0.0493957
0.0493962
0.0493872
0.0493439
0.0492231
0.0492548
0.0493778
0.0493996
0.0494002
0.0493964
0.0493907
0.0493843
0.0493775
0.0493706
0.0493637
0.0493571
0.0493509
0.0493451
0.0493399
0.0493352
0.0493312
0.0493278
0.0493249
0.0493225
0.0493206
0.0493191
0.0493179
0.049317
0.0493163
0.0493158
0.0493153
0.0493147
0.0493141
0.0493134
0.0493124
0.0493111
0.0493095
0.0493073
0.0493046
0.0493013
0.0492975
0.0492932
0.0492887
0.0492838
0.0492786
0.0492735
0.049269
0.0492654
0.0492632
0.0492627
0.0492637
0.049266
0.0492691
0.0492708
0.0492507
0.0491328
0.0492392
0.0492523
0.0492541
0.0492333
0.0492182
0.0492129
0.0492142
0.0492163
0.0492139
0.0492054
0.0491938
0.0491856
0.049185
0.0491931
0.0492091
0.04923
0.0492524
0.0492732
0.0492908
0.0493042
0.0493136
0.0493194
0.0493225
0.0493235
0.0493232
0.0493223
0.0493212
0.0493203
0.0493199
0.0493202
0.0493212
0.0493231
0.0493258
0.0493294
0.0493339
0.049339
0.0493448
0.0493512
0.049358
0.0493651
0.0493723
0.0493795
0.0493862
0.0493922
0.0493965
0.0493971
0.0493857
0.0493295
0.049179
0.0492543
0.049383
0.0494014
0.0494009
0.0493963
0.04939
0.049383
0.0493757
0.0493684
0.0493613
0.0493546
0.0493483
0.0493425
0.0493372
0.0493326
0.0493286
0.0493252
0.0493224
0.04932
0.0493181
0.0493165
0.0493152
0.0493142
0.0493134
0.0493127
0.049312
0.0493113
0.0493105
0.0493095
0.0493084
0.0493069
0.049305
0.0493028
0.0493
0.0492966
0.0492927
0.0492883
0.0492836
0.0492787
0.0492737
0.0492687
0.0492643
0.0492608
0.0492587
0.0492583
0.0492595
0.049262
0.0492653
0.0492675
0.049249
0.0491083
0.0492752
0.0492917
0.0492902
0.0492697
0.0492445
0.0492263
0.0492177
0.049215
0.049213
0.0492085
0.0492022
0.0491955
0.0491927
0.049198
0.0492116
0.0492304
0.0492507
0.0492694
0.049285
0.0492968
0.0493048
0.0493098
0.0493123
0.0493132
0.049313
0.0493122
0.0493115
0.049311
0.049311
0.0493118
0.0493133
0.0493157
0.049319
0.0493231
0.049328
0.0493336
0.0493399
0.0493467
0.0493539
0.0493615
0.0493692
0.0493768
0.0493841
0.0493906
0.0493953
0.0493957
0.0493811
0.0493045
0.0491365
0.049261
0.0493855
0.0494002
0.0493987
0.0493936
0.049387
0.0493798
0.0493724
0.0493651
0.049358
0.0493514
0.0493451
0.0493395
0.0493343
0.0493298
0.0493259
0.0493225
0.0493197
0.0493174
0.0493154
0.0493138
0.0493125
0.0493113
0.0493103
0.0493094
0.0493085
0.0493075
0.0493065
0.0493053
0.0493038
0.0493021
0.0493001
0.0492976
0.0492947
0.0492913
0.0492874
0.0492829
0.0492781
0.0492733
0.0492683
0.0492636
0.0492593
0.0492561
0.0492541
0.0492538
0.0492551
0.0492577
0.0492609
0.0492634
0.0492465
0.0490853
0.0493585
0.0493406
0.0493196
0.0492964
0.0492705
0.0492484
0.049234
0.0492265
0.0492217
0.0492164
0.0492094
0.0492027
0.0492009
0.0492072
0.0492205
0.0492373
0.0492545
0.0492698
0.049282
0.0492908
0.0492967
0.0493001
0.0493016
0.0493019
0.0493015
0.0493008
0.0493003
0.0493002
0.0493007
0.049302
0.0493041
0.0493071
0.0493109
0.0493156
0.049321
0.0493272
0.049334
0.0493413
0.049349
0.049357
0.0493651
0.0493732
0.0493809
0.0493878
0.0493928
0.0493928
0.0493745
0.0492629
0.0491026
0.049272
0.0493854
0.0493966
0.0493944
0.049389
0.0493825
0.0493754
0.0493682
0.049361
0.0493542
0.0493477
0.0493417
0.0493362
0.0493312
0.0493268
0.049323
0.0493197
0.049317
0.0493147
0.0493127
0.049311
0.0493096
0.0493083
0.0493071
0.049306
0.0493048
0.0493035
0.0493021
0.0493006
0.0492989
0.0492969
0.0492946
0.049292
0.049289
0.0492855
0.0492815
0.0492771
0.0492723
0.0492674
0.0492626
0.0492581
0.0492542
0.0492513
0.0492497
0.0492494
0.0492507
0.0492532
0.0492563
0.0492588
0.0492435
0.0490636
0.0493466
0.0493189
0.0492888
0.0492757
0.0492656
0.0492548
0.0492457
0.0492396
0.0492344
0.0492275
0.0492183
0.0492127
0.0492148
0.0492238
0.0492366
0.0492502
0.0492626
0.0492727
0.0492802
0.0492852
0.0492881
0.0492895
0.0492897
0.0492892
0.0492885
0.0492879
0.0492877
0.049288
0.0492891
0.0492909
0.0492937
0.0492973
0.0493017
0.049307
0.0493131
0.0493198
0.0493272
0.049335
0.0493432
0.0493516
0.0493601
0.0493686
0.0493767
0.0493839
0.0493891
0.0493885
0.0493651
0.0492114
0.0490788
0.0492846
0.0493829
0.0493912
0.0493885
0.0493832
0.0493768
0.04937
0.0493631
0.0493563
0.0493498
0.0493436
0.0493379
0.0493326
0.0493279
0.0493237
0.04932
0.0493169
0.0493142
0.0493119
0.0493099
0.0493082
0.0493066
0.0493052
0.0493038
0.0493024
0.0493009
0.0492993
0.0492975
0.0492956
0.0492935
0.0492913
0.0492887
0.0492859
0.0492827
0.0492792
0.0492752
0.0492708
0.0492661
0.0492612
0.0492565
0.0492524
0.049249
0.0492467
0.0492456
0.0492454
0.0492466
0.0492489
0.0492517
0.0492541
0.0492401
0.0490431
0.049341
0.0493031
0.0492616
0.0492334
0.0492393
0.0492454
0.0492471
0.0492468
0.0492433
0.0492351
0.0492298
0.0492324
0.0492403
0.04925
0.0492589
0.0492663
0.0492718
0.0492754
0.0492774
0.0492782
0.049278
0.0492772
0.049276
0.0492749
0.0492739
0.0492734
0.0492735
0.0492743
0.049276
0.0492785
0.0492819
0.0492862
0.0492914
0.0492974
0.0493041
0.0493115
0.0493195
0.0493279
0.0493365
0.0493454
0.0493543
0.0493632
0.0493716
0.0493792
0.0493846
0.0493831
0.0493428
0.0491577
0.049065
0.0492966
0.0493784
0.0493843
0.0493813
0.0493762
0.0493702
0.0493638
0.0493574
0.0493511
0.0493449
0.0493392
0.0493338
0.0493288
0.0493244
0.0493204
0.0493169
0.0493138
0.0493112
0.049309
0.049307
0.0493052
0.0493036
0.049302
0.0493004
0.0492987
0.0492969
0.049295
0.0492928
0.0492905
0.049288
0.0492853
0.0492825
0.0492794
0.0492761
0.0492724
0.0492684
0.0492641
0.0492595
0.0492547
0.0492502
0.0492463
0.0492436
0.0492422
0.049242
0.0492423
0.0492433
0.0492451
0.0492474
0.0492495
0.0492365
0.0490238
0.0493431
0.0492984
0.0492518
0.0492138
0.049224
0.0492371
0.0492444
0.0492482
0.0492454
0.049251
0.0492616
0.0492714
0.049278
0.0492811
0.0492813
0.0492798
0.0492773
0.0492743
0.0492712
0.0492681
0.0492652
0.0492627
0.0492605
0.0492588
0.0492578
0.0492574
0.0492579
0.0492593
0.0492616
0.0492649
0.0492691
0.0492742
0.0492801
0.0492869
0.0492943
0.0493024
0.049311
0.0493199
0.0493292
0.0493385
0.0493478
0.0493571
0.0493659
0.0493738
0.0493793
0.0493772
0.0493029
0.0491094
0.0490602
0.0493062
0.0493722
0.0493763
0.0493732
0.0493684
0.0493629
0.0493571
0.0493512
0.0493453
0.0493397
0.0493344
0.0493294
0.0493248
0.0493206
0.0493168
0.0493135
0.0493106
0.0493081
0.0493059
0.049304
0.0493022
0.0493005
0.0492988
0.0492971
0.0492951
0.049293
0.0492906
0.049288
0.0492852
0.0492823
0.0492792
0.049276
0.0492726
0.0492691
0.0492654
0.0492613
0.049257
0.0492525
0.0492479
0.0492436
0.04924
0.0492379
0.0492375
0.0492388
0.0492404
0.049241
0.0492421
0.0492436
0.0492451
0.0492328
0.0490055
0.0493528
0.0493105
0.0492699
0.0492376
0.0492204
0.0492283
0.0492385
0.0492542
0.0492902
0.0493108
0.0493188
0.0493185
0.0493129
0.0493042
0.0492942
0.0492844
0.0492753
0.0492672
0.0492603
0.0492546
0.0492498
0.049246
0.0492431
0.0492411
0.0492401
0.0492401
0.0492411
0.0492431
0.0492461
0.0492502
0.0492551
0.0492611
0.0492679
0.0492754
0.0492837
0.0492925
0.0493017
0.0493113
0.0493211
0.0493309
0.0493407
0.0493503
0.0493595
0.0493677
0.0493733
0.0493697
0.0492518
0.0490675
0.0490632
0.0493125
0.0493647
0.0493674
0.0493644
0.0493601
0.0493551
0.0493498
0.0493445
0.0493392
0.0493341
0.0493292
0.0493246
0.0493203
0.0493164
0.0493129
0.0493098
0.049307
0.0493046
0.0493026
0.0493007
0.049299
0.0492973
0.0492956
0.0492937
0.0492916
0.0492892
0.0492864
0.0492834
0.0492801
0.0492766
0.049273
0.0492694
0.0492657
0.0492619
0.049258
0.049254
0.0492497
0.0492452
0.0492408
0.0492367
0.0492334
0.0492317
0.0492324
0.0492355
0.0492394
0.0492399
0.04924
0.0492404
0.0492411
0.0492292
0.0489883
0.0493702
0.0493454
0.0493218
0.0493045
0.0492921
0.04928
0.049296
0.0493597
0.0493729
0.0493701
0.0493589
0.0493436
0.0493264
0.0493092
0.0492929
0.0492782
0.0492654
0.0492546
0.0492455
0.0492381
0.0492322
0.0492276
0.0492243
0.0492222
0.0492213
0.0492216
0.0492231
0.0492258
0.0492296
0.0492344
0.0492403
0.0492471
0.0492547
0.0492632
0.0492722
0.0492818
0.0492917
0.049302
0.0493123
0.0493227
0.0493329
0.0493429
0.0493525
0.0493612
0.0493668
0.0493524
0.0491967
0.0490331
0.0490725
0.0493155
0.0493562
0.0493579
0.0493552
0.0493512
0.0493468
0.0493421
0.0493374
0.0493327
0.049328
0.0493236
0.0493194
0.0493154
0.0493118
0.0493085
0.0493056
0.049303
0.0493007
0.0492988
0.0492971
0.0492956
0.049294
0.0492924
0.0492905
0.0492883
0.0492856
0.0492825
0.049279
0.0492752
0.0492711
0.049267
0.0492629
0.0492588
0.0492547
0.0492506
0.0492465
0.0492422
0.0492378
0.0492334
0.0492294
0.0492265
0.0492253
0.0492267
0.0492315
0.0492387
0.0492404
0.0492392
0.049238
0.0492376
0.0492257
0.048972
0.0494057
0.0493997
0.049395
0.0493962
0.0494023
0.0494078
0.0494128
0.0494079
0.0493963
0.0493801
0.0493609
0.0493402
0.0493195
0.0492997
0.0492814
0.049265
0.0492507
0.0492386
0.0492283
0.04922
0.0492132
0.0492081
0.0492044
0.0492022
0.0492014
0.0492021
0.049204
0.0492074
0.049212
0.0492177
0.0492245
0.0492322
0.0492408
0.0492501
0.04926
0.0492704
0.0492811
0.049292
0.0493029
0.0493138
0.0493246
0.0493351
0.0493451
0.0493542
0.0493601
0.0493199
0.0491432
0.0490067
0.0490866
0.0493154
0.049347
0.049348
0.0493455
0.0493421
0.0493382
0.0493342
0.04933
0.0493258
0.0493216
0.0493175
0.0493136
0.0493099
0.0493065
0.0493034
0.0493007
0.0492983
0.0492962
0.0492945
0.0492931
0.0492918
0.0492905
0.0492891
0.0492873
0.0492851
0.0492823
0.0492789
0.049275
0.0492707
0.049266
0.0492613
0.0492566
0.0492521
0.0492476
0.0492433
0.049239
0.0492346
0.0492302
0.0492259
0.049222
0.0492192
0.0492183
0.0492205
0.0492265
0.0492365
0.0492431
0.0492397
0.0492364
0.0492347
0.0492225
0.0489566
0.049398
0.0493979
0.0493944
0.0493948
0.0493989
0.0494018
0.0494011
0.0493945
0.0493822
0.0493657
0.0493463
0.0493256
0.0493046
0.0492845
0.0492657
0.0492487
0.0492338
0.0492208
0.0492098
0.0492006
0.0491933
0.0491876
0.0491836
0.0491812
0.0491805
0.0491814
0.0491839
0.0491879
0.0491932
0.0491998
0.0492076
0.0492164
0.0492259
0.0492362
0.0492471
0.0492583
0.0492698
0.0492814
0.049293
0.0493045
0.0493158
0.0493267
0.0493372
0.0493467
0.0493528
0.0492763
0.0490928
0.048988
0.0491035
0.0493127
0.0493373
0.0493379
0.0493357
0.0493328
0.0493295
0.049326
0.0493223
0.0493185
0.0493147
0.0493109
0.0493072
0.0493036
0.0493004
0.0492975
0.0492949
0.0492927
0.049291
0.0492896
0.0492885
0.0492876
0.0492868
0.0492857
0.0492842
0.0492822
0.0492794
0.0492758
0.0492716
0.0492667
0.0492615
0.0492561
0.0492508
0.0492457
0.0492408
0.0492362
0.0492317
0.0492272
0.0492228
0.0492184
0.0492145
0.0492116
0.0492108
0.0492135
0.0492209
0.0492326
0.0492464
0.0492408
0.0492355
0.0492324
0.0492197
0.0489422
0.04939
0.0493928
0.0493891
0.049388
0.0493897
0.0493902
0.0493871
0.0493789
0.0493657
0.0493486
0.049329
0.0493082
0.0492872
0.049267
0.0492481
0.0492308
0.0492154
0.0492019
0.0491902
0.0491804
0.0491724
0.0491661
0.0491617
0.0491591
0.0491584
0.0491595
0.0491625
0.0491672
0.0491734
0.0491809
0.0491897
0.0491995
0.0492102
0.0492216
0.0492334
0.0492456
0.0492579
0.0492703
0.0492826
0.0492947
0.0493065
0.049318
0.049329
0.0493387
0.0493398
0.0492267
0.0490473
0.0489769
0.0491216
0.049308
0.0493273
0.0493277
0.0493259
0.0493234
0.0493207
0.0493176
0.0493143
0.0493109
0.0493073
0.0493037
0.0493001
0.0492966
0.0492935
0.0492907
0.0492883
0.0492863
0.0492849
0.0492839
0.0492833
0.0492829
0.0492826
0.0492821
0.0492811
0.0492794
0.0492768
0.0492733
0.0492688
0.0492635
0.0492577
0.0492516
0.0492456
0.0492399
0.0492345
0.0492295
0.0492247
0.0492202
0.0492156
0.0492112
0.0492071
0.0492039
0.0492029
0.0492057
0.0492139
0.0492282
0.0492453
0.0492429
0.0492355
0.0492309
0.0492175
0.0489287
0.0493832
0.0493892
0.0493857
0.0493815
0.0493812
0.049379
0.049373
0.0493626
0.0493479
0.0493299
0.0493099
0.0492891
0.0492682
0.0492481
0.0492292
0.0492117
0.049196
0.0491819
0.0491697
0.0491592
0.0491505
0.0491437
0.0491387
0.0491358
0.049135
0.0491363
0.0491397
0.0491451
0.0491522
0.0491607
0.0491707
0.0491817
0.0491936
0.0492061
0.0492191
0.0492323
0.0492455
0.0492587
0.0492717
0.0492845
0.0492969
0.0493089
0.0493204
0.0493307
0.0493162
0.0491752
0.0490074
0.0489726
0.0491393
0.0493018
0.0493172
0.0493175
0.0493162
0.0493142
0.0493119
0.0493092
0.0493062
0.049303
0.0492995
0.0492959
0.0492923
0.0492889
0.0492857
0.049283
0.0492808
0.0492791
0.049278
0.0492775
0.0492775
0.0492777
0.049278
0.0492782
0.0492778
0.0492767
0.0492746
0.0492712
0.0492667
0.049261
0.0492547
0.0492479
0.0492412
0.0492348
0.0492288
0.0492234
0.0492183
0.0492136
0.0492089
0.0492043
0.0492
0.0491964
0.0491948
0.0491971
0.0492056
0.0492215
0.0492417
0.0492477
0.0492361
0.0492302
0.049216
0.0489161
0.0493779
0.0493858
0.0493818
0.0493762
0.0493735
0.0493682
0.0493591
0.049346
0.0493294
0.0493104
0.0492899
0.0492689
0.0492482
0.0492282
0.0492094
0.0491918
0.0491757
0.0491612
0.0491483
0.0491371
0.0491276
0.0491201
0.0491146
0.0491113
0.0491102
0.0491116
0.0491154
0.0491214
0.0491294
0.0491391
0.0491504
0.0491628
0.049176
0.0491899
0.0492041
0.0492184
0.0492327
0.0492468
0.0492606
0.049274
0.049287
0.0492995
0.0493115
0.0493225
0.0492828
0.0491238
0.0489736
0.0489742
0.0491555
0.0492947
0.0493071
0.0493076
0.0493067
0.0493052
0.0493032
0.0493008
0.049298
0.0492949
0.0492914
0.0492877
0.0492841
0.0492806
0.0492774
0.0492748
0.0492728
0.0492714
0.0492708
0.0492707
0.0492712
0.049272
0.049273
0.0492739
0.0492744
0.049274
0.0492725
0.0492696
0.0492652
0.0492594
0.0492526
0.0492453
0.0492378
0.0492306
0.049224
0.049218
0.0492126
0.0492076
0.0492028
0.0491981
0.0491934
0.0491893
0.0491869
0.0491882
0.049196
0.0492128
0.0492366
0.0492517
0.0492375
0.0492304
0.0492153
0.0489046
0.0493736
0.0493836
0.0493775
0.0493723
0.0493664
0.0493577
0.0493453
0.0493293
0.0493108
0.0492905
0.0492695
0.0492484
0.0492278
0.0492079
0.0491891
0.0491713
0.0491548
0.0491397
0.0491261
0.0491141
0.0491039
0.0490957
0.0490895
0.0490857
0.0490843
0.0490856
0.0490898
0.0490964
0.0491053
0.0491162
0.0491289
0.0491428
0.0491577
0.049173
0.0491886
0.0492042
0.0492196
0.0492346
0.0492492
0.0492633
0.0492769
0.04929
0.0493025
0.0493113
0.0492425
0.0490744
0.0489462
0.0489805
0.0491694
0.0492871
0.0492974
0.0492981
0.0492976
0.0492964
0.0492948
0.0492926
0.0492899
0.0492867
0.0492831
0.0492793
0.0492756
0.049272
0.049269
0.0492665
0.0492648
0.0492638
0.0492636
0.0492639
0.0492648
0.0492661
0.0492677
0.0492693
0.0492706
0.0492712
0.0492705
0.0492683
0.0492643
0.0492586
0.0492516
0.0492437
0.0492355
0.0492276
0.0492202
0.0492137
0.0492078
0.0492025
0.0491976
0.0491927
0.0491878
0.0491831
0.0491795
0.0491793
0.0491856
0.049202
0.0492286
0.049252
0.0492404
0.0492317
0.0492154
0.048894
0.0493699
0.0493838
0.049374
0.0493683
0.0493598
0.0493475
0.0493315
0.0493127
0.0492921
0.0492707
0.0492492
0.049228
0.0492074
0.0491875
0.0491685
0.0491504
0.0491334
0.0491176
0.0491033
0.0490906
0.0490797
0.0490708
0.049064
0.0490596
0.0490578
0.049059
0.0490633
0.0490704
0.0490801
0.0490923
0.0491065
0.0491221
0.0491387
0.0491557
0.0491728
0.0491898
0.0492063
0.0492223
0.0492378
0.0492526
0.0492669
0.0492805
0.0492935
0.0492942
0.0491977
0.0490283
0.0489254
0.0489905
0.0491807
0.0492793
0.0492881
0.0492891
0.049289
0.0492882
0.0492867
0.0492846
0.0492819
0.0492786
0.0492749
0.049271
0.0492673
0.0492639
0.049261
0.0492589
0.0492576
0.049257
0.049257
0.0492576
0.0492586
0.0492602
0.0492623
0.0492645
0.0492666
0.049268
0.0492684
0.0492671
0.0492638
0.0492585
0.0492514
0.0492431
0.0492343
0.0492257
0.0492176
0.0492104
0.0492041
0.0491985
0.0491934
0.0491884
0.0491833
0.049178
0.0491733
0.0491711
0.0491748
0.0491893
0.0492172
0.0492493
0.0492451
0.0492342
0.0492162
0.0488843
0.0493666
0.0493854
0.0493727
0.0493648
0.0493533
0.0493373
0.0493177
0.0492961
0.0492737
0.0492512
0.0492293
0.0492079
0.0491872
0.0491672
0.0491478
0.0491292
0.0491116
0.0490953
0.0490804
0.0490672
0.0490558
0.0490465
0.0490392
0.0490343
0.0490319
0.0490325
0.0490366
0.0490439
0.0490545
0.0490678
0.0490836
0.049101
0.0491194
0.0491382
0.049157
0.0491754
0.0491932
0.0492102
0.0492266
0.0492421
0.0492569
0.0492711
0.0492846
0.0492701
0.0491506
0.0489864
0.0489109
0.0490033
0.0491897
0.0492718
0.0492795
0.0492809
0.0492811
0.0492805
0.0492792
0.0492771
0.0492743
0.0492709
0.0492671
0.0492633
0.0492597
0.0492566
0.0492543
0.0492527
0.0492518
0.0492515
0.0492516
0.0492521
0.0492531
0.0492547
0.0492569
0.0492595
0.0492622
0.0492646
0.049266
0.0492658
0.0492635
0.0492589
0.0492521
0.0492437
0.0492344
0.049225
0.0492162
0.0492084
0.0492015
0.0491955
0.0491903
0.0491853
0.0491802
0.0491745
0.0491687
0.0491642
0.0491645
0.0491752
0.0492016
0.04924
0.0492511
0.0492379
0.0492178
0.0488753
0.0493635
0.0493861
0.0493724
0.0493618
0.0493468
0.0493269
0.0493039
0.0492797
0.0492557
0.0492324
0.0492101
0.0491885
0.0491675
0.049147
0.0491271
0.049108
0.0490899
0.0490732
0.0490581
0.0490449
0.0490335
0.049024
0.0490166
0.0490111
0.049008
0.0490078
0.049011
0.0490181
0.0490291
0.0490435
0.0490608
0.04908
0.0491003
0.049121
0.0491415
0.0491614
0.0491805
0.0491986
0.0492157
0.049232
0.0492474
0.0492621
0.0492742
0.0492399
0.049103
0.0489494
0.0489023
0.0490178
0.0491964
0.0492647
0.0492718
0.0492735
0.049274
0.0492736
0.0492723
0.0492702
0.0492673
0.0492638
0.0492601
0.0492564
0.0492533
0.0492508
0.0492493
0.0492484
0.0492479
0.0492477
0.0492475
0.0492476
0.0492483
0.0492497
0.0492519
0.0492546
0.0492577
0.0492608
0.0492632
0.0492642
0.0492631
0.0492595
0.0492534
0.0492451
0.0492356
0.0492257
0.0492162
0.0492077
0.0492002
0.0491939
0.0491885
0.0491835
0.0491786
0.0491729
0.0491663
0.0491596
0.0491558
0.0491608
0.0491824
0.0492239
0.0492572
0.0492425
0.0492191
0.048867
0.0493596
0.049381
0.0493703
0.0493581
0.0493396
0.0493159
0.0492899
0.0492636
0.0492384
0.0492145
0.0491918
0.0491698
0.0491483
0.0491272
0.0491067
0.0490871
0.0490688
0.0490523
0.0490376
0.0490249
0.0490142
0.0490052
0.048998
0.0489922
0.0489882
0.0489865
0.0489882
0.0489944
0.0490052
0.0490203
0.0490388
0.0490597
0.0490819
0.0491045
0.0491268
0.0491482
0.0491685
0.0491876
0.0492055
0.0492224
0.0492383
0.0492535
0.049261
0.0492042
0.0490565
0.0489179
0.0488992
0.0490334
0.0492015
0.0492585
0.049265
0.049267
0.0492678
0.0492675
0.0492663
0.0492641
0.0492611
0.0492576
0.0492541
0.0492509
0.0492484
0.0492469
0.0492462
0.049246
0.0492458
0.0492453
0.0492445
0.0492441
0.0492443
0.0492454
0.0492473
0.0492499
0.0492532
0.0492567
0.0492599
0.049262
0.0492623
0.0492601
0.049255
0.0492473
0.0492379
0.0492276
0.0492176
0.0492084
0.0492004
0.0491937
0.0491881
0.0491832
0.0491786
0.0491733
0.0491665
0.0491581
0.0491502
0.0491481
0.049161
0.0491992
0.0492554
0.049247
0.0492131
0.0488613
0.0493541
0.0493723
0.0493662
0.0493531
0.0493312
0.0493043
0.0492757
0.049248
0.0492219
0.0491976
0.0491744
0.0491518
0.0491296
0.0491078
0.0490868
0.0490672
0.0490493
0.0490336
0.0490202
0.0490089
0.0489996
0.0489918
0.0489851
0.0489793
0.0489742
0.0489705
0.0489696
0.0489738
0.0489837
0.048999
0.0490185
0.0490409
0.049065
0.0490894
0.0491133
0.0491361
0.0491576
0.0491776
0.0491963
0.0492137
0.0492301
0.0492453
0.0492437
0.0491647
0.0490124
0.0488923
0.0489012
0.0490495
0.0492054
0.0492531
0.0492594
0.0492617
0.0492626
0.0492625
0.0492612
0.0492589
0.0492559
0.0492526
0.0492493
0.0492468
0.0492453
0.0492448
0.0492451
0.0492454
0.0492451
0.049244
0.0492425
0.0492413
0.049241
0.0492416
0.0492431
0.0492456
0.0492487
0.0492523
0.0492561
0.0492592
0.0492609
0.0492602
0.0492565
0.0492499
0.0492409
0.0492307
0.0492203
0.0492106
0.0492021
0.049195
0.0491891
0.0491844
0.0491803
0.0491758
0.0491697
0.0491607
0.0491494
0.0491398
0.0491407
0.0491664
0.0492265
0.0492462
0.0491969
0.0488604
0.0493469
0.049362
0.0493611
0.0493467
0.0493219
0.0492921
0.0492618
0.049233
0.0492064
0.0491817
0.0491579
0.0491346
0.0491115
0.0490892
0.0490681
0.049049
0.0490324
0.0490185
0.0490072
0.0489982
0.048991
0.0489848
0.0489791
0.0489732
0.048967
0.0489609
0.0489566
0.0489576
0.0489655
0.0489802
0.0490004
0.0490243
0.04905
0.0490761
0.0491015
0.0491257
0.0491482
0.049169
0.0491882
0.0492061
0.0492229
0.0492368
0.0492215
0.049123
0.0489717
0.0488727
0.0489078
0.0490658
0.0492086
0.0492489
0.049255
0.0492575
0.0492586
0.0492585
0.0492572
0.0492549
0.0492519
0.0492488
0.0492461
0.0492443
0.0492438
0.0492445
0.0492456
0.0492462
0.0492455
0.0492435
0.0492411
0.0492392
0.0492383
0.0492384
0.0492395
0.0492415
0.0492444
0.0492479
0.0492518
0.0492556
0.0492585
0.0492595
0.0492575
0.0492524
0.0492444
0.0492346
0.0492242
0.0492141
0.0492052
0.0491977
0.0491917
0.0491872
0.0491836
0.0491804
0.0491758
0.0491679
0.0491554
0.0491396
0.0491276
0.0491341
0.0491751
0.0492272
0.0491696
0.0488676
0.0493395
0.0493525
0.0493561
0.0493398
0.049312
0.04928
0.0492483
0.049219
0.0491921
0.0491669
0.0491423
0.0491181
0.0490943
0.0490717
0.0490513
0.0490336
0.0490192
0.0490079
0.0489996
0.0489934
0.0489886
0.0489842
0.0489793
0.0489733
0.0489659
0.0489575
0.0489493
0.0489458
0.0489507
0.0489645
0.0489852
0.0490104
0.0490377
0.0490653
0.049092
0.0491172
0.0491405
0.0491619
0.0491816
0.0491998
0.0492168
0.0492269
0.0491946
0.0490807
0.0489354
0.0488591
0.0489182
0.049082
0.0492116
0.0492459
0.049252
0.0492547
0.0492559
0.0492558
0.0492544
0.0492521
0.0492493
0.0492465
0.0492443
0.0492433
0.0492438
0.0492455
0.0492472
0.0492479
0.0492466
0.0492437
0.0492404
0.0492378
0.0492363
0.0492358
0.0492364
0.0492379
0.0492402
0.0492434
0.0492472
0.0492513
0.0492551
0.0492576
0.0492576
0.0492544
0.0492479
0.049239
0.0492289
0.0492188
0.0492097
0.049202
0.0491959
0.0491914
0.0491884
0.0491865
0.0491843
0.0491794
0.0491688
0.0491507
0.049128
0.0491129
0.0491275
0.0491799
0.0491356
0.0488864
0.0493334
0.0493465
0.0493521
0.0493332
0.0493024
0.0492684
0.0492359
0.0492062
0.0491789
0.0491531
0.0491276
0.0491024
0.0490782
0.0490561
0.0490371
0.0490218
0.0490105
0.0490026
0.0489975
0.0489941
0.0489914
0.0489883
0.0489839
0.0489775
0.0489689
0.0489584
0.0489469
0.0489385
0.0489398
0.0489523
0.0489736
0.049
0.0490286
0.0490575
0.0490852
0.0491111
0.0491349
0.0491567
0.0491767
0.0491952
0.0492115
0.0492144
0.0491637
0.0490392
0.0489041
0.0488515
0.0489321
0.0490979
0.0492147
0.0492443
0.0492503
0.0492532
0.0492545
0.0492544
0.049253
0.0492508
0.0492481
0.0492456
0.049244
0.0492437
0.049245
0.0492473
0.0492495
0.0492501
0.0492483
0.0492444
0.0492403
0.049237
0.0492349
0.0492339
0.0492338
0.0492347
0.0492364
0.0492389
0.0492422
0.0492463
0.0492506
0.0492543
0.0492562
0.0492552
0.0492508
0.0492434
0.0492342
0.0492244
0.0492153
0.0492075
0.0492013
0.049197
0.0491945
0.0491937
0.0491941
0.0491938
0.0491888
0.0491746
0.0491484
0.0491151
0.0490935
0.0491108
0.0491018
0.0489191
0.0493292
0.0493451
0.0493501
0.0493275
0.0492936
0.049258
0.0492247
0.0491947
0.049167
0.0491403
0.0491137
0.0490878
0.0490638
0.049043
0.0490264
0.0490144
0.0490066
0.0490021
0.0489998
0.0489986
0.0489973
0.0489949
0.0489906
0.0489837
0.0489739
0.0489615
0.0489475
0.0489345
0.0489325
0.0489444
0.0489664
0.0489939
0.0490235
0.0490531
0.0490814
0.0491077
0.0491318
0.0491538
0.0491738
0.0491921
0.0492062
0.0491985
0.0491298
0.0489997
0.0488784
0.0488498
0.0489489
0.0491137
0.0492183
0.0492441
0.0492501
0.0492531
0.0492545
0.0492544
0.049253
0.0492509
0.0492484
0.0492462
0.049245
0.0492453
0.049247
0.0492497
0.049252
0.0492525
0.0492502
0.0492454
0.0492407
0.049237
0.0492343
0.0492327
0.049232
0.0492321
0.049233
0.0492346
0.0492372
0.0492408
0.0492452
0.0492496
0.0492531
0.0492544
0.0492524
0.0492471
0.0492393
0.0492303
0.0492215
0.0492139
0.0492079
0.0492038
0.0492016
0.0492016
0.049204
0.0492081
0.0492112
0.0492078
0.0491904
0.0491549
0.0491083
0.0490741
0.0490746
0.0489643
0.0493265
0.0493478
0.0493504
0.0493233
0.0492862
0.049249
0.0492152
0.0491848
0.0491563
0.0491284
0.0491008
0.0490746
0.0490516
0.049033
0.0490198
0.0490114
0.049007
0.0490052
0.0490049
0.0490048
0.0490042
0.0490021
0.0489978
0.0489904
0.0489797
0.0489656
0.0489495
0.048935
0.0489311
0.0489424
0.0489647
0.0489927
0.0490227
0.0490525
0.0490808
0.0491071
0.0491311
0.0491529
0.0491727
0.0491903
0.0492001
0.0491787
0.0490943
0.0489635
0.0488587
0.0488535
0.0489681
0.0491292
0.0492227
0.0492454
0.0492514
0.0492545
0.0492559
0.0492558
0.0492545
0.0492525
0.0492502
0.0492483
0.0492474
0.0492479
0.0492497
0.0492523
0.0492545
0.0492547
0.0492519
0.0492466
0.0492417
0.0492376
0.0492345
0.0492323
0.0492309
0.0492302
0.0492301
0.0492308
0.0492324
0.0492351
0.049239
0.0492436
0.0492482
0.0492514
0.0492521
0.0492494
0.0492437
0.0492361
0.049228
0.0492208
0.0492151
0.0492113
0.0492096
0.04921
0.0492132
0.0492198
0.0492296
0.0492395
0.0492422
0.0492268
0.0491863
0.0491256
0.049069
0.0490178
0.0493249
0.0493538
0.0493527
0.0493204
0.0492802
0.0492417
0.0492073
0.0491762
0.0491466
0.0491173
0.049089
0.0490633
0.0490423
0.0490268
0.0490171
0.0490118
0.0490098
0.0490097
0.0490105
0.0490114
0.0490113
0.0490097
0.0490056
0.0489982
0.0489871
0.0489725
0.0489562
0.0489426
0.0489382
0.0489479
0.048969
0.0489963
0.0490259
0.0490553
0.0490832
0.0491091
0.0491327
0.0491542
0.0491735
0.0491892
0.0491919
0.0491553
0.0490585
0.0489316
0.0488453
0.0488624
0.0489892
0.0491447
0.0492279
0.0492482
0.0492541
0.0492573
0.0492587
0.0492586
0.0492574
0.0492555
0.0492534
0.0492518
0.049251
0.0492514
0.0492531
0.0492552
0.0492567
0.0492561
0.0492527
0.0492477
0.0492429
0.0492387
0.0492352
0.0492325
0.0492304
0.0492289
0.0492279
0.0492275
0.0492279
0.0492295
0.0492325
0.0492367
0.0492416
0.0492462
0.0492492
0.0492494
0.0492463
0.0492408
0.049234
0.0492276
0.0492224
0.0492191
0.0492179
0.0492188
0.049222
0.0492287
0.0492403
0.0492579
0.0492797
0.0492985
0.0493029
0.0492797
0.0492117
0.0490976
0.0493233
0.0493624
0.0493565
0.0493188
0.0492759
0.0492361
0.0492009
0.0491688
0.0491378
0.0491073
0.0490789
0.0490546
0.0490363
0.0490241
0.0490169
0.0490137
0.0490131
0.0490142
0.0490158
0.0490173
0.049018
0.0490172
0.049014
0.0490076
0.0489975
0.048984
0.0489691
0.0489567
0.0489524
0.0489602
0.0489791
0.0490047
0.0490329
0.0490613
0.0490885
0.0491137
0.0491367
0.0491576
0.0491758
0.049188
0.0491809
0.0491289
0.0490239
0.0489047
0.0488381
0.048876
0.0490119
0.0491601
0.0492342
0.0492525
0.0492583
0.0492614
0.0492628
0.0492628
0.0492617
0.0492599
0.049258
0.0492564
0.0492556
0.0492558
0.0492569
0.049258
0.0492581
0.0492563
0.0492528
0.0492483
0.0492439
0.0492398
0.0492362
0.0492331
0.0492304
0.049228
0.049226
0.0492245
0.0492238
0.0492243
0.0492261
0.0492293
0.0492339
0.0492391
0.0492438
0.0492466
0.0492465
0.0492436
0.0492388
0.0492335
0.0492292
0.0492266
0.049226
0.0492275
0.0492309
0.0492367
0.0492462
0.0492618
0.0492862
0.0493207
0.0493647
0.0494151
0.049459
0.0494501
0.0493207
0.049373
0.0493611
0.0493181
0.0492729
0.049232
0.0491958
0.0491624
0.0491299
0.0490986
0.049071
0.049049
0.0490331
0.049023
0.0490177
0.0490158
0.0490161
0.0490177
0.0490199
0.0490221
0.0490237
0.0490242
0.0490226
0.0490182
0.0490103
0.0489993
0.0489867
0.0489759
0.0489719
0.048978
0.0489942
0.0490173
0.0490435
0.0490704
0.0490964
0.0491206
0.0491429
0.0491627
0.0491789
0.0491856
0.0491665
0.0491006
0.0489919
0.0488836
0.0488371
0.0488937
0.0490356
0.0491755
0.0492415
0.0492581
0.0492638
0.0492669
0.0492682
0.0492682
0.0492671
0.0492654
0.0492636
0.0492619
0.049261
0.0492606
0.0492606
0.0492603
0.049259
0.0492564
0.0492528
0.0492486
0.0492444
0.0492404
0.0492366
0.049233
0.0492297
0.0492265
0.0492237
0.0492214
0.0492197
0.0492191
0.0492198
0.0492219
0.0492256
0.0492305
0.049236
0.0492407
0.0492435
0.0492436
0.0492414
0.0492379
0.0492348
0.049233
0.0492332
0.0492355
0.0492394
0.049245
0.0492525
0.0492634
0.0492803
0.0493062
0.0493429
0.0493907
0.0494469
0.0495069
0.0493151
0.0493849
0.0493659
0.049318
0.0492711
0.0492292
0.0491918
0.0491568
0.049123
0.049092
0.0490656
0.0490453
0.0490313
0.0490228
0.0490186
0.0490173
0.049018
0.0490198
0.0490223
0.0490252
0.049028
0.0490301
0.0490307
0.049029
0.0490243
0.0490167
0.0490072
0.0489984
0.048995
0.0489998
0.0490133
0.0490335
0.0490574
0.0490824
0.0491069
0.0491299
0.049151
0.0491693
0.0491821
0.0491809
0.0491487
0.0490719
0.0489636
0.0488687
0.0488422
0.048915
0.04906
0.0491911
0.0492499
0.0492651
0.0492706
0.0492734
0.0492746
0.0492745
0.0492734
0.0492717
0.0492698
0.049268
0.0492664
0.0492651
0.0492639
0.0492622
0.0492598
0.0492565
0.0492526
0.0492484
0.0492442
0.04924
0.0492359
0.0492317
0.0492276
0.0492237
0.04922
0.0492168
0.0492144
0.0492129
0.0492127
0.049214
0.0492168
0.0492211
0.0492264
0.0492322
0.0492372
0.0492402
0.0492409
0.0492399
0.0492384
0.0492378
0.0492388
0.0492419
0.0492467
0.0492525
0.0492593
0.0492674
0.0492785
0.0492957
0.0493224
0.0493611
0.0494143
0.0494924
0.0493088
0.0493975
0.0493701
0.0493184
0.0492704
0.0492274
0.0491886
0.0491523
0.0491181
0.0490872
0.0490618
0.0490429
0.0490301
0.0490226
0.0490188
0.0490176
0.0490181
0.0490199
0.0490226
0.0490262
0.0490302
0.0490342
0.0490373
0.0490388
0.0490379
0.0490343
0.0490285
0.0490225
0.0490201
0.049024
0.0490352
0.0490527
0.0490739
0.0490968
0.0491196
0.0491412
0.0491608
0.0491766
0.0491842
0.0491732
0.0491286
0.0490444
0.0489403
0.0488604
0.0488529
0.0489393
0.0490848
0.0492068
0.0492594
0.0492732
0.0492783
0.0492809
0.0492819
0.0492816
0.0492804
0.0492785
0.0492761
0.0492737
0.0492714
0.0492691
0.0492666
0.0492636
0.0492601
0.049256
0.0492517
0.0492472
0.0492427
0.049238
0.0492331
0.049228
0.0492229
0.0492179
0.0492133
0.0492093
0.0492063
0.0492043
0.0492036
0.0492044
0.0492066
0.0492104
0.0492155
0.0492215
0.0492277
0.049233
0.0492369
0.0492389
0.0492396
0.0492405
0.0492426
0.0492466
0.0492521
0.0492586
0.0492654
0.049272
0.0492794
0.04929
0.0493078
0.0493374
0.0493867
0.0494818
0.0493052
0.0494105
0.0493737
0.0493195
0.0492707
0.0492266
0.0491869
0.0491494
0.0491143
0.0490837
0.0490591
0.0490411
0.0490291
0.0490218
0.0490179
0.0490162
0.0490163
0.0490177
0.0490206
0.0490247
0.0490299
0.0490357
0.0490414
0.0490463
0.0490494
0.0490502
0.0490488
0.0490463
0.0490455
0.0490492
0.0490588
0.0490738
0.0490926
0.0491133
0.0491342
0.0491541
0.0491714
0.0491834
0.049184
0.0491624
0.0491074
0.0490198
0.048923
0.0488589
0.0488687
0.0489658
0.0491097
0.0492226
0.0492697
0.0492823
0.0492869
0.049289
0.0492896
0.0492891
0.0492874
0.0492849
0.049282
0.0492788
0.0492755
0.049272
0.0492682
0.049264
0.0492595
0.0492547
0.0492497
0.0492445
0.0492391
0.0492332
0.0492269
0.0492202
0.0492136
0.0492073
0.0492016
0.049197
0.0491935
0.0491914
0.0491907
0.0491915
0.0491938
0.0491977
0.0492028
0.0492091
0.049216
0.0492228
0.0492289
0.0492338
0.0492375
0.0492408
0.0492443
0.0492493
0.0492558
0.049263
0.0492702
0.0492764
0.0492817
0.0492878
0.0492988
0.0493208
0.0493654
0.0494747
0.0493053
0.0494234
0.0493769
0.0493213
0.049272
0.0492275
0.0491862
0.0491473
0.0491117
0.0490811
0.0490571
0.0490396
0.0490277
0.0490201
0.0490155
0.049013
0.0490123
0.0490133
0.049016
0.0490205
0.0490266
0.0490341
0.0490422
0.0490502
0.0490573
0.0490627
0.049066
0.0490678
0.0490694
0.0490739
0.0490827
0.0490959
0.0491125
0.0491311
0.04915
0.0491675
0.0491817
0.0491884
0.0491809
0.0491493
0.0490869
0.0489996
0.0489124
0.0488639
0.0488891
0.0489939
0.0491342
0.0492384
0.0492807
0.049292
0.0492959
0.0492975
0.0492977
0.0492964
0.0492939
0.0492907
0.0492869
0.0492827
0.0492783
0.0492735
0.0492684
0.0492631
0.0492575
0.0492518
0.0492457
0.0492391
0.0492319
0.0492238
0.0492151
0.0492062
0.0491976
0.0491898
0.0491831
0.0491779
0.0491744
0.0491725
0.0491724
0.0491739
0.0491769
0.0491815
0.0491873
0.0491943
0.0492021
0.0492102
0.0492181
0.0492253
0.0492317
0.0492376
0.0492435
0.0492501
0.0492577
0.0492658
0.0492737
0.0492801
0.0492845
0.0492881
0.0492945
0.0493106
0.0493506
0.0494702
0.0493097
0.0494357
0.04938
0.0493245
0.0492752
0.0492293
0.0491864
0.0491462
0.04911
0.0490794
0.0490555
0.049038
0.0490257
0.0490173
0.0490117
0.0490081
0.0490063
0.0490065
0.0490088
0.0490134
0.0490201
0.0490288
0.049039
0.0490498
0.0490605
0.0490702
0.0490784
0.0490849
0.0490899
0.0490962
0.0491052
0.0491174
0.0491323
0.0491489
0.0491655
0.0491802
0.0491901
0.0491907
0.0491751
0.0491355
0.0490691
0.0489854
0.0489092
0.0488754
0.0489133
0.0490228
0.0491581
0.049254
0.0492921
0.0493021
0.0493052
0.0493062
0.0493053
0.049303
0.0492995
0.0492952
0.0492903
0.049285
0.0492793
0.0492732
0.0492668
0.0492601
0.0492533
0.0492463
0.0492382
0.0492291
0.0492188
0.0492075
0.0491957
0.0491841
0.0491734
0.0491642
0.0491567
0.0491513
0.0491481
0.049147
0.0491479
0.0491507
0.0491552
0.0491611
0.0491683
0.0491766
0.0491857
0.0491953
0.049205
0.0492144
0.0492233
0.0492317
0.0492401
0.0492487
0.0492578
0.0492672
0.049276
0.049283
0.0492874
0.0492899
0.0492936
0.0493057
0.0493418
0.0494677
0.0493192
0.0494471
0.0493839
0.0493299
0.0492796
0.049232
0.0491875
0.0491461
0.0491092
0.0490783
0.0490542
0.0490362
0.0490231
0.0490135
0.0490065
0.0490015
0.0489985
0.0489977
0.0489993
0.0490035
0.0490104
0.0490198
0.0490313
0.0490443
0.049058
0.0490715
0.0490842
0.0490954
0.0491049
0.0491138
0.049124
0.0491361
0.04915
0.0491648
0.049179
0.0491903
0.0491956
0.04919
0.0491675
0.0491228
0.0490561
0.0489784
0.0489134
0.0488927
0.0489404
0.0490517
0.0491809
0.0492691
0.0493036
0.0493122
0.0493145
0.0493142
0.049312
0.0493083
0.0493036
0.0492981
0.0492919
0.0492851
0.049278
0.0492704
0.0492626
0.0492544
0.0492459
0.0492361
0.0492248
0.0492118
0.0491973
0.0491822
0.0491672
0.0491533
0.0491411
0.049131
0.0491235
0.0491185
0.0491162
0.0491163
0.0491187
0.0491232
0.0491294
0.0491372
0.0491462
0.0491563
0.0491671
0.0491785
0.0491901
0.0492017
0.049213
0.049224
0.0492348
0.0492457
0.0492567
0.0492676
0.0492775
0.0492853
0.0492903
0.0492926
0.049295
0.0493044
0.0493382
0.0494673
0.0493353
0.0494567
0.0493908
0.0493367
0.049285
0.0492358
0.0491897
0.049147
0.0491092
0.0490778
0.049053
0.0490341
0.0490198
0.0490088
0.0490003
0.0489937
0.0489893
0.0489872
0.0489878
0.0489912
0.0489977
0.0490072
0.0490193
0.0490336
0.0490494
0.0490659
0.0490823
0.0490978
0.049112
0.0491242
0.0491365
0.0491495
0.049163
0.0491765
0.0491884
0.0491965
0.0491975
0.049187
0.0491601
0.0491136
0.0490495
0.0489793
0.0489253
0.0489153
0.0489694
0.0490799
0.049202
0.0492832
0.0493146
0.0493222
0.049323
0.0493211
0.0493173
0.0493121
0.0493058
0.0492987
0.049291
0.0492827
0.0492739
0.0492646
0.0492548
0.0492445
0.0492333
0.0492192
0.0492029
0.049185
0.0491663
0.0491479
0.0491308
0.0491157
0.0491032
0.0490936
0.049087
0.0490834
0.0490827
0.0490846
0.0490888
0.0490951
0.0491031
0.0491126
0.0491234
0.0491352
0.0491478
0.049161
0.0491746
0.0491883
0.0492019
0.0492154
0.0492288
0.049242
0.049255
0.0492675
0.0492786
0.0492875
0.0492932
0.0492958
0.0492975
0.0493051
0.0493373
0.0494708
0.0493606
0.0494661
0.0493992
0.0493447
0.0492917
0.0492408
0.049193
0.049149
0.0491102
0.0490778
0.049052
0.0490319
0.0490162
0.0490037
0.0489935
0.0489853
0.0489793
0.0489757
0.0489749
0.0489772
0.0489827
0.0489914
0.0490033
0.049018
0.049035
0.0490534
0.0490724
0.0490913
0.0491095
0.0491256
0.0491405
0.049155
0.0491691
0.049182
0.0491924
0.0491981
0.0491963
0.0491831
0.0491548
0.0491096
0.0490505
0.0489887
0.0489444
0.0489424
0.0489994
0.0491063
0.0492208
0.0492958
0.0493252
0.0493309
0.0493299
0.0493261
0.0493205
0.0493135
0.0493055
0.0492966
0.049287
0.0492767
0.0492658
0.0492542
0.0492418
0.0492283
0.0492114
0.0491919
0.0491705
0.0491484
0.0491269
0.0491071
0.0490896
0.0490752
0.0490642
0.0490566
0.0490524
0.0490514
0.0490532
0.0490575
0.0490639
0.049072
0.0490816
0.0490924
0.0491044
0.0491173
0.0491311
0.0491457
0.0491608
0.0491762
0.0491919
0.0492076
0.0492232
0.0492386
0.0492536
0.0492676
0.04928
0.0492898
0.0492962
0.0492992
0.0493008
0.0493073
0.0493387
0.0494774
0.0493958
0.0494745
0.0494085
0.0493539
0.0492996
0.049247
0.0491977
0.0491524
0.0491123
0.0490787
0.0490516
0.0490301
0.0490128
0.0489986
0.0489868
0.048977
0.0489694
0.0489642
0.0489617
0.0489623
0.0489661
0.0489735
0.0489843
0.0489984
0.0490154
0.0490346
0.0490551
0.0490762
0.0490971
0.0491169
0.0491348
0.0491515
0.0491669
0.0491803
0.0491905
0.0491957
0.0491932
0.0491801
0.0491535
0.0491123
0.04906
0.0490065
0.0489702
0.0489729
0.0490292
0.0491299
0.0492361
0.0493073
0.0493328
0.0493366
0.049334
0.0493284
0.0493208
0.0493118
0.0493016
0.0492905
0.0492785
0.0492656
0.0492519
0.0492371
0.049221
0.0492016
0.0491784
0.0491537
0.0491287
0.0491047
0.0490827
0.0490637
0.0490482
0.0490365
0.0490287
0.0490248
0.0490245
0.0490273
0.0490328
0.0490403
0.0490493
0.0490595
0.0490705
0.0490822
0.0490946
0.0491077
0.0491217
0.0491365
0.0491522
0.0491685
0.0491854
0.0492027
0.04922
0.0492371
0.0492536
0.0492688
0.0492821
0.0492925
0.0492994
0.0493028
0.0493046
0.0493105
0.0493418
0.049487
0.049433
0.0494823
0.0494186
0.0493642
0.049309
0.0492549
0.0492042
0.0491574
0.0491159
0.0490809
0.0490523
0.0490292
0.0490103
0.0489946
0.0489812
0.0489699
0.0489607
0.0489537
0.0489494
0.0489479
0.0489496
0.0489547
0.0489636
0.0489761
0.048992
0.0490108
0.0490317
0.049054
0.0490767
0.0490991
0.0491197
0.049139
0.0491565
0.0491717
0.0491835
0.0491902
0.0491896
0.0491794
0.0491572
0.0491224
0.0490777
0.0490322
0.0490017
0.0490058
0.0490577
0.0491493
0.0492502
0.0493121
0.0493337
0.0493371
0.0493333
0.0493259
0.0493161
0.0493047
0.0492919
0.0492779
0.0492629
0.0492467
0.0492292
0.0492103
0.0491883
0.0491617
0.049134
0.0491065
0.0490806
0.0490572
0.0490373
0.0490214
0.0490099
0.0490028
0.049
0.0490014
0.0490063
0.0490142
0.0490242
0.0490357
0.0490481
0.0490606
0.0490732
0.0490856
0.049098
0.0491105
0.0491237
0.0491376
0.0491526
0.0491686
0.0491855
0.0492032
0.0492212
0.0492391
0.0492562
0.0492719
0.0492854
0.0492959
0.0493029
0.0493066
0.0493085
0.0493144
0.0493463
0.0494995
0.0494642
0.04949
0.0494291
0.0493758
0.04932
0.0492648
0.0492129
0.0491647
0.0491217
0.049085
0.0490547
0.04903
0.0490096
0.0489924
0.0489778
0.0489652
0.0489546
0.048946
0.0489397
0.0489359
0.0489349
0.0489372
0.0489432
0.048953
0.0489667
0.0489839
0.049004
0.0490263
0.0490498
0.049074
0.049097
0.049119
0.0491395
0.0491577
0.0491726
0.049183
0.0491868
0.049182
0.0491664
0.0491394
0.049103
0.0490646
0.0490378
0.0490401
0.0490838
0.0491698
0.0492544
0.0493044
0.0493241
0.0493277
0.0493231
0.049314
0.049302
0.0492878
0.049272
0.0492546
0.0492358
0.0492156
0.0491938
0.0491689
0.0491392
0.0491091
0.0490799
0.0490528
0.0490289
0.049009
0.0489935
0.0489829
0.0489772
0.0489764
0.0489802
0.0489881
0.0489992
0.0490129
0.0490282
0.0490442
0.0490602
0.0490755
0.0490899
0.0491031
0.0491155
0.0491272
0.049139
0.0491512
0.0491644
0.0491788
0.0491945
0.0492112
0.0492285
0.0492458
0.0492624
0.0492775
0.0492903
0.0493002
0.0493067
0.0493103
0.0493124
0.0493184
0.0493519
0.0495151
0.049487
0.0494969
0.0494399
0.0493888
0.0493332
0.0492774
0.0492245
0.0491753
0.0491307
0.0490922
0.0490601
0.0490337
0.0490119
0.0489937
0.0489781
0.0489646
0.048953
0.048943
0.0489349
0.0489286
0.0489247
0.0489235
0.0489257
0.0489318
0.0489419
0.0489562
0.0489742
0.0489954
0.0490188
0.0490439
0.049069
0.0490937
0.0491175
0.0491397
0.0491592
0.0491749
0.0491851
0.0491876
0.0491804
0.0491622
0.0491343
0.0491021
0.0490771
0.0490746
0.0491138
0.0491831
0.0492454
0.0492825
0.0492985
0.0493011
0.0492956
0.0492848
0.0492705
0.0492536
0.0492345
0.0492135
0.0491908
0.0491665
0.0491389
0.0491069
0.0490754
0.0490457
0.0490188
0.0489955
0.0489767
0.0489628
0.0489541
0.0489509
0.0489529
0.0489599
0.0489713
0.0489864
0.0490041
0.0490237
0.049044
0.0490643
0.0490838
0.0491018
0.049118
0.0491322
0.0491447
0.0491558
0.0491662
0.0491765
0.0491874
0.0491994
0.0492127
0.0492272
0.0492425
0.0492578
0.0492724
0.0492856
0.0492967
0.0493051
0.0493107
0.0493139
0.0493162
0.0493226
0.0493589
0.0495344
0.0495006
0.0495024
0.0494509
0.0494036
0.0493493
0.0492934
0.0492402
0.0491903
0.0491444
0.0491042
0.0490702
0.0490422
0.0490192
0.0490001
0.0489841
0.0489702
0.0489581
0.0489474
0.0489377
0.0489292
0.0489221
0.048917
0.0489147
0.0489158
0.0489211
0.048931
0.0489454
0.048964
0.0489861
0.0490111
0.0490378
0.049065
0.0490923
0.0491189
0.049144
0.0491662
0.049184
0.0491952
0.0491975
0.049189
0.0491696
0.0491428
0.0491179
0.0491126
0.0491426
0.0491878
0.0492251
0.0492461
0.0492537
0.0492519
0.0492434
0.0492301
0.0492132
0.0491933
0.0491712
0.0491471
0.0491212
0.0490921
0.0490598
0.049029
0.0490007
0.0489758
0.0489551
0.0489391
0.0489284
0.0489232
0.0489236
0.0489296
0.0489407
0.0489564
0.0489757
0.0489978
0.0490216
0.0490462
0.0490706
0.0490941
0.049116
0.0491359
0.0491534
0.0491684
0.0491811
0.0491917
0.049201
0.0492097
0.0492184
0.0492278
0.0492382
0.0492496
0.0492616
0.0492737
0.0492853
0.0492956
0.0493041
0.0493104
0.0493147
0.0493174
0.0493199
0.049327
0.0493679
0.0495582
0.049504
0.0495061
0.049462
0.0494209
0.0493691
0.0493139
0.0492613
0.0492114
0.0491649
0.0491233
0.0490877
0.0490582
0.0490342
0.0490147
0.0489986
0.0489851
0.0489733
0.0489623
0.0489518
0.0489415
0.0489314
0.0489221
0.0489145
0.0489097
0.0489087
0.0489124
0.0489213
0.0489355
0.0489547
0.0489781
0.0490053
0.0490344
0.0490649
0.0490961
0.049127
0.0491563
0.0491824
0.049203
0.0492155
0.0492172
0.0492064
0.0491845
0.0491593
0.0491528
0.0491675
0.0491859
0.0491969
0.0491984
0.0491927
0.0491819
0.049167
0.049149
0.0491283
0.0491055
0.049081
0.049055
0.0490264
0.0489965
0.0489691
0.0489448
0.0489243
0.0489082
0.0488971
0.0488914
0.0488914
0.048897
0.0489082
0.0489244
0.048945
0.048969
0.0489956
0.0490235
0.0490518
0.0490795
0.0491061
0.0491309
0.0491535
0.0491737
0.0491913
0.0492063
0.0492188
0.049229
0.0492374
0.0492447
0.0492516
0.0492586
0.049266
0.0492739
0.0492822
0.0492906
0.0492986
0.0493056
0.0493113
0.0493155
0.0493188
0.0493216
0.0493246
0.0493326
0.0493808
0.0495879
0.0494973
0.0495066
0.0494731
0.0494412
0.0493938
0.0493402
0.0492892
0.0492408
0.0491951
0.0491534
0.049117
0.0490866
0.0490619
0.0490423
0.0490268
0.0490142
0.0490033
0.048993
0.0489823
0.0489708
0.0489581
0.0489448
0.0489316
0.04892
0.0489112
0.0489068
0.0489079
0.048915
0.0489286
0.0489483
0.0489738
0.0490034
0.0490362
0.0490712
0.0491076
0.0491439
0.0491784
0.0492086
0.0492315
0.0492436
0.0492415
0.0492243
0.0492006
0.0491913
0.0491876
0.0491795
0.0491648
0.0491453
0.0491235
0.0491006
0.0490768
0.0490524
0.0490274
0.049002
0.0489764
0.0489501
0.0489246
0.0489023
0.0488838
0.0488695
0.04886
0.0488555
0.0488565
0.0488631
0.0488752
0.0488926
0.0489146
0.0489407
0.0489697
0.0490006
0.0490322
0.0490634
0.0490935
0.0491216
0.0491474
0.0491707
0.0491914
0.0492098
0.0492257
0.0492393
0.0492507
0.0492599
0.0492674
0.0492736
0.0492789
0.0492838
0.0492887
0.0492937
0.049299
0.0493043
0.0493096
0.0493141
0.0493177
0.0493206
0.0493245
0.0493287
0.0493326
0.0493416
0.0494024
0.0496247
0.0494853
0.0494989
0.0494828
0.0494647
0.0494247
0.0493735
0.0493258
0.0492814
0.049239
0.0491997
0.0491649
0.0491354
0.0491113
0.0490924
0.0490777
0.0490662
0.0490565
0.0490471
0.0490368
0.0490245
0.04901
0.0489932
0.0489749
0.0489564
0.0489394
0.0489255
0.0489164
0.0489135
0.0489178
0.0489298
0.0489498
0.0489768
0.0490092
0.0490461
0.0490863
0.0491283
0.04917
0.0492091
0.0492419
0.0492641
0.0492709
0.0492592
0.0492386
0.0492243
0.049202
0.0491703
0.0491328
0.0490939
0.0490565
0.0490216
0.0489892
0.0489591
0.0489311
0.0489052
0.0488811
0.04886
0.0488432
0.0488311
0.0488239
0.0488218
0.048825
0.0488337
0.0488477
0.0488668
0.0488907
0.0489187
0.0489499
0.0489833
0.0490177
0.049052
0.049085
0.0491157
0.0491436
0.0491683
0.0491897
0.049208
0.0492238
0.0492374
0.0492492
0.0492594
0.0492681
0.0492754
0.0492815
0.0492866
0.049291
0.049295
0.0492991
0.0493034
0.049308
0.0493128
0.0493175
0.0493212
0.0493239
0.0493279
0.0493378
0.0493461
0.0493506
0.049372
0.0494567
0.0496698
0.0494741
0.0494753
0.0494885
0.0494904
0.0494627
0.0494155
0.0493733
0.0493369
0.0493023
0.0492698
0.0492404
0.0492151
0.0491942
0.0491775
0.0491644
0.049154
0.0491449
0.0491359
0.0491257
0.0491131
0.0490974
0.0490786
0.049057
0.0490336
0.0490098
0.0489873
0.0489679
0.0489532
0.0489449
0.0489444
0.0489527
0.0489707
0.0489972
0.0490308
0.0490702
0.0491139
0.0491596
0.0492046
0.0492453
0.0492763
0.0492912
0.0492863
0.0492693
0.049248
0.0492094
0.0491583
0.0491029
0.0490493
0.0490005
0.0489575
0.0489203
0.0488885
0.0488618
0.0488399
0.0488237
0.0488134
0.0488087
0.0488095
0.0488157
0.0488272
0.0488438
0.048865
0.0488906
0.0489198
0.0489521
0.0489865
0.0490219
0.0490573
0.0490917
0.0491238
0.0491528
0.049178
0.0491991
0.049216
0.0492291
0.0492389
0.0492463
0.049252
0.0492567
0.049261
0.0492653
0.0492699
0.0492748
0.04928
0.0492859
0.0492923
0.0492994
0.049307
0.0493147
0.0493221
0.0493281
0.0493319
0.0493355
0.0493492
0.0493869
0.0493984
0.0494284
0.0494455
0.0495424
0.0497178
0.0494838
0.0494915
0.0495023
0.0495198
0.0495122
0.0494729
0.0494419
0.0494206
0.0494022
0.0493846
0.0493681
0.049353
0.0493393
0.0493269
0.0493157
0.0493052
0.049295
0.0492845
0.0492731
0.0492601
0.049245
0.0492276
0.049208
0.0491867
0.0491644
0.0491422
0.0491212
0.0491028
0.0490881
0.0490784
0.0490748
0.049078
0.04909
0.0491108
0.0491398
0.0491755
0.0492158
0.0492578
0.0492978
0.0493295
0.0493455
0.0493419
0.04932
0.049295
0.049248
0.0491872
0.0491243
0.0490665
0.0490169
0.0489765
0.0489451
0.0489221
0.0489068
0.0488983
0.0488958
0.0488987
0.0489064
0.0489186
0.0489347
0.0489545
0.0489774
0.049003
0.0490307
0.0490599
0.0490898
0.0491198
0.0491489
0.0491763
0.0492014
0.0492233
0.0492417
0.0492564
0.0492674
0.0492754
0.0492808
0.0492847
0.0492877
0.0492906
0.049294
0.0492981
0.0493031
0.0493091
0.049316
0.0493236
0.0493315
0.0493394
0.0493471
0.0493542
0.0493603
0.0493647
0.0493667
0.0493674
0.0493842
0.0494893
0.0496719
0.0497136
0.0496207
0.0496205
0.0497122
0.0497942
)
;

boundaryField
{
    floor
    {
        type            fixedFluxPressure;
        gradient        uniform 0;
        value           nonuniform List<scalar> 
100
(
0.0492165
0.049215
0.0492134
0.0492118
0.0492104
0.0492087
0.0492064
0.0492037
0.0492011
0.0491995
0.0492005
0.0492057
0.0492162
0.0492321
0.049252
0.0492734
0.0492938
0.049311
0.0493239
0.049333
0.0493391
0.0493416
0.049341
0.0493382
0.0493342
0.0493294
0.0493245
0.0493198
0.0493154
0.0493117
0.0493086
0.0493063
0.0493045
0.0493035
0.0493031
0.0493032
0.0493037
0.0493044
0.0493052
0.0493059
0.0493064
0.0493066
0.0493064
0.0493057
0.0493044
0.0493023
0.0492997
0.0492968
0.0492954
0.0492886
0.0492879
0.0492852
0.0492837
0.0492827
0.0492817
0.0492806
0.0492796
0.0492784
0.0492772
0.049276
0.0492749
0.0492739
0.0492731
0.0492725
0.0492722
0.0492722
0.0492726
0.0492733
0.0492741
0.0492751
0.0492763
0.0492775
0.0492789
0.0492802
0.0492816
0.0492828
0.0492839
0.0492847
0.0492852
0.0492854
0.049285
0.0492841
0.0492826
0.0492807
0.0492781
0.0492745
0.0492698
0.0492642
0.049258
0.0492515
0.0492449
0.0492387
0.049233
0.049228
0.0492237
0.0492198
0.0492163
0.049213
0.0492114
0.0492163
)
;
    }
    ceiling
    {
        type            fixedFluxPressure;
        gradient        nonuniform List<scalar> 
100
(
0.370594
0.369065
0.367314
0.36466
0.366208
0.373263
0.378041
0.380413
0.381973
0.383229
0.384258
0.385078
0.385711
0.386194
0.386576
0.38693
0.387354
0.387968
0.388911
0.390315
0.392287
0.394882
0.398099
0.40188
0.406126
0.410714
0.41551
0.420387
0.425235
0.429961
0.434494
0.438783
0.442581
0.445837
0.448627
0.451044
0.453177
0.455107
0.456907
0.458645
0.460401
0.462502
0.465467
0.465191
0.46428
0.463141
0.461924
0.46066
0.459323
0.457861
0.456214
0.454318
0.452109
0.449555
0.446692
0.443516
0.440023
0.436216
0.432105
0.427708
0.423054
0.418181
0.413146
0.408019
0.402887
0.397856
0.393045
0.388578
0.38458
0.381159
0.378394
0.376322
0.374931
0.374158
0.3739
0.374034
0.374434
0.374996
0.375637
0.376296
0.376927
0.377489
0.377971
0.378394
0.378788
0.379183
0.379604
0.380087
0.380683
0.38148
0.382581
0.383713
0.381321
0.360822
0.324451
0.316539
0.335871
0.336356
0.317836
0.301149
)
;
        value           nonuniform List<scalar> 
100
(
0.0513368
0.0513368
0.0513389
0.0513431
0.0513432
0.0513392
0.0513321
0.0513227
0.051312
0.0513008
0.0512894
0.0512784
0.0512679
0.0512579
0.0512486
0.0512399
0.0512318
0.0512244
0.0512177
0.0512117
0.0512065
0.051202
0.0511985
0.0511961
0.051195
0.0511958
0.0511988
0.0512047
0.0512143
0.0512282
0.0512472
0.051272
0.0513029
0.05134
0.051383
0.0514307
0.0514816
0.0515334
0.0515823
0.0516227
0.0516475
0.0516544
0.0516473
0.051621
0.0515694
0.0515029
0.051434
0.0513698
0.0513135
0.0512658
0.0512262
0.0511937
0.0511673
0.0511461
0.0511293
0.0511163
0.0511065
0.0510997
0.0510953
0.0510931
0.0510927
0.0510939
0.0510964
0.0511
0.0511043
0.0511091
0.0511141
0.0511192
0.0511243
0.0511291
0.0511337
0.051138
0.0511421
0.0511462
0.0511503
0.0511549
0.0511599
0.0511656
0.0511722
0.0511796
0.0511877
0.0511966
0.0512059
0.0512155
0.0512254
0.0512353
0.0512451
0.0512547
0.0512637
0.0512721
0.0512796
0.051286
0.0512908
0.0512934
0.0512942
0.0512963
0.0513
0.0513023
0.0513014
0.0512999
)
;
    }
    fixedWalls
    {
        type            fixedFluxPressure;
        gradient        uniform 0;
        value           nonuniform List<scalar> 
100
(
0.0492165
0.0492245
0.0492276
0.0492307
0.0492335
0.0492392
0.0492752
0.0493585
0.0493466
0.049341
0.0493431
0.0493528
0.0493702
0.0494057
0.049398
0.04939
0.0493832
0.0493779
0.0493736
0.0493699
0.0493666
0.0493635
0.0493596
0.0493541
0.0493469
0.0493395
0.0493334
0.0493292
0.0493265
0.0493249
0.0493233
0.0493207
0.0493151
0.0493088
0.0493052
0.0493053
0.0493097
0.0493192
0.0493353
0.0493606
0.0493958
0.049433
0.0494642
0.049487
0.0495006
0.049504
0.0494973
0.0494853
0.0494741
0.0494838
0.0492163
0.049214
0.0491891
0.0491597
0.0491328
0.0491083
0.0490853
0.0490636
0.0490431
0.0490238
0.0490055
0.0489883
0.048972
0.0489566
0.0489422
0.0489287
0.0489161
0.0489046
0.048894
0.0488843
0.0488753
0.048867
0.0488613
0.0488604
0.0488676
0.0488864
0.0489191
0.0489643
0.0490178
0.0490976
0.0494501
0.0495069
0.0494924
0.0494818
0.0494747
0.0494702
0.0494677
0.0494673
0.0494708
0.0494774
0.049487
0.0494995
0.0495151
0.0495344
0.0495582
0.0495879
0.0496247
0.0496698
0.0497178
0.0497942
)
;
    }
    frontAndBack
    {
        type            empty;
    }
}


// ************************************************************************* //
