/*--------------------------------*- C++ -*----------------------------------*\
| =========                 |                                                 |
| \\      /  F ield         | OpenFOAM: The Open Source CFD Toolbox           |
|  \\    /   O peration     | Version:  4.1                                   |
|   \\  /    A nd           | Web:      www.OpenFOAM.org                      |
|    \\/     M anipulation  |                                                 |
\*---------------------------------------------------------------------------*/
FoamFile
{
    version     2.0;
    format      ascii;
    class       volScalarField;
    location    "1920";
    object      p_rgh;
}
// * * * * * * * * * * * * * * * * * * * * * * * * * * * * * * * * * * * * * //

dimensions      [0 2 -2 0 0 0 0];

internalField   nonuniform List<scalar> 
5000
(
0.0491943
0.0491823
0.0491905
0.0492177
0.0492484
0.0492681
0.0492705
0.0492506
0.0492155
0.0491771
0.0491437
0.0491188
0.0491029
0.049095
0.0490929
0.0490947
0.0490981
0.0491008
0.0490986
0.0490845
0.0490672
0.0490503
0.0490378
0.0490289
0.0490227
0.0490187
0.0490166
0.0490162
0.0490174
0.0490198
0.0490231
0.0490268
0.0490309
0.049035
0.0490389
0.0490425
0.0490456
0.0490482
0.0490501
0.0490514
0.049052
0.0490522
0.0490518
0.049051
0.0490499
0.0490487
0.0490473
0.0490463
0.0490457
0.0490467
0.0490482
0.0490421
0.0490443
0.0490484
0.0490527
0.0490538
0.0490323
0.0489979
0.048977
0.0489699
0.0489645
0.0489748
0.0489868
0.0489956
0.0490016
0.0490072
0.0490133
0.0490196
0.0490256
0.049031
0.0490357
0.0490397
0.0490431
0.0490463
0.04905
0.0490549
0.0490613
0.0490677
0.0490741
0.0490782
0.0490755
0.0490594
0.0490482
0.0490576
0.0490683
0.0490911
0.0491242
0.0491522
0.0491716
0.0491853
0.049196
0.0492049
0.0492117
0.0492158
0.0492155
0.049209
0.0491981
0.0491898
0.0491896
0.0491937
0.0491763
0.0491718
0.0491806
0.0492025
0.0492306
0.0492497
0.0492524
0.0492348
0.0492041
0.0491704
0.0491414
0.0491208
0.049109
0.0491046
0.0491055
0.0491092
0.0491121
0.0491089
0.0490953
0.0490817
0.0490885
0.049091
0.0490894
0.0490865
0.0490838
0.0490816
0.0490801
0.0490792
0.0490788
0.0490794
0.0490813
0.0490841
0.0490875
0.0490914
0.0490954
0.0490994
0.0491032
0.0491068
0.0491099
0.0491127
0.0491149
0.0491168
0.0491181
0.049119
0.0491194
0.0491195
0.0491191
0.0491183
0.0491171
0.0491156
0.0491138
0.0491126
0.04911
0.0491062
0.0491011
0.0490919
0.0490655
0.0489951
0.0489361
0.0489434
0.0490031
0.0490201
0.0490448
0.0490671
0.0490837
0.0490957
0.049105
0.0491127
0.0491193
0.0491253
0.049131
0.0491365
0.0491419
0.0491471
0.0491521
0.0491569
0.0491613
0.0491656
0.0491699
0.0491734
0.0491749
0.0491588
0.0490897
0.0490629
0.0490689
0.0491104
0.0491559
0.0491857
0.0492053
0.0492188
0.0492284
0.0492357
0.049241
0.0492443
0.0492449
0.0492413
0.0492282
0.049207
0.0491993
0.0491993
0.0491431
0.049151
0.0491591
0.0491789
0.0492053
0.0492223
0.0492231
0.0492061
0.0491777
0.0491468
0.0491207
0.0491032
0.0490947
0.049094
0.0490987
0.0491054
0.0491079
0.049096
0.0490667
0.0490632
0.0490927
0.0491033
0.0491017
0.0490954
0.0490882
0.0490817
0.0490769
0.049074
0.0490731
0.049074
0.049076
0.049079
0.0490825
0.0490865
0.0490905
0.0490946
0.0490984
0.049102
0.0491053
0.0491081
0.0491105
0.0491126
0.0491142
0.0491153
0.0491161
0.0491164
0.0491163
0.0491159
0.0491151
0.049114
0.0491126
0.0491113
0.049109
0.0491059
0.0491016
0.0490946
0.0490773
0.0489697
0.0488747
0.048878
0.0489235
0.0489871
0.0490349
0.0490662
0.0490864
0.0490994
0.0491091
0.0491168
0.0491235
0.0491295
0.0491353
0.0491408
0.0491463
0.0491516
0.0491568
0.0491618
0.0491667
0.0491715
0.0491765
0.0491817
0.0491874
0.0491924
0.0491484
0.0491111
0.0491181
0.0491498
0.0491774
0.0491985
0.0492133
0.0492236
0.0492314
0.0492375
0.0492423
0.0492456
0.0492466
0.0492441
0.0492331
0.0492095
0.0491957
0.0491909
0.0491097
0.0491283
0.0491387
0.049158
0.0491801
0.0491934
0.0491903
0.049171
0.0491424
0.0491133
0.0490903
0.0490765
0.0490718
0.0490748
0.0490829
0.0490914
0.0490908
0.0490665
0.0490251
0.0490443
0.049089
0.0491011
0.0490977
0.0490896
0.0490813
0.0490746
0.0490701
0.049068
0.0490679
0.0490692
0.0490715
0.0490745
0.0490781
0.049082
0.0490859
0.0490898
0.0490935
0.0490968
0.0490998
0.0491023
0.0491043
0.0491059
0.049107
0.0491078
0.0491082
0.0491084
0.0491082
0.0491079
0.0491073
0.0491066
0.0491058
0.049105
0.049104
0.0491029
0.0491017
0.0491
0.0490939
0.0489674
0.0488477
0.0488539
0.0488989
0.0489568
0.049017
0.0490595
0.049084
0.0490982
0.0491077
0.0491152
0.0491218
0.0491278
0.0491336
0.0491393
0.0491449
0.0491504
0.0491559
0.0491613
0.0491667
0.0491721
0.0491779
0.0491841
0.0491913
0.0492001
0.0491995
0.0491799
0.0491835
0.0491968
0.0492053
0.0492131
0.0492205
0.0492273
0.0492334
0.0492388
0.0492434
0.0492467
0.0492481
0.0492457
0.049234
0.0492066
0.0491857
0.0491746
0.0490812
0.0491072
0.0491234
0.0491401
0.0491581
0.0491659
0.0491566
0.049132
0.0491011
0.0490727
0.0490527
0.0490433
0.049043
0.0490502
0.0490616
0.0490707
0.0490645
0.0490264
0.0489851
0.0490332
0.049083
0.0490934
0.0490891
0.0490815
0.0490746
0.0490695
0.0490665
0.0490653
0.0490656
0.0490672
0.0490696
0.0490726
0.0490762
0.0490801
0.0490841
0.0490879
0.0490916
0.0490948
0.0490975
0.0490997
0.0491013
0.0491024
0.0491029
0.0491031
0.0491028
0.0491022
0.0491014
0.0491005
0.0490996
0.0490988
0.0490982
0.049098
0.0490982
0.0490991
0.0491012
0.049105
0.0491107
0.0490452
0.0488946
0.0488968
0.048935
0.0489846
0.0490291
0.0490621
0.0490829
0.0490955
0.0491043
0.0491113
0.0491177
0.0491238
0.0491298
0.0491357
0.0491416
0.0491475
0.0491534
0.0491593
0.0491653
0.0491714
0.0491778
0.0491847
0.0491923
0.049201
0.04921
0.0492119
0.0492133
0.0492147
0.049216
0.0492195
0.0492244
0.0492299
0.0492354
0.0492406
0.0492452
0.0492487
0.0492501
0.0492471
0.0492336
0.0492018
0.0491737
0.0491561
0.0490583
0.0490924
0.0491067
0.0491245
0.049139
0.0491406
0.0491231
0.0490905
0.049055
0.0490264
0.0490095
0.0490045
0.0490094
0.0490215
0.0490363
0.0490451
0.0490309
0.0489803
0.0489563
0.0490294
0.0490762
0.0490844
0.0490803
0.0490745
0.0490698
0.0490665
0.0490647
0.0490638
0.0490641
0.0490656
0.049068
0.0490711
0.0490747
0.0490788
0.0490829
0.0490869
0.0490906
0.049094
0.0490968
0.049099
0.0491006
0.0491016
0.049102
0.0491018
0.0491011
0.0491
0.0490987
0.0490972
0.0490957
0.0490943
0.0490934
0.049093
0.0490935
0.0490952
0.0490989
0.0491056
0.0491165
0.049118
0.0490193
0.0489983
0.0490107
0.0490335
0.0490549
0.0490713
0.0490831
0.0490917
0.0490987
0.0491051
0.0491113
0.0491175
0.0491237
0.04913
0.0491363
0.0491427
0.0491491
0.0491556
0.0491622
0.049169
0.0491759
0.0491832
0.0491908
0.0491989
0.0492069
0.0492129
0.0492156
0.0492169
0.0492189
0.0492224
0.0492271
0.0492323
0.0492377
0.0492429
0.0492477
0.0492513
0.0492526
0.0492486
0.0492325
0.0491961
0.0491613
0.049138
0.0490398
0.0490833
0.0490927
0.0491098
0.0491221
0.049118
0.0490911
0.049048
0.0490062
0.0489768
0.0489632
0.0489632
0.0489739
0.0489914
0.0490093
0.0490158
0.0489907
0.0489338
0.048943
0.0490302
0.0490698
0.0490759
0.049073
0.0490693
0.0490663
0.0490639
0.0490623
0.0490617
0.0490622
0.0490636
0.0490659
0.049069
0.0490727
0.0490769
0.0490813
0.0490856
0.0490896
0.0490933
0.0490964
0.0490989
0.0491008
0.0491019
0.0491024
0.0491023
0.0491016
0.0491005
0.0490989
0.0490972
0.0490954
0.0490937
0.0490923
0.0490915
0.0490916
0.0490929
0.0490961
0.0491018
0.0491109
0.0491235
0.0491042
0.0490806
0.0490695
0.0490678
0.0490706
0.049075
0.0490802
0.0490856
0.0490912
0.0490969
0.0491029
0.0491092
0.0491157
0.0491223
0.0491291
0.0491361
0.0491431
0.0491502
0.0491575
0.0491648
0.0491723
0.0491799
0.0491876
0.0491953
0.0492026
0.0492087
0.049213
0.0492164
0.0492199
0.0492242
0.0492292
0.0492346
0.0492401
0.0492456
0.0492506
0.0492544
0.0492554
0.0492501
0.049231
0.0491897
0.049149
0.0491209
0.0490239
0.0490717
0.0490815
0.0490963
0.0491074
0.0490987
0.0490618
0.049006
0.0489568
0.048927
0.0489171
0.0489227
0.0489399
0.0489629
0.0489825
0.0489828
0.0489428
0.0488979
0.048945
0.0490336
0.0490646
0.0490694
0.0490676
0.0490651
0.0490629
0.049061
0.0490597
0.0490592
0.0490595
0.0490607
0.0490629
0.0490661
0.0490701
0.0490747
0.0490795
0.0490843
0.0490889
0.0490931
0.0490967
0.0490996
0.0491019
0.0491034
0.0491042
0.0491043
0.0491038
0.0491028
0.0491014
0.0490996
0.0490977
0.0490958
0.0490942
0.049093
0.0490925
0.0490931
0.0490953
0.0490994
0.0491053
0.049112
0.0491119
0.0491001
0.0490866
0.0490775
0.0490734
0.049073
0.0490748
0.0490782
0.0490826
0.0490878
0.0490936
0.0490999
0.0491065
0.0491135
0.0491207
0.0491281
0.0491357
0.0491434
0.0491512
0.0491592
0.0491671
0.0491752
0.0491831
0.0491909
0.0491982
0.0492047
0.0492103
0.0492152
0.0492201
0.0492253
0.0492308
0.0492366
0.0492426
0.0492484
0.0492538
0.0492579
0.0492585
0.0492515
0.0492291
0.0491828
0.0491368
0.0491049
0.0490088
0.0490649
0.0490681
0.0490831
0.0490953
0.0490841
0.0490371
0.0489668
0.0489098
0.0488812
0.0488758
0.0488877
0.0489116
0.048939
0.0489559
0.0489409
0.048899
0.0488797
0.0489588
0.0490384
0.0490614
0.0490652
0.0490642
0.0490624
0.0490606
0.0490589
0.0490574
0.0490564
0.0490561
0.049057
0.0490593
0.0490629
0.0490675
0.0490728
0.0490785
0.0490841
0.0490894
0.0490943
0.0490985
0.049102
0.0491047
0.0491067
0.0491079
0.0491084
0.0491082
0.0491074
0.0491062
0.0491046
0.0491028
0.0491009
0.049099
0.0490974
0.0490964
0.0490962
0.0490969
0.0490985
0.0491007
0.0491023
0.0491013
0.0490944
0.0490846
0.0490763
0.0490715
0.0490699
0.0490705
0.0490728
0.0490763
0.0490807
0.0490858
0.0490916
0.049098
0.0491048
0.0491121
0.0491197
0.0491276
0.0491357
0.049144
0.0491524
0.0491609
0.0491693
0.0491777
0.0491858
0.0491936
0.0492008
0.0492074
0.0492136
0.0492196
0.0492258
0.0492321
0.0492385
0.0492449
0.0492513
0.0492572
0.0492616
0.0492619
0.0492531
0.049227
0.0491755
0.0491247
0.0490897
0.0489939
0.0490584
0.0490514
0.0490711
0.0490876
0.049076
0.0490194
0.0489329
0.0488686
0.0488447
0.0488451
0.0488637
0.0488926
0.0489194
0.0489231
0.0489
0.0488701
0.0488804
0.0489799
0.0490438
0.0490603
0.0490636
0.0490632
0.049062
0.0490603
0.049058
0.049055
0.0490525
0.0490515
0.0490525
0.0490555
0.0490602
0.0490661
0.0490727
0.0490795
0.0490862
0.0490925
0.0490981
0.049103
0.0491071
0.0491103
0.0491127
0.0491143
0.0491151
0.0491153
0.0491149
0.0491139
0.0491125
0.0491109
0.049109
0.0491071
0.0491052
0.0491037
0.0491025
0.0491018
0.0491013
0.0491007
0.0490992
0.0490961
0.0490902
0.0490827
0.049076
0.0490715
0.0490695
0.0490694
0.0490708
0.0490734
0.049077
0.0490814
0.0490866
0.0490923
0.0490987
0.0491056
0.049113
0.0491208
0.0491289
0.0491373
0.0491459
0.0491546
0.0491634
0.0491721
0.0491806
0.0491889
0.0491968
0.0492043
0.0492115
0.0492186
0.0492258
0.0492329
0.0492401
0.0492472
0.0492542
0.0492607
0.0492655
0.0492655
0.0492547
0.0492246
0.0491678
0.0491128
0.0490753
0.0489813
0.0490405
0.049035
0.0490639
0.0490869
0.0490771
0.0490119
0.0489089
0.0488392
0.0488259
0.0488326
0.0488566
0.0488833
0.0488976
0.0488922
0.0488711
0.0488584
0.0488983
0.0490033
0.0490495
0.0490615
0.0490645
0.0490647
0.0490638
0.0490608
0.0490554
0.04905
0.0490465
0.049046
0.0490484
0.0490532
0.0490599
0.0490677
0.049076
0.0490843
0.0490921
0.0490993
0.0491056
0.0491111
0.0491155
0.0491191
0.0491218
0.0491236
0.0491247
0.0491252
0.049125
0.0491243
0.0491232
0.0491218
0.0491201
0.0491183
0.0491163
0.0491144
0.0491126
0.0491107
0.0491087
0.0491063
0.0491031
0.0490988
0.049093
0.0490866
0.0490807
0.0490764
0.0490739
0.0490731
0.0490736
0.0490753
0.0490779
0.0490814
0.0490857
0.0490907
0.0490963
0.0491026
0.0491094
0.0491167
0.0491245
0.0491326
0.049141
0.0491497
0.0491585
0.0491673
0.0491761
0.0491848
0.0491932
0.0492015
0.0492096
0.0492176
0.0492255
0.0492335
0.0492414
0.0492492
0.0492569
0.0492641
0.0492695
0.0492694
0.0492567
0.0492222
0.0491598
0.0491009
0.0490616
0.0489789
0.0490148
0.0490252
0.0490661
0.0490965
0.0490896
0.0490171
0.0489
0.0488303
0.048836
0.0488486
0.0488611
0.0488772
0.0488811
0.0488711
0.048857
0.0488635
0.0489289
0.049025
0.0490556
0.0490647
0.0490677
0.0490682
0.0490649
0.0490562
0.0490473
0.0490413
0.0490395
0.0490417
0.0490473
0.0490553
0.0490647
0.0490748
0.0490847
0.0490943
0.049103
0.0491107
0.0491174
0.049123
0.0491275
0.0491311
0.0491337
0.0491355
0.0491367
0.0491372
0.0491371
0.0491366
0.0491357
0.0491345
0.0491331
0.0491315
0.0491297
0.0491277
0.0491256
0.0491231
0.0491203
0.049117
0.049113
0.0491081
0.0491025
0.0490966
0.0490912
0.0490869
0.0490839
0.0490823
0.0490818
0.0490825
0.0490841
0.0490866
0.0490899
0.0490939
0.0490986
0.049104
0.04911
0.0491165
0.0491235
0.049131
0.0491389
0.0491472
0.0491556
0.0491643
0.0491731
0.0491819
0.0491907
0.0491994
0.0492081
0.0492167
0.0492254
0.049234
0.0492426
0.0492512
0.0492596
0.0492674
0.0492735
0.0492734
0.0492589
0.0492197
0.0491515
0.049089
0.0490482
0.0489895
0.049004
0.0490297
0.0490815
0.0491182
0.0491139
0.0490357
0.0489089
0.0488461
0.0488615
0.0488685
0.0488743
0.0488787
0.0488738
0.0488624
0.0488576
0.0488832
0.0489664
0.0490426
0.0490623
0.0490694
0.0490713
0.0490672
0.0490545
0.0490421
0.0490345
0.0490326
0.049036
0.0490433
0.0490534
0.0490649
0.049077
0.0490888
0.0491
0.0491101
0.0491189
0.0491265
0.0491328
0.049138
0.049142
0.0491451
0.0491473
0.0491488
0.0491496
0.0491499
0.0491498
0.0491493
0.0491485
0.0491475
0.0491463
0.0491449
0.0491434
0.0491416
0.0491395
0.049137
0.049134
0.0491305
0.0491264
0.0491217
0.0491165
0.0491111
0.049106
0.0491017
0.0490984
0.0490962
0.049095
0.0490947
0.0490953
0.0490967
0.049099
0.0491019
0.0491056
0.0491099
0.0491148
0.0491203
0.0491264
0.049133
0.04914
0.0491475
0.0491554
0.0491636
0.049172
0.0491806
0.0491894
0.0491983
0.0492073
0.0492164
0.0492256
0.0492348
0.049244
0.0492531
0.0492621
0.0492706
0.0492773
0.0492775
0.0492613
0.0492173
0.0491429
0.0490771
0.0490351
0.0490109
0.0490116
0.0490517
0.0491118
0.0491515
0.0491482
0.0490651
0.0489337
0.0488762
0.0488873
0.0488914
0.0488915
0.0488866
0.0488755
0.0488652
0.048871
0.0489137
0.0490042
0.0490548
0.0490677
0.0490708
0.0490644
0.0490466
0.0490322
0.0490252
0.0490256
0.0490318
0.0490423
0.0490553
0.0490695
0.0490838
0.0490975
0.04911
0.0491211
0.0491306
0.0491386
0.0491452
0.0491504
0.0491544
0.0491574
0.0491595
0.0491609
0.0491617
0.049162
0.0491618
0.0491614
0.0491607
0.0491599
0.0491589
0.0491578
0.0491566
0.0491553
0.0491538
0.049152
0.0491498
0.0491471
0.049144
0.0491403
0.0491362
0.0491316
0.049127
0.0491225
0.0491185
0.0491152
0.0491127
0.0491109
0.04911
0.0491098
0.0491104
0.0491117
0.0491136
0.0491162
0.0491194
0.0491232
0.0491276
0.0491326
0.0491381
0.0491442
0.0491507
0.0491577
0.0491652
0.049173
0.0491812
0.0491897
0.0491984
0.0492074
0.0492167
0.0492261
0.0492357
0.0492453
0.049255
0.0492645
0.0492736
0.0492809
0.0492814
0.0492637
0.0492149
0.0491342
0.049065
0.049022
0.0490392
0.0490391
0.0490924
0.0491558
0.0491937
0.0491881
0.0490995
0.0489737
0.0489063
0.0489116
0.0489146
0.04891
0.0488986
0.0488842
0.048877
0.0488932
0.0489509
0.0490332
0.0490595
0.0490633
0.0490527
0.0490302
0.0490167
0.0490138
0.0490192
0.0490305
0.0490455
0.0490623
0.0490795
0.049096
0.0491111
0.0491246
0.0491361
0.0491457
0.0491534
0.0491595
0.0491642
0.0491676
0.04917
0.0491715
0.0491724
0.0491727
0.0491725
0.0491721
0.0491714
0.0491705
0.0491695
0.0491684
0.0491673
0.0491662
0.049165
0.0491639
0.0491626
0.0491611
0.0491592
0.0491571
0.0491546
0.0491517
0.0491484
0.0491448
0.0491411
0.0491375
0.0491341
0.0491311
0.0491287
0.0491269
0.0491257
0.0491251
0.049125
0.0491256
0.0491268
0.0491285
0.0491308
0.0491336
0.049137
0.0491409
0.0491453
0.0491503
0.0491559
0.0491619
0.0491685
0.0491756
0.0491831
0.0491911
0.0491995
0.0492083
0.0492175
0.049227
0.0492367
0.0492466
0.0492566
0.0492666
0.0492762
0.049284
0.0492848
0.0492658
0.0492123
0.0491251
0.0490527
0.0490087
0.0490691
0.049088
0.0491513
0.0492104
0.0492403
0.0492288
0.0491393
0.0490157
0.0489356
0.0489343
0.0489362
0.0489278
0.0489124
0.0488969
0.0488937
0.0489187
0.0489878
0.0490398
0.0490457
0.0490305
0.0490058
0.0489972
0.0490016
0.0490147
0.049033
0.0490537
0.0490748
0.0490951
0.0491135
0.0491297
0.0491433
0.0491545
0.0491634
0.0491702
0.0491752
0.0491787
0.049181
0.0491823
0.0491828
0.0491827
0.0491822
0.0491814
0.0491804
0.0491792
0.0491779
0.0491766
0.0491753
0.0491739
0.0491726
0.0491713
0.0491701
0.0491688
0.0491676
0.0491662
0.0491646
0.0491629
0.049161
0.0491588
0.0491564
0.0491538
0.0491511
0.0491484
0.0491458
0.0491435
0.0491416
0.04914
0.0491389
0.0491383
0.049138
0.0491383
0.049139
0.0491401
0.0491417
0.0491438
0.0491463
0.0491494
0.0491529
0.049157
0.0491617
0.0491669
0.0491726
0.0491789
0.0491858
0.0491932
0.0492012
0.0492097
0.0492186
0.049228
0.0492377
0.0492477
0.0492579
0.0492682
0.0492781
0.0492864
0.0492874
0.0492674
0.0492094
0.0491157
0.04904
0.048995
0.0490935
0.0491603
0.0492246
0.049269
0.0492855
0.0492656
0.0491808
0.0490596
0.0489645
0.0489528
0.0489538
0.0489431
0.0489257
0.0489103
0.0489101
0.048943
0.0490009
0.0490148
0.0489988
0.0489763
0.0489759
0.0489904
0.0490132
0.0490398
0.049067
0.0490928
0.0491159
0.0491358
0.0491522
0.0491654
0.0491756
0.049183
0.0491883
0.0491916
0.0491934
0.0491941
0.0491939
0.049193
0.0491917
0.0491901
0.0491885
0.0491867
0.049185
0.0491833
0.0491816
0.04918
0.0491784
0.0491769
0.0491754
0.0491739
0.0491725
0.0491711
0.0491696
0.0491681
0.0491666
0.0491651
0.0491634
0.0491617
0.0491599
0.0491581
0.0491562
0.0491544
0.0491526
0.0491511
0.0491497
0.0491487
0.0491479
0.0491475
0.0491474
0.0491476
0.0491482
0.0491491
0.0491503
0.0491519
0.049154
0.0491564
0.0491594
0.0491628
0.0491667
0.0491713
0.0491764
0.0491821
0.0491884
0.0491953
0.0492028
0.049211
0.0492196
0.0492288
0.0492384
0.0492484
0.0492587
0.0492691
0.0492793
0.0492879
0.0492892
0.0492683
0.0492061
0.049106
0.0490269
0.0489807
0.049171
0.0492561
0.0493014
0.0493219
0.0493231
0.0492966
0.0492227
0.049108
0.0489959
0.0489652
0.0489663
0.0489546
0.0489363
0.048921
0.0489231
0.048955
0.0489731
0.0489615
0.0489455
0.0489553
0.0489816
0.0490157
0.0490516
0.0490856
0.0491159
0.0491413
0.0491619
0.0491779
0.0491897
0.0491981
0.0492037
0.0492068
0.0492081
0.049208
0.0492067
0.0492047
0.0492022
0.0491995
0.0491967
0.0491939
0.0491914
0.049189
0.0491868
0.0491849
0.0491831
0.0491814
0.0491798
0.0491783
0.0491767
0.0491752
0.0491736
0.0491719
0.0491703
0.0491685
0.0491669
0.0491652
0.0491635
0.0491619
0.0491604
0.0491589
0.0491574
0.0491561
0.049155
0.049154
0.0491532
0.0491527
0.0491523
0.0491522
0.0491524
0.0491528
0.0491534
0.0491543
0.0491554
0.0491569
0.0491587
0.0491608
0.0491634
0.0491665
0.04917
0.0491742
0.0491789
0.0491842
0.0491901
0.0491966
0.0492038
0.0492116
0.04922
0.049229
0.0492385
0.0492484
0.0492587
0.0492692
0.0492796
0.0492883
0.0492898
0.0492681
0.0492021
0.0490957
0.0490132
0.0489657
0.0493177
0.0493533
0.0493622
0.0493592
0.0493491
0.049323
0.049266
0.0491664
0.0490416
0.0489716
0.0489737
0.0489618
0.0489433
0.0489288
0.0489307
0.0489378
0.0489284
0.0489202
0.0489405
0.0489796
0.0490255
0.0490706
0.0491109
0.0491445
0.0491711
0.0491911
0.0492056
0.0492154
0.0492215
0.0492247
0.0492255
0.0492246
0.0492223
0.0492191
0.0492151
0.0492108
0.0492064
0.049202
0.049198
0.0491943
0.0491911
0.0491883
0.049186
0.0491841
0.0491825
0.0491811
0.0491798
0.0491785
0.0491772
0.0491758
0.0491742
0.0491725
0.0491707
0.0491688
0.0491668
0.0491649
0.049163
0.0491612
0.0491596
0.049158
0.0491567
0.0491555
0.0491546
0.0491539
0.0491534
0.0491531
0.0491531
0.0491532
0.0491536
0.0491541
0.0491549
0.0491559
0.049157
0.0491585
0.0491603
0.0491624
0.0491649
0.0491678
0.0491712
0.0491752
0.0491797
0.0491848
0.0491904
0.0491967
0.0492036
0.0492111
0.0492192
0.0492279
0.0492373
0.0492472
0.0492575
0.0492682
0.0492787
0.0492877
0.0492893
0.0492669
0.0491973
0.049085
0.0489989
0.04895
0.0494092
0.0494055
0.049392
0.049378
0.0493645
0.0493465
0.049311
0.0492381
0.0491166
0.0489717
0.0489758
0.0489648
0.0489475
0.0489342
0.048926
0.0489137
0.048911
0.0489414
0.0489928
0.0490494
0.0491019
0.0491458
0.0491801
0.0492054
0.049223
0.0492346
0.0492416
0.049245
0.0492457
0.0492443
0.0492412
0.0492368
0.0492314
0.0492253
0.0492189
0.0492125
0.0492063
0.0492006
0.0491955
0.0491911
0.0491875
0.0491846
0.0491825
0.0491809
0.0491798
0.049179
0.0491783
0.0491775
0.0491767
0.0491757
0.0491745
0.049173
0.0491712
0.0491692
0.0491672
0.049165
0.0491629
0.0491608
0.0491589
0.0491571
0.0491555
0.0491542
0.0491531
0.0491524
0.0491518
0.0491516
0.0491516
0.0491518
0.0491522
0.0491529
0.0491537
0.0491547
0.049156
0.0491576
0.0491594
0.0491616
0.0491642
0.0491673
0.0491707
0.0491746
0.0491789
0.0491837
0.049189
0.0491949
0.0492013
0.0492085
0.0492163
0.0492249
0.0492343
0.0492443
0.0492548
0.0492657
0.0492766
0.0492859
0.0492877
0.0492646
0.0491917
0.0490737
0.0489841
0.0489335
0.0494411
0.0494192
0.0493993
0.0493845
0.0493742
0.0493666
0.0493529
0.0493168
0.0492344
0.0490776
0.0489729
0.048965
0.0489513
0.0489378
0.0489248
0.0489275
0.0489722
0.0490351
0.0490984
0.0491524
0.0491942
0.0492241
0.0492443
0.049257
0.0492644
0.0492679
0.0492685
0.0492668
0.0492633
0.0492581
0.0492515
0.0492439
0.0492356
0.0492269
0.0492182
0.0492099
0.0492021
0.0491952
0.0491892
0.0491843
0.0491806
0.0491779
0.0491761
0.0491751
0.0491747
0.0491747
0.0491749
0.049175
0.049175
0.0491747
0.049174
0.0491729
0.0491714
0.0491696
0.0491676
0.0491654
0.0491631
0.0491608
0.0491586
0.0491565
0.0491546
0.049153
0.0491516
0.0491505
0.0491497
0.0491492
0.049149
0.0491491
0.0491495
0.04915
0.0491509
0.049152
0.0491534
0.0491551
0.0491572
0.0491596
0.0491624
0.0491654
0.0491687
0.0491723
0.0491762
0.0491803
0.0491849
0.04919
0.0491958
0.0492025
0.0492102
0.0492189
0.0492286
0.049239
0.0492502
0.0492618
0.0492733
0.0492831
0.0492851
0.0492613
0.0491853
0.049062
0.0489688
0.0489164
0.0494499
0.0494187
0.0493983
0.0493865
0.0493817
0.0493816
0.0493829
0.0493784
0.049351
0.0492623
0.0489825
0.048977
0.0489717
0.0489701
0.0489895
0.0490568
0.0491262
0.0491845
0.0492278
0.049257
0.0492753
0.0492859
0.0492915
0.0492937
0.0492936
0.0492916
0.0492878
0.0492824
0.0492753
0.0492667
0.0492568
0.0492461
0.0492349
0.0492237
0.049213
0.049203
0.049194
0.0491863
0.0491799
0.0491748
0.0491711
0.0491687
0.0491675
0.0491672
0.0491677
0.0491686
0.0491698
0.0491709
0.0491719
0.0491724
0.0491724
0.0491719
0.0491709
0.0491695
0.0491677
0.0491656
0.0491633
0.0491609
0.0491584
0.049156
0.0491538
0.0491517
0.0491499
0.0491484
0.0491472
0.0491463
0.0491458
0.0491456
0.0491458
0.0491463
0.0491472
0.0491485
0.0491502
0.0491522
0.0491544
0.0491569
0.0491596
0.0491622
0.0491647
0.0491672
0.0491697
0.0491724
0.0491757
0.0491797
0.0491849
0.0491915
0.0491995
0.0492089
0.0492196
0.0492313
0.0492436
0.0492563
0.0492688
0.0492794
0.0492816
0.049257
0.0491781
0.0490498
0.0489531
0.0488988
0.0494526
0.0494155
0.0493959
0.0493884
0.049388
0.0493919
0.0493985
0.0494052
0.0494017
0.0493482
0.0490991
0.0490879
0.0491065
0.0491543
0.049229
0.0492771
0.0493043
0.0493183
0.0493242
0.0493257
0.049325
0.0493233
0.049321
0.049318
0.0493141
0.0493088
0.0493017
0.0492929
0.0492822
0.0492699
0.0492567
0.0492429
0.0492292
0.0492161
0.049204
0.0491932
0.0491838
0.0491759
0.0491695
0.0491645
0.0491611
0.0491592
0.0491585
0.0491589
0.0491602
0.0491621
0.0491641
0.0491662
0.049168
0.0491693
0.0491701
0.0491702
0.0491697
0.0491686
0.049167
0.049165
0.0491626
0.04916
0.0491573
0.0491545
0.0491518
0.0491493
0.0491469
0.0491449
0.0491433
0.0491421
0.0491413
0.0491411
0.0491414
0.0491421
0.0491434
0.049145
0.049147
0.0491491
0.0491511
0.0491529
0.0491543
0.0491552
0.0491556
0.0491558
0.049156
0.0491568
0.0491586
0.049162
0.0491673
0.0491745
0.0491838
0.0491949
0.0492075
0.0492212
0.0492354
0.0492498
0.0492637
0.0492752
0.0492777
0.0492522
0.0491703
0.0490374
0.0489373
0.0488809
0.0494538
0.0494125
0.0493952
0.0493911
0.0493936
0.0493997
0.0494081
0.0494184
0.0494301
0.0494419
0.0494288
0.0494015
0.0494095
0.0494186
0.0494096
0.0493959
0.0493828
0.0493717
0.0493627
0.0493558
0.0493503
0.0493457
0.0493411
0.049336
0.0493295
0.0493211
0.0493105
0.0492978
0.0492832
0.0492674
0.049251
0.0492349
0.0492197
0.0492059
0.0491937
0.0491832
0.0491744
0.049167
0.0491611
0.0491566
0.0491535
0.0491519
0.0491516
0.0491525
0.0491544
0.0491568
0.0491596
0.0491622
0.0491646
0.0491665
0.0491676
0.0491681
0.0491677
0.0491667
0.049165
0.0491627
0.04916
0.0491569
0.0491536
0.0491503
0.049147
0.0491439
0.0491412
0.0491389
0.0491372
0.0491361
0.0491358
0.0491361
0.0491369
0.0491383
0.04914
0.0491417
0.0491431
0.049144
0.0491442
0.0491434
0.0491418
0.0491395
0.0491369
0.0491344
0.0491327
0.0491323
0.0491337
0.0491374
0.0491438
0.0491528
0.0491643
0.049178
0.0491932
0.0492095
0.0492261
0.0492426
0.0492582
0.0492708
0.0492735
0.049247
0.0491622
0.0490248
0.0489215
0.0488629
0.0494545
0.0494113
0.049396
0.0493944
0.0493988
0.0494057
0.049414
0.0494231
0.0494329
0.0494435
0.0494538
0.0494559
0.0494498
0.0494381
0.0494243
0.0494108
0.0493987
0.0493886
0.0493804
0.0493738
0.0493683
0.049363
0.0493571
0.0493497
0.0493401
0.0493279
0.0493132
0.0492963
0.0492781
0.0492594
0.0492411
0.0492243
0.0492093
0.0491964
0.0491857
0.0491768
0.0491694
0.0491631
0.0491578
0.0491536
0.0491507
0.0491492
0.0491491
0.0491502
0.0491523
0.049155
0.0491578
0.0491606
0.049163
0.0491648
0.0491658
0.0491659
0.049165
0.0491633
0.0491607
0.0491575
0.0491537
0.0491496
0.0491454
0.0491413
0.0491376
0.0491345
0.049132
0.0491304
0.0491297
0.0491298
0.0491306
0.0491319
0.0491333
0.0491345
0.049135
0.0491345
0.049133
0.0491303
0.0491266
0.0491222
0.0491173
0.0491124
0.049108
0.0491044
0.0491024
0.0491022
0.0491045
0.0491095
0.0491177
0.049129
0.0491431
0.0491597
0.049178
0.0491973
0.0492166
0.0492354
0.0492528
0.0492666
0.0492695
0.0492417
0.0491539
0.0490122
0.0489058
0.0488451
0.0494554
0.0494115
0.0493978
0.0493981
0.0494036
0.0494104
0.0494173
0.0494242
0.0494315
0.0494392
0.0494457
0.0494474
0.0494438
0.0494363
0.0494269
0.0494171
0.0494081
0.0494004
0.0493939
0.0493882
0.0493827
0.0493765
0.0493685
0.0493581
0.0493446
0.0493282
0.0493092
0.0492888
0.049268
0.049248
0.04923
0.0492144
0.0492015
0.0491912
0.0491831
0.0491765
0.0491708
0.0491655
0.0491607
0.0491566
0.0491537
0.0491522
0.0491521
0.0491533
0.0491553
0.0491578
0.0491603
0.0491624
0.0491639
0.0491646
0.0491641
0.0491625
0.0491597
0.0491558
0.049151
0.0491457
0.0491403
0.0491351
0.0491306
0.049127
0.0491245
0.0491232
0.0491229
0.0491234
0.0491244
0.0491254
0.0491259
0.0491255
0.0491239
0.0491211
0.0491174
0.0491127
0.0491074
0.0491016
0.0490955
0.0490895
0.0490838
0.0490788
0.0490748
0.0490721
0.0490711
0.0490723
0.0490759
0.0490825
0.0490924
0.0491058
0.0491225
0.049142
0.0491633
0.0491855
0.0492077
0.0492289
0.0492481
0.0492629
0.0492658
0.0492365
0.0491455
0.0489996
0.0488904
0.0488275
0.0494567
0.0494125
0.0494002
0.049402
0.0494079
0.0494138
0.0494187
0.0494231
0.0494277
0.0494325
0.0494365
0.0494379
0.0494361
0.0494318
0.0494261
0.04942
0.0494141
0.0494089
0.049404
0.049399
0.0493931
0.0493851
0.0493743
0.04936
0.0493422
0.0493217
0.0492994
0.0492769
0.0492557
0.0492369
0.0492212
0.0492088
0.0491993
0.0491922
0.0491868
0.0491822
0.0491777
0.049173
0.0491683
0.0491643
0.0491615
0.0491602
0.0491603
0.0491614
0.049163
0.0491645
0.0491655
0.0491654
0.0491641
0.0491614
0.049157
0.049151
0.0491441
0.0491367
0.0491297
0.0491236
0.0491189
0.0491158
0.0491144
0.049115
0.0491166
0.049117
0.0491146
0.0491103
0.0491059
0.0491023
0.0490991
0.0490956
0.0490915
0.0490866
0.0490813
0.0490756
0.0490699
0.0490643
0.049059
0.0490541
0.0490498
0.0490464
0.0490441
0.0490432
0.0490439
0.0490465
0.0490515
0.0490593
0.0490704
0.0490854
0.0491041
0.049126
0.0491502
0.0491752
0.0491999
0.0492233
0.0492442
0.04926
0.0492626
0.0492315
0.0491371
0.0489873
0.0488754
0.0488103
0.0494583
0.0494141
0.0494031
0.049406
0.0494118
0.0494161
0.0494186
0.0494203
0.0494224
0.049425
0.0494274
0.0494286
0.0494283
0.0494266
0.049424
0.0494209
0.0494178
0.0494146
0.0494109
0.0494059
0.0493986
0.0493881
0.0493736
0.0493551
0.0493335
0.04931
0.0492863
0.0492643
0.0492451
0.0492295
0.0492176
0.0492088
0.0492025
0.049198
0.0491942
0.0491905
0.0491863
0.0491815
0.0491768
0.0491731
0.0491706
0.0491692
0.0491688
0.0491683
0.0491673
0.0491654
0.0491621
0.0491562
0.0491471
0.0491383
0.0491293
0.0491211
0.0491143
0.0491091
0.0491058
0.0491048
0.0491046
0.0491002
0.0490925
0.0490855
0.0490825
0.0490796
0.0490744
0.0490679
0.049062
0.0490576
0.0490543
0.0490513
0.0490481
0.0490446
0.0490408
0.0490369
0.0490331
0.0490295
0.0490262
0.0490233
0.049021
0.0490196
0.0490192
0.0490201
0.0490224
0.0490264
0.0490324
0.0490409
0.0490529
0.0490688
0.049089
0.0491129
0.0491393
0.0491668
0.0491938
0.0492192
0.0492415
0.0492579
0.0492599
0.0492268
0.0491289
0.0489752
0.048861
0.0487937
0.0494602
0.049416
0.0494064
0.0494101
0.0494152
0.0494175
0.0494173
0.0494165
0.0494164
0.0494173
0.0494187
0.0494201
0.049421
0.0494214
0.0494212
0.0494206
0.0494196
0.0494177
0.0494143
0.0494083
0.0493988
0.049385
0.0493666
0.0493446
0.0493205
0.0492962
0.0492737
0.0492545
0.049239
0.0492273
0.0492188
0.0492127
0.049208
0.0492043
0.0492005
0.049196
0.0491909
0.0491855
0.0491804
0.049176
0.0491717
0.0491669
0.0491615
0.049155
0.0491474
0.0491388
0.0491296
0.0491205
0.0491124
0.0491057
0.0491005
0.0490953
0.0490897
0.0490832
0.0490749
0.049065
0.0490552
0.0490473
0.0490389
0.0490311
0.0490294
0.0490281
0.0490251
0.0490214
0.0490183
0.0490159
0.0490142
0.0490127
0.0490111
0.0490094
0.0490075
0.0490055
0.0490035
0.0490017
0.0490001
0.0489989
0.0489984
0.0489988
0.0490003
0.0490029
0.0490067
0.0490118
0.0490185
0.0490275
0.0490398
0.0490564
0.0490776
0.0491031
0.0491314
0.0491608
0.0491897
0.0492166
0.04924
0.0492567
0.0492579
0.0492225
0.0491208
0.0489634
0.0488472
0.0487779
0.0494624
0.0494184
0.0494102
0.0494144
0.0494182
0.0494181
0.0494153
0.0494122
0.0494103
0.0494098
0.0494107
0.0494123
0.0494143
0.0494162
0.0494179
0.049419
0.0494193
0.0494179
0.0494138
0.049406
0.0493936
0.0493764
0.0493548
0.0493309
0.0493067
0.0492839
0.0492647
0.0492493
0.0492375
0.0492286
0.0492218
0.0492162
0.049211
0.0492057
0.0491998
0.0491933
0.0491861
0.0491785
0.0491704
0.0491618
0.0491525
0.0491428
0.0491326
0.0491223
0.049112
0.0491021
0.0490926
0.0490835
0.0490745
0.0490653
0.0490557
0.049046
0.049036
0.0490254
0.049016
0.049008
0.0490019
0.0489981
0.0489953
0.0489926
0.0489918
0.0489913
0.0489901
0.0489887
0.0489873
0.0489862
0.0489852
0.0489844
0.0489836
0.0489828
0.0489819
0.048981
0.0489801
0.0489795
0.0489792
0.0489796
0.0489809
0.0489832
0.0489867
0.0489911
0.0489962
0.0490021
0.0490092
0.0490185
0.049031
0.049048
0.0490702
0.0490968
0.0491266
0.0491574
0.0491876
0.0492156
0.0492397
0.0492564
0.0492565
0.0492184
0.0491128
0.0489517
0.0488341
0.0487629
0.0494649
0.0494213
0.0494145
0.0494188
0.0494208
0.0494182
0.0494129
0.0494078
0.0494042
0.0494028
0.0494033
0.0494052
0.0494079
0.0494109
0.0494138
0.0494159
0.0494166
0.0494147
0.0494092
0.0493991
0.049384
0.049364
0.0493409
0.0493173
0.0492953
0.0492756
0.0492601
0.0492478
0.0492378
0.0492295
0.049222
0.0492149
0.0492074
0.0491993
0.0491904
0.0491805
0.0491698
0.0491584
0.0491464
0.0491339
0.0491213
0.0491086
0.049096
0.0490834
0.049071
0.0490586
0.0490463
0.0490341
0.0490222
0.0490108
0.0490003
0.0489913
0.0489842
0.0489793
0.048976
0.0489738
0.0489722
0.0489712
0.0489704
0.0489692
0.0489675
0.048966
0.0489649
0.0489639
0.048963
0.0489621
0.0489615
0.048961
0.0489606
0.0489603
0.0489601
0.04896
0.0489603
0.048961
0.0489624
0.048965
0.0489688
0.0489736
0.048979
0.0489847
0.0489904
0.0489966
0.0490039
0.0490133
0.0490261
0.0490436
0.0490665
0.0490941
0.0491248
0.0491567
0.0491877
0.0492163
0.0492406
0.049257
0.0492556
0.0492145
0.0491048
0.0489402
0.0488218
0.0487489
0.0494678
0.0494248
0.0494193
0.0494233
0.0494233
0.049418
0.0494105
0.0494034
0.0493986
0.0493964
0.0493966
0.0493985
0.0494016
0.0494053
0.0494087
0.049411
0.0494113
0.0494084
0.049401
0.0493886
0.0493716
0.0493504
0.0493278
0.0493066
0.0492878
0.0492716
0.0492579
0.0492464
0.0492362
0.0492267
0.0492174
0.0492077
0.0491972
0.0491857
0.0491733
0.0491599
0.0491458
0.0491311
0.0491161
0.049101
0.0490858
0.0490709
0.0490564
0.0490423
0.049029
0.0490165
0.0490051
0.0489948
0.0489858
0.0489781
0.0489717
0.0489664
0.048962
0.0489584
0.0489553
0.0489526
0.0489503
0.0489486
0.048947
0.0489454
0.0489437
0.0489423
0.0489409
0.04894
0.0489394
0.0489391
0.048939
0.0489391
0.0489395
0.0489401
0.048941
0.0489424
0.0489446
0.0489479
0.0489523
0.048958
0.0489646
0.0489713
0.0489776
0.0489834
0.0489889
0.0489949
0.0490021
0.0490117
0.0490249
0.0490431
0.0490667
0.0490949
0.0491261
0.0491583
0.0491896
0.0492184
0.0492426
0.0492582
0.049255
0.0492106
0.0490964
0.0489286
0.0488103
0.0487363
0.0494713
0.049429
0.0494248
0.049428
0.0494257
0.0494179
0.0494081
0.0493994
0.0493934
0.0493905
0.0493902
0.049392
0.0493951
0.0493987
0.049402
0.049404
0.0494033
0.0493989
0.0493898
0.049376
0.0493583
0.0493386
0.0493186
0.0492997
0.0492827
0.0492678
0.0492546
0.0492426
0.0492312
0.0492198
0.049208
0.0491954
0.0491819
0.0491673
0.0491517
0.0491354
0.0491187
0.0491017
0.0490848
0.0490683
0.0490525
0.0490375
0.0490237
0.049011
0.0489996
0.0489893
0.0489803
0.0489723
0.0489653
0.048959
0.0489535
0.0489484
0.0489438
0.0489396
0.0489357
0.0489322
0.0489289
0.048926
0.0489237
0.0489219
0.0489204
0.0489194
0.0489188
0.0489186
0.0489188
0.0489193
0.0489203
0.0489217
0.0489237
0.0489263
0.0489295
0.0489335
0.0489387
0.0489451
0.0489524
0.0489604
0.0489683
0.0489753
0.0489811
0.048986
0.0489909
0.0489966
0.0490038
0.0490136
0.0490274
0.0490462
0.0490704
0.0490989
0.0491302
0.0491622
0.0491933
0.0492217
0.0492455
0.04926
0.0492547
0.0492065
0.0490875
0.0489168
0.0488
0.0487251
0.0494753
0.0494339
0.0494308
0.0494329
0.0494283
0.049418
0.0494061
0.0493958
0.0493887
0.049385
0.0493841
0.0493854
0.049388
0.0493911
0.0493937
0.0493946
0.0493928
0.0493872
0.0493774
0.0493637
0.0493471
0.049329
0.0493108
0.0492935
0.0492775
0.0492628
0.0492491
0.049236
0.0492229
0.0492093
0.049195
0.0491797
0.0491634
0.0491463
0.0491285
0.0491105
0.0490925
0.0490749
0.0490582
0.0490424
0.0490278
0.0490144
0.0490023
0.0489912
0.0489813
0.0489722
0.048964
0.0489565
0.0489496
0.0489433
0.0489375
0.0489321
0.0489272
0.0489227
0.0489187
0.0489151
0.0489119
0.0489091
0.0489068
0.0489051
0.0489041
0.0489038
0.0489041
0.0489051
0.0489067
0.048909
0.0489119
0.0489155
0.0489199
0.048925
0.0489308
0.0489375
0.0489451
0.0489533
0.0489618
0.0489701
0.0489774
0.0489834
0.0489882
0.0489923
0.0489966
0.0490022
0.0490095
0.0490197
0.0490338
0.0490529
0.049077
0.0491056
0.0491367
0.0491681
0.0491985
0.0492263
0.0492492
0.0492623
0.0492543
0.0492017
0.0490772
0.0489043
0.0487913
0.0487163
0.0494801
0.0494396
0.0494373
0.0494382
0.0494312
0.0494185
0.0494046
0.0493928
0.0493844
0.0493796
0.0493778
0.0493783
0.0493801
0.0493822
0.0493838
0.0493837
0.0493809
0.0493748
0.049365
0.049352
0.0493366
0.04932
0.0493031
0.0492867
0.049271
0.0492559
0.0492413
0.0492267
0.0492116
0.0491959
0.0491794
0.049162
0.049144
0.0491255
0.0491069
0.0490887
0.0490712
0.0490547
0.0490392
0.0490249
0.0490118
0.0489996
0.0489885
0.0489781
0.0489686
0.0489597
0.0489515
0.048944
0.048937
0.0489307
0.048925
0.0489199
0.0489154
0.0489115
0.048908
0.0489051
0.0489027
0.0489008
0.0488994
0.0488987
0.0488989
0.0489
0.0489019
0.0489047
0.0489083
0.0489126
0.0489176
0.0489233
0.0489297
0.0489368
0.0489444
0.0489525
0.0489609
0.0489692
0.0489772
0.0489844
0.0489904
0.0489953
0.0489992
0.0490027
0.0490068
0.0490122
0.0490197
0.0490301
0.0490443
0.0490632
0.0490868
0.0491146
0.0491451
0.0491758
0.0492052
0.0492319
0.0492536
0.0492648
0.0492533
0.0491947
0.0490625
0.0488925
0.0487853
0.0487104
0.0494855
0.049446
0.0494443
0.0494439
0.0494347
0.0494198
0.0494038
0.0493902
0.0493804
0.0493743
0.0493713
0.0493706
0.0493712
0.0493722
0.0493726
0.0493715
0.0493681
0.0493617
0.0493524
0.0493403
0.049326
0.0493105
0.0492945
0.0492785
0.0492626
0.0492468
0.049231
0.0492149
0.0491982
0.0491809
0.0491629
0.0491445
0.0491259
0.0491074
0.0490895
0.0490724
0.0490562
0.049041
0.0490269
0.0490136
0.0490012
0.0489896
0.0489787
0.0489685
0.048959
0.0489502
0.0489422
0.0489349
0.0489284
0.0489227
0.0489177
0.0489135
0.0489099
0.0489071
0.0489049
0.0489034
0.0489025
0.0489023
0.0489027
0.0489038
0.0489059
0.0489088
0.0489126
0.0489172
0.0489225
0.0489285
0.0489351
0.0489423
0.0489499
0.0489579
0.0489661
0.0489744
0.0489824
0.04899
0.0489969
0.0490029
0.0490078
0.0490117
0.049015
0.0490183
0.0490222
0.0490275
0.0490349
0.0490452
0.0490593
0.0490776
0.0491001
0.0491265
0.0491554
0.0491855
0.0492135
0.0492388
0.0492585
0.0492668
0.0492497
0.0491805
0.0490456
0.048883
0.0487825
0.0487082
0.0494916
0.0494529
0.0494517
0.04945
0.0494389
0.0494218
0.0494039
0.0493884
0.0493768
0.0493691
0.0493647
0.0493625
0.0493617
0.0493613
0.0493605
0.0493584
0.0493544
0.049348
0.049339
0.0493277
0.0493144
0.0492998
0.0492843
0.0492683
0.049252
0.0492356
0.0492187
0.0492015
0.0491837
0.0491656
0.0491473
0.049129
0.049111
0.0490936
0.049077
0.0490612
0.0490463
0.0490321
0.0490187
0.0490059
0.0489937
0.0489822
0.0489713
0.0489612
0.0489519
0.0489435
0.048936
0.0489294
0.0489238
0.0489191
0.0489152
0.0489123
0.0489102
0.048909
0.0489086
0.0489089
0.0489101
0.048912
0.0489146
0.0489178
0.0489217
0.0489264
0.0489318
0.0489378
0.0489445
0.0489517
0.0489594
0.0489674
0.0489757
0.048984
0.0489922
0.0490002
0.0490076
0.0490144
0.0490204
0.0490255
0.0490297
0.0490331
0.0490361
0.0490392
0.0490431
0.0490483
0.0490556
0.0490656
0.0490791
0.0490964
0.0491175
0.049142
0.0491689
0.0491968
0.0492235
0.0492466
0.0492632
0.0492657
0.0492381
0.049161
0.0490284
0.0488764
0.0487837
0.0487102
0.0494981
0.0494601
0.0494593
0.0494567
0.049444
0.049425
0.0494049
0.0493874
0.0493738
0.0493643
0.0493581
0.0493542
0.0493518
0.0493499
0.0493478
0.0493447
0.04934
0.0493334
0.0493247
0.0493139
0.0493013
0.0492872
0.049272
0.0492561
0.0492396
0.0492226
0.0492053
0.0491876
0.0491697
0.0491518
0.0491341
0.0491167
0.0491
0.049084
0.0490687
0.049054
0.0490398
0.0490262
0.0490129
0.0490002
0.0489879
0.0489763
0.0489656
0.0489558
0.0489469
0.0489392
0.0489325
0.0489269
0.0489223
0.0489188
0.0489162
0.0489147
0.0489142
0.0489146
0.048916
0.0489182
0.0489213
0.0489252
0.0489298
0.0489349
0.0489405
0.0489466
0.0489533
0.0489605
0.0489683
0.0489764
0.0489849
0.0489935
0.0490021
0.0490105
0.0490187
0.0490264
0.0490335
0.0490399
0.0490455
0.0490503
0.0490544
0.0490579
0.0490611
0.0490645
0.0490686
0.0490741
0.0490814
0.0490912
0.049104
0.0491201
0.0491395
0.0491617
0.0491859
0.0492108
0.0492342
0.0492534
0.0492637
0.0492567
0.0492192
0.049138
0.0490117
0.0488736
0.0487892
0.048717
0.049505
0.0494674
0.049467
0.0494639
0.0494501
0.0494295
0.0494073
0.0493875
0.0493717
0.0493601
0.0493519
0.0493462
0.049342
0.0493384
0.0493348
0.0493306
0.0493251
0.0493181
0.0493094
0.0492988
0.0492867
0.049273
0.0492582
0.0492425
0.0492261
0.0492092
0.049192
0.0491747
0.0491575
0.0491406
0.0491241
0.0491082
0.0490928
0.0490779
0.0490635
0.0490494
0.0490355
0.0490219
0.0490084
0.0489954
0.048983
0.0489715
0.048961
0.0489517
0.0489435
0.0489365
0.0489307
0.048926
0.0489224
0.0489199
0.0489184
0.048918
0.0489186
0.0489202
0.0489228
0.0489263
0.0489307
0.0489359
0.0489417
0.0489482
0.0489551
0.0489624
0.0489701
0.0489782
0.0489867
0.0489954
0.0490043
0.0490133
0.0490221
0.0490308
0.0490391
0.0490469
0.0490542
0.0490609
0.049067
0.0490724
0.0490773
0.0490818
0.0490862
0.0490907
0.0490959
0.0491021
0.0491099
0.0491198
0.0491321
0.049147
0.0491644
0.0491838
0.0492044
0.0492246
0.0492423
0.0492541
0.0492553
0.0492384
0.0491939
0.049113
0.0489972
0.0488752
0.0487994
0.0487287
0.0495118
0.0494744
0.0494747
0.0494718
0.0494576
0.0494357
0.0494115
0.0493892
0.049371
0.049357
0.0493466
0.0493388
0.0493327
0.0493275
0.0493223
0.0493168
0.0493104
0.0493028
0.0492938
0.0492834
0.0492715
0.0492583
0.049244
0.0492288
0.049213
0.0491968
0.0491805
0.0491642
0.0491483
0.0491328
0.0491177
0.0491029
0.0490886
0.0490745
0.0490606
0.0490466
0.0490325
0.0490184
0.0490046
0.0489912
0.0489787
0.0489673
0.0489571
0.0489483
0.0489408
0.0489345
0.0489293
0.0489253
0.0489223
0.0489203
0.0489194
0.0489194
0.0489204
0.0489224
0.0489254
0.0489292
0.0489338
0.0489392
0.0489453
0.0489521
0.0489594
0.0489671
0.0489753
0.0489838
0.0489926
0.0490016
0.0490106
0.0490197
0.0490287
0.0490377
0.0490464
0.049055
0.0490632
0.0490711
0.0490785
0.0490856
0.0490924
0.0490989
0.0491053
0.0491119
0.0491189
0.0491267
0.0491356
0.0491459
0.0491577
0.0491712
0.049186
0.0492016
0.0492169
0.0492305
0.0492403
0.0492433
0.0492355
0.0492115
0.0491643
0.0490883
0.0489862
0.0488817
0.0488143
0.0487455
0.0495185
0.0494807
0.049482
0.0494803
0.0494667
0.0494442
0.0494181
0.0493932
0.0493722
0.0493556
0.0493428
0.0493329
0.0493248
0.0493177
0.0493111
0.0493043
0.0492969
0.0492886
0.0492793
0.0492689
0.0492573
0.0492446
0.0492311
0.0492168
0.0492021
0.0491871
0.0491721
0.0491572
0.0491427
0.0491284
0.0491144
0.0491006
0.049087
0.0490733
0.0490594
0.0490451
0.0490304
0.0490156
0.0490011
0.0489872
0.0489745
0.0489632
0.0489533
0.048945
0.0489379
0.0489321
0.0489272
0.0489234
0.0489205
0.0489184
0.0489173
0.0489171
0.0489177
0.0489193
0.0489216
0.0489248
0.0489288
0.0489335
0.0489389
0.0489449
0.0489515
0.0489586
0.0489662
0.0489742
0.0489826
0.0489913
0.0490002
0.0490093
0.0490186
0.0490279
0.0490373
0.0490467
0.0490561
0.0490655
0.0490748
0.049084
0.0490931
0.049102
0.0491109
0.0491199
0.0491291
0.0491386
0.0491486
0.0491591
0.0491703
0.0491818
0.0491932
0.0492041
0.0492134
0.04922
0.0492224
0.0492184
0.0492051
0.0491783
0.0491332
0.049066
0.0489797
0.0488928
0.0488333
0.0487667
0.049525
0.0494861
0.0494887
0.0494894
0.0494778
0.0494556
0.0494281
0.0494005
0.0493763
0.0493567
0.0493413
0.049329
0.0493189
0.0493101
0.049302
0.0492939
0.0492856
0.0492768
0.0492672
0.0492568
0.0492456
0.0492337
0.0492211
0.0492081
0.0491946
0.049181
0.0491675
0.049154
0.0491405
0.0491272
0.049114
0.049101
0.0490878
0.0490742
0.0490599
0.0490449
0.0490292
0.0490133
0.0489978
0.0489833
0.0489703
0.0489589
0.0489492
0.0489411
0.0489342
0.0489285
0.0489236
0.0489194
0.0489161
0.0489134
0.0489115
0.0489104
0.04891
0.0489104
0.0489116
0.0489136
0.0489163
0.0489197
0.0489237
0.0489284
0.0489337
0.0489394
0.0489456
0.0489523
0.0489594
0.0489669
0.0489749
0.0489832
0.048992
0.0490013
0.0490109
0.0490209
0.049031
0.0490414
0.049052
0.0490627
0.0490735
0.0490843
0.0490952
0.049106
0.0491168
0.0491275
0.0491381
0.0491484
0.0491584
0.0491678
0.0491761
0.0491831
0.0491879
0.04919
0.0491883
0.0491813
0.0491669
0.049142
0.0491031
0.0490475
0.0489779
0.0489078
0.0488557
0.0487916
0.0495314
0.0494903
0.0494943
0.049499
0.0494911
0.0494707
0.0494427
0.0494124
0.0493846
0.0493615
0.0493431
0.0493282
0.0493159
0.0493054
0.0492958
0.0492867
0.0492776
0.0492682
0.0492585
0.0492484
0.0492377
0.0492266
0.049215
0.0492032
0.049191
0.0491788
0.0491665
0.0491541
0.0491417
0.0491293
0.0491169
0.0491043
0.0490913
0.0490775
0.0490625
0.0490463
0.0490292
0.0490119
0.048995
0.0489795
0.0489658
0.0489541
0.0489443
0.0489361
0.0489292
0.0489231
0.0489178
0.0489131
0.0489088
0.0489051
0.048902
0.0488995
0.0488977
0.0488966
0.0488961
0.0488964
0.0488974
0.0488991
0.0489014
0.0489044
0.0489078
0.0489118
0.0489163
0.0489213
0.0489267
0.0489325
0.0489388
0.0489456
0.048953
0.0489609
0.0489694
0.0489785
0.0489883
0.0489985
0.049009
0.04902
0.0490312
0.0490427
0.0490543
0.0490658
0.0490772
0.0490883
0.049099
0.049109
0.0491182
0.0491264
0.0491333
0.0491387
0.0491421
0.0491433
0.0491415
0.0491357
0.0491244
0.0491053
0.0490755
0.0490333
0.0489803
0.0489256
0.04888
0.0488187
0.0495387
0.0494933
0.0494985
0.0495088
0.0495072
0.0494904
0.0494634
0.0494309
0.0493991
0.0493717
0.0493496
0.0493317
0.0493169
0.0493043
0.0492932
0.0492831
0.0492733
0.0492637
0.0492539
0.0492441
0.0492339
0.0492236
0.0492131
0.0492023
0.0491915
0.0491804
0.0491692
0.0491579
0.0491465
0.049135
0.0491233
0.0491112
0.0490983
0.0490839
0.0490679
0.0490502
0.0490312
0.0490118
0.0489931
0.048976
0.0489612
0.0489487
0.0489384
0.0489298
0.0489224
0.0489158
0.0489098
0.0489042
0.0488989
0.0488939
0.0488894
0.0488853
0.0488818
0.0488789
0.0488766
0.048875
0.048874
0.0488737
0.048874
0.0488749
0.0488764
0.0488783
0.0488807
0.0488836
0.0488869
0.0488907
0.0488949
0.0488997
0.0489049
0.0489108
0.0489173
0.0489245
0.0489324
0.048941
0.0489503
0.04896
0.0489703
0.048981
0.048992
0.0490032
0.0490143
0.0490252
0.0490358
0.0490458
0.0490551
0.0490635
0.049071
0.0490772
0.0490821
0.0490855
0.049087
0.0490858
0.0490808
0.04907
0.0490513
0.049023
0.0489857
0.0489445
0.0489048
0.0488466
0.0495495
0.0494976
0.0495007
0.0495184
0.0495264
0.049515
0.0494921
0.0494587
0.0494227
0.0493899
0.049363
0.0493411
0.0493232
0.0493081
0.0492951
0.0492837
0.0492732
0.0492632
0.0492535
0.049244
0.0492345
0.0492249
0.0492153
0.0492057
0.0491959
0.049186
0.049176
0.0491658
0.0491555
0.049145
0.0491341
0.0491225
0.0491097
0.0490948
0.0490776
0.0490579
0.0490364
0.0490142
0.0489928
0.0489734
0.0489567
0.0489428
0.0489315
0.048922
0.0489138
0.0489064
0.0488994
0.0488928
0.0488864
0.0488802
0.0488743
0.0488687
0.0488636
0.0488589
0.0488547
0.0488511
0.0488482
0.0488458
0.048844
0.0488427
0.048842
0.0488417
0.0488419
0.0488426
0.0488437
0.0488452
0.0488472
0.0488497
0.0488526
0.0488561
0.0488602
0.048865
0.0488704
0.0488766
0.0488836
0.0488912
0.0488996
0.0489086
0.0489181
0.048928
0.0489383
0.0489486
0.048959
0.0489692
0.0489792
0.0489888
0.0489981
0.0490069
0.0490152
0.0490228
0.0490297
0.0490351
0.0490381
0.0490372
0.0490302
0.0490155
0.0489924
0.0489629
0.0489284
0.0488737
0.0495686
0.049512
0.0495023
0.0495287
0.0495518
0.0495438
0.0495297
0.0494987
0.0494596
0.04942
0.0493868
0.0493598
0.0493375
0.0493188
0.049303
0.0492895
0.0492776
0.049267
0.0492572
0.0492479
0.049239
0.0492302
0.0492216
0.049213
0.0492044
0.0491957
0.049187
0.0491781
0.0491692
0.04916
0.0491503
0.0491396
0.0491271
0.0491121
0.0490937
0.0490718
0.0490472
0.0490213
0.048996
0.0489731
0.0489534
0.0489372
0.048924
0.0489129
0.0489034
0.0488948
0.0488868
0.0488791
0.0488717
0.0488645
0.0488574
0.0488507
0.0488442
0.0488381
0.0488324
0.0488272
0.0488225
0.0488183
0.0488146
0.0488114
0.0488087
0.0488064
0.0488046
0.0488032
0.0488022
0.0488016
0.0488014
0.0488016
0.0488023
0.0488035
0.0488051
0.0488074
0.0488103
0.0488139
0.0488182
0.0488234
0.0488293
0.048836
0.0488435
0.0488517
0.0488605
0.0488699
0.0488798
0.0488902
0.0489009
0.0489119
0.0489234
0.0489352
0.0489476
0.0489604
0.0489734
0.0489862
0.0489979
0.049007
0.0490115
0.0490092
0.0489984
0.0489789
0.0489493
0.0488984
0.0495943
0.049547
0.0495265
0.0495528
0.0496016
0.049575
0.0495751
0.0495533
0.0495166
0.0494692
0.0494272
0.0493933
0.0493653
0.0493413
0.0493208
0.0493035
0.0492888
0.0492762
0.0492654
0.0492558
0.0492471
0.049239
0.0492313
0.0492238
0.0492165
0.0492092
0.049202
0.0491948
0.0491877
0.0491805
0.0491727
0.0491638
0.0491529
0.0491387
0.04912
0.0490961
0.0490678
0.0490369
0.0490062
0.0489781
0.0489539
0.048934
0.0489177
0.0489041
0.0488924
0.0488819
0.0488724
0.0488634
0.0488549
0.0488468
0.048839
0.0488316
0.0488244
0.0488176
0.0488111
0.048805
0.0487992
0.0487939
0.048789
0.0487845
0.0487804
0.0487767
0.0487734
0.0487704
0.0487677
0.0487653
0.0487633
0.0487616
0.0487602
0.0487593
0.0487587
0.0487586
0.0487591
0.0487602
0.048762
0.0487645
0.0487679
0.0487721
0.0487773
0.0487834
0.0487904
0.0487984
0.0488073
0.0488172
0.0488282
0.0488403
0.0488535
0.0488682
0.0488843
0.0489018
0.0489207
0.0489406
0.0489604
0.0489787
0.0489934
0.0490019
0.0490017
0.0489906
0.0489659
0.0489194
0.0496194
0.0496116
0.0496282
0.0497255
0.0497555
0.0496268
0.0496256
0.0496199
0.0496038
0.0495509
0.0494961
0.0494529
0.049418
0.0493871
0.0493597
0.0493356
0.0493149
0.0492971
0.0492822
0.0492698
0.0492595
0.0492509
0.0492435
0.0492369
0.0492309
0.0492252
0.0492199
0.0492149
0.0492104
0.0492063
0.0492021
0.0491973
0.0491907
0.0491802
0.0491634
0.0491387
0.0491064
0.0490692
0.049031
0.0489955
0.0489647
0.0489392
0.0489181
0.0489004
0.0488851
0.0488715
0.0488591
0.0488477
0.0488373
0.0488276
0.0488187
0.0488104
0.0488027
0.0487956
0.0487889
0.0487827
0.0487768
0.0487714
0.0487663
0.0487614
0.0487569
0.0487526
0.0487486
0.0487447
0.0487411
0.0487376
0.0487342
0.0487311
0.0487282
0.0487256
0.0487233
0.0487214
0.0487199
0.0487189
0.0487184
0.0487187
0.0487197
0.0487216
0.0487245
0.0487284
0.0487334
0.0487396
0.0487472
0.0487561
0.0487667
0.048779
0.0487932
0.0488096
0.0488284
0.0488495
0.0488731
0.0488985
0.0489248
0.0489506
0.0489736
0.0489908
0.0489992
0.0489957
0.0489764
0.0489356
0.0496275
0.0496335
0.0496542
0.0497658
0.0498956
0.0499495
0.0497567
0.0496752
0.0497317
0.0496977
0.04962
0.0495609
0.0495204
0.0494837
0.0494495
0.0494174
0.0493877
0.0493603
0.0493355
0.0493135
0.0492943
0.0492782
0.0492652
0.0492552
0.0492483
0.0492436
0.0492401
0.0492377
0.0492368
0.0492378
0.049241
0.0492461
0.0492511
0.0492513
0.0492416
0.0492187
0.0491827
0.0491377
0.0490899
0.0490446
0.049005
0.048972
0.0489445
0.0489211
0.0489004
0.0488815
0.0488639
0.0488474
0.048832
0.0488176
0.0488042
0.0487919
0.0487805
0.0487701
0.0487605
0.0487516
0.0487435
0.048736
0.0487291
0.0487227
0.0487169
0.0487114
0.0487064
0.0487017
0.0486972
0.048693
0.0486891
0.0486853
0.0486818
0.0486784
0.0486754
0.0486726
0.0486703
0.0486683
0.0486669
0.0486661
0.0486661
0.0486669
0.0486687
0.0486715
0.0486756
0.0486809
0.0486877
0.0486962
0.0487065
0.048719
0.0487339
0.0487515
0.0487721
0.0487958
0.0488226
0.0488521
0.0488834
0.0489149
0.0489443
0.0489686
0.0489847
0.0489889
0.0489772
0.0489458
0.0497707
0.0497927
0.0498322
0.049911
0.0499972
0.0501115
0.0501231
0.0499713
0.0499976
0.0500247
0.0498856
0.0497885
0.0497427
0.0497096
0.0496816
0.0496564
0.0496332
0.0496115
0.0495908
0.049571
0.049552
0.0495335
0.0495155
0.0494979
0.0494803
0.0494639
0.0494506
0.0494414
0.0494365
0.0494364
0.0494404
0.049446
0.0494491
0.0494458
0.0494311
0.0494017
0.049358
0.0493048
0.0492493
0.0491976
0.0491531
0.0491163
0.0490863
0.0490613
0.0490395
0.0490199
0.0490015
0.0489841
0.0489673
0.0489512
0.0489358
0.0489209
0.0489067
0.0488931
0.04888
0.0488675
0.0488555
0.048844
0.048833
0.0488224
0.0488122
0.0488024
0.0487929
0.0487837
0.0487749
0.0487663
0.048758
0.04875
0.0487422
0.0487348
0.0487277
0.048721
0.0487147
0.048709
0.0487037
0.0486992
0.0486954
0.0486924
0.0486904
0.0486896
0.04869
0.0486918
0.0486952
0.0487004
0.0487078
0.0487176
0.0487301
0.0487459
0.0487651
0.0487881
0.0488149
0.0488453
0.0488783
0.0489125
0.0489457
0.0489751
0.0489975
0.0490098
0.0490079
0.0489901
)
;

boundaryField
{
    floor
    {
        type            fixedFluxPressure;
        gradient        uniform 0;
        value           nonuniform List<scalar> 
100
(
0.0491943
0.0491823
0.0491905
0.0492177
0.0492484
0.0492681
0.0492705
0.0492506
0.0492155
0.0491771
0.0491437
0.0491188
0.0491029
0.049095
0.0490929
0.0490947
0.0490981
0.0491008
0.0490986
0.0490845
0.0490672
0.0490503
0.0490378
0.0490289
0.0490227
0.0490187
0.0490166
0.0490162
0.0490174
0.0490198
0.0490231
0.0490268
0.0490309
0.049035
0.0490389
0.0490425
0.0490456
0.0490482
0.0490501
0.0490514
0.049052
0.0490522
0.0490518
0.049051
0.0490499
0.0490487
0.0490473
0.0490463
0.0490457
0.0490467
0.0490482
0.0490421
0.0490443
0.0490484
0.0490527
0.0490538
0.0490323
0.0489979
0.048977
0.0489699
0.0489645
0.0489748
0.0489868
0.0489956
0.0490016
0.0490072
0.0490133
0.0490196
0.0490256
0.049031
0.0490357
0.0490397
0.0490431
0.0490463
0.04905
0.0490549
0.0490613
0.0490677
0.0490741
0.0490782
0.0490755
0.0490594
0.0490482
0.0490576
0.0490683
0.0490911
0.0491242
0.0491522
0.0491716
0.0491853
0.049196
0.0492049
0.0492117
0.0492158
0.0492155
0.049209
0.0491981
0.0491898
0.0491896
0.0491937
)
;
    }
    ceiling
    {
        type            fixedFluxPressure;
        gradient        nonuniform List<scalar> 
100
(
0.988865
0.984219
0.975747
0.959234
0.941503
0.918385
0.916234
0.946828
0.941338
0.935848
0.963825
0.98299
0.991566
0.997337
1.0019
1.00571
1.00901
1.01195
1.01464
1.01714
1.01952
1.02181
1.02406
1.0263
1.02856
1.03061
1.03203
1.03267
1.03248
1.03147
1.02982
1.02811
1.02715
1.02778
1.0309
1.03712
1.04621
1.05708
1.06826
1.07848
1.08707
1.09392
1.09929
1.10357
1.10714
1.11027
1.11315
1.11588
1.11852
1.12111
1.12366
1.12617
1.12865
1.1311
1.13352
1.13592
1.13829
1.14063
1.14295
1.14525
1.14752
1.14976
1.15198
1.15417
1.15633
1.15846
1.16057
1.16264
1.16468
1.16668
1.16864
1.17056
1.17245
1.17428
1.17608
1.17783
1.17954
1.1812
1.18282
1.18441
1.18595
1.18746
1.18893
1.19038
1.1918
1.19321
1.19462
1.19603
1.19747
1.19894
1.20046
1.20207
1.20379
1.20566
1.20771
1.20998
1.21253
1.21542
1.21876
1.22279
)
;
        value           nonuniform List<scalar> 
100
(
0.054715
0.0547138
0.0547109
0.0547072
0.0547047
0.0547035
0.0547042
0.0547054
0.0547043
0.054704
0.0547047
0.0547035
0.0547005
0.0546963
0.054691
0.054685
0.0546783
0.0546712
0.054664
0.0546567
0.0546496
0.0546426
0.0546359
0.0546294
0.0546231
0.0546169
0.0546107
0.0546047
0.0545989
0.0545937
0.0545895
0.0545865
0.0545849
0.0545847
0.0545857
0.0545873
0.054589
0.0545902
0.0545906
0.05459
0.0545884
0.0545859
0.0545828
0.0545791
0.0545752
0.0545712
0.0545672
0.0545635
0.0545599
0.0545568
0.0545541
0.0545518
0.05455
0.0545486
0.0545476
0.0545471
0.054547
0.0545472
0.0545478
0.0545486
0.0545498
0.0545512
0.0545528
0.0545546
0.0545565
0.0545586
0.0545608
0.0545632
0.0545656
0.0545682
0.0545709
0.0545738
0.054577
0.0545804
0.0545841
0.0545883
0.054593
0.0545984
0.0546046
0.0546116
0.0546197
0.0546291
0.0546398
0.0546523
0.0546668
0.0546836
0.0547033
0.054726
0.0547524
0.0547828
0.0548172
0.0548556
0.0548973
0.0549408
0.0549842
0.055025
0.0550602
0.0550868
0.0551017
0.0551041
)
;
    }
    fixedWalls
    {
        type            fixedFluxPressure;
        gradient        uniform 0;
        value           nonuniform List<scalar> 
100
(
0.0491943
0.0491763
0.0491431
0.0491097
0.0490812
0.0490583
0.0490398
0.0490239
0.0490088
0.0489939
0.0489813
0.0489789
0.0489895
0.0490109
0.0490392
0.0490691
0.0490935
0.049171
0.0493177
0.0494092
0.0494411
0.0494499
0.0494526
0.0494538
0.0494545
0.0494554
0.0494567
0.0494583
0.0494602
0.0494624
0.0494649
0.0494678
0.0494713
0.0494753
0.0494801
0.0494855
0.0494916
0.0494981
0.049505
0.0495118
0.0495185
0.049525
0.0495314
0.0495387
0.0495495
0.0495686
0.0495943
0.0496194
0.0496275
0.0497707
0.0491937
0.0491993
0.0491909
0.0491746
0.0491561
0.049138
0.0491209
0.0491049
0.0490897
0.0490753
0.0490616
0.0490482
0.0490351
0.049022
0.0490087
0.048995
0.0489807
0.0489657
0.04895
0.0489335
0.0489164
0.0488988
0.0488809
0.0488629
0.0488451
0.0488275
0.0488103
0.0487937
0.0487779
0.0487629
0.0487489
0.0487363
0.0487251
0.0487163
0.0487104
0.0487082
0.0487102
0.048717
0.0487287
0.0487455
0.0487667
0.0487916
0.0488187
0.0488466
0.0488737
0.0488984
0.0489194
0.0489356
0.0489458
0.0489901
)
;
    }
    frontAndBack
    {
        type            empty;
    }
}


// ************************************************************************* //
